1.189685e+02
9.760664e+01
8.144440e+01
6.913719e+01
5.972743e+01
5.250955e+01
4.695454e+01
4.266205e+01
3.932767e+01
3.671958e+01
3.466144e+01
3.301940e+01
3.169224e+01
3.060371e+01
2.969663e+01
2.892833e+01
2.826713e+01
2.768967e+01
2.717883e+01
2.672221e+01
2.631098e+01
2.593900e+01
2.560215e+01
2.529775e+01
2.502417e+01
2.478036e+01
2.456557e+01
2.437904e+01
2.421982e+01
2.408660e+01
2.397765e+01
2.389086e+01
2.382373e+01
2.377353e+01
2.373738e+01
2.371245e+01
2.369604e+01
2.368569e+01
2.367930e+01
2.367510e+01
2.367175e+01
2.366824e+01
2.366394e+01
2.365852e+01
2.365194e+01
2.364437e+01
2.363619e+01
2.362792e+01
2.362015e+01
2.361355e+01
2.360872e+01
2.360625e+01
2.360656e+01
2.360993e+01
2.361644e+01
2.362596e+01
2.363812e+01
2.365237e+01
2.366800e+01
2.368418e+01
2.370005e+01
2.371475e+01
2.372751e+01
2.373769e+01
2.374482e+01
2.374860e+01
2.374893e+01
2.374591e+01
2.373982e+01
2.373107e+01
2.372021e+01
2.370790e+01
2.369483e+01
2.368173e+01
2.366929e+01
2.365818e+01
2.364894e+01
2.364202e+01
2.363771e+01
2.363613e+01
2.363726e+01
2.364088e+01
2.364665e+01
2.365411e+01
2.366270e+01
2.367182e+01
2.368088e+01
2.368930e+01
2.369660e+01
2.370238e+01
2.370635e+01
2.370836e+01
2.370837e+01
2.370648e+01
2.370288e+01
2.369787e+01
2.369182e+01
2.368513e+01
2.367825e+01
2.367160e+01
2.366560e+01
2.366059e+01
2.365687e+01
2.365463e+01
2.365396e+01
2.365487e+01
2.365725e+01
2.366091e+01
2.366557e+01
2.367091e+01
2.367658e+01
2.368221e+01
2.368745e+01
2.369200e+01
2.369560e+01
2.369806e+01
2.369928e+01
2.369923e+01
2.369795e+01
2.369558e+01
2.369229e+01
2.368831e+01
2.368391e+01
2.367935e+01
2.367494e+01
2.367092e+01
2.366752e+01
2.366494e+01
2.366330e+01
2.366267e+01
2.366306e+01
2.366441e+01
2.366659e+01
2.366945e+01
2.367278e+01
2.367637e+01
2.367997e+01
2.368337e+01
2.368636e+01
2.368878e+01
2.369050e+01
2.369145e+01
2.369158e+01
2.369094e+01
2.368958e+01
2.368761e+01
2.368518e+01
2.368246e+01
2.367961e+01
2.367681e+01
2.367424e+01
2.367204e+01
2.367034e+01
2.366923e+01
2.366874e+01
2.366890e+01
2.366967e+01
2.367097e+01
2.367272e+01
2.367479e+01
2.367703e+01
2.367930e+01
2.368147e+01
2.368340e+01
2.368499e+01
2.368614e+01
2.368681e+01
2.368696e+01
2.368662e+01
2.368582e+01
2.368462e+01
2.368312e+01
2.368141e+01
2.367960e+01
2.367782e+01
2.367616e+01
2.367473e+01
2.367361e+01
2.367285e+01
2.367248e+01
2.367252e+01
2.367295e+01
2.367373e+01
2.367480e+01
2.367608e+01
2.367749e+01
2.367893e+01
2.368032e+01
2.368157e+01
2.368260e+01
2.368338e+01
2.368385e+01
2.368400e+01
2.368383e+01
2.368336e+01
2.368264e+01
2.368171e+01
2.368064e+01
2.367951e+01
2.367837e+01
2.367731e+01
2.367638e+01
2.367564e+01
2.367512e+01
2.367486e+01
2.367484e+01
2.367508e+01
2.367554e+01
2.367620e+01
2.367699e+01
2.367787e+01
2.367878e+01
2.367967e+01
2.368047e+01
2.368115e+01
2.368167e+01
2.368199e+01
2.368212e+01
2.368204e+01
2.368177e+01
2.368133e+01
2.368076e+01
2.368010e+01
2.367938e+01
2.367866e+01
2.367798e+01
2.367738e+01
2.367689e+01
2.367654e+01
2.367635e+01
2.367632e+01
2.367645e+01
2.367672e+01
2.367712e+01
2.367761e+01
2.367816e+01
2.367874e+01
2.367930e+01
2.367982e+01
2.368026e+01
2.368060e+01
2.368083e+01
2.368093e+01
2.368090e+01
2.368074e+01
2.368048e+01
2.368013e+01
2.367972e+01
2.367927e+01
2.367881e+01
2.367837e+01
2.367798e+01
2.367766e+01
2.367743e+01
2.367729e+01
2.367726e+01
2.367733e+01
2.367749e+01
2.367773e+01
2.367803e+01
2.367837e+01
2.367874e+01
2.367910e+01
2.367943e+01
2.367972e+01
2.367994e+01
2.368010e+01
2.368017e+01
2.368016e+01
2.368008e+01
2.367992e+01
2.367971e+01
2.367945e+01
2.367917e+01
2.367888e+01
2.367860e+01
2.367835e+01
2.367814e+01
2.367798e+01
2.367789e+01
2.367786e+01
2.367789e+01
2.367798e+01
2.367813e+01
2.367831e+01
2.367853e+01
2.367876e+01
2.367899e+01
2.367920e+01
2.367939e+01
2.367954e+01
2.367964e+01
2.367970e+01
2.367970e+01
2.367965e+01
2.367956e+01
2.367943e+01
2.367927e+01
2.367909e+01
2.367891e+01
2.367873e+01
2.367857e+01
2.367843e+01
2.367833e+01
2.367826e+01
2.367823e+01
2.367825e+01
2.367830e+01
2.367839e+01
2.367851e+01
2.367864e+01
2.367878e+01
2.367893e+01
2.367907e+01
2.367919e+01
2.367929e+01
2.367936e+01
2.367939e+01
2.367940e+01
2.367938e+01
2.367932e+01
2.367924e+01
2.367914e+01
2.367903e+01
2.367892e+01
2.367880e+01
2.367870e+01
2.367861e+01
2.367854e+01
2.367849e+01
2.367847e+01
2.367848e+01
2.367851e+01
2.367856e+01
2.367863e+01
2.367872e+01
2.367881e+01
2.367890e+01
2.367899e+01
2.367907e+01
2.367913e+01
2.367918e+01
2.367921e+01
2.367921e+01
2.367920e+01
2.367917e+01
2.367912e+01
2.367906e+01
2.367899e+01
2.367892e+01
2.367884e+01
2.367878e+01
2.367872e+01
2.367867e+01
2.367864e+01
2.367863e+01
2.367863e+01
2.367864e+01
2.367868e+01
2.367872e+01
2.367877e+01
2.367883e+01
2.367889e+01
2.367894e+01
2.367899e+01
2.367903e+01
2.367907e+01
2.367909e+01
2.367909e+01
2.367909e+01
2.367907e+01
2.367904e+01
2.367900e+01
2.367896e+01
2.367891e+01
2.367887e+01
2.367882e+01
2.367878e+01
2.367875e+01
2.367873e+01
2.367872e+01
2.367872e+01
2.367873e+01
2.367875e+01
2.367878e+01
2.367881e+01
2.367884e+01
2.367888e+01
2.367892e+01
2.367895e+01
2.367898e+01
2.367900e+01
2.367901e+01
2.367902e+01
2.367901e+01
2.367900e+01
2.367898e+01
2.367896e+01
2.367893e+01
2.367891e+01
2.367888e+01
2.367885e+01
2.367882e+01
2.367880e+01
2.367879e+01
2.367878e+01
2.367878e+01
2.367879e+01
2.367880e+01
2.367881e+01
2.367883e+01
2.367886e+01
2.367888e+01
2.367890e+01
2.367892e+01
2.367894e+01
2.367895e+01
2.367896e+01
2.367897e+01
2.367897e+01
2.367896e+01
2.367895e+01
2.367894e+01
2.367892e+01
2.367890e+01
2.367888e+01
2.367886e+01
2.367885e+01
2.367884e+01
2.367883e+01
2.367882e+01
2.367882e+01
2.367882e+01
2.367883e+01
2.367884e+01
2.367885e+01
2.367886e+01
2.367888e+01
2.367889e+01
2.367891e+01
2.367892e+01
2.367893e+01
2.367893e+01
2.367894e+01
2.367894e+01
2.367893e+01
2.367893e+01
2.367892e+01
2.367891e+01
2.367890e+01
2.367889e+01
2.367887e+01
2.367886e+01
2.367886e+01
2.367885e+01
2.367884e+01
2.367884e+01
2.367884e+01
2.367885e+01
2.367885e+01
2.367886e+01
2.367887e+01
2.367888e+01
2.367889e+01
2.367890e+01
2.367891e+01
2.367891e+01
2.367892e+01
2.367892e+01
2.367892e+01
2.367892e+01
2.367891e+01
2.367891e+01
2.367890e+01
2.367889e+01
2.367889e+01
2.367888e+01
2.367887e+01
2.367887e+01
2.367886e+01
2.367886e+01
2.367886e+01
2.367886e+01
2.367886e+01
2.367886e+01
2.367887e+01
2.367887e+01
2.367888e+01
2.367889e+01
2.367889e+01
2.367890e+01
2.367890e+01
2.367890e+01
2.367891e+01
2.367891e+01
2.367890e+01
2.367890e+01
2.367890e+01
2.367890e+01
2.367889e+01
