0.000000e+00 0.000000e+00 2.450707e-04 
1.428438e-02 -1.396946e-05 2.447041e-04 
2.856875e-02 -2.790691e-05 2.437020e-04 
4.285312e-02 -4.181357e-05 2.419728e-04 
5.713750e-02 -5.562426e-05 2.396182e-04 
7.142187e-02 -6.937225e-05 2.365547e-04 
8.570625e-02 -8.296062e-05 2.328860e-04 
9.999062e-02 -9.645213e-05 2.285381e-04 
1.142750e-01 -1.097209e-04 2.236145e-04 
1.285594e-01 -1.228556e-04 2.180523e-04 
1.428437e-01 -1.357053e-04 2.119527e-04 
1.571281e-01 -1.483798e-04 2.052648e-04 
1.714125e-01 -1.607083e-04 1.980856e-04 
1.856969e-01 -1.728164e-04 1.903768e-04 
1.999812e-01 -1.845190e-04 1.822298e-04 
2.142656e-01 -1.959518e-04 1.736187e-04 
2.285500e-01 -2.069219e-04 1.646280e-04 
2.428344e-01 -2.175687e-04 1.552440e-04 
2.571188e-01 -2.276985e-04 1.455435e-04 
2.714031e-01 -2.374482e-04 1.355239e-04 
2.856875e-01 -2.466300e-04 1.252537e-04 
2.999719e-01 -2.553726e-04 1.147405e-04 
3.142563e-01 -2.635006e-04 1.040441e-04 
3.285406e-01 -2.711293e-04 9.318088e-05 
3.428250e-01 -2.781017e-04 8.220207e-05 
3.571094e-01 -2.845149e-04 7.113083e-05 
3.713938e-01 -2.902360e-04 6.001062e-05 
3.856781e-01 -2.953402e-04 4.886914e-05 
3.999625e-01 -2.997228e-04 3.774306e-05 
4.142469e-01 -3.034346e-04 2.666230e-05 
4.285313e-01 -3.064025e-04 1.565801e-05 
4.428156e-01 -3.086513e-04 4.759921e-06 
4.571000e-01 -3.101417e-04 -6.004815e-06 
4.713844e-01 -3.108719e-04 -1.660903e-05 
4.856687e-01 -3.108372e-04 -2.702793e-05 
4.999531e-01 -3.100101e-04 -3.723916e-05 
5.142375e-01 -3.084201e-04 -4.721852e-05 
5.285219e-01 -3.060157e-04 -5.695056e-05 
5.428063e-01 -3.028588e-04 -6.640989e-05 
5.570906e-01 -2.988766e-04 -7.558979e-05 
5.713750e-01 -2.941609e-04 -8.446199e-05 
5.856594e-01 -2.886211e-04 -9.302997e-05 
5.999437e-01 -2.823748e-04 -1.012610e-04 
6.142281e-01 -2.753182e-04 -1.091699e-04 
6.285125e-01 -2.675900e-04 -1.167180e-04 
6.427969e-01 -2.590776e-04 -1.239324e-04 
6.570813e-01 -2.499358e-04 -1.307673e-04 
6.713656e-01 -2.400483e-04 -1.372621e-04 
6.856500e-01 -2.295803e-04 -1.433632e-04 
6.999344e-01 -2.184169e-04 -1.491225e-04 
7.142188e-01 -2.067278e-04 -1.544779e-04 
7.285031e-01 -1.944045e-04 -1.594929e-04 
7.427875e-01 -1.816156e-04 -1.640972e-04 
7.570719e-01 -1.682636e-04 -1.683651e-04 
7.713562e-01 -1.545106e-04 -1.722178e-04 
7.856406e-01 -1.402745e-04 -1.757396e-04 
7.999250e-01 -1.257055e-04 -1.788438e-04 
8.142094e-01 -1.107409e-04 -1.816228e-04 
8.284938e-01 -9.551446e-05 -1.839830e-04 
8.427781e-01 -7.998594e-05 -1.860237e-04 
8.570625e-01 -6.426885e-05 -1.876451e-04 
8.713469e-01 -4.834783e-05 -1.889514e-04 
8.856312e-01 -3.231305e-05 -1.898385e-04 
8.999156e-01 -1.617553e-05 -1.904133e-04 
9.142000e-01 0.000000e+00 -1.905690e-04 
