# # t/year,T1,T2,T3,T4
3.171225931732369219e+00 3.344525142949973997e+03 1.931269479755517978e+03 2.357324145910987227e+03 9.731835017408038766e+02
3.655551949111203403e+00 3.550357621725700483e+03 2.429169530826718074e+03 2.676027796150367976e+03 1.088897005435979054e+03
4.265525108116430708e+00 3.455429500533060036e+03 2.003362824397499708e+03 2.547072307896580242e+03 1.061868673907156335e+03
4.798460505391072495e+00 3.474459617316386357e+03 2.119384234106998065e+03 2.678472597628683616e+03 1.050604865630712993e+03
5.340561915744105548e+00 3.445816575734409980e+03 2.003309746164598664e+03 2.693537054402756894e+03 1.035833775411275838e+03
5.913207867409909113e+00 3.448071146811564176e+03 2.005306486834032512e+03 2.721497336370121047e+03 1.105503988253994294e+03
6.470810278776242264e+00 3.436585037505983564e+03 1.970108064080370241e+03 2.730705430253860413e+03 1.095926079084329785e+03
7.051307112490689200e+00 3.432540447466311434e+03 1.953915125197665247e+03 2.736582835993012395e+03 1.137136288495955341e+03
7.625661315242648008e+00 3.424356381239027087e+03 1.938758043962565580e+03 2.746795793451287409e+03 1.142225314333154984e+03
8.214375305230390722e+00 3.418979918473389262e+03 1.925762488096726202e+03 2.750474847423809933e+03 1.164767047460781214e+03
8.801758140442281331e+00 3.412258675217925429e+03 1.916372060729816667e+03 2.759213472961199841e+03 1.173873403918882559e+03
9.398405384551764996e+00 3.407354103265506637e+03 1.907239519513139157e+03 2.762612170762248297e+03 1.187474720711726377e+03
9.995772925963745337e+00 3.401826963679305663e+03 1.900219703495890144e+03 2.769396594969578473e+03 1.196297668688873728e+03
1.059954495356491222e+01 3.397643274439529705e+03 1.893586129864175518e+03 2.772531393622776250e+03 1.205466727357607851e+03
1.120482835663256793e+01 3.393093635357156927e+03 1.888035853910822198e+03 2.777768088553694724e+03 1.212943016153081089e+03
1.181478609723997586e+01 3.389561980357608263e+03 1.883002058942399117e+03 2.780576275211764823e+03 1.219606245909842755e+03
1.242647735839666723e+01 3.385809355844264246e+03 1.878527923438914740e+03 2.784674880279804256e+03 1.225693386378058676e+03
1.304171951789458284e+01 3.382828436768271331e+03 1.874569297993814644e+03 2.787137768786283686e+03 1.230782091758823753e+03
1.365867320126710460e+01 3.379721115697361711e+03 1.870920369738392992e+03 2.790396486038305284e+03 1.235694730371949618e+03
1.427840589449066222e+01 3.377198205844119911e+03 1.867727607575643106e+03 2.792533791944285440e+03 1.239711326647121950e+03
1.489972764518196691e+01 3.374611767064731794e+03 1.864724692893384145e+03 2.795163229138023780e+03 1.243684866442750263e+03
1.552327320170766711e+01 3.372469280681404598e+03 1.862103820829205006e+03 2.797009677170252871e+03 1.246927603502611191e+03
1.614825030219188307e+01 3.370304552719781896e+03 1.859613135453157156e+03 2.799158502290099477e+03 1.250162043734012059e+03
1.677503747415240554e+01 3.368479126764063039e+03 1.857434186817118643e+03 2.800751003428797503e+03 1.252822503929119648e+03
1.740309373015215044e+01 3.366657781446519948e+03 1.855354015529448588e+03 2.802525864835897664e+03 1.255475505808934940e+03
1.803264297730964927e+01 3.365097767374440082e+03 1.853525288601249940e+03 2.803898956428544807e+03 1.257684269665956890e+03
1.866330723545296522e+01 3.363557891624658623e+03 1.851777373715644444e+03 2.805378018165175945e+03 1.259877083433570078e+03
1.929521590150415378e+01 3.362221052184066139e+03 1.850231491398927574e+03 2.806562437670199415e+03 1.261727372896321185e+03
1.992809922866177885e+01 3.360913470867983051e+03 1.848754929930920071e+03 2.807804167488483017e+03 1.263552833979160141e+03
2.056202845003552326e+01 3.359765093085349690e+03 1.847440786380118425e+03 2.808826638185199045e+03 1.265113676246104660e+03
2.119680721119063449e+01 3.358650479303921202e+03 1.846187657298769409e+03 2.809875598450629695e+03 1.266643167152489241e+03
2.183247092818198354e+01 3.357661875879193758e+03 1.845065513264179799e+03 2.810759096119361857e+03 1.267967157837387276e+03
2.246887398970438099e+01 3.356708534372854047e+03 1.843997715403773782e+03 2.811649826296511037e+03 1.269256009496906017e+03
2.310602990684112257e+01 3.355855865042071855e+03 1.843036054748467222e+03 2.812414002980661735e+03 1.270384140370990735e+03
2.374382879809529712e+01 3.355038050929164456e+03 1.842122996150525069e+03 2.813173679774810807e+03 1.271475660707241559e+03
2.438227100560709104e+01 3.354301400181813278e+03 1.841296426183559788e+03 2.813835307894555626e+03 1.272440459719298360e+03
2.502127224616153711e+01 3.353598043159226108e+03 1.840513319444754188e+03 2.814485600394827088e+03 1.273368892097831804e+03
2.566082520422287061e+01 3.352960693193107090e+03 1.839801119993592692e+03 2.815058990722355247e+03 1.274196547976782085e+03
2.630086424274349000e+01 3.352354424613310584e+03 1.839127711395427241e+03 2.815617381946909063e+03 1.274989241836858810e+03
2.694137786680890656e+01 3.351802278287033005e+03 1.838512795132873180e+03 2.816114750910072416e+03 1.275701089598361932e+03
2.758231423997596465e+01 3.351278685829178812e+03 1.837932407179714801e+03 2.816595492516176819e+03 1.276380098574382828e+03
2.822365987154188005e+01 3.350799810733655249e+03 1.837400565226239905e+03 2.817027281237360512e+03 1.276993690296646491e+03
2.886537329628026072e+01 3.350346862180971584e+03 1.836899370518056458e+03 2.817442096828018293e+03 1.277576955785471455e+03
2.950744038201017716e+01 3.349931120167968402e+03 1.836438701103663789e+03 2.817817241352072415e+03 1.278106848788229854e+03
3.014982757271224401e+01 3.349538715444346963e+03 1.836005161986270878e+03 2.818175853023344644e+03 1.278609087649103003e+03
3.079252091599226659e+01 3.349177466011367414e+03 1.835605637851354686e+03 2.818502013071448800e+03 1.279067439153297983e+03
3.143549297152239674e+01 3.348837087062380306e+03 1.835230074544391300e+03 2.818812539293783175e+03 1.279500812842179585e+03
3.207873044443322641e+01 3.348522944637241380e+03 1.834883204688996784e+03 2.819096291862982525e+03 1.279897835134950355e+03
3.272221068675793987e+01 3.348227372523033409e+03 1.834557452686546640e+03 2.819365551550167766e+03 1.280272460990005129e+03
3.336592131881317158e+01 3.347954008032193542e+03 1.834256016640363896e+03 2.819612553521042173e+03 1.280616775925680031e+03
3.400984349403307760e+01 3.347697102708899365e+03 1.833973160891452608e+03 2.819846308742584824e+03 1.280941123163040174e+03
3.465396586623562314e+01 3.347459079706056855e+03 1.833710995609912288e+03 2.820061430926779394e+03 1.281240041964922284e+03
3.529827263915041158e+01 3.347235601556993061e+03 1.833465155102279596e+03 2.820264567791602531e+03 1.281521235536890572e+03
3.594275352971841642e+01 3.347028241480800716e+03 1.833236984820703356e+03 2.820452012050281610e+03 1.281780980711896063e+03
3.658739521556957186e+01 3.346833703831942785e+03 1.833023141048492107e+03 2.820628694946404721e+03 1.282025045004155572e+03
3.723218845339895466e+01 3.346652972164500625e+03 1.832824436652162603e+03 2.820792090947819815e+03 1.282250930607250211e+03
3.787712194642287500e+01 3.346483523683038584e+03 1.832638292981727545e+03 2.820945879797023736e+03 1.282462981279830501e+03
3.852218743715660310e+01 3.346325936157741125e+03 1.832465157499123734e+03 2.821088366071993278e+03 1.282659558095489274e+03
3.916737530160570202e+01 3.346178263061318376e+03 1.832303026143461921e+03 2.821222313549021692e+03 1.282843954286216785e+03
3.981267819733968594e+01 3.346040806323376273e+03 1.832152099908944820e+03 2.821346606682961010e+03 1.283015129340172734e+03
4.045808789237464964e+01 3.345912051248981697e+03 1.832010808649612272e+03 2.821463336614238415e+03 1.283175597739484601e+03
4.110359788137677839e+01 3.345792115457454656e+03 1.831879188972952534e+03 2.821571791798826780e+03 1.283324732890785526e+03
4.174920109923812817e+01 3.345679809921786273e+03 1.831756001467918168e+03 2.821673566511834451e+03 1.283464469698321864e+03
4.239489179819852893e+01 3.345575132153579943e+03 1.831641178483024078e+03 2.821768226602345749e+03 1.283594463419023214e+03
4.304066389696050265e+01 3.345477140830281314e+03 1.831533732826941332e+03 2.821856998487120109e+03 1.283716215345589717e+03
4.368651232790105610e+01 3.345385757726489373e+03 1.831433531787416314e+03 2.821939638110725809e+03 1.283829571131732109e+03
4.433243184381939272e+01 3.345300230530668159e+03 1.831339783435100799e+03 2.822017095308796797e+03 1.283935704930884867e+03
4.497841798447948491e+01 3.345220436278564648e+03 1.831252319430162288e+03 2.822089254930477182e+03 1.284034587016368960e+03
4.562446621254962054e+01 3.345145768322169261e+03 1.831170496827965053e+03 2.822156860975858308e+03 1.284127145258331439e+03
4.627057260777807812e+01 3.345076080080133124e+03 1.831094132418116260e+03 2.822219881842380801e+03 1.284213429385445124e+03
4.691673323988930377e+01 3.345010877786970923e+03 1.831022700401877046e+03 2.822278904726037126e+03 1.284294178202541389e+03
4.756294466695708678e+01 3.344950005101134593e+03 1.830956013049417152e+03 2.822333953216837472e+03 1.284369490204509248e+03
4.820920347947485141e+01 3.344893057381902508e+03 1.830893637973296791e+03 2.822385494698257389e+03 1.284439958798735915e+03
4.885550665782661639e+01 3.344839877201174204e+03 1.830835390639592788e+03 2.822433586142864442e+03 1.284505709895603331e+03
4.950185124050761942e+01 3.344790130521419997e+03 1.830780912987591819e+03 2.822478603178178219e+03 1.284567223822589767e+03
5.014823458030009817e+01 3.344743664773491219e+03 1.830730029757389957e+03 2.822520622563197321e+03 1.284624639957291265e+03
5.079465410189754238e+01 3.344700201797551017e+03 1.830682441323773219e+03 2.822559948373822408e+03 1.284678350748491766e+03
5.144110748615686646e+01 3.344659597904539169e+03 1.830637984707656415e+03 2.822596665737782132e+03 1.284728497987149694e+03
5.208759249167899696e+01 3.344621620520289980e+03 1.830596408828815584e+03 2.822631024234060533e+03 1.284775404494229178e+03
5.273410708678726166e+01 3.344586135742655642e+03 1.830557562273254689e+03 2.822663112518224352e+03 1.284819209960334547e+03
5.338064931956945003e+01 3.344552947562987356e+03 1.830521233709706166e+03 2.822693134975471821e+03 1.284860182020295042e+03
5.402721741131881572e+01 3.344521933829976660e+03 1.830487286271254106e+03 2.822721179883348668e+03 1.284898453005784631e+03
5.467380966047836210e+01 3.344492928083007428e+03 1.830455539805119088e+03 2.822747417697183209e+03 1.284934247266608509e+03
5.532042451040233288e+01 3.344465819599197857e+03 1.830425869674162868e+03 2.822771930000410066e+03 1.284967687861065770e+03
5.596706047766527092e+01 3.344440467074014123e+03 1.830398124001604629e+03 2.822794860779823466e+03 1.284998962645576057e+03
5.661371619974923419e+01 3.344416770737978823e+03 1.830372191458349334e+03 2.822816288456360326e+03 1.285028185278865521e+03
5.726039038221794897e+01 3.344394609478004895e+03 1.830347940405060854e+03 2.822836332099005176e+03 1.285055514758323852e+03
5.790708183316695568e+01 3.344373894140683660e+03 1.830325272006479736e+03 2.822855063663096644e+03 1.285081054350659315e+03
5.855378942318701974e+01 3.344354521750608455e+03 1.830304074478279517e+03 2.822872584175919656e+03 1.285104938666240287e+03
5.920051210895866944e+01 3.344336411791409773e+03 1.830284258564604215e+03 2.822888959187630007e+03 1.285127260821573827e+03
5.984724890457171398e+01 3.344319475883786708e+03 1.830265728213167222e+03 2.822904275020034675e+03 1.285148135732747050e+03
6.049399889742146286e+01 3.344303642973724436e+03 1.830248405002977279e+03 2.822918591475402991e+03 1.285167647598753319e+03
6.114076122664526736e+01 3.344288836314990476e+03 1.830232205187186764e+03 2.822931981478084708e+03 1.285185894213083884e+03
6.178753509423177093e+01 3.344274993452154376e+03 1.830217060476481038e+03 2.822944498281147389e+03 1.285202950421372179e+03
