1.000000000000000000e+00
1.298705259017062796e-01
8.040327702477900740e-02
5.849236699504119924e-02
4.101111763767669588e-02
3.222590442574672920e-02
2.282693905220673294e-02
1.911705325866280836e-02
1.635341879099490997e-02
1.349859947959052703e-02
1.135626422916287577e-02
1.093365775227948117e-02
1.013214646716777308e-02
9.164686866665334997e-03
8.156918798251949765e-03
7.180324218393997412e-03
6.272730474663711780e-03
5.451258491746639560e-03
4.720619857736402421e-03
4.078434998076882999e-03
3.715299477269499561e-03
3.505548145428891843e-03
3.309524654161547300e-03
3.137945711418681834e-03
2.977811797756427670e-03
2.827844990191019821e-03
2.687290565708797679e-03
2.555456727600228985e-03
2.431709459582768323e-03
2.315467478626246581e-03
2.206197460379413430e-03
2.103409620906211957e-03
2.006653683619416019e-03
1.915515229493372452e-03
1.829612410707263329e-03
1.748592999654934553e-03
1.672131742190198934e-03
1.599927983287628089e-03
1.531703535719884830e-03
1.467200763905028744e-03
1.406180858569043915e-03
1.348422280013666496e-03
1.293719350987747145e-03
1.241880982054341821e-03
1.192729514832041810e-03
1.146099670154672239e-03
1.101837589993521311e-03
1.059799963310387996e-03
1.019853227157567098e-03
9.818728355755763481e-04
9.457425896491147583e-04
9.113540226775252925e-04
8.786058355978767749e-04
8.474033775722877165e-04
8.176581680645011964e-04
7.892874564248221524e-04
7.622138158143557151e-04
7.363647684842097385e-04
7.116724396791667719e-04
6.880732378384066131e-04
6.655075588148065720e-04
6.439195122341067603e-04
6.232566681006606072e-04
6.034698220301715037e-04
5.845127778177457894e-04
5.663421455262047542e-04
5.489171544501219658e-04
5.321994792895730006e-04
5.161530788218424886e-04
5.007440460319368498e-04
4.859404687605958502e-04
4.717123002108331888e-04
4.580312384079999587e-04
4.448706141127447482e-04
4.322052864374323258e-04
4.200115456416550963e-04
4.082670226129723394e-04
3.969506044938176585e-04
3.860423559947911694e-04
3.755234461020303728e-04
3.653760796235390376e-04
3.555834333637654734e-04
3.461295965393209576e-04
3.369995151316976505e-04
3.281789399012123489e-04
3.196543778673668987e-04
3.114130469227066275e-04
3.034428333825747140e-04
2.957322523434905521e-04
2.882704105537487967e-04
2.810469717180572209e-04
2.740521239598819078e-04
2.672765494019525823e-04
2.607113956877278138e-04
2.543482492309172066e-04
2.481791102625267669e-04
2.421963692962362743e-04
2.363927852061577261e-04
2.307614645384306802e-04
2.252958422074379083e-04
