# # x,y
0.000000000000000000e+00 3.200000497924754745e+04
8.000000000000042064e+02 3.200000497919234112e+04
1.600000000000013870e+03 3.200000497848429586e+04
2.400000000000029104e+03 3.200000497564261241e+04
3.200000000000042746e+03 3.200000496911409937e+04
4.000000000000064119e+03 3.200000495762768332e+04
4.800000000000080036e+03 3.200000494063486258e+04
5.600000000000100044e+03 3.200000491775249247e+04
6.400000000000120963e+03 3.200000488888290056e+04
7.200000000000140972e+03 3.200000485379765087e+04
8.000000000000160981e+03 3.200000481240032605e+04
8.800000000000178261e+03 3.200000476442872969e+04
9.600000000000203727e+03 3.200000470972212861e+04
1.040000000000022192e+04 3.200000464796669985e+04
1.120000000000024556e+04 3.200000457892747727e+04
1.200000000000026557e+04 3.200000450223541338e+04
1.280000000000028558e+04 3.200000441757274530e+04
1.360000000000030559e+04 3.200000432451094457e+04
1.440000000000032560e+04 3.200000422263781365e+04
1.520000000000035288e+04 3.200000411146006809e+04
1.600000000000037289e+04 3.200000399044542064e+04
1.680000000000039290e+04 3.200000385913316495e+04
1.760000000000040382e+04 3.200000371579679631e+04
1.840000000000043292e+04 3.200000356938677214e+04
1.920000000000038199e+04 3.200000334211457448e+04
2.000000000000112777e+04 3.200000358184291690e+04
2.080000000000488217e+04 3.200000083272151824e+04
2.160000000017923594e+04 3.200001414795447999e+04
2.240000000269656084e+04 3.199995255231161718e+04
2.320000003094593194e+04 3.200018606645508044e+04
2.400000020818916164e+04 3.199946257278812482e+04
2.480000072796998575e+04 3.200117450975661632e+04
2.560000130016808544e+04 3.199848619087817133e+04
2.640000845732837479e+04 3.199975638593038457e+04
2.720004567278315881e+04 3.200533611906195802e+04
2.800010155264403511e+04 3.199183017525829200e+04
2.880051576410424968e+04 3.199762631381081519e+04
2.960358802014310277e+04 3.201544243394945806e+04
3.041201873769731901e+04 3.200517216297979758e+04
3.121985520617773000e+04 3.197658500610647388e+04
3.202795579710375750e+04 3.196788356387028034e+04
3.283453555434322334e+04 3.199653442513743721e+04
3.363751304757414619e+04 3.205499464979387267e+04
3.443740849032699043e+04 3.212904095620784938e+04
3.523559394219857495e+04 3.220866920648166706e+04
3.603295162355490902e+04 3.228894494965923877e+04
3.682987447908079048e+04 3.236776224244081095e+04
3.762654059707202396e+04 3.244413469673514919e+04
3.842306421270014835e+04 3.251743343440023455e+04
3.921954613450380566e+04 3.258713624939499641e+04
4.001608510225464852e+04 3.265276279563225762e+04
4.081277812187057134e+04 3.271386216376395168e+04
4.160971830976678029e+04 3.277001256310548342e+04
4.240699232160649990e+04 3.282082335558235354e+04
4.320467783308052458e+04 3.286593750640575308e+04
4.400284121999746276e+04 3.290503408930964360e+04
4.480153552673524973e+04 3.293783080275825341e+04
4.560079880098513968e+04 3.296408643805705651e+04
4.640065286122562247e+04 3.298360327464271541e+04
4.720110255099288042e+04 3.299622932089068490e+04
4.800213551634169562e+04 3.300186034810570709e+04
4.880372252333421784e+04 3.300044165004028764e+04
4.960581830414471915e+04 3.299196919609281758e+04
5.040836298763397645e+04 3.297649218560384907e+04
5.121128325770063384e+04 3.295410249089899298e+04
5.201449951672087627e+04 3.292499944210229296e+04
5.281789734782370942e+04 3.288915059999108053e+04
5.362149444723332272e+04 3.284782735013803176e+04
5.442471868792848545e+04 3.279759579760557972e+04
5.522908197058633232e+04 3.275019205001168666e+04
5.603019801289401221e+04 3.267811582311012535e+04
5.683659274287497101e+04 3.263362386635018629e+04
5.763668241716551711e+04 3.255244801581973661e+04
5.843762380691392173e+04 3.247000040838459245e+04
5.924498581098784780e+04 3.241834942723285349e+04
6.003848292314163700e+04 3.234893966696373900e+04
6.082402689522459696e+04 3.224194222383014858e+04
6.160959115102294163e+04 3.213474904974726815e+04
6.240242491088590032e+04 3.206063532834158468e+04
6.320040316275292571e+04 3.202245069389602213e+04
6.400004602780330606e+04 3.200697332470130277e+04
6.480000374519037723e+04 3.200184646298865482e+04
6.560000022367684869e+04 3.200042191142537922e+04
6.640000001000460179e+04 3.200008385091254604e+04
6.720000000033479591e+04 3.200001460059359306e+04
6.800000000000761065e+04 3.200000245258824361e+04
6.880000000000005821e+04 3.200000084234871611e+04
6.960000000000000000e+04 3.200000092128872348e+04
7.040000000000000000e+04 3.200000122018377078e+04
7.120000000000000000e+04 3.200000152554648230e+04
7.200000000000000000e+04 3.200000181136830724e+04
7.279999999999978172e+04 3.200000207636545747e+04
7.359999999999972351e+04 3.200000232189203962e+04
7.439999999999970896e+04 3.200000254946193309e+04
7.519999999999970896e+04 3.200000276042189216e+04
7.599999999999972351e+04 3.200000295599881065e+04
7.679999999999972351e+04 3.200000313730002381e+04
7.759999999999973807e+04 3.200000330532302542e+04
7.839999999999973807e+04 3.200000346099878880e+04
7.919999999999975262e+04 3.200000360515294960e+04
7.999999999999976717e+04 3.200000373858321473e+04
8.079999999999978172e+04 3.200000386198227716e+04
8.159999999999979627e+04 3.200000397604351019e+04
8.239999999999981083e+04 3.200000408135402904e+04
8.319999999999983993e+04 3.200000417852331884e+04
8.399999999999985448e+04 3.200000426805261668e+04
8.479999999999988358e+04 3.200000435048221698e+04
8.559999999999989814e+04 3.200000442624231800e+04
8.639999999999992724e+04 3.200000449581479916e+04
8.719999999999995634e+04 3.200000455957029772e+04
8.799999999999998545e+04 3.200000461794053626e+04
8.880000000000000000e+04 3.200000467124542774e+04
8.960000000000000000e+04 3.200000471987298806e+04
9.040000000000000000e+04 3.200000476409969633e+04
9.120000000000000000e+04 3.200000480427491493e+04
9.200000000000000000e+04 3.200000484063752810e+04
9.280000000000000000e+04 3.200000487350260664e+04
9.360000000000000000e+04 3.200000490307625296e+04
9.440000000000000000e+04 3.200000492964268051e+04
9.520000000000000000e+04 3.200000495337947359e+04
9.600000000000000000e+04 3.200000497454299693e+04
9.680000000000000000e+04 3.200000499328580918e+04
9.760000000000000000e+04 3.200000500983903839e+04
9.840000000000000000e+04 3.200000502433332804e+04
9.920000000000000000e+04 3.200000503697690874e+04
1.000000000000000000e+05 3.200000504788114995e+04
1.008000000000000000e+05 3.200000505723342940e+04
1.016000000000000000e+05 3.200000506512823267e+04
1.024000000000000000e+05 3.200000507173400911e+04
1.032000000000000000e+05 3.200000507713030311e+04
1.040000000000000000e+05 3.200000508146842185e+04
1.048000000000000000e+05 3.200000508481484212e+04
1.056000000000000000e+05 3.200000508730523143e+04
1.064000000000000000e+05 3.200000508899462147e+04
1.072000000000000000e+05 3.200000509000454622e+04
1.080000000000000000e+05 3.200000509037994561e+04
1.088000000000000000e+05 3.200000509022957704e+04
1.096000000000000000e+05 3.200000508958955470e+04
1.104000000000000000e+05 3.200000508855709268e+04
1.112000000000000000e+05 3.200000508716057448e+04
1.120000000000000000e+05 3.200000508548683865e+04
1.128000000000000000e+05 3.200000508355744751e+04
1.136000000000000000e+05 3.200000508144992273e+04
1.144000000000000000e+05 3.200000507917986033e+04
1.152000000000000000e+05 3.200000507681646195e+04
1.160000000000000000e+05 3.200000507436999033e+04
1.168000000000000000e+05 3.200000507190222925e+04
1.176000000000000000e+05 3.200000506941875574e+04
1.184000000000000000e+05 3.200000506697473611e+04
1.192000000000000000e+05 3.200000506457150550e+04
1.200000000000000000e+05 3.200000506225837671e+04
1.208000000000000000e+05 3.200000506003281043e+04
1.216000000000000000e+05 3.200000505793893535e+04
1.224000000000000000e+05 3.200000505597103256e+04
1.232000000000000000e+05 3.200000505416662054e+04
1.240000000000000000e+05 3.200000505252597577e+04
1.248000000000000000e+05 3.200000505104428521e+04
1.256000000000000000e+05 3.200000504985456791e+04
1.264000000000000000e+05 3.200000504853415623e+04
1.272000000000000000e+05 3.200000504828809790e+04
1.280000000000000000e+05 3.200000504632230877e+04
