# # x,y
0.000000000000000000e+00 3.200000245807405008e+04
8.000000000000019327e+02 3.200000245817187169e+04
1.600000000000006366e+03 3.200000245670909135e+04
2.400000000000010914e+03 3.200000245255074333e+04
3.200000000000015461e+03 3.200000244534627927e+04
4.000000000000020464e+03 3.200000243492905793e+04
4.800000000000025466e+03 3.200000242127849197e+04
5.600000000000030013e+03 3.200000240428779580e+04
6.400000000000034561e+03 3.200000238391962557e+04
7.200000000000040018e+03 3.200000236004123872e+04
8.000000000000044565e+03 3.200000233258093067e+04
8.800000000000047294e+03 3.200000230137686231e+04
9.600000000000054570e+03 3.200000226631967962e+04
1.040000000000006003e+04 3.200000222721656610e+04
1.120000000000006366e+04 3.200000218391645831e+04
1.200000000000006912e+04 3.200000213619285569e+04
1.280000000000007458e+04 3.200000208384740108e+04
1.360000000000007822e+04 3.200000202661584990e+04
1.440000000000008185e+04 3.200000196424492606e+04
1.520000000000009095e+04 3.200000189642690384e+04
1.600000000000009277e+04 3.200000182284303082e+04
1.680000000000009823e+04 3.200000174313379830e+04
1.760000000000009823e+04 3.200000165689953428e+04
1.840000000000010186e+04 3.200000156371692719e+04
1.920000000000010186e+04 3.200000146308342664e+04
2.000000000000010186e+04 3.200000135451057940e+04
2.080000000000010550e+04 3.200000123701649864e+04
2.160000000000010550e+04 3.200000111589464359e+04
2.240000000000006185e+04 3.200000090576575531e+04
2.320000000000212458e+04 3.200000159959581288e+04
2.400000000009556970e+04 3.199999368106009206e+04
2.480000000419412754e+04 3.200005039273294096e+04
2.560000009632395449e+04 3.199972833283462387e+04
2.640000107199119884e+04 3.200106244404956669e+04
2.720000449354227749e+04 3.199743808089110098e+04
2.800002238411883809e+04 3.200180918171424855e+04
2.880031126488650261e+04 3.200799971503257620e+04
2.960299529519265707e+04 3.198496653910511668e+04
3.041121447099973739e+04 3.197937202369208899e+04
3.121750423662829417e+04 3.201791298016137443e+04
3.201985871999686060e+04 3.208608613050953500e+04
3.281985352101358149e+04 3.216530465521095539e+04
3.361895607113130245e+04 3.224650055139691176e+04
3.441770044682643493e+04 3.232658720391286624e+04
3.521623286635686236e+04 3.240447225020160113e+04
3.601461162775685807e+04 3.247952955451326488e+04
3.681288367714852939e+04 3.255122921646069153e+04
3.761109708750465506e+04 3.261907467544245083e+04
3.840930159216332686e+04 3.268259673142226166e+04
3.920754741844769160e+04 3.274135543443528150e+04
4.000588390454625187e+04 3.279494272946180718e+04
4.080435809702133702e+04 3.284298504292231519e+04
4.160301338340404618e+04 3.288514574905909831e+04
4.240188820501893497e+04 3.292112749442492350e+04
4.320101489347843744e+04 3.295067437903780228e+04
4.400041867356227158e+04 3.297357396370689821e+04
4.480011687039622484e+04 3.298965908802628837e+04
4.560011835329036694e+04 3.299880945499062364e+04
4.640042323983716051e+04 3.300095295542493841e+04
4.720102287421392975e+04 3.299606668038497446e+04
4.800190008251729887e+04 3.298417759149346239e+04
4.880302969646920974e+04 3.296536279947673029e+04
4.960437932612049917e+04 3.293974942847372586e+04
5.040591035183337226e+04 3.290751402946645976e+04
5.120757909828146512e+04 3.286888153719503316e+04
5.200933814835451631e+04 3.282412377042994194e+04
5.281113772009935201e+04 3.277355726064224291e+04
5.361292748356175434e+04 3.271754338146390000e+04
5.441465392874565441e+04 3.265645960506567644e+04
5.521629818251972756e+04 3.259091296138078178e+04
5.601761832354638318e+04 3.252027454595881136e+04
5.681960967385711410e+04 3.245049087323608910e+04
5.761832901179666078e+04 3.236194677202514504e+04
5.842411587303833221e+04 3.230658106803999181e+04
5.922210420533738943e+04 3.220839114336699640e+04
6.000719073015651520e+04 3.210114688036870211e+04
6.080116939432206709e+04 3.203529387417583348e+04
6.160010212252740166e+04 3.200921013495088118e+04
6.240000517421487166e+04 3.200186235569878409e+04
6.320000016138233332e+04 3.200029913555366875e+04
6.400000000321999687e+04 3.200003861133969622e+04
6.480000000004083995e+04 3.200000392201798604e+04
6.560000000000024738e+04 3.200000032691087472e+04
6.640000000000000000e+04 3.200000018834444927e+04
6.720000000000000000e+04 3.200000035182980355e+04
6.800000000000000000e+04 3.200000052466947818e+04
6.880000000000000000e+04 3.200000068561305307e+04
6.960000000000000000e+04 3.200000083450008970e+04
7.040000000000000000e+04 3.200000097226960497e+04
7.120000000000000000e+04 3.200000109987681208e+04
7.200000000000000000e+04 3.200000121811044301e+04
7.280000000000000000e+04 3.200000132771128847e+04
7.360000000000000000e+04 3.200000142930970105e+04
7.440000000000000000e+04 3.200000152349743075e+04
7.520000000000000000e+04 3.200000161079616009e+04
7.600000000000000000e+04 3.200000169168876891e+04
7.680000000000000000e+04 3.200000176661624573e+04
7.760000000000000000e+04 3.200000183597948126e+04
7.840000000000000000e+04 3.200000190015825501e+04
7.920000000000000000e+04 3.200000195948948021e+04
8.000000000000000000e+04 3.200000201430463130e+04
8.080000000000000000e+04 3.200000206488949334e+04
8.160000000000000000e+04 3.200000211153649798e+04
8.240000000000000000e+04 3.200000215448970266e+04
8.320000000000000000e+04 3.200000219400906644e+04
8.400000000000000000e+04 3.200000223030400593e+04
8.480000000000000000e+04 3.200000226360700617e+04
8.560000000000000000e+04 3.200000229409824169e+04
8.640000000000000000e+04 3.200000232198657613e+04
8.720000000000000000e+04 3.200000234742727116e+04
8.800000000000000000e+04 3.200000237060841755e+04
8.880000000000000000e+04 3.200000239166390384e+04
8.960000000000000000e+04 3.200000241076351085e+04
9.040000000000000000e+04 3.200000242802256253e+04
9.120000000000000000e+04 3.200000244359443604e+04
9.200000000000000000e+04 3.200000245757837183e+04
9.280000000000000000e+04 3.200000247011295141e+04
9.360000000000000000e+04 3.200000248128335807e+04
9.440000000000000000e+04 3.200000249121484376e+04
9.520000000000000000e+04 3.200000249998024447e+04
9.600000000000000000e+04 3.200000250769267586e+04
9.680000000000000000e+04 3.200000251441422370e+04
9.760000000000000000e+04 3.200000252024694782e+04
9.840000000000000000e+04 3.200000252524347161e+04
9.920000000000000000e+04 3.200000252949580681e+04
1.000000000000000000e+05 3.200000253304828584e+04
1.008000000000000000e+05 3.200000253598375639e+04
1.016000000000000000e+05 3.200000253833930765e+04
1.024000000000000000e+05 3.200000254018939813e+04
1.032000000000000000e+05 3.200000254156480878e+04
1.040000000000000000e+05 3.200000254253238381e+04
1.048000000000000000e+05 3.200000254311737081e+04
1.056000000000000000e+05 3.200000254337972365e+04
1.064000000000000000e+05 3.200000254333985868e+04
1.072000000000000000e+05 3.200000254305142880e+04
1.080000000000000000e+05 3.200000254253067033e+04
1.088000000000000000e+05 3.200000254182559365e+04
1.096000000000000000e+05 3.200000254094874617e+04
1.104000000000000000e+05 3.200000253994304876e+04
1.112000000000000000e+05 3.200000253881785829e+04
1.120000000000000000e+05 3.200000253761150088e+04
1.128000000000000000e+05 3.200000253633056127e+04
1.136000000000000000e+05 3.200000253500923282e+04
1.144000000000000000e+05 3.200000253365171011e+04
1.152000000000000000e+05 3.200000253228846850e+04
1.160000000000000000e+05 3.200000253092158528e+04
1.168000000000000000e+05 3.200000252957826524e+04
1.176000000000000000e+05 3.200000252825869757e+04
1.184000000000000000e+05 3.200000252698714758e+04
1.192000000000000000e+05 3.200000252576214189e+04
1.200000000000000000e+05 3.200000252460536285e+04
1.208000000000000000e+05 3.200000252351380914e+04
1.216000000000000000e+05 3.200000252250687117e+04
1.224000000000000000e+05 3.200000252158011426e+04
1.232000000000000000e+05 3.200000252075090248e+04
1.240000000000000000e+05 3.200000252001349145e+04
1.248000000000000000e+05 3.200000251938330257e+04
1.256000000000000000e+05 3.200000251885443140e+04
1.264000000000000000e+05 3.200000251843276783e+04
1.272000000000000000e+05 3.200000251815502634e+04
1.280000000000000000e+05 3.200000251783392014e+04
