# # x,u,p,exx,e,tauxx,tauyy,d.t.
0.000000000000000000e+00 0.000000000000000000e+00 -2.483576588699126244e+07 -9.557182282615287491e-17 9.557162444759949408e-17 -1.911436456523057446e+07 1.911428521372686327e+07 -1.910871786987744372e+03
5.000000000000000000e+02 -1.508004223082726138e-04 -2.483577198722052574e+07 -9.557125815373483845e-17 9.557120142751408937e-17 -1.911425163074696437e+07 1.911422894025193155e+07 -1.910869605542280624e+03
1.000000000000000000e+03 -3.015999536312302404e-04 -2.483577820972776413e+07 -9.557069505019137714e-17 9.557049632758627186e-17 -1.911413901003827155e+07 1.911405952091358602e+07 -1.910862510027884809e+03
1.500000000000000000e+03 -4.523977087803400282e-04 -2.483579725882124901e+07 -9.556900367387119999e-17 9.556894598902887290e-17 -1.911380073477423936e+07 1.911377766083034500e+07 -1.910851083463112900e+03
2.000000000000000000e+03 -6.031927926650860290e-04 -2.483581643196463585e+07 -9.556731383690928254e-17 9.556711412248966197e-17 -1.911346276738185436e+07 1.911338288153051212e+07 -1.910834752760658375e+03
2.500000000000000000e+03 -7.539843277879457357e-04 -2.483585033147406578e+07 -9.556449931827416819e-17 9.556443973115850406e-17 -1.911289986365483329e+07 1.911287602880113199e+07 -1.910814189577182333e+03
3.000000000000000000e+03 -9.047714170337228367e-04 -2.483588435510325432e+07 -9.556168633151468435e-17 9.556148506100851554e-17 -1.911233726630293578e+07 1.911225675801563263e+07 -1.910788744048647231e+03
3.500000000000000000e+03 -1.055553193005590550e-03 -2.483593629829812050e+07 -9.555775533844832574e-17 9.555769290774481248e-17 -1.911155106768966466e+07 1.911152609540010244e+07 -1.910759234508618420e+03
4.000000000000000000e+03 -1.206328759020584666e-03 -2.483598836789011955e+07 -9.555382583146604634e-17 9.555362254942378309e-17 -1.911076516629321128e+07 1.911068385338971391e+07 -1.910724879186079534e+03
4.500000000000000000e+03 -1.357097260736759257e-03 -2.483606286879420280e+07 -9.554878892121029414e-17 9.554872271582253497e-17 -1.910975778424205631e+07 1.910973130207777023e+07 -1.910686703081390078e+03
5.000000000000000000e+03 -1.507857805146583120e-03 -2.483613750015711784e+07 -9.554375343843010159e-17 9.554354790031249304e-17 -1.910875068768601865e+07 1.910866847235039249e+07 -1.910643737935108902e+03
5.500000000000000000e+03 -1.658609555080558249e-03 -2.483624044879364967e+07 -9.553762660895557866e-17 9.553755572069188877e-17 -1.910752532179111242e+07 1.910749696647511050e+07 -1.910597278924728698e+03
6.000000000000000000e+03 -1.809351625694060857e-03 -2.483634353079938889e+07 -9.553150111873741288e-17 9.553129337171223982e-17 -1.910630022374748066e+07 1.910621712484683469e+07 -1.910546115462879243e+03
6.500000000000000000e+03 -1.960083202581123368e-03 -2.483648226407790184e+07 -9.552430777811018620e-17 9.552423132379607597e-17 -1.910486155562203750e+07 1.910483097388414294e+07 -1.910491879911393426e+03
7.000000000000000000e+03 -2.110803415207909792e-03 -2.483662113149428368e+07 -9.551711564594134682e-17 9.551690600739041328e-17 -1.910342312918826938e+07 1.910333927367556095e+07 -1.910433061094341156e+03
7.500000000000000000e+03 -2.261511479108774692e-03 -2.483680447530531883e+07 -9.550888877959150453e-17 9.550880595590446108e-17 -1.910177775591829792e+07 1.910174462642910331e+07 -1.910371700075409535e+03
8.000000000000000000e+03 -2.412206546062993506e-03 -2.483698795908761024e+07 -9.550066295224266912e-17 9.550045229015114520e-17 -1.910013259044853225e+07 1.910004832551857457e+07 -1.910305925417660546e+03
8.500000000000000000e+03 -2.562887871277385980e-03 -2.483722633649563789e+07 -9.549144852049022330e-17 9.549135855914776419e-17 -1.909828970409804210e+07 1.909825371954409778e+07 -1.910238263306075623e+03
9.000000000000000000e+03 -2.713554639646015374e-03 -2.483746485346364975e+07 -9.548223489634675097e-17 9.548202457945739420e-17 -1.909644697926934808e+07 1.909636285242043063e+07 -1.910166421994960274e+03
9.500000000000000000e+03 -2.864206158522112321e-03 -2.483777035192608833e+07 -9.547209553416391770e-17 9.547199778916023022e-17 -1.909441910683278367e+07 1.909438000881128013e+07 -1.910093493945102864e+03
1.000000000000000000e+04 -3.014841659848908895e-03 -2.483807599027776718e+07 -9.546195666400329457e-17 9.546174879219215923e-17 -1.909239133280065656e+07 1.909230818398501724e+07 -1.910016703228816596e+03
1.050000000000000000e+04 -3.165460519023928585e-03 -2.483846245264601707e+07 -9.545097633545693174e-17 9.545087029614158270e-17 -1.909019526709138602e+07 1.909015285134167597e+07 -1.909939795825552210e+03
1.100000000000000000e+04 -3.316062032929290634e-03 -2.483884905215525627e+07 -9.543999607978672263e-17 9.543979362069289481e-17 -1.908799921595734358e+07 1.908791823223312199e+07 -1.909859447147320680e+03
1.150000000000000000e+04 -3.466645665054931668e-03 -2.483933214942765236e+07 -9.542828573343215351e-17 9.542817108390490596e-17 -1.908565714668642730e+07 1.908561128684797138e+07 -1.909780149403287851e+03
1.200000000000000000e+04 -3.617210799915426041e-03 -2.483981537760686874e+07 -9.541657491601363358e-17 9.541638194301645353e-17 -1.908331498320272565e+07 1.908323779392486438e+07 -1.909697963979640463e+03
1.250000000000000000e+04 -3.767757014173635406e-03 -2.484041267552828789e+07 -9.540427934150896030e-17 9.540415602034014317e-17 -1.908085586830179021e+07 1.908080653980237618e+07 -1.909618226753507088e+03
1.300000000000000000e+04 -3.918283808490186093e-03 -2.484101009190440178e+07 -9.539198258333348709e-17 9.539180446077048306e-17 -1.907839651666669548e+07 1.907832526757390052e+07 -1.909536319977317589e+03
1.350000000000000000e+04 -4.068790903643053694e-03 -2.484174108799862862e+07 -9.537928847204871916e-17 9.537915676055335428e-17 -1.907585769440974295e+07 1.907580500977521390e+07 -1.909458525990166891e+03
1.400000000000000000e+04 -4.219277951878738601e-03 -2.484247218060088158e+07 -9.536659227182043674e-17 9.536643597992281727e-17 -1.907331845436408371e+07 1.907325593755261973e+07 -1.909379483397977992e+03
1.450000000000000000e+04 -4.369744855946945325e-03 -2.484335828917431831e+07 -9.535373772770251007e-17 9.535359836108510672e-17 -1.907074754554050043e+07 1.907069179885279760e+07 -1.909306525566396431e+03
1.500000000000000000e+04 -4.520191463250313769e-03 -2.484424446527171135e+07 -9.534087993626903820e-17 9.534075436695462886e-17 -1.906817598725380749e+07 1.906812575949369743e+07 -1.909233488033278718e+03
1.550000000000000000e+04 -4.670617904370017413e-03 -2.484530894357514381e+07 -9.532816557195575802e-17 9.532801984869629294e-17 -1.906563311439115182e+07 1.906557482504281029e+07 -1.909168859505128466e+03
1.600000000000000000e+04 -4.821024275035667994e-03 -2.484637344399571419e+07 -9.531544651649572263e-17 9.531536284162179668e-17 -1.906308930329914391e+07 1.906305583333360404e+07 -1.909105620753448648e+03
1.650000000000000000e+04 -4.971410988823261878e-03 -2.484764123180508614e+07 -9.530324835533505579e-17 9.530309832289940267e-17 -1.906064967106701061e+07 1.906058965804548934e+07 -1.909053516950024914e+03
1.700000000000000000e+04 -5.121778454065500918e-03 -2.484890898067569733e+07 -9.529104370296064399e-17 9.529101578110972406e-17 -1.905820874059212953e+07 1.905819757184892520e+07 -1.909004632718462062e+03
1.750000000000000000e+04 -5.272127432816909633e-03 -2.485040639885592461e+07 -9.527982761447266460e-17 9.527967623963110252e-17 -1.905596552289453149e+07 1.905590497290974483e+07 -1.908970059641985699e+03
1.800000000000000000e+04 -5.422458722858148998e-03 -2.485190369222831726e+07 -9.526860282750302315e-17 9.526864756155044307e-17 -1.905372056550060213e+07 1.905373845911436528e+07 -1.908940963101855687e+03
1.850000000000000000e+04 -5.572773511612503713e-03 -2.485365796948456764e+07 -9.525894056325111116e-17 9.525879197625908742e-17 -1.905178811265021935e+07 1.905172867780690268e+07 -1.908929854230063938e+03
1.900000000000000000e+04 -5.723073077130033659e-03 -2.485541200086593628e+07 -9.524926691339341994e-17 9.524940473053538549e-17 -1.904985338267868012e+07 1.904990850949488580e+07 -1.908926978711340098e+03
1.950000000000000000e+04 -5.873359121402403626e-03 -2.485745055739617348e+07 -9.524185355619482905e-17 9.524171331781129459e-17 -1.904837071123896539e+07 1.904831461584393308e+07 -1.908946311880004941e+03
2.000000000000000000e+04 -6.023633508908532094e-03 -2.485948868837809563e+07 -9.523442546999283878e-17 9.523468066204575039e-17 -1.904688509399856627e+07 1.904698717068263516e+07 -1.908977211263510299e+03
2.050000000000000000e+04 -6.173898557173434706e-03 -2.486183809311461449e+07 -9.523009679546453258e-17 9.522997218887911509e-17 -1.904601935909290612e+07 1.904596951642554626e+07 -1.909035113458268142e+03
2.100000000000000000e+04 -6.324156839171786795e-03 -2.486418699208974838e+07 -9.522575003606489364e-17 9.522615099395180989e-17 -1.904515000721297786e+07 1.904531039003005624e+07 -1.909108581831296078e+03
2.150000000000000000e+04 -6.474411403204069319e-03 -2.486687161815047264e+07 -9.522550130290652711e-17 9.522540163395628877e-17 -1.904510026058130339e+07 1.904506039297926053e+07 -1.909214435266510236e+03
2.200000000000000000e+04 -6.624665667163446951e-03 -2.486955539187502861e+07 -9.522523003856330975e-17 9.522580920611432080e-17 -1.904504600771266222e+07 1.904527767402844876e+07 -1.909340568082760001e+03
2.250000000000000000e+04 -6.774923533329776579e-03 -2.487259524242138863e+07 -9.523022936414076698e-17 9.523016627402921191e-17 -1.904604587282815203e+07 1.904602063677334785e+07 -1.909505038225858243e+03
2.300000000000000000e+04 -6.925189415781628742e-03 -2.487563395212125778e+07 -9.523520146839793786e-17 9.523599549965237030e-17 -1.904704029367958754e+07 1.904735790485617146e+07 -1.909695298129453704e+03
2.350000000000000000e+04 -7.075468202029278411e-03 -2.487904225193238258e+07 -9.524680185058712505e-17 9.524678988377229668e-17 -1.904936037011742219e+07 1.904935558338825032e+07 -1.909930340666114716e+03
2.400000000000000000e+04 -7.225765463189636265e-03 -2.488244903026533127e+07 -9.525836981773703201e-17 9.525941848370700979e-17 -1.905167396354740486e+07 1.905209342762238905e+07 -1.910197498169031405e+03
2.450000000000000000e+04 -7.376087202782971759e-03 -2.488622866446566582e+07 -9.527811029188581926e-17 9.527816701300143034e-17 -1.905562205837716162e+07 1.905564474681210518e+07 -1.910516235272946460e+03
2.500000000000000000e+04 -7.526440312524358515e-03 -2.489000631067800522e+07 -9.529781303273807244e-17 9.529915802866683962e-17 -1.905956260654761270e+07 1.906010060111176223e+07 -1.910874213556076938e+03
2.550000000000000000e+04 -7.676832033624396423e-03 -2.489414539428782463e+07 -9.532740801537228217e-17 9.532755431961231023e-17 -1.906548160307445377e+07 1.906554012471881881e+07 -1.911290674739419046e+03
2.600000000000000000e+04 -7.827270733642950964e-03 -2.489828193301272392e+07 -9.535696009773177094e-17 9.535864275815307539e-17 -1.907139201954635233e+07 1.907206507775260881e+07 -1.911754217859361916e+03
2.650000000000000000e+04 -7.977764989296295961e-03 -2.490274817368149757e+07 -9.539826880782039641e-17 9.539852904707060856e-17 -1.907965376156407595e+07 1.907975785711258650e+07 -1.912282870904090714e+03
2.700000000000000000e+04 -8.128324774415916082e-03 -2.490721121896862984e+07 -9.543953006020735775e-17 9.544158795860903411e-17 -1.908790601204147190e+07 1.908872916248026118e+07 -1.912866973106473552e+03
2.750000000000000000e+04 -8.278960055048294187e-03 -2.491194491585516930e+07 -9.549449877982651347e-17 9.549490069153425910e-17 -1.909889975596529990e+07 1.909906052029702067e+07 -1.913521975484877885e+03
2.800000000000000000e+04 -8.429682493885343186e-03 -2.491667467451667786e+07 -9.554941671984126684e-17 9.555187891035778509e-17 -1.910988334396824986e+07 1.911086820739864185e+07 -1.914240994865883522e+03
2.850000000000000000e+04 -8.580503429382276004e-03 -2.492158019141221046e+07 -9.561998480584335155e-17 9.562055915042191201e-17 -1.912399696116866916e+07 1.912422669829315692e+07 -1.915035082161102764e+03
2.900000000000000000e+04 -8.731436217136231276e-03 -2.492648094557857513e+07 -9.569050076412507854e-17 9.569338133121800329e-17 -1.913810015282501280e+07 1.913925236216972768e+07 -1.915901448162969700e+03
2.950000000000000000e+04 -8.882493445975074564e-03 -2.493141655356669426e+07 -9.577846025601537154e-17 9.577924012099726216e-17 -1.915569205120307207e+07 1.915600399590494111e+07 -1.916844371716157866e+03
3.000000000000000000e+04 -9.033690050873753596e-03 -2.493634651579117775e+07 -9.586636909786535498e-17 9.586965932635144596e-17 -1.917327381957307085e+07 1.917458988813685998e+07 -1.917866800170784245e+03
3.050000000000000000e+04 -9.185039602821071583e-03 -2.494111264090132713e+07 -9.597316898556873722e-17 9.597418864081053978e-17 -1.919463379711374640e+07 1.919504165701964125e+07 -1.918963230344390013e+03
3.100000000000000000e+04 -9.336558338631652243e-03 -2.494587221365499496e+07 -9.607992335852460970e-17 9.608358228671951898e-17 -1.921598467170492187e+07 1.921744821472901478e+07 -1.920144366451478390e+03
3.150000000000000000e+04 -9.488260349865768398e-03 -2.495019823778271675e+07 -9.620641067289390978e-17 9.620770397161581200e-17 -1.924128213457877934e+07 1.924179945056438819e+07 -1.921391203841178140e+03
3.200000000000000000e+04 -9.640162681176744214e-03 -2.495451683170413971e+07 -9.633286192005668485e-17 9.633680627414244626e-17 -1.926657238401133567e+07 1.926815009276426584e+07 -1.922724648889930450e+03
3.250000000000000000e+04 -9.792279240205732996e-03 -2.495804684801459312e+07 -9.647895725565164828e-17 9.648055565851431471e-17 -1.929579145113032684e+07 1.929643080695363879e+07 -1.924107724129053622e+03
3.300000000000000000e+04 -9.944627115325838443e-03 -2.496156865234041214e+07 -9.662503055275982760e-17 9.662912496737103822e-17 -1.932500611055196449e+07 1.932664384085646272e+07 -1.925574456225951053e+03
3.350000000000000000e+04 -1.009721903668390347e-02 -2.496384688066792488e+07 -9.678934359052393936e-17 9.679127387368950324e-17 -1.935786871810478717e+07 1.935864082364968956e+07 -1.927064682796418083e+03
3.400000000000000000e+04 -1.025007105425507041e-02 -2.496611628659367561e+07 -9.695365284716729187e-17 9.695770213301957361e-17 -1.939073056943345815e+07 1.939235024878180400e+07 -1.928628979798933869e+03
3.450000000000000000e+04 -1.040319340350508680e-02 -2.496657311100220680e+07 -9.713305490200287131e-17 9.713533688015916330e-17 -1.942661098040057346e+07 1.942752376092465967e+07 -1.930178124866385360e+03
3.500000000000000000e+04 -1.055659966359261646e-02 -2.496702076474261284e+07 -9.731247442839567323e-17 9.731621990464591978e-17 -1.946249488567913324e+07 1.946399304578447342e+07 -1.931783209153351663e+03
3.550000000000000000e+04 -1.071029592228833066e-02 -2.496496078300023079e+07 -9.750165956572359497e-17 9.750430416042896680e-17 -1.950033191314471886e+07 1.950138973667189851e+07 -1.933319587811831752e+03
3.600000000000000000e+04 -1.086429150078374248e-02 -2.496289162629413605e+07 -9.769088419663515165e-17 9.769400681776843392e-17 -1.953817683932702988e+07 1.953942586580950394e+07 -1.934883369221897283e+03
3.650000000000000000e+04 -1.101858637300224403e-02 -2.495748532036042213e+07 -9.788196701896718011e-17 9.788497516616197965e-17 -1.957639340379343554e+07 1.957759664417973161e+07 -1.936307911501745821e+03
3.700000000000000000e+04 -1.117318349702351929e-02 -2.495207025067210197e+07 -9.807310903088582376e-17 9.807524130340982967e-17 -1.961462180617716163e+07 1.961547470343523473e+07 -1.937719345830753809e+03
3.750000000000000000e+04 -1.132807452220209975e-02 -2.494235106510996819e+07 -9.825532088911230501e-17 9.825868368149058191e-17 -1.965106417782245949e+07 1.965240927175691351e+07 -1.938902623342038396e+03
3.800000000000000000e+04 -1.148325370847254334e-02 -2.493262397238397598e+07 -9.843760569184414394e-17 9.843835380405592069e-17 -1.968752113836882636e+07 1.968782037917612121e+07 -1.940019319633047871e+03
3.850000000000000000e+04 -1.163870204657458350e-02 -2.491749249631333351e+07 -9.859715851798928626e-17 9.860085898250455703e-17 -1.971943170359785482e+07 1.972091186162788421e+07 -1.940800189475704883e+03
3.900000000000000000e+04 -1.179440267743727365e-02 -2.490235441761279106e+07 -9.875678732015966981e-17 9.875576365629206348e-17 -1.975135746403193474e+07 1.975094799301528186e+07 -1.941447930896872549e+03
3.950000000000000000e+04 -1.195032364539730212e-02 -2.488059103241515160e+07 -9.887697037138811612e-17 9.888098689823984102e-17 -1.977539407427762076e+07 1.977700065238202736e+07 -1.941634421078138303e+03
4.000000000000000000e+04 -1.210643466545648431e-02 -2.485882285591125488e+07 -9.899722441439456797e-17 9.899408407770391251e-17 -1.979944488287891448e+07 1.979818872461898625e+07 -1.941609199153488589e+03
4.050000000000000000e+04 -1.226268881556308483e-02 -2.482910926186823845e+07 -9.905877849011776137e-17 9.906308848256676069e-17 -1.981175569802355021e+07 1.981347965748627856e+07 -1.940982126928457092e+03
4.100000000000000000e+04 -1.241904039626445973e-02 -2.479939290846896172e+07 -9.912038427271033045e-17 9.911487053991062328e-17 -1.982407685454206169e+07 1.982187129623831064e+07 -1.940054965422055375e+03
4.150000000000000000e+04 -1.257542598528428590e-02 -2.476034269531464577e+07 -9.910216883791477819e-17 9.910675527798314668e-17 -1.982043376758295298e+07 1.982226830114179850e+07 -1.938374391150280189e+03
4.200000000000000000e+04 -1.273178305659639596e-02 -2.472129024133825302e+07 -9.908397892376663001e-17 9.907595411045528676e-17 -1.981679578475332260e+07 1.981358572557486221e+07 -1.936298955083178953e+03
4.250000000000000000e+04 -1.288803083941363059e-02 -2.467148636900258064e+07 -9.896387606424556877e-17 9.896873976238519905e-17 -1.979277521284911036e+07 1.979472064428429306e+07 -1.933313348403777127e+03
4.300000000000000000e+04 -1.304408929812489980e-02 -2.462164696069645882e+07 -9.884380855553015692e-17 9.883324969719457274e-17 -1.976876171110602841e+07 1.976453793858144060e+07 -1.929834126055560773e+03
4.350000000000000000e+04 -1.319986029620271763e-02 -2.455968984931635857e+07 -9.859967521403820196e-17 9.860500021221135072e-17 -1.971993504280763865e+07 1.972206498456635699e+07 -1.925293688429683698e+03
4.400000000000000000e+04 -1.335524620917835463e-02 -1.466474362753224373e+07 -1.068006640990294552e-15 7.583886867544393967e-16 -9.837599957995075732e+06 9.833010000395895913e+06 -1.065119722953397286e+03
4.450000000000000000e+04 -1.637583434031868179e-02 -4.831365119187116623e+06 -1.791008819006302785e-15 2.326725505654467667e-15 -3.582017638012605403e+03 5.520721173020124297e+03 -2.102993843634841937e+02
4.500000000000000000e+04 -1.900724019984568330e-02 3.466653103404760361e+07 -5.747241736902179874e-16 4.931203982686214377e-16 3.948961880551511049e+07 -3.950072139155327529e+07 3.224663148939168877e+03
4.550000000000000000e+04 -1.838460576793149101e-02 7.400655357453274727e+07 3.942921505264565318e-16 3.942809787623068125e-16 7.885843010529130697e+07 -7.885396133627910912e+07 6.646109343948340211e+03
4.600000000000000000e+04 -1.776294880290031283e-02 7.384863091635990143e+07 3.936742719951175478e-16 3.937186670866812683e-16 7.873485439902350307e+07 -7.875261143173830211e+07 6.634836623830356984e+03
4.650000000000000000e+04 -1.714192628369867397e-02 7.372287873652482033e+07 3.934847703257760509e-16 3.934755796811285116e-16 7.869695406515520811e+07 -7.869327776430025697e+07 6.626789413079352016e+03
4.700000000000000000e+04 -1.652120530409704330e-02 7.359718025815796852e+07 3.932939636587564066e-16 3.933313825129112580e-16 7.865879273175126314e+07 -7.867375955673302710e+07 6.620475644125694998e+03
4.750000000000000000e+04 -1.590049338411482147e-02 7.350056280235505104e+07 3.934726918462232125e-16 3.934639707869285045e-16 7.869453836924463511e+07 -7.869104990677309036e+07 6.617026639527311090e+03
4.800000000000000000e+04 -1.527949992207640502e-02 7.340393595432591438e+07 3.936514914341926361e-16 3.936815588158825416e-16 7.873029828683851659e+07 -7.874232477486808598e+07 6.615054814312781673e+03
4.850000000000000000e+04 -1.465798055461519159e-02 7.333293792041897774e+07 3.941385513350626697e-16 3.941301731036016304e-16 7.882771026701252162e+07 -7.882435893869064748e+07 6.615534646048245122e+03
4.900000000000000000e+04 -1.403569324731526735e-02 7.326193367640709877e+07 3.946256946180633795e-16 3.946478699293303418e-16 7.892513892361266911e+07 -7.893400879326319695e+07 6.617214889985664740e+03
4.950000000000000000e+04 -1.341244489747877786e-02 7.321293284204983711e+07 3.953557905825265925e-16 3.953477218853960733e-16 7.907115811650530994e+07 -7.906793060458989441e+07 6.620907106375640069e+03
5.000000000000000000e+04 -1.278804525762655166e-02 7.316393211492300034e+07 3.960859152038878447e-16 3.960999698860509382e-16 7.921718304077756405e+07 -7.922280480827115476e+07 6.625510301008442184e+03
5.050000000000000000e+04 -1.216235398760369402e-02 7.313324933577036858e+07 3.969920001153399473e-16 3.969842264183610828e-16 7.939840002306798100e+07 -7.939529051370577514e+07 6.631675645629397877e+03
5.100000000000000000e+04 -1.153523378334256853e-02 7.310257285138916969e+07 3.978980668485858503e-16 3.979040770508928806e-16 7.957961336971716583e+07 -7.958201742714361846e+07 6.638460446892730943e+03
5.150000000000000000e+04 -1.090659670294422470e-02 7.308657155944371223e+07 3.989137505633217493e-16 3.989062671270707294e-16 7.978275011266434193e+07 -7.977975670997299254e+07 6.646362098670290834e+03
5.200000000000000000e+04 -1.027635772586486113e-02 7.307058238260722160e+07 3.999293826733986134e-16 3.999276886110972676e-16 7.998587653467971087e+07 -7.998519890350762010e+07 6.654599186352819743e+03
5.250000000000000000e+04 -9.644479281900085813e-03 7.306576262813067436e+07 4.009909908763783697e-16 4.009837969184803530e-16 8.019819817527566850e+07 -8.019532056620927155e+07 6.663525356275649756e+03
5.300000000000000000e+04 -9.010926396496820451e-03 7.306096035297441483e+07 4.020525279232012293e-16 4.020436873800704112e-16 8.041050558464023471e+07 -8.040696932438796759e+07 6.672518681624451347e+03
5.350000000000000000e+04 -8.375708437196651215e-03 7.306404339484000206e+07 4.031008309909055686e-16 4.030939241139436332e-16 8.062016619818110764e+07 -8.061740342365431786e+07 6.681802035586709280e+03
5.400000000000000000e+04 -7.738836918088960563e-03 7.306714874861168861e+07 4.041490561184069986e-16 4.041337969790959436e-16 8.082981122368139029e+07 -8.082370744940426946e+07 6.690906791218085345e+03
5.450000000000000000e+04 -7.100363571739364346e-03 7.307515108514618874e+07 4.051306603635376908e-16 4.051240316651628293e-16 8.102613207270753384e+07 -8.102348057161369920e+07 6.699940506815646586e+03
5.500000000000000000e+04 -6.460341785340122447e-03 7.308317997062301636e+07 4.061121902903459817e-16 4.060913655713551003e-16 8.122243805806919932e+07 -8.121410795439624786e+07 6.708577735870402648e+03
5.550000000000000000e+04 -5.818860207479776767e-03 7.309347635127949715e+07 4.069806046810237460e-16 4.069742351437803634e-16 8.139612093620474637e+07 -8.139357310133540630e+07 6.716828237070212708e+03
5.600000000000000000e+04 -5.176008672311935462e-03 7.310380286640238762e+07 4.078489555539033208e-16 4.078235041410384973e-16 8.156979111078065634e+07 -8.155961022625432909e+07 6.724496221419857648e+03
5.650000000000000000e+04 -4.531906658121489205e-03 7.311417826471877098e+07 4.085653675968365184e-16 4.085592260570853651e-16 8.171307351936729252e+07 -8.171061688498258591e+07 6.731512832595710279e+03
5.700000000000000000e+04 -3.886674427864543393e-03 7.312458669618701935e+07 4.092817304653619662e-16 4.092526454641119277e-16 8.185634609307238460e+07 -8.184471167814478278e+07 6.737795581492687234e+03
5.750000000000000000e+04 -3.240455769296382831e-03 7.313327752703881264e+07 4.098155383762673208e-16 4.098095812373088291e-16 8.196310767525345087e+07 -8.196072480234099925e+07 6.743217492581730767e+03
5.800000000000000000e+04 -2.593394944478253587e-03 7.314200356481194496e+07 4.103493120823099615e-16 4.103176172336961035e-16 8.206986241646197438e+07 -8.205718398687182367e+07 6.747790763116686321e+03
5.850000000000000000e+04 -1.945653257226233031e-03 7.314772871729826927e+07 4.106784656312812849e-16 4.106726383236164342e-16 8.213569312625625730e+07 -8.213336218664914370e+07 6.751351778432496758e+03
5.900000000000000000e+04 -1.297392269777681391e-03 7.315349056453728676e+07 4.110075956752876995e-16 4.109743313463071562e-16 8.220151913505753875e+07 -8.218821286482174695e+07 6.753987105624304604e+03
5.950000000000000000e+04 -6.487838575035819203e-04 7.315547321011805534e+07 4.111187998876784166e-16 4.111130397318691203e-16 8.222375997753567994e+07 -8.222145589907011390e+07 6.755518656921225556e+03
6.000000000000000000e+04 -5.844141342496958641e-12 7.315749326676058769e+07 4.112299866421724675e-16 4.111961981555106256e-16 8.224599732843449712e+07 -8.223248137843598425e+07 6.756085854138980721e+03
6.050000000000000000e+04 6.487838458212101620e-04 7.315547321985363960e+07 4.111187999321317146e-16 4.111130397634352415e-16 8.222375998642633855e+07 -8.222145590280583501e+07 6.755518657506933778e+03
6.100000000000000000e+04 1.297392258229682505e-03 7.315349058630943298e+07 4.110075961820174816e-16 4.109743316088236966e-16 8.220151923640349507e+07 -8.218821286847452819e+07 6.753987106729738116e+03
6.150000000000000000e+04 1.945653246334557666e-03 7.314772871521306038e+07 4.106784655755948047e-16 4.106726383001833211e-16 8.213569311511895061e+07 -8.213336218841336668e+07 6.751351778418541471e+03
6.200000000000000000e+04 2.593394932754521359e-03 7.314200352361392975e+07 4.103493116309172434e-16 4.103176170720473613e-16 8.206986232618343830e+07 -8.205718401249988377e+07 6.747790762439731225e+03
6.250000000000000000e+04 3.240455757778917464e-03 7.313327748570942879e+07 4.098155385415340749e-16 4.098095814201190608e-16 8.196310770830680430e+07 -8.196072484241186082e+07 6.743217492527012837e+03
6.300000000000000000e+04 3.886674416662353609e-03 7.312458666720390320e+07 4.092817306885492545e-16 4.092526456896793080e-16 8.185634613770984113e+07 -8.184471172373433411e+07 6.737795582214705064e+03
6.350000000000000000e+04 4.531906647243092931e-03 7.311417824140810966e+07 4.085653677952320779e-16 4.085592262526529568e-16 8.171307355904640257e+07 -8.171061692353050411e+07 6.731512833258200772e+03
6.400000000000000000e+04 5.176008661735835570e-03 7.310380284837770462e+07 4.078489557403884611e-16 4.078235043346198852e-16 8.156979114807768166e+07 -8.155961026639004052e+07 6.724496222381205371e+03
6.450000000000000000e+04 5.818860197193567382e-03 7.309347633380150795e+07 4.069806048602681292e-16 4.069742353201865730e-16 8.139612097205361724e+07 -8.139357313604901731e+07 6.716828237819589049e+03
6.500000000000000000e+04 6.460341775329674248e-03 7.308317995341205597e+07 4.061121904596891745e-16 4.060913657399063260e-16 8.122243809193782508e+07 -8.121410798794808984e+07 6.708577736580875353e+03
6.550000000000000000e+04 7.100363561980781515e-03 7.307515106931424141e+07 4.051306605143852508e-16 4.051240318191350674e-16 8.102613210287705064e+07 -8.102348060303311050e+07 6.699940507493362929e+03
6.600000000000000000e+04 7.738836908554550843e-03 7.306714873405528069e+07 4.041490562502343333e-16 4.041337971121061753e-16 8.082981125004684925e+07 -8.082370747624288499e+07 6.690906791752095160e+03
6.650000000000000000e+04 8.375708427835189956e-03 7.306404337845587730e+07 4.031008310797664109e-16 4.030939242022522235e-16 8.062016621595327556e+07 -8.061740344120557606e+07 6.681802035637454537e+03
6.700000000000000000e+04 9.010926387242833985e-03 7.306096033526229858e+07 4.020525279708973373e-16 4.020436874379505164e-16 8.041050559417946637e+07 -8.040696933800087869e+07 6.672518681446225855e+03
6.750000000000000000e+04 9.644479272706367110e-03 7.306576260769104958e+07 4.009909909047406802e-16 4.009837969453407217e-16 8.019819818094812334e+07 -8.019532057128095627e+07 6.663525355607477650e+03
6.800000000000000000e+04 1.027635771670037945e-02 7.307058235906577110e+07 3.999293826836703713e-16 3.999276886179028693e-16 7.998587653673407435e+07 -7.998519890417550504e+07 6.654599185358316390e+03
6.850000000000000000e+04 1.090659669379320969e-02 7.308657153612303734e+07 3.989137505685444029e-16 3.989062671322609411e-16 7.978275011370886862e+07 -7.977975671100455523e+07 6.646362097701200582e+03
6.900000000000000000e+04 1.153523377419457020e-02 7.310257282778406143e+07 3.978980668467635817e-16 3.979040770476980926e-16 7.957961336935271323e+07 -7.958201742623016238e+07 6.638460445826705836e+03
6.950000000000000000e+04 1.216235397844629175e-02 7.313324931347393990e+07 3.969920001056629906e-16 3.969842264082292491e-16 7.939840002113258839e+07 -7.939529051158842444e+07 6.631675644567929339e+03
7.000000000000000000e+04 1.278804524844801525e-02 7.316393209370827675e+07 3.960859151877556392e-16 3.960999698711364381e-16 7.921718303755111992e+07 -7.922280480553175509e+07 6.625510299966957064e+03
7.050000000000000000e+04 1.341244488827016308e-02 7.321293282219624519e+07 3.953557905595518075e-16 3.953477218622090354e-16 7.907115811191035807e+07 -7.906793059991002083e+07 6.620907105308967402e+03
7.100000000000000000e+04 1.403569323806422645e-02 7.326193365801930428e+07 3.946256945880314449e-16 3.946478699039305490e-16 7.892513891760629416e+07 -7.893400878910952806e+07 6.617214889005600526e+03
7.150000000000000000e+04 1.465798054532260926e-02 7.333293790400910378e+07 3.941385513116737328e-16 3.941301730784488498e-16 7.882771026233473420e+07 -7.882435893330729008e+07 6.615534645100711714e+03
7.200000000000000000e+04 1.527949991275155336e-02 7.340393593994116783e+07 3.936514914178206169e-16 3.936815587980207093e-16 7.873029828356412053e+07 -7.874232477099780738e+07 6.615054813519086565e+03
7.250000000000000000e+04 1.590049337476813138e-02 7.350056278929495811e+07 3.934726918337781428e-16 3.934639707748040082e-16 7.869453836675561965e+07 -7.869104990441231430e+07 6.617026638856838872e+03
7.300000000000000000e+04 1.652120529473291924e-02 7.359718024698758125e+07 3.932939636492569436e-16 3.933313825019401257e-16 7.865879272985137999e+07 -7.867375955424450338e+07 6.620475643531829519e+03
7.350000000000000000e+04 1.714192627431641858e-02 7.372287872725272179e+07 3.934847703121374347e-16 3.934755796671405780e-16 7.869695406242747605e+07 -7.869327776143279672e+07 6.626789412551544956e+03
7.400000000000000000e+04 1.776294879349315028e-02 7.384863090884041786e+07 3.936742719767781095e-16 3.937186670697900307e-16 7.873485439535561204e+07 -7.875261142864961922e+07 6.634836623369131303e+03
7.450000000000000000e+04 1.838460575850244666e-02 7.400655357033467293e+07 3.942921505174658841e-16 3.942809787526282287e-16 7.885843010349316895e+07 -7.885396133420579135e+07 6.646109343675672790e+03
7.500000000000000000e+04 1.900724019041014762e-02 3.466653103263497353e+07 -5.747241741744444768e-16 4.931203985523574489e-16 3.948961880559050292e+07 -3.950072139194197208e+07 3.224663148894649567e+03
7.550000000000000000e+04 1.637583432947272571e-02 -4.831365121074438095e+06 -1.791008819824828016e-15 2.326725506691123193e-15 -3.582017639649655848e+03 5.520721175453168144e+03 -2.102993844456474619e+02
7.600000000000000000e+04 1.335524619715974803e-02 -1.466474363518977165e+07 -1.068006641342530413e-15 7.583886870026504376e-16 -9.837599961659528315e+06 9.833010000691473484e+06 -1.065119723299184670e+03
7.650000000000000000e+04 1.319986028411885767e-02 -2.455968986458182335e+07 -9.859967526011162313e-17 9.860500024764439413e-17 -1.971993505202232301e+07 1.972206498952511698e+07 -1.925293689308997273e+03
7.700000000000000000e+04 1.304408928596089735e-02 -2.462164695301008224e+07 -9.884380851319830302e-17 9.883324968337160962e-17 -1.976876170263965800e+07 1.976453794152003154e+07 -1.929834125849135717e+03
7.750000000000000000e+04 1.288803082753035324e-02 -2.467148630379652977e+07 -9.896387584859308539e-17 9.896873965925043642e-17 -1.979277516971861571e+07 1.979472064615867287e+07 -1.933313345650226211e+03
7.800000000000000000e+04 1.273178304511294288e-02 -2.472129018176865578e+07 -9.908397863044921279e-17 9.907595408220955506e-17 -1.981679572608984262e+07 1.981358577295167372e+07 -1.936298954553058138e+03
7.850000000000000000e+04 1.257542597408020831e-02 -2.476034267360711098e+07 -9.910216877929925749e-17 9.910675531596836467e-17 -1.982043375585984811e+07 1.982226832805719972e+07 -1.938374391376709127e+03
7.900000000000000000e+04 1.241904038496598021e-02 -2.479939289178371429e+07 -9.912038430807338711e-17 9.911487055646016086e-17 -1.982407686161467433e+07 1.982187129578521848e+07 -1.940054964676910004e+03
7.950000000000000000e+04 1.226268880433997385e-02 -2.482910925989317894e+07 -9.905877850213369068e-17 9.906308844581691121e-17 -1.981175570042673498e+07 1.981347964038399979e+07 -1.940982126099007928e+03
8.000000000000000000e+04 1.210643465412008547e-02 -2.485882283602619171e+07 -9.899722396270701314e-17 9.899408380505580964e-17 -1.979944479254139960e+07 1.979818870590087026e+07 -1.941609197475089559e+03
8.050000000000000000e+04 1.195032363429672506e-02 -2.488059106072020531e+07 -9.887697110743399487e-17 9.888098736642138037e-17 -1.977539422148679569e+07 1.977700069244981930e+07 -1.941634424050870848e+03
8.100000000000000000e+04 1.179440266377809049e-02 -2.490235447523522377e+07 -9.875678840818029612e-17 9.875576410542271057e-17 -1.975135768163605779e+07 1.975094795506090671e+07 -1.941447931752005843e+03
8.150000000000000000e+04 1.163870203332480723e-02 -2.491749251811718941e+07 -9.859715833005974167e-17 9.860085876550596879e-17 -1.971943166601194814e+07 1.972091181241479144e+07 -1.940800188283999205e+03
8.200000000000000000e+04 1.148325369540642224e-02 -2.493262399469399452e+07 -9.843760562675838609e-17 9.843835371188218313e-17 -1.968752112535167485e+07 1.968782035532391816e+07 -1.940019319565996284e+03
8.250000000000000000e+04 1.132807450925492343e-02 -2.494235107983899117e+07 -9.825532082366051571e-17 9.825868361869116484e-17 -1.965106416473210230e+07 1.965240925972747430e+07 -1.938902623459411643e+03
8.300000000000000000e+04 1.117318348416394651e-02 -2.495207026746153831e+07 -9.807310897931483094e-17 9.807524125394638969e-17 -1.961462179586296529e+07 1.961547469396401942e+07 -1.937719346148937348e+03
8.350000000000000000e+04 1.101858636023117684e-02 -2.495748533953166008e+07 -9.788196696433935129e-17 9.788497510947437337e-17 -1.957639339286786690e+07 1.957759663243028149e+07 -1.936307911824432495e+03
8.400000000000000000e+04 1.086429148809656305e-02 -2.496289164715981483e+07 -9.769088414612833219e-17 9.769400677507821531e-17 -1.953817682922566682e+07 1.953942585883469135e+07 -1.934883369825848149e+03
8.450000000000000000e+04 1.071029590966696143e-02 -2.496496080349040031e+07 -9.750165953162311019e-17 9.750430412851519212e-17 -1.950033190632462129e+07 1.950138973072645813e+07 -1.933319588444211377e+03
8.500000000000000000e+04 1.055659965101304713e-02 -2.496702078583431244e+07 -9.731247441338522792e-17 9.731621988813539384e-17 -1.946249488267704099e+07 1.946399304218235984e+07 -1.931783209913768133e+03
8.550000000000000000e+04 1.040319339094611037e-02 -2.496657313202404976e+07 -9.713305488703739107e-17 9.713533686164273663e-17 -1.942661097740747780e+07 1.942752375651122257e+07 -1.930178125588490275e+03
8.600000000000000000e+04 1.025007104172273066e-02 -2.496611630781722069e+07 -9.695365282411046533e-17 9.695770209823185539e-17 -1.939073056482209265e+07 1.939235023947828263e+07 -1.928628980317196010e+03
8.650000000000000000e+04 1.009721902422101684e-02 -2.496384690053677559e+07 -9.678934352980768207e-17 9.679127381065806245e-17 -1.935786870596153662e+07 1.935864081058037654e+07 -1.927064683092050018e+03
8.700000000000000000e+04 9.944627102985105840e-03 -2.496156867127847672e+07 -9.662503045679095417e-17 9.662912489086416451e-17 -1.932500609135818854e+07 1.932664382944718003e+07 -1.925574456553289565e+03
8.750000000000000000e+04 9.792279228015180609e-03 -2.495804686673951149e+07 -9.647895716311629194e-17 9.648055556701629814e-17 -1.929579143262325600e+07 1.929643078886149451e+07 -1.924107724156565837e+03
8.800000000000000000e+04 9.640162669128029757e-03 -2.495451684881687164e+07 -9.633286183368982636e-17 9.633680618374736817e-17 -1.926657236673796177e+07 1.926815007387966663e+07 -1.922724648812893065e+03
8.850000000000000000e+04 9.488260337946500741e-03 -2.495019825821995735e+07 -9.620641059430206438e-17 9.620770389225829081e-17 -1.924128211886041239e+07 1.924179943453976139e+07 -1.921391204033031272e+03
8.900000000000000000e+04 9.336558326830954671e-03 -2.494587223741602898e+07 -9.607992328298013397e-17 9.608358220823356583e-17 -1.921598465659602731e+07 1.921744819844357297e+07 -1.920144366776504512e+03
8.950000000000000000e+04 9.185039591152755964e-03 -2.494111266309618950e+07 -9.597316889716188444e-17 9.597418855191655306e-17 -1.919463377943237498e+07 1.919504163914341480e+07 -1.918963230532156786e+03
9.000000000000000000e+04 9.033690039352046397e-03 -2.493634653798294067e+07 -9.586636899944154642e-17 9.586965922620805621e-17 -1.917327379988830537e+07 1.917458986776430532e+07 -1.917866800249880498e+03
9.050000000000000000e+04 8.882493434613211725e-03 -2.493141657498908043e+07 -9.577846015283867602e-17 9.577924002114170803e-17 -1.915569203056773543e+07 1.915600397659804299e+07 -1.916844371808135520e+03
9.100000000000000000e+04 8.731436205940124734e-03 -2.492648096720433235e+07 -9.569050065519522044e-17 9.569338122165991609e-17 -1.913810013103904203e+07 1.913925234013247117e+07 -1.915901448145078803e+03
9.150000000000000000e+04 8.580503418345965250e-03 -2.492158021586441994e+07 -9.561998471422859589e-17 9.562055905485938823e-17 -1.912399694284571707e+07 1.912422667839110643e+07 -1.915035082358936052e+03
9.200000000000000000e+04 8.429682482978350863e-03 -2.491667469636631012e+07 -9.554941663692567481e-17 9.555187883578387945e-17 -1.910988332738513499e+07 1.911086819415211678e+07 -1.914240995239931635e+03
9.250000000000000000e+04 8.278960044199942456e-03 -2.491194494823861122e+07 -9.549449879903093778e-17 9.549490072354584020e-17 -1.909889975980618596e+07 1.909906052926075459e+07 -1.913521977282581020e+03
9.300000000000000000e+04 8.128324763448321194e-03 -2.490721126728558540e+07 -9.543953018485448052e-17 9.544158802148377507e-17 -1.908790603697089478e+07 1.908872916270127520e+07 -1.912866975216820265e+03
9.350000000000000000e+04 7.977764978203688226e-03 -2.490274820616030693e+07 -9.539826884892162730e-17 9.539852910389184048e-17 -1.907965376978432387e+07 1.907975787162081152e+07 -1.912282872947005217e+03
9.400000000000000000e+04 7.827270722545647333e-03 -2.489828195310306549e+07 -9.535696006806507888e-17 9.535864274166884070e-17 -1.907139201361301541e+07 1.907206507709216326e+07 -1.911754218704140385e+03
9.450000000000000000e+04 7.676832022541432883e-03 -2.489414541917204857e+07 -9.532740802138261341e-17 9.532755432834400205e-17 -1.906548160427651927e+07 1.906554012700942159e+07 -1.911290675920933381e+03
9.500000000000000000e+04 7.526440301408090887e-03 -2.489000633417534828e+07 -9.529781308025353134e-17 9.529915807224938318e-17 -1.905956261605070531e+07 1.906010060904171318e+07 -1.910874214922481087e+03
9.550000000000000000e+04 7.376087191572408899e-03 -2.488622868716454506e+07 -9.527811035258038287e-17 9.527816708427079765e-17 -1.905562207051607594e+07 1.905564476318093762e+07 -1.910516236971542867e+03
9.600000000000000000e+04 7.225765451881830878e-03 -2.488244904933381081e+07 -9.525836996220744047e-17 9.525941861124763738e-17 -1.905167399244148657e+07 1.905209344974462688e+07 -1.910197499959932202e+03
9.650000000000000000e+04 7.075468190585222639e-03 -2.487904228126645088e+07 -9.524680179690869032e-17 9.524678993928270062e-17 -1.904936035938173532e+07 1.904935561632810906e+07 -1.909930343373676351e+03
9.700000000000000000e+04 6.925189404643218236e-03 -2.487563399515986443e+07 -9.523520143717245665e-17 9.523599562577469994e-17 -1.904704028743448853e+07 1.904735796154966578e+07 -1.909695302465631812e+03
9.750000000000000000e+04 6.774923521909681674e-03 -2.487259527788805962e+07 -9.523022944989783599e-17 9.523016635604296336e-17 -1.904604588997956738e+07 1.904602065242742747e+07 -1.909505040448499585e+03
9.800000000000000000e+04 6.624665655754409174e-03 -2.486955542482829094e+07 -9.522522991583627442e-17 9.522580910516006832e-17 -1.904504598316725343e+07 1.904527765819210187e+07 -1.909340568826973367e+03
9.850000000000000000e+04 6.474411391990890496e-03 -2.486687165192723274e+07 -9.522550120033094360e-17 9.522540146905631803e-17 -1.904510024006618559e+07 1.904506034753436595e+07 -1.909214434759199776e+03
9.900000000000000000e+04 6.324156828086451888e-03 -2.486418704535794258e+07 -9.522575000738269999e-17 9.522615084530580042e-17 -1.904515000147654116e+07 1.904531033630829304e+07 -1.909108581811575732e+03
9.950000000000000000e+04 6.173898546113239412e-03 -2.486183820038914680e+07 -9.523009676149381542e-17 9.522997209279475982e-17 -1.904601935229876265e+07 1.904596948478588834e+07 -1.909035116746740414e+03
1.000000000000000000e+05 6.023633497930400496e-03 -2.485948878179621696e+07 -9.523442521290306977e-17 9.523468041403552388e-17 -1.904688504258061200e+07 1.904698712289648131e+07 -1.908977213247508644e+03
1.005000000000000000e+05 5.873359110995756728e-03 -2.485745061138319969e+07 -9.524185327595712007e-17 9.524171303272308944e-17 -1.904837065519142151e+07 1.904831455785618722e+07 -1.908946311706060442e+03
1.010000000000000000e+05 5.723073067036264956e-03 -2.485541205228161812e+07 -9.524926675961011406e-17 9.524940456344921002e-17 -1.904985335192202032e+07 1.904990847341708466e+07 -1.908926979378204578e+03
1.015000000000000000e+05 5.572773501823178981e-03 -2.485365800819897652e+07 -9.525894036858291950e-17 9.525879178307595107e-17 -1.905178807371658087e+07 1.905172863946728781e+07 -1.908929854246359128e+03
1.020000000000000000e+05 5.422458713378707461e-03 -2.485190372386646271e+07 -9.526860262985826208e-17 9.526864737310652419e-17 -1.905372052597165108e+07 1.905373842326574773e+07 -1.908940962918791683e+03
1.025000000000000000e+05 5.272127423610437243e-03 -2.485040643806099892e+07 -9.527982746565346319e-17 9.527967607929137645e-17 -1.905596549313069135e+07 1.905590493853769079e+07 -1.908970059852116947e+03
1.030000000000000000e+05 5.121778445055695864e-03 -2.484890902522134781e+07 -9.529104358978474207e-17 9.529101565895370077e-17 -1.905820871795694530e+07 1.905819754562169313e+07 -1.909004633514914985e+03
1.035000000000000000e+05 4.971410980026739340e-03 -2.484764127155423164e+07 -9.530324821088436885e-17 9.530309818050353815e-17 -1.906064964217687398e+07 1.906058962997728586e+07 -1.909053517457891985e+03
1.040000000000000000e+05 4.821024266481715309e-03 -2.484637348353743553e+07 -9.531544635396158273e-17 9.531536268087636191e-17 -1.906308927079231292e+07 1.906305580154225603e+07 -1.909105621090421209e+03
1.045000000000000000e+05 4.670617896084405633e-03 -2.484530898139452934e+07 -9.532816539388283322e-17 9.532801967271383722e-17 -1.906563307877656445e+07 1.906557479026441649e+07 -1.909168859637345349e+03
1.050000000000000000e+05 4.520191455258316081e-03 -2.484424450280237198e+07 -9.534087974516708948e-17 9.534075418432684585e-17 -1.906817594903341681e+07 1.906812572466298193e+07 -1.909233488150667426e+03
1.055000000000000000e+05 4.369744848231676797e-03 -2.484335832867503166e+07 -9.535373756505556306e-17 9.535359819447970500e-17 -1.907074751301111281e+07 1.907069176474002749e+07 -1.909306525800654754e+03
1.060000000000000000e+05 4.219277944400016099e-03 -2.484247222011899948e+07 -9.536659213364316615e-17 9.536643584467840827e-17 -1.907331842672863230e+07 1.907325591109031439e+07 -1.909379483965622512e+03
1.065000000000000000e+05 4.068790896362645647e-03 -2.484174112791371346e+07 -9.537928835985435743e-17 9.537915665093747069e-17 -1.907585767197087035e+07 1.907580498836773634e+07 -1.909458526794845511e+03
1.070000000000000000e+05 3.918283801365522387e-03 -2.484101013267970085e+07 -9.539198249464698311e-17 9.539180436660113694e-17 -1.907839649892939627e+07 1.907832524764345959e+07 -1.909536320883615645e+03
1.075000000000000000e+05 3.767757007196219365e-03 -2.484041271553778648e+07 -9.540427924702669525e-17 9.540415592758406602e-17 -1.908085584940533713e+07 1.908080652159640193e+07 -1.909618227701486376e+03
1.080000000000000000e+05 3.617210793088925305e-03 -2.483981541645574570e+07 -9.541657481682226336e-17 9.541638183392433661e-17 -1.908331496336445212e+07 1.908323777012627944e+07 -1.909697964634001210e+03
1.085000000000000000e+05 3.466645658402160886e-03 -2.483933218692231178e+07 -9.542828561480187008e-17 9.542817096587032344e-17 -1.908565712296037376e+07 1.908561126336019859e+07 -1.909780150012283002e+03
1.090000000000000000e+05 3.316062026477158836e-03 -2.483884908796095848e+07 -9.543999594367192888e-17 9.543979348935186817e-17 -1.908799918873438239e+07 1.908791820691967010e+07 -1.909859447603505714e+03
1.095000000000000000e+05 3.165460512783789104e-03 -2.483846249056077003e+07 -9.545097620329689492e-17 9.545087016322654437e-17 -1.909019524065937847e+07 1.909015282460766286e+07 -1.909939796311670989e+03
1.100000000000000000e+05 3.014841653813842351e-03 -2.483807602985405922e+07 -9.546195653781907632e-17 9.546174866389304187e-17 -1.909239130756381154e+07 1.909230815790221468e+07 -1.910016703815490018e+03
1.105000000000000000e+05 2.864206152685098723e-03 -2.483777039286208153e+07 -9.547209540772095308e-17 9.547199766259777782e-17 -1.909441908154419065e+07 1.909437998347489163e+07 -1.910093494623346942e+03
1.110000000000000000e+05 2.713554634009972526e-03 -2.483746489624452591e+07 -9.548223476880470589e-17 9.548202444661975051e-17 -1.909644695376093686e+07 1.909636282479377836e+07 -1.910166422653839163e+03
1.115000000000000000e+05 2.562887865857583786e-03 -2.483722638034510612e+07 -9.549144837319224153e-17 9.549135841261492820e-17 -1.909828967463844642e+07 1.909825369039056078e+07 -1.910238263945028621e+03
1.120000000000000000e+05 2.412206540891787595e-03 -2.483698800471544266e+07 -9.550066278212185668e-17 9.550045212072981819e-17 -1.910013255642437190e+07 1.910004829177420586e+07 -1.910305925934332436e+03
1.125000000000000000e+05 2.261511474212858121e-03 -2.483680452266335487e+07 -9.550888860309403357e-17 9.550880577543476731e-17 -1.910177772061880678e+07 1.910174458954072371e+07 -1.910371700530612088e+03
1.130000000000000000e+05 2.110803410593687594e-03 -2.483662117908978462e+07 -9.551711546436114644e-17 9.551690584259847952e-17 -1.910342309287222847e+07 1.910333924407484755e+07 -1.910433061876723059e+03
1.135000000000000000e+05 1.960083198229903463e-03 -2.483648231167006493e+07 -9.552430762735176747e-17 9.552423118074694834e-17 -1.910486152547035366e+07 1.910483094681618363e+07 -1.910491880803749837e+03
1.140000000000000000e+05 1.809351621555595896e-03 -2.483634358017301559e+07 -9.553150100271056765e-17 9.553129324173360062e-17 -1.910630020054211095e+07 1.910621709606073797e+07 -1.910546116357989376e+03
1.145000000000000000e+05 1.658609551145496771e-03 -2.483624049342799187e+07 -9.553762646427789699e-17 9.553755557487124626e-17 -1.910752529285557941e+07 1.910749693708239496e+07 -1.910597279587408138e+03
1.150000000000000000e+05 1.507857801464686101e-03 -2.483613753963875771e+07 -9.554375326360511436e-17 9.554354773197942431e-17 -1.910875065272102132e+07 1.910866843998216093e+07 -1.910643738244387805e+03
1.155000000000000000e+05 1.357097257337242261e-03 -2.483606290618920326e+07 -9.554878873672254968e-17 9.554872252928341936e-17 -1.910975774734450877e+07 1.910973126435967162e+07 -1.910686703067342478e+03
1.160000000000000000e+05 1.206328755920886868e-03 -2.483598840219521523e+07 -9.555382563649848197e-17 9.555362235420225481e-17 -1.911076512729969621e+07 1.911068381429461762e+07 -1.910724878977819117e+03
1.165000000000000000e+05 1.055553190223607139e-03 -2.483593632965254784e+07 -9.555775513013298833e-17 9.555769270013159826e-17 -1.911155102602659538e+07 1.911152605401787907e+07 -1.910759234072627123e+03
1.170000000000000000e+05 9.047714145914181232e-04 -2.483588438619160652e+07 -9.556168611087393764e-17 9.556148483069353615e-17 -1.911233722217478603e+07 1.911225671001778543e+07 -1.910788743313451732e+03
1.175000000000000000e+05 7.539843257277859673e-04 -2.483585035932040215e+07 -9.556449905294238044e-17 9.556443945707887749e-17 -1.911289981058847532e+07 1.911287597223563492e+07 -1.910814188328523187e+03
1.180000000000000000e+05 6.031927910601047986e-04 -2.483581645407176018e+07 -9.556731351453737862e-17 9.556711381111975458e-17 -1.911346270290747285e+07 1.911338282145693526e+07 -1.910834751109943227e+03
1.185000000000000000e+05 4.523977076686192867e-04 -2.483579728829979897e+07 -9.556900338177826746e-17 9.556894570368529869e-17 -1.911380067635565251e+07 1.911377760511150211e+07 -1.910851082322230695e+03
1.190000000000000000e+05 3.015999529480242530e-04 -2.483577824565219879e+07 -9.557069480337623792e-17 9.557049608002897477e-17 -1.911413896067524701e+07 1.911405947125369310e+07 -1.910862509430691034e+03
1.195000000000000000e+05 1.508004219872418413e-04 -2.483577202458643913e+07 -9.557125793723992558e-17 9.557120121072210874e-17 -1.911425158744798228e+07 1.911422889683412388e+07 -1.910869605279154712e+03
1.200000000000000000e+05 0.000000000000000000e+00 -2.483576592702174187e+07 -9.557182263573373461e-17 9.557162425512556833e-17 -1.911436452714674547e+07 1.911428517482111976e+07 -1.910871787036646538e+03
