# # x,y
0.000000000000000000e+00 -1.202717134793056175e+01 6.020406463142743175e-11
5.000000000000000000e+03 -1.205148297513369471e+01 6.018447738742380341e-11
1.000000000000000000e+04 -1.201435257017146796e+01 5.994208210668055477e-11
1.500000000000000000e+04 -1.199779814580688253e+01 5.968601967864769200e-11
2.000000000000000000e+04 -1.192779896664433181e+01 5.916790295280913811e-11
2.500000000000000000e+04 -1.187950055085821077e+01 5.868526824597161771e-11
3.000000000000000000e+04 -1.178195661777863279e+01 5.793411076858929800e-11
3.500000000000000000e+04 -1.170358507486525923e+01 5.717276952127917022e-11
4.000000000000000000e+04 -1.157007394765969366e+01 5.612880415801587821e-11
4.500000000000000000e+04 -1.142444843635894358e+01 5.504252155084273679e-11
5.000000000000000000e+04 -1.124355624528834596e+01 5.376023044585804746e-11
5.500000000000000000e+04 -1.104398694424889982e+01 5.233541025440659993e-11
6.000000000000000000e+04 -1.078834913024911657e+01 5.073791621334809377e-11
6.500000000000000000e+04 -1.050385803921381012e+01 4.903974669958940039e-11
7.000000000000000000e+04 -1.010659599624341354e+01 4.699009938824015734e-11
7.500000000000000000e+04 -9.762867737736087292e+00 4.505508918554461123e-11
8.000000000000000000e+04 -9.166972854756750166e+00 4.255628128446380491e-11
8.500000000000000000e+04 -8.549753686878830194e+00 4.027068163770357039e-11
9.000000000000000000e+04 -7.171008126984816045e+00 3.665648056432257257e-11
9.500000000000000000e+04 -7.551158791757188737e+00 3.523120778321044048e-11
1.000000000000000000e+05 -4.427287268335931003e+00 3.115695445424543682e-11
1.050000000000000000e+05 -1.241455384180881083e+00 2.648743251678624899e-11
1.100000000000000000e+05 -1.661676819494459778e+00 2.551478696800539229e-11
1.150000000000000000e+05 -2.776571792783215642e-01 2.151697592184991724e-11
1.200000000000000000e+05 3.404401444131508470e-01 1.906764053578578171e-11
1.250000000000000000e+05 9.303811953286640346e-01 1.639678510677807470e-11
1.300000000000000000e+05 1.288804071897175163e+00 1.416288200443542875e-11
1.350000000000000000e+05 1.659542914305347949e+00 1.190398440940311137e-11
1.400000000000000000e+05 1.962741655413992703e+00 9.857425100929118034e-12
1.450000000000000000e+05 2.203702447062823921e+00 7.942920124676836041e-12
1.500000000000000000e+05 2.407829648524057120e+00 6.107791332713058674e-12
1.550000000000000000e+05 2.578063856111839414e+00 4.395992067955389538e-12
1.600000000000000000e+05 2.727152727893553674e+00 2.810518335981167424e-12
1.650000000000000000e+05 2.846587971784174442e+00 1.276085926983853091e-12
1.700000000000000000e+05 2.947375281772110611e+00 -1.422948980237322750e-13
1.750000000000000000e+05 3.034049983543809503e+00 -1.496285427302133980e-12
1.800000000000000000e+05 3.107285800972022116e+00 -2.762260710955628748e-12
1.850000000000000000e+05 3.161382879829034209e+00 -3.971208480779547217e-12
1.900000000000000000e+05 3.210148811282124370e+00 -5.101999581202569018e-12
1.950000000000000000e+05 3.252094768802635372e+00 -6.175660852077720227e-12
2.000000000000000000e+05 3.277130114263854921e+00 -7.185680591210951613e-12
2.050000000000000000e+05 3.301730941573623568e+00 -8.142954802532747969e-12
2.100000000000000000e+05 3.312755138031207025e+00 -9.046741264285985738e-12
2.150000000000000000e+05 3.335646217106841505e+00 -9.913443264168578068e-12
2.200000000000000000e+05 3.332542423566337675e+00 -1.071386648842579187e-11
2.250000000000000000e+05 3.333890769514255226e+00 -1.148321132784472285e-11
2.300000000000000000e+05 3.333012366027105600e+00 -1.220757349555723621e-11
2.350000000000000000e+05 3.329076210618950427e+00 -1.289309960731523903e-11
2.400000000000000000e+05 3.322926220716908574e+00 -1.355338028442977003e-11
2.450000000000000000e+05 3.311727083579171449e+00 -1.416898705297417929e-11
2.500000000000000000e+05 3.297978730464819819e+00 -1.473492711381725529e-11
2.550000000000000000e+05 3.281365584000013769e+00 -1.528307681761648824e-11
2.600000000000000000e+05 3.273653382668271661e+00 -1.581781826832896442e-11
2.650000000000000000e+05 3.257320886827073991e+00 -1.631723290511932427e-11
2.700000000000000000e+05 3.233120927994605154e+00 -1.676601804624610026e-11
2.750000000000000000e+05 3.215405514754820615e+00 -1.721520764989134931e-11
2.800000000000000000e+05 3.197185336495749652e+00 -1.762941329588852339e-11
2.850000000000000000e+05 3.173325891024433076e+00 -1.801785966364369790e-11
2.900000000000000000e+05 3.158165329368785024e+00 -1.840039995066318136e-11
2.950000000000000000e+05 3.136257242411375046e+00 -1.874807077689787721e-11
3.000000000000000000e+05 3.110527506214566529e+00 -1.907533398654338213e-11
3.050000000000000000e+05 3.093106850283220410e+00 -1.940086531086014557e-11
3.100000000000000000e+05 3.075198230682872236e+00 -1.972706911360960964e-11
3.150000000000000000e+05 3.047380259551573545e+00 -1.997348187618179967e-11
3.200000000000000000e+05 3.035888043348677456e+00 -2.028332178810709915e-11
3.250000000000000000e+05 3.007366600213572383e+00 -2.048416345640500913e-11
3.300000000000000000e+05 2.991800564283039421e+00 -2.076128730201221816e-11
3.350000000000000000e+05 2.968607278016861528e+00 -2.098353954286370385e-11
3.400000000000000000e+05 2.944617038825526834e+00 -2.115829486200151896e-11
3.450000000000000000e+05 2.924192527309060097e+00 -2.134871819246117859e-11
3.500000000000000000e+05 2.907556158956140280e+00 -2.155952875874387302e-11
3.550000000000000000e+05 2.885229994368273765e+00 -2.172289500181049904e-11
3.600000000000000000e+05 2.875968671112786978e+00 -2.192981025204447784e-11
3.650000000000000000e+05 2.849670996889472008e+00 -2.205509380112077243e-11
3.700000000000000000e+05 2.833358088566455990e+00 -2.219774466439164387e-11
3.750000000000000000e+05 2.818500313209369779e+00 -2.236668070098394040e-11
3.800000000000000000e+05 2.791377410816494375e+00 -2.244250977888595329e-11
3.850000000000000000e+05 2.783517571864649653e+00 -2.258434290595858659e-11
3.900000000000000000e+05 2.760307038261089474e+00 -2.267059178987627226e-11
3.950000000000000000e+05 2.763339631143026054e+00 -2.285009117035643654e-11
4.000000000000000000e+05 2.735391094058286399e+00 -2.290190213473003669e-11
4.050000000000000000e+05 2.726653909776359797e+00 -2.299989165528942117e-11
4.100000000000000000e+05 2.717180627514608204e+00 -2.309327487855462672e-11
4.150000000000000000e+05 2.705396111647132784e+00 -2.319535590243560654e-11
4.200000000000000000e+05 2.692231023393105716e+00 -2.323050669609859158e-11
4.250000000000000000e+05 2.678791997488588095e+00 -2.330302030488502978e-11
4.300000000000000000e+05 2.669228664715774357e+00 -2.339117286415986474e-11
4.350000000000000000e+05 2.658914555853698403e+00 -2.343386940097617112e-11
4.400000000000000000e+05 2.654146710177883506e+00 -2.351450670692287029e-11
4.450000000000000000e+05 2.640928650682326406e+00 -2.354167871449553887e-11
4.500000000000000000e+05 2.635047235293313861e+00 -2.358341830730226636e-11
4.550000000000000000e+05 2.633361135725863278e+00 -2.366141101454883310e-11
4.600000000000000000e+05 2.625543174101039767e+00 -2.367252162190577735e-11
4.650000000000000000e+05 2.618721644452307373e+00 -2.369530575464685098e-11
4.700000000000000000e+05 2.607105875213164836e+00 -2.369789923201730048e-11
4.750000000000000000e+05 2.621820519503671676e+00 -2.378927616493627106e-11
4.800000000000000000e+05 2.596844118903391063e+00 -2.371210979633751032e-11
4.850000000000000000e+05 2.605330414196942002e+00 -2.377260878899749551e-11
4.900000000000000000e+05 2.597417868440970778e+00 -2.375556564459706125e-11
4.950000000000000000e+05 2.601560663490090519e+00 -2.379732665067029824e-11
5.000000000000000000e+05 2.606466574012301862e+00 -2.382110987388503484e-11
