3.155760e+08 -6.726016e-06 1.440484e-09 
6.311520e+08 -1.163900e-06 7.597721e-07 
9.467280e+08 -1.070787e-06 1.605946e-08 
1.262304e+09 -7.544132e-07 1.303831e-07 
1.577880e+09 -6.244123e-07 6.478080e-08 
1.893456e+09 -5.226299e-07 4.927511e-08 
2.209032e+09 -4.517930e-07 2.839006e-08 
2.524608e+09 -3.969658e-07 1.431290e-08 
2.840184e+09 -3.539979e-07 4.796489e-09 
3.155760e+09 -3.193302e-07 3.343053e-09 
3.471336e+09 -2.909092e-07 2.139844e-09 
3.786912e+09 -2.672585e-07 2.004345e-09 
4.102488e+09 -2.473407e-07 1.979861e-09 
4.418064e+09 -2.303882e-07 1.921072e-09 
4.733640e+09 -2.158237e-07 1.837697e-09 
5.049216e+09 -2.032045e-07 1.737657e-09 
5.364792e+09 -1.921859e-07 1.627239e-09 
5.680368e+09 -1.824960e-07 1.511305e-09 
5.995944e+09 -1.739186e-07 1.393536e-09 
6.311520e+09 -1.662795e-07 1.648524e-09 
6.627096e+09 -1.594376e-07 2.104427e-09 
6.942672e+09 -1.532777e-07 2.469861e-09 
7.258248e+09 -1.477048e-07 2.762526e-09 
7.573824e+09 -1.426403e-07 2.996430e-09 
7.889400e+09 -1.380186e-07 3.182715e-09 
8.204976e+09 -1.337847e-07 3.330283e-09 
8.520552e+09 -1.298922e-07 3.446281e-09 
8.836128e+09 -1.263016e-07 3.536468e-09 
9.151704e+09 -1.229793e-07 3.605507e-09 
9.467280e+09 -1.198965e-07 3.657183e-09 
9.782856e+09 -1.179068e-07 3.694583e-09 
1.009843e+10 -1.171950e-07 3.720231e-09 
1.041401e+10 -1.165329e-07 3.736197e-09 
1.072958e+10 -1.159155e-07 3.744186e-09 
1.104516e+10 -1.153382e-07 3.745603e-09 
1.136074e+10 -1.147971e-07 3.741610e-09 
1.167631e+10 -1.142886e-07 3.733170e-09 
1.199189e+10 -1.138097e-07 3.721083e-09 
1.230746e+10 -1.133578e-07 3.706016e-09 
1.262304e+10 -1.129303e-07 3.688524e-09 
1.293862e+10 -1.125253e-07 3.669071e-09 
1.325419e+10 -1.121409e-07 3.648043e-09 
1.356977e+10 -1.117753e-07 3.625764e-09 
1.388534e+10 -1.114270e-07 3.602507e-09 
1.420092e+10 -1.110948e-07 3.578499e-09 
1.451650e+10 -1.107774e-07 3.553930e-09 
1.483207e+10 -1.104736e-07 3.528959e-09 
1.514765e+10 -1.101825e-07 3.503720e-09 
1.546322e+10 -1.099032e-07 3.478325e-09 
1.577880e+10 -1.096350e-07 3.452867e-09 
1.609438e+10 -1.093769e-07 3.427424e-09 
1.640995e+10 -1.091284e-07 3.402059e-09 
1.672553e+10 -1.088889e-07 3.376827e-09 
1.704110e+10 -1.086577e-07 3.351771e-09 
1.735668e+10 -1.084344e-07 3.326927e-09 
1.767226e+10 -1.082184e-07 3.302324e-09 
1.798783e+10 -1.080093e-07 3.277986e-09 
1.830341e+10 -1.078068e-07 3.253931e-09 
1.861898e+10 -1.076104e-07 3.230173e-09 
1.893456e+10 -1.074198e-07 3.206724e-09 
1.925014e+10 -1.072347e-07 3.183591e-09 
1.956571e+10 -1.070547e-07 3.160780e-09 
1.988129e+10 -1.068796e-07 3.138294e-09 
2.019686e+10 -1.067091e-07 3.116134e-09 
2.051244e+10 -1.065431e-07 3.094300e-09 
2.082802e+10 -1.063811e-07 3.072792e-09 
2.114359e+10 -1.062231e-07 3.051607e-09 
2.145917e+10 -1.060689e-07 3.030741e-09 
2.177474e+10 -1.059182e-07 3.010191e-09 
2.209032e+10 -1.057708e-07 2.989952e-09 
2.240590e+10 -1.056267e-07 2.970019e-09 
2.272147e+10 -1.054857e-07 2.950387e-09 
2.303705e+10 -1.053475e-07 2.938643e-09 
2.335262e+10 -1.052122e-07 2.934178e-09 
2.366820e+10 -1.050795e-07 2.928863e-09 
2.398378e+10 -1.049493e-07 2.922753e-09 
2.429935e+10 -1.048215e-07 2.915899e-09 
2.461493e+10 -1.046960e-07 2.908349e-09 
2.493050e+10 -1.045727e-07 2.900149e-09 
2.524608e+10 -1.044516e-07 2.891341e-09 
2.556166e+10 -1.043324e-07 2.881968e-09 
2.587723e+10 -1.042151e-07 2.872066e-09 
2.619281e+10 -1.040997e-07 2.861673e-09 
2.650838e+10 -1.039861e-07 2.850822e-09 
2.682396e+10 -1.038741e-07 2.839546e-09 
2.713954e+10 -1.037637e-07 2.827875e-09 
2.745511e+10 -1.036549e-07 2.815839e-09 
2.777069e+10 -1.035475e-07 2.803463e-09 
2.808626e+10 -1.034416e-07 2.790775e-09 
2.840184e+10 -1.033370e-07 2.777799e-09 
2.871742e+10 -1.032337e-07 2.764557e-09 
2.903299e+10 -1.031317e-07 2.751071e-09 
2.934857e+10 -1.030309e-07 2.737362e-09 
2.966414e+10 -1.029312e-07 2.723449e-09 
2.997972e+10 -1.028326e-07 2.709351e-09 
3.029530e+10 -1.027350e-07 2.695084e-09 
3.061087e+10 -1.026385e-07 2.680666e-09 
3.092645e+10 -1.025429e-07 2.666111e-09 
3.124202e+10 -1.024483e-07 2.651434e-09 
3.155760e+10 -1.023545e-07 2.636650e-09 
3.187318e+10 -3.312944e-06 2.187553e-06 
3.218875e+10 -4.616211e-07 8.385637e-08 
3.250433e+10 -4.066703e-07 1.362955e-07 
3.281990e+10 -2.615463e-07 6.418643e-08 
3.313548e+10 -2.017181e-07 5.226455e-08 
3.345106e+10 -1.569050e-07 4.003573e-08 
3.376663e+10 -1.264671e-07 3.339866e-08 
3.408221e+10 -1.036791e-07 2.832324e-08 
3.439778e+10 -8.637460e-08 2.457029e-08 
3.471336e+10 -7.286480e-08 2.159058e-08 
3.502894e+10 -6.214623e-08 1.918039e-08 
3.534451e+10 -5.351374e-08 1.718497e-08 
3.566009e+10 -4.647517e-08 1.550936e-08 
3.597566e+10 -4.067257e-08 1.408527e-08 
3.629124e+10 -3.584136e-08 1.286339e-08 
3.660682e+10 -3.178239e-08 1.180636e-08 
3.692239e+10 -2.834375e-08 1.088536e-08 
3.723797e+10 -2.540813e-08 1.007763e-08 
3.755354e+10 -2.288401e-08 9.364998e-09 
3.786912e+10 -2.069931e-08 8.732756e-09 
3.818470e+10 -1.879673e-08 8.168897e-09 
3.850027e+10 -1.713038e-08 7.663546e-09 
3.881585e+10 -1.566320e-08 7.208525e-09 
3.913142e+10 -1.436503e-08 6.797025e-09 
3.944700e+10 -1.321119e-08 6.423342e-09 
3.976258e+10 -1.218130e-08 6.082676e-09 
4.007815e+10 -1.125846e-08 5.770969e-09 
4.039373e+10 -1.042855e-08 5.484773e-09 
4.070930e+10 -9.679692e-09 5.221144e-09 
4.102488e+10 -9.001865e-09 4.977564e-09 
4.134046e+10 -8.386549e-09 4.751862e-09 
4.165603e+10 -7.826468e-09 4.542164e-09 
4.197161e+10 -7.315375e-09 4.346844e-09 
4.228718e+10 -6.847885e-09 4.164488e-09 
4.260276e+10 -6.419333e-09 3.993857e-09 
4.291834e+10 -6.025661e-09 3.833866e-09 
4.323391e+10 -5.663324e-09 3.683559e-09 
4.354949e+10 -5.329215e-09 3.542092e-09 
4.386506e+10 -5.020600e-09 3.408717e-09 
4.418064e+10 -4.735065e-09 3.282767e-09 
4.449622e+10 -4.470472e-09 3.163648e-09 
4.481179e+10 -4.224922e-09 3.050830e-09 
4.512737e+10 -3.996724e-09 2.943834e-09 
4.544294e+10 -3.784365e-09 2.842231e-09 
4.575852e+10 -3.586492e-09 2.745633e-09 
4.607410e+10 -3.401890e-09 2.653690e-09 
4.638967e+10 -3.229467e-09 2.566083e-09 
4.670525e+10 -3.068235e-09 2.482522e-09 
4.702082e+10 -2.917304e-09 2.402744e-09 
4.733640e+10 -2.775868e-09 2.326507e-09 
4.765198e+10 -2.643195e-09 2.253590e-09 
4.796755e+10 -2.518620e-09 2.183791e-09 
4.828313e+10 -2.401540e-09 2.116924e-09 
4.859870e+10 -2.291403e-09 2.052817e-09 
4.891428e+10 -2.187704e-09 1.991311e-09 
4.922986e+10 -2.089985e-09 1.932260e-09 
4.954543e+10 -1.997824e-09 1.875529e-09 
4.986101e+10 -1.910834e-09 1.820992e-09 
5.017658e+10 -1.828662e-09 1.768532e-09 
5.049216e+10 -1.750981e-09 1.718040e-09 
5.080774e+10 -1.677492e-09 1.669415e-09 
5.112331e+10 -1.607917e-09 1.622564e-09 
5.143889e+10 -1.542004e-09 1.577397e-09 
5.175446e+10 -1.479516e-09 1.533832e-09 
5.207004e+10 -1.420236e-09 1.491793e-09 
5.238562e+10 -1.363963e-09 1.451205e-09 
5.270119e+10 -1.310510e-09 1.412003e-09 
5.301677e+10 -1.259706e-09 1.374121e-09 
5.333234e+10 -1.211389e-09 1.337501e-09 
5.364792e+10 -1.165412e-09 1.302084e-09 
5.396350e+10 -1.121635e-09 1.267819e-09 
5.427907e+10 -1.079931e-09 1.234654e-09 
5.459465e+10 -1.040179e-09 1.202543e-09 
5.491022e+10 -1.002269e-09 1.171440e-09 
5.522580e+10 -9.660950e-10 1.141303e-09 
5.554138e+10 -9.315611e-10 1.112093e-09 
5.585695e+10 -8.985764e-10 1.083771e-09 
5.617253e+10 -8.670561e-10 1.056301e-09 
5.648810e+10 -8.369208e-10 1.029649e-09 
5.680368e+10 -8.080966e-10 1.003782e-09 
5.711926e+10 -7.805137e-10 9.786707e-10 
5.743483e+10 -7.541071e-10 9.542847e-10 
5.775041e+10 -7.288156e-10 9.305966e-10 
5.806598e+10 -7.045820e-10 9.075798e-10 
5.838156e+10 -6.813524e-10 8.852092e-10 
5.869714e+10 -6.590761e-10 8.634607e-10 
5.901271e+10 -6.377056e-10 8.423114e-10 
5.932829e+10 -6.171961e-10 8.217396e-10 
5.964386e+10 -5.975055e-10 8.017245e-10 
5.995944e+10 -5.785941e-10 7.822460e-10 
6.027502e+10 -5.604243e-10 7.632854e-10 
6.059059e+10 -5.429611e-10 7.448243e-10 
6.090617e+10 -5.261709e-10 7.268456e-10 
6.122174e+10 -5.100225e-10 7.093325e-10 
6.153732e+10 -4.944860e-10 6.922692e-10 
6.185290e+10 -4.795335e-10 6.756406e-10 
6.216847e+10 -4.651385e-10 6.594320e-10 
6.248405e+10 -4.531727e-10 6.436296e-10 
6.279962e+10 -4.503658e-10 6.282199e-10 
6.311520e+10 -4.476173e-10 6.131902e-10 
6.343078e+10 -4.449247e-10 5.985282e-10 
6.374635e+10 -4.422860e-10 5.842220e-10 
6.406193e+10 -4.396990e-10 5.702604e-10 
6.437750e+10 -4.371617e-10 5.566324e-10 
6.469308e+10 -4.346722e-10 5.433277e-10 
6.500866e+10 -4.322288e-10 5.303362e-10 
6.532423e+10 -4.298297e-10 5.176483e-10 
6.563981e+10 -4.274733e-10 5.052546e-10 
6.595538e+10 -4.251581e-10 4.931463e-10 
6.627096e+10 -4.228825e-10 4.813149e-10 
6.658654e+10 -4.206451e-10 4.697520e-10 
6.690211e+10 -4.184445e-10 4.584496e-10 
6.721769e+10 -4.162796e-10 4.474002e-10 
6.753326e+10 -4.141490e-10 4.365964e-10 
6.784884e+10 -4.120515e-10 4.260310e-10 
6.816442e+10 -4.099861e-10 4.156972e-10 
6.847999e+10 -4.079517e-10 4.055885e-10 
6.879557e+10 -4.059471e-10 3.956983e-10 
6.911114e+10 -4.039715e-10 3.860207e-10 
6.942672e+10 -4.020239e-10 3.765497e-10 
6.974230e+10 -4.001035e-10 3.672795e-10 
7.005787e+10 -3.982092e-10 3.582047e-10 
7.037345e+10 -3.963404e-10 3.493199e-10 
7.068902e+10 -3.944961e-10 3.406199e-10 
7.100460e+10 -3.926758e-10 3.320999e-10 
7.132018e+10 -3.908786e-10 3.237549e-10 
7.163575e+10 -3.891038e-10 3.155804e-10 
7.195133e+10 -3.873508e-10 3.075719e-10 
7.226690e+10 -3.856189e-10 2.997250e-10 
7.258248e+10 -3.839076e-10 2.920355e-10 
7.289806e+10 -3.822162e-10 2.844994e-10 
7.321363e+10 -3.805442e-10 2.771127e-10 
7.352921e+10 -3.788910e-10 2.698716e-10 
7.384478e+10 -3.772562e-10 2.627725e-10 
7.416036e+10 -3.756391e-10 2.558118e-10 
7.447594e+10 -3.740394e-10 2.489861e-10 
7.479151e+10 -3.724565e-10 2.422919e-10 
7.510709e+10 -3.708901e-10 2.357261e-10 
7.542266e+10 -3.693397e-10 2.292856e-10 
7.573824e+10 -3.678049e-10 2.229672e-10 
7.605382e+10 -3.662854e-10 2.167680e-10 
7.636939e+10 -3.647806e-10 2.106853e-10 
7.668497e+10 -3.632903e-10 2.047161e-10 
7.700054e+10 -3.618141e-10 1.988579e-10 
7.731612e+10 -3.603517e-10 1.931080e-10 
7.763170e+10 -3.589028e-10 1.874639e-10 
7.794727e+10 -3.574669e-10 1.819231e-10 
7.826285e+10 -3.560440e-10 1.764832e-10 
7.857842e+10 -3.546335e-10 1.711420e-10 
7.889400e+10 -3.532354e-10 1.658972e-10 
