0.000000e+00 0.000000e+00 3.685901e-08 0.000000e+00
3.155760e+08 -8.070834e-09 0.000000e+00 1.000000e+01
6.311520e+08 -8.291427e-10 2.267387e-09 2.000000e+01
9.467280e+08 -7.688656e-10 3.495452e-10 3.000000e+01
1.262304e+09 -6.276317e-10 3.645986e-10 4.000000e+01
1.577880e+09 -5.507385e-10 2.839298e-10 5.000000e+01
1.893456e+09 -4.846495e-10 2.717258e-10 6.000000e+01
2.209032e+09 -4.335382e-10 2.648999e-10 7.000000e+01
2.524608e+09 -3.914022e-10 2.660353e-10 8.000000e+01
2.840184e+09 -3.565848e-10 2.651907e-10 9.000000e+01
3.155760e+09 -3.273427e-10 2.648461e-10 1.000000e+02
3.471336e+09 -3.025599e-10 2.643806e-10 1.100000e+02
3.786912e+09 -2.813595e-10 2.639490e-10 1.200000e+02
4.102488e+09 -2.630787e-10 2.635120e-10 1.300000e+02
4.418064e+09 -2.471976e-10 2.630793e-10 1.400000e+02
4.733640e+09 -2.333056e-10 2.626480e-10 1.500000e+02
5.049216e+09 -2.210745e-10 2.622186e-10 1.600000e+02
5.364792e+09 -2.102398e-10 2.617908e-10 1.700000e+02
5.680368e+09 -2.005864e-10 2.613646e-10 1.800000e+02
5.995944e+09 -1.919384e-10 2.609398e-10 1.900000e+02
6.311520e+09 -1.841512e-10 2.605163e-10 2.000000e+02
6.627096e+09 -1.771049e-10 2.600941e-10 2.100000e+02
6.942672e+09 -1.706998e-10 2.596731e-10 2.200000e+02
7.258248e+09 -1.648525e-10 2.592533e-10 2.300000e+02
7.573824e+09 -1.594930e-10 2.588345e-10 2.400000e+02
7.889400e+09 -1.545620e-10 2.584168e-10 2.500000e+02
8.204976e+09 -1.500092e-10 2.580002e-10 2.600000e+02
8.520552e+09 -1.457919e-10 2.575844e-10 2.700000e+02
8.836128e+09 -1.418733e-10 2.571697e-10 2.800000e+02
9.151704e+09 -1.382218e-10 2.567558e-10 2.900000e+02
9.467280e+09 -1.348102e-10 2.563429e-10 3.000000e+02
9.782856e+09 -1.316147e-10 2.559308e-10 3.100000e+02
1.009843e+10 -1.286148e-10 2.555196e-10 3.200000e+02
1.041401e+10 -1.257924e-10 2.551092e-10 3.300000e+02
1.072958e+10 -1.231317e-10 2.546996e-10 3.400000e+02
1.104516e+10 -1.206186e-10 2.542908e-10 3.500000e+02
1.136074e+10 -1.182407e-10 2.538828e-10 3.600000e+02
1.167631e+10 -1.159872e-10 2.534756e-10 3.700000e+02
1.199189e+10 -1.138480e-10 2.530692e-10 3.800000e+02
1.230746e+10 -1.118146e-10 2.526635e-10 3.900000e+02
1.262304e+10 -1.098789e-10 2.522586e-10 4.000000e+02
1.293862e+10 -1.080339e-10 2.518545e-10 4.100000e+02
1.325419e+10 -1.062732e-10 2.514511e-10 4.200000e+02
1.356977e+10 -1.045910e-10 2.510484e-10 4.300000e+02
1.388534e+10 -1.029820e-10 2.506466e-10 4.400000e+02
1.420092e+10 -1.014414e-10 2.502454e-10 4.500000e+02
1.451650e+10 -9.996492e-11 2.498450e-10 4.600000e+02
1.483207e+10 -9.854845e-11 2.494453e-10 4.700000e+02
1.514765e+10 -9.718836e-11 2.490463e-10 4.800000e+02
1.546322e+10 -9.588128e-11 2.486553e-10 4.900000e+02
1.577880e+10 -9.462410e-11 2.482657e-10 5.000000e+02
1.609438e+10 -9.341396e-11 2.478767e-10 5.100000e+02
1.640995e+10 -9.224822e-11 2.474883e-10 5.200000e+02
1.672553e+10 -9.112443e-11 2.471006e-10 5.300000e+02
1.704110e+10 -9.004033e-11 2.467135e-10 5.400000e+02
1.735668e+10 -8.899380e-11 2.463270e-10 5.500000e+02
1.767226e+10 -8.798290e-11 2.459411e-10 5.600000e+02
1.798783e+10 -8.700580e-11 2.455558e-10 5.700000e+02
1.830341e+10 -8.606080e-11 2.451712e-10 5.800000e+02
1.861898e+10 -8.514631e-11 2.447872e-10 5.900000e+02
1.893456e+10 -8.426085e-11 2.444039e-10 6.000000e+02
1.925014e+10 -8.340304e-11 2.440212e-10 6.100000e+02
1.956571e+10 -8.257157e-11 2.436391e-10 6.200000e+02
1.988129e+10 -8.176523e-11 2.432577e-10 6.300000e+02
2.019686e+10 -8.098287e-11 2.428769e-10 6.400000e+02
2.051244e+10 -8.022341e-11 2.424967e-10 6.500000e+02
2.082802e+10 -7.948585e-11 2.421172e-10 6.600000e+02
2.114359e+10 -7.876923e-11 2.417383e-10 6.700000e+02
2.145917e+10 -7.807265e-11 2.413630e-10 6.800000e+02
2.177474e+10 -7.739527e-11 2.409899e-10 6.900000e+02
2.209032e+10 -7.673628e-11 2.406176e-10 7.000000e+02
2.240590e+10 -7.609494e-11 2.402458e-10 7.100000e+02
2.272147e+10 -7.547052e-11 2.398796e-10 7.200000e+02
2.303705e+10 -7.486236e-11 2.395150e-10 7.300000e+02
2.335262e+10 -7.426981e-11 2.391511e-10 7.400000e+02
2.366820e+10 -7.369226e-11 2.387878e-10 7.500000e+02
2.398378e+10 -7.312914e-11 2.384252e-10 7.600000e+02
2.429935e+10 -7.257991e-11 2.380632e-10 7.700000e+02
2.461493e+10 -7.204404e-11 2.377019e-10 7.800000e+02
2.493050e+10 -7.152104e-11 2.373412e-10 7.900000e+02
2.524608e+10 -7.101045e-11 2.369812e-10 8.000000e+02
2.556166e+10 -7.051182e-11 2.366218e-10 8.100000e+02
2.587723e+10 -7.002472e-11 2.362630e-10 8.200000e+02
2.619281e+10 -6.954875e-11 2.359049e-10 8.300000e+02
2.650838e+10 -6.908353e-11 2.355475e-10 8.400000e+02
2.682396e+10 -6.862869e-11 2.351906e-10 8.500000e+02
2.713954e+10 -6.818387e-11 2.348345e-10 8.600000e+02
2.745511e+10 -6.774874e-11 2.344789e-10 8.700000e+02
2.777069e+10 -6.732299e-11 2.341240e-10 8.800000e+02
2.808626e+10 -6.690631e-11 2.337697e-10 8.900000e+02
2.840184e+10 -6.649840e-11 2.334161e-10 9.000000e+02
2.871742e+10 -6.609898e-11 2.330631e-10 9.100000e+02
2.903299e+10 -6.570779e-11 2.327107e-10 9.200000e+02
2.934857e+10 -6.532458e-11 2.323590e-10 9.300000e+02
2.966414e+10 -6.494909e-11 2.320079e-10 9.400000e+02
2.997972e+10 -6.458110e-11 2.316574e-10 9.500000e+02
3.029530e+10 -6.422037e-11 2.313075e-10 9.600000e+02
3.061087e+10 -6.386669e-11 2.309583e-10 9.700000e+02
3.092645e+10 -6.351985e-11 2.306097e-10 9.800000e+02
3.124202e+10 -6.317966e-11 2.302617e-10 9.900000e+02
3.155760e+10 -3.663756e-08 0.000000e+00 1.000000e+03
3.187318e+10 0.000000e+00 8.254965e-09 1.010000e+03
3.218875e+10 -2.088014e-09 7.725917e-10 1.020000e+03
3.250433e+10 -3.278515e-10 7.074700e-10 1.030000e+03
3.281990e+10 -3.088122e-10 5.676380e-10 1.040000e+03
3.313548e+10 -2.610059e-10 4.906993e-10 1.050000e+03
3.345106e+10 -2.257650e-10 4.248778e-10 1.060000e+03
3.376663e+10 -1.945133e-10 3.739566e-10 1.070000e+03
3.408221e+10 -1.688113e-10 3.320333e-10 1.080000e+03
3.439778e+10 -1.472870e-10 2.974273e-10 1.090000e+03
3.471336e+10 -1.293178e-10 2.684010e-10 1.100000e+03
3.502894e+10 -1.142257e-10 2.438356e-10 1.110000e+03
3.534451e+10 -1.014917e-10 2.228540e-10 1.120000e+03
3.566009e+10 -9.068698e-11 2.047924e-10 1.130000e+03
3.597566e+10 -8.146796e-11 1.891304e-10 1.140000e+03
3.629124e+10 -7.355739e-11 1.754570e-10 1.150000e+03
3.660682e+10 -6.673149e-11 1.634436e-10 1.160000e+03
3.692239e+10 -6.080898e-11 1.528252e-10 1.170000e+03
3.723797e+10 -5.564252e-11 1.433866e-10 1.180000e+03
3.755354e+10 -5.111184e-11 1.349517e-10 1.190000e+03
3.786912e+10 -4.959197e-11 1.273758e-10 1.200000e+03
3.818470e+10 -4.824134e-11 1.205388e-10 1.210000e+03
3.850027e+10 -4.687977e-11 1.143409e-10 1.220000e+03
3.881585e+10 -4.552345e-11 1.086988e-10 1.230000e+03
3.913142e+10 -4.418437e-11 1.035423e-10 1.240000e+03
3.944700e+10 -4.287128e-11 9.881207e-11 1.250000e+03
3.976258e+10 -4.159035e-11 9.445788e-11 1.260000e+03
4.007815e+10 -4.116026e-11 9.043687e-11 1.270000e+03
4.039373e+10 -4.107774e-11 8.671232e-11 1.280000e+03
4.070930e+10 -4.099549e-11 8.325267e-11 1.290000e+03
4.102488e+10 -4.091348e-11 8.003063e-11 1.300000e+03
4.134046e+10 -4.083171e-11 7.702254e-11 1.310000e+03
4.165603e+10 -4.075016e-11 7.420778e-11 1.320000e+03
4.197161e+10 -4.066882e-11 7.156830e-11 1.330000e+03
4.228718e+10 -4.058770e-11 6.908825e-11 1.340000e+03
4.260276e+10 -4.050678e-11 6.675367e-11 1.350000e+03
4.291834e+10 -4.042606e-11 6.455219e-11 1.360000e+03
4.323391e+10 -4.034553e-11 6.247283e-11 1.370000e+03
4.354949e+10 -4.026520e-11 6.050579e-11 1.380000e+03
4.386506e+10 -4.018504e-11 5.864233e-11 1.390000e+03
4.418064e+10 -4.010507e-11 5.687457e-11 1.400000e+03
4.449622e+10 -4.002528e-11 5.519547e-11 1.410000e+03
4.481179e+10 -3.994567e-11 5.359862e-11 1.420000e+03
4.512737e+10 -3.986623e-11 5.207827e-11 1.430000e+03
4.544294e+10 -3.978697e-11 5.062916e-11 1.440000e+03
4.575852e+10 -3.970787e-11 4.924652e-11 1.450000e+03
4.607410e+10 -3.962895e-11 4.792601e-11 1.460000e+03
4.638967e+10 -3.955019e-11 4.666365e-11 1.470000e+03
4.670525e+10 -3.947160e-11 4.545578e-11 1.480000e+03
4.702082e+10 -3.939333e-11 4.429908e-11 1.490000e+03
4.733640e+10 -3.931597e-11 4.319046e-11 1.500000e+03
4.765198e+10 -3.923875e-11 4.212708e-11 1.510000e+03
4.796755e+10 -3.916168e-11 4.110633e-11 1.520000e+03
4.828313e+10 -3.908475e-11 4.012578e-11 1.530000e+03
4.859870e+10 -3.900797e-11 3.918319e-11 1.540000e+03
4.891428e+10 -3.893134e-11 3.827649e-11 1.550000e+03
4.922986e+10 -3.885485e-11 3.740372e-11 1.560000e+03
4.954543e+10 -3.877850e-11 3.656311e-11 1.570000e+03
4.986101e+10 -3.870230e-11 3.575297e-11 1.580000e+03
5.017658e+10 -3.862625e-11 3.497174e-11 1.590000e+03
5.049216e+10 -3.855035e-11 3.421796e-11 1.600000e+03
5.080774e+10 -3.847459e-11 3.349026e-11 1.610000e+03
5.112331e+10 -3.839898e-11 3.278737e-11 1.620000e+03
5.143889e+10 -3.832351e-11 3.210809e-11 1.630000e+03
5.175446e+10 -3.824819e-11 3.145129e-11 1.640000e+03
5.207004e+10 -3.817302e-11 3.081593e-11 1.650000e+03
5.238562e+10 -3.809799e-11 3.020101e-11 1.660000e+03
5.270119e+10 -3.802311e-11 2.960560e-11 1.670000e+03
5.301677e+10 -3.794838e-11 2.902882e-11 1.680000e+03
5.333234e+10 -3.787379e-11 2.846985e-11 1.690000e+03
5.364792e+10 -3.779935e-11 2.792790e-11 1.700000e+03
5.396350e+10 -3.772507e-11 2.740224e-11 1.710000e+03
5.427907e+10 -3.765106e-11 2.689218e-11 1.720000e+03
5.459465e+10 -3.757721e-11 2.639705e-11 1.730000e+03
5.491022e+10 -3.750349e-11 2.591624e-11 1.740000e+03
5.522580e+10 -3.742992e-11 2.544915e-11 1.750000e+03
5.554138e+10 -3.735650e-11 2.499523e-11 1.760000e+03
5.585695e+10 -3.728322e-11 2.455395e-11 1.770000e+03
5.617253e+10 -3.721008e-11 2.412481e-11 1.780000e+03
5.648810e+10 -3.713708e-11 2.370734e-11 1.790000e+03
5.680368e+10 -3.706423e-11 2.330107e-11 1.800000e+03
5.711926e+10 -3.699152e-11 2.290559e-11 1.810000e+03
5.743483e+10 -3.691896e-11 2.252048e-11 1.820000e+03
5.775041e+10 -3.684654e-11 2.214535e-11 1.830000e+03
5.806598e+10 -3.677426e-11 2.177984e-11 1.840000e+03
5.838156e+10 -3.670212e-11 2.142360e-11 1.850000e+03
5.869714e+10 -3.663012e-11 2.107628e-11 1.860000e+03
5.901271e+10 -3.655827e-11 2.073756e-11 1.870000e+03
5.932829e+10 -3.648655e-11 2.040715e-11 1.880000e+03
5.964386e+10 -3.641498e-11 2.008475e-11 1.890000e+03
5.995944e+10 -3.634355e-11 1.977008e-11 1.900000e+03
6.027502e+10 -3.627226e-11 1.946288e-11 1.910000e+03
6.059059e+10 -3.620111e-11 1.916289e-11 1.920000e+03
6.090617e+10 -3.613010e-11 1.886987e-11 1.930000e+03
6.122174e+10 -3.605923e-11 1.858358e-11 1.940000e+03
6.153732e+10 -3.598851e-11 1.830381e-11 1.950000e+03
6.185290e+10 -3.591792e-11 1.803034e-11 1.960000e+03
6.216847e+10 -3.584747e-11 1.776297e-11 1.970000e+03
6.248405e+10 -3.577716e-11 1.750150e-11 1.980000e+03
6.279962e+10 -3.570699e-11 1.724574e-11 1.990000e+03
6.311520e+10 -3.563696e-11 1.699552e-11 2.000000e+03
6.343078e+10 -3.556706e-11 1.675066e-11 2.010000e+03
6.374635e+10 -3.549731e-11 1.651099e-11 2.020000e+03
6.406193e+10 -3.542769e-11 1.627637e-11 2.030000e+03
6.437750e+10 -3.535821e-11 1.604663e-11 2.040000e+03
6.469308e+10 -3.528887e-11 1.582162e-11 2.050000e+03
6.500866e+10 -3.521967e-11 1.560122e-11 2.060000e+03
6.532423e+10 -3.515061e-11 1.538528e-11 2.070000e+03
6.563981e+10 -3.508168e-11 1.517367e-11 2.080000e+03
6.595538e+10 -3.501308e-11 1.496626e-11 2.090000e+03
6.627096e+10 -3.494491e-11 1.476294e-11 2.100000e+03
6.658654e+10 -3.487688e-11 1.456359e-11 2.110000e+03
6.690211e+10 -3.480899e-11 1.436809e-11 2.120000e+03
6.721769e+10 -3.474123e-11 1.417635e-11 2.130000e+03
6.753326e+10 -3.467361e-11 1.398825e-11 2.140000e+03
6.784884e+10 -3.460612e-11 1.380370e-11 2.150000e+03
6.816442e+10 -3.453876e-11 1.362259e-11 2.160000e+03
6.847999e+10 -3.447154e-11 1.344484e-11 2.170000e+03
6.879557e+10 -3.440446e-11 1.327035e-11 2.180000e+03
6.911114e+10 -3.433751e-11 1.309905e-11 2.190000e+03
6.942672e+10 -3.427069e-11 1.293083e-11 2.200000e+03
6.974230e+10 -3.420400e-11 1.276563e-11 2.210000e+03
7.005787e+10 -3.413753e-11 1.260337e-11 2.220000e+03
7.037345e+10 -3.407122e-11 1.244397e-11 2.230000e+03
7.068902e+10 -3.400504e-11 1.228735e-11 2.240000e+03
7.100460e+10 -3.393900e-11 1.213346e-11 2.250000e+03
7.132018e+10 -3.387308e-11 1.198220e-11 2.260000e+03
7.163575e+10 -3.380730e-11 1.183354e-11 2.270000e+03
7.195133e+10 -3.374165e-11 1.168739e-11 2.280000e+03
7.226690e+10 -3.367613e-11 1.154369e-11 2.290000e+03
7.258248e+10 -3.361074e-11 1.140240e-11 2.300000e+03
7.289806e+10 -3.354548e-11 1.126345e-11 2.310000e+03
7.321363e+10 -3.348036e-11 1.112677e-11 2.320000e+03
7.352921e+10 -3.341536e-11 1.099233e-11 2.330000e+03
7.384478e+10 -3.335049e-11 1.086006e-11 2.340000e+03
7.416036e+10 -3.328575e-11 1.072992e-11 2.350000e+03
7.447594e+10 -3.322114e-11 1.060185e-11 2.360000e+03
7.479151e+10 -3.315666e-11 1.047581e-11 2.370000e+03
7.510709e+10 -3.309231e-11 1.035175e-11 2.380000e+03
7.542266e+10 -3.302809e-11 1.022963e-11 2.390000e+03
7.573824e+10 -3.296400e-11 1.010940e-11 2.400000e+03
7.605382e+10 -3.290003e-11 9.991025e-12 2.410000e+03
7.636939e+10 -3.283619e-11 9.874457e-12 2.420000e+03
7.668497e+10 -3.277248e-11 9.759658e-12 2.430000e+03
7.700054e+10 -3.270890e-11 9.646590e-12 2.440000e+03
7.731612e+10 -3.264544e-11 9.535214e-12 2.450000e+03
7.763170e+10 -3.258211e-11 9.425495e-12 2.460000e+03
7.794727e+10 -3.251890e-11 9.317397e-12 2.470000e+03
7.826285e+10 -3.245583e-11 9.210886e-12 2.480000e+03
7.857842e+10 -3.239287e-11 9.105927e-12 2.490000e+03
