# # x,y
0.000000000000000000e+00 -2.563580144336447120e+01 1.357466758826891068e-10
5.000000000000000000e+03 -2.564399956067791209e+01 1.362674447912226152e-10
1.000000000000000000e+04 -2.562169456324772909e+01 1.360075625084550290e-10
1.500000000000000000e+04 -2.539842620590934530e+01 1.344454517855614362e-10
2.000000000000000000e+04 -2.538255042041419074e+01 1.343848592703395547e-10
2.500000000000000000e+04 -2.512222212104825303e+01 1.329063495050713013e-10
3.000000000000000000e+04 -2.496274551504757255e+01 1.316674429905785679e-10
3.500000000000000000e+04 -2.460896542586851865e+01 1.296250099204352005e-10
4.000000000000000000e+04 -2.432767105672974139e+01 1.274409423211960825e-10
4.500000000000000000e+04 -2.385865024459781125e+01 1.252480378539237542e-10
5.000000000000000000e+04 -2.345966815046267584e+01 1.228887909026710938e-10
5.500000000000000000e+04 -2.302425910567399114e+01 1.201063229973676169e-10
6.000000000000000000e+04 -2.229480220976984128e+01 1.178624524804449959e-10
6.500000000000000000e+04 -2.180469263391569257e+01 1.122286276577073693e-10
7.000000000000000000e+04 -2.074833570595365018e+01 1.047330857908611414e-10
7.500000000000000000e+04 -2.035844837647164240e+01 1.125164059085010507e-10
8.000000000000000000e+04 -1.857419067021692172e+01 6.726757689660332282e-11
8.500000000000000000e+04 -1.840092038485454395e+01 1.231931866673129477e-10
9.000000000000000000e+04 -1.517047896044095978e+01 3.197143537948174159e-11
9.500000000000000000e+04 -1.656903638190124184e+01 1.183358951010223442e-10
1.000000000000000000e+05 -1.201084269443526864e+01 7.447150285902160245e-11
1.050000000000000000e+05 -7.693196501408237964e+00 5.207072882179122174e-11
1.100000000000000000e+05 -9.130505170265678316e+00 1.365311100812227774e-10
1.150000000000000000e+05 -5.485754543915390968e+00 2.806197637378842181e-11
1.200000000000000000e+05 -5.769976815558038652e+00 1.057670705056339521e-10
1.250000000000000000e+05 -3.590250155888497829e+00 4.590935596996875821e-11
1.300000000000000000e+05 -3.306442402477841824e+00 5.673900409249594634e-11
1.350000000000000000e+05 -2.069407973322086036e+00 4.848025298294407947e-11
1.400000000000000000e+05 -1.450940901529975235e+00 3.701229034096055957e-11
1.450000000000000000e+05 -7.247570902109146118e-01 3.823583885826979201e-11
1.500000000000000000e+05 -1.038008450996130705e-01 3.240125516488960165e-11
1.550000000000000000e+05 4.582713734707795084e-01 2.852934464859373030e-11
1.600000000000000000e+05 9.817167550791054964e-01 2.603464027540086956e-11
1.650000000000000000e+05 1.469453914382029325e+00 2.128812084831357347e-11
1.700000000000000000e+05 1.911588499555364251e+00 1.796653362702248432e-11
1.750000000000000000e+05 2.332261562289204448e+00 1.437773751915021735e-11
1.800000000000000000e+05 2.720127053384203464e+00 1.096905259045352095e-11
1.850000000000000000e+05 3.086900370079092681e+00 7.770408176712435083e-12
1.900000000000000000e+05 3.430865886912215501e+00 4.581188489453490541e-12
1.950000000000000000e+05 3.745704453554935753e+00 1.557043419775151380e-12
2.000000000000000000e+05 4.045799372310284525e+00 -1.462487843848925155e-12
2.050000000000000000e+05 4.331519412458874285e+00 -4.365198893840352101e-12
2.100000000000000000e+05 4.599772890505846590e+00 -7.153936835292892194e-12
2.150000000000000000e+05 4.837551260658074170e+00 -9.863224194993035820e-12
2.200000000000000000e+05 5.104441304923966527e+00 -1.251083538192260406e-11
2.250000000000000000e+05 5.295584138832055032e+00 -1.505024103148745969e-11
2.300000000000000000e+05 5.531640494358725846e+00 -1.753939468181889440e-11
2.350000000000000000e+05 5.709029213176108897e+00 -1.983243790954467175e-11
2.400000000000000000e+05 5.911714984744321555e+00 -2.219498602273791452e-11
2.450000000000000000e+05 6.079425721196457744e+00 -2.445201609305713144e-11
2.500000000000000000e+05 6.249683335307054222e+00 -2.652803572418818733e-11
2.550000000000000000e+05 6.417033626115880907e+00 -2.874081185304177662e-11
2.600000000000000000e+05 6.569329273421317339e+00 -3.086472595411992165e-11
2.650000000000000000e+05 6.690593523322604597e+00 -3.247247884866966086e-11
2.700000000000000000e+05 6.855923001538030803e+00 -3.480671089448198652e-11
2.750000000000000000e+05 6.993472551694139838e+00 -3.656795511293025632e-11
2.800000000000000000e+05 7.085610408510547131e+00 -3.811430083233916821e-11
2.850000000000000000e+05 7.233372403832618147e+00 -4.018100812032357640e-11
2.900000000000000000e+05 7.321101056702900678e+00 -4.168520776482007942e-11
2.950000000000000000e+05 7.445038484351243824e+00 -4.329758772270316278e-11
3.000000000000000000e+05 7.510591295140329748e+00 -4.468438197357335397e-11
3.050000000000000000e+05 7.646590268937870860e+00 -4.654782669857352632e-11
3.100000000000000000e+05 7.723372002190444618e+00 -4.794058379700250330e-11
3.150000000000000000e+05 7.814975285029504448e+00 -4.932017791042767142e-11
3.200000000000000000e+05 7.920340819517150521e+00 -5.103301118201829906e-11
3.250000000000000000e+05 7.955181378114502877e+00 -5.173791211611213459e-11
3.300000000000000000e+05 8.085375316441059113e+00 -5.367925365239022521e-11
3.350000000000000000e+05 8.107678839820437133e+00 -5.443031176610937508e-11
3.400000000000000000e+05 8.199340466409921646e+00 -5.586229706670580537e-11
3.450000000000000000e+05 8.249860522686503828e+00 -5.663293765876923598e-11
3.500000000000000000e+05 8.324684873805381358e+00 -5.813128037180244012e-11
3.550000000000000000e+05 8.371149172424338758e+00 -5.888014041705859499e-11
3.600000000000000000e+05 8.417496521375142038e+00 -5.977584104110050685e-11
3.650000000000000000e+05 8.493325120070949197e+00 -6.115456024192339318e-11
3.700000000000000000e+05 8.551772981241811067e+00 -6.210591590027528680e-11
3.750000000000000000e+05 8.561492201115470380e+00 -6.258778428389443579e-11
3.800000000000000000e+05 8.637200152385048568e+00 -6.373267683751826623e-11
3.850000000000000000e+05 8.658929453697055578e+00 -6.440432038071219485e-11
3.900000000000000000e+05 8.704697851324453950e+00 -6.506808134689577890e-11
3.950000000000000000e+05 8.737868515192531049e+00 -6.588120940760715661e-11
4.000000000000000000e+05 8.782811030861921608e+00 -6.661374993290857905e-11
4.050000000000000000e+05 8.802629824553150684e+00 -6.706976701157620725e-11
4.100000000000000000e+05 8.837487963901367038e+00 -6.773163378367791829e-11
4.150000000000000000e+05 8.871686726168263704e+00 -6.844251766043785219e-11
4.200000000000000000e+05 8.869911812304053456e+00 -6.834565357719447557e-11
4.250000000000000000e+05 8.917916163569316268e+00 -6.948675236870027071e-11
4.300000000000000000e+05 8.973413288360461593e+00 -7.004595045475491839e-11
4.350000000000000000e+05 8.943313201074488461e+00 -7.017223298685928427e-11
4.400000000000000000e+05 9.013488598342519253e+00 -7.112747811005326143e-11
4.450000000000000000e+05 8.968449855223298073e+00 -7.060736882335573741e-11
4.500000000000000000e+05 9.045528448536060750e+00 -7.183543367978881584e-11
4.550000000000000000e+05 9.023669132613576949e+00 -7.171546388111340601e-11
4.600000000000000000e+05 9.037118304928299040e+00 -7.182966601525566633e-11
4.650000000000000000e+05 9.060657735099084675e+00 -7.242786545659518477e-11
4.700000000000000000e+05 9.083085026999469846e+00 -7.278068179255844315e-11
4.750000000000000000e+05 9.053545821108855307e+00 -7.229580283972013277e-11
4.800000000000000000e+05 9.079545858316123486e+00 -7.287871197263286283e-11
4.850000000000000000e+05 9.081999937072396278e+00 -7.297557552660013624e-11
4.900000000000000000e+05 9.085528459458146244e+00 -7.293132084597743882e-11
4.950000000000000000e+05 9.088427760230842978e+00 -7.298397748068086232e-11
5.000000000000000000e+05 9.112694418174214661e+00 -7.331958435999082897e-11
