# # x,y
0.000000000000000000e+00 -5.043006302451249212e+01 -8.565378386919108641e-10
5.000000000000000000e+03 -5.042133975547039881e+01 -8.569076232933890418e-10
1.000000000000000000e+04 -5.031654378212988377e+01 -8.561343404502931556e-10
1.500000000000000000e+04 -5.002901125693460926e+01 -8.485920930669869473e-10
2.000000000000000000e+04 -4.980896297225262970e+01 -8.481172049672231976e-10
2.500000000000000000e+04 -4.940754836186533794e+01 -8.392962725996912674e-10
3.000000000000000000e+04 -4.897489195846719667e+01 -8.339252347949973522e-10
3.500000000000000000e+04 -4.837796813825843856e+01 -8.220316140946645316e-10
4.000000000000000000e+04 -4.774106312502408400e+01 -8.124303598678876825e-10
4.500000000000000000e+04 -4.692938698531361297e+01 -7.968481862016602418e-10
5.000000000000000000e+04 -4.608158362499671057e+01 -7.834446386327809029e-10
5.500000000000000000e+04 -4.515566837613005191e+01 -7.688036307199341765e-10
6.000000000000000000e+04 -4.396184655459364876e+01 -7.445157361114814048e-10
6.500000000000000000e+04 -4.275140013120835647e+01 -7.281473566225647309e-10
7.000000000000000000e+04 -4.126629651209805161e+01 -6.909644342050766062e-10
7.500000000000000000e+04 -3.980485369416419417e+01 -6.821404264101071099e-10
8.000000000000000000e+04 -3.729810884955804795e+01 -6.123260575893963644e-10
8.500000000000000000e+04 -3.627192398963961750e+01 -6.216217564257373246e-10
9.000000000000000000e+04 -2.995312561321770772e+01 -4.961804390736389147e-10
9.500000000000000000e+04 -3.375649612885899842e+01 -5.612900768873105425e-10
1.000000000000000000e+05 -2.515775758388917893e+01 -4.059182198099095645e-10
1.050000000000000000e+05 -1.728043577505741268e+01 -2.630014115653498149e-10
1.100000000000000000e+05 -2.092249516968149692e+01 -3.293923163424220179e-10
1.150000000000000000e+05 -1.403997599461581558e+01 -1.856857685863983856e-10
1.200000000000000000e+05 -1.357520842243684456e+01 -2.155911517954358255e-10
1.250000000000000000e+05 -1.063148957799421623e+01 -1.284561422131737730e-10
1.300000000000000000e+05 -9.009374229877721518e+00 -1.247254639672516714e-10
1.350000000000000000e+05 -7.337381213903427124e+00 -8.078914927988322249e-11
1.400000000000000000e+05 -5.821182148763909936e+00 -5.879401455760830752e-11
1.450000000000000000e+05 -4.467272219073493034e+00 -3.560026064722882093e-11
1.500000000000000000e+05 -3.200890543288551271e+00 -1.382824506310373860e-11
1.550000000000000000e+05 -1.996822643617633730e+00 4.987451327963351195e-12
1.600000000000000000e+05 -8.973829902824945748e-01 2.254990120095377495e-11
1.650000000000000000e+05 1.584070081007666886e-01 3.955917191236834100e-11
1.700000000000000000e+05 1.144055118842516094e+00 5.459399450316270354e-11
1.750000000000000000e+05 2.074493576015811414e+00 6.914659026840069357e-11
1.800000000000000000e+05 2.954153227852657437e+00 8.255405227706586673e-11
1.850000000000000000e+05 3.786929894296918064e+00 9.521385712869266625e-11
1.900000000000000000e+05 4.578069213137496263e+00 1.071724872605836559e-10
1.950000000000000000e+05 5.327652540232520550e+00 1.181362509845802477e-10
2.000000000000000000e+05 6.041992248676251620e+00 1.286404937462722946e-10
2.050000000000000000e+05 6.726425393135286868e+00 1.386380783713451982e-10
2.100000000000000000e+05 7.375831976765766740e+00 1.480661130755637091e-10
2.150000000000000000e+05 7.988239136582706124e+00 1.564792903539125622e-10
2.200000000000000000e+05 8.593340162246022373e+00 1.658135466833203191e-10
2.250000000000000000e+05 9.144378802448045462e+00 1.726954744702299673e-10
2.300000000000000000e+05 9.694778500415850431e+00 1.810004443794131869e-10
2.350000000000000000e+05 1.019963215995812789e+01 1.873702826110605647e-10
2.400000000000000000e+05 1.070132407592609525e+01 1.945744676201545016e-10
2.450000000000000000e+05 1.116952451830729842e+01 2.006194881370991793e-10
2.500000000000000000e+05 1.162119815073674545e+01 2.067153378240083501e-10
2.550000000000000000e+05 1.206345981720369309e+01 2.127229504869061416e-10
2.600000000000000000e+05 1.247804552025627345e+01 2.182537370162733064e-10
2.650000000000000000e+05 1.285982499463716522e+01 2.226418707868124667e-10
2.700000000000000000e+05 1.326848070422420278e+01 2.286171499686650323e-10
2.750000000000000000e+05 1.363862036907812580e+01 2.335601822788357934e-10
2.800000000000000000e+05 1.396851890458492562e+01 2.370020197867138171e-10
2.850000000000000000e+05 1.432871160586364567e+01 2.423497590793625176e-10
2.900000000000000000e+05 1.464223193092038855e+01 2.456182081060048759e-10
2.950000000000000000e+05 1.495698759879451245e+01 2.500944370242405875e-10
3.000000000000000000e+05 1.523621986928628758e+01 2.526201893306332690e-10
3.050000000000000000e+05 1.555005695176078007e+01 2.575341665760942568e-10
3.100000000000000000e+05 1.581900254276115447e+01 2.604298304770735405e-10
3.150000000000000000e+05 1.608656829001847655e+01 2.637747605112407535e-10
3.200000000000000000e+05 1.635361147735966370e+01 2.676814074967862626e-10
3.250000000000000000e+05 1.656584042409667745e+01 2.690228170801538365e-10
3.300000000000000000e+05 1.683497773157432675e+01 2.737834249963171495e-10
3.350000000000000000e+05 1.703185138647677377e+01 2.747261891799156426e-10
3.400000000000000000e+05 1.725779663957655430e+01 2.781152760730429481e-10
3.450000000000000000e+05 1.745308513793861493e+01 2.799609212144410844e-10
3.500000000000000000e+05 1.766210829553892836e+01 2.828238784490116163e-10
3.550000000000000000e+05 1.783882849052315578e+01 2.845379668077880958e-10
3.600000000000000000e+05 1.800947006687056273e+01 2.863271904732070498e-10
3.650000000000000000e+05 1.820492772950092331e+01 2.891403576442089997e-10
3.700000000000000000e+05 1.837153181707253680e+01 2.913153327009164571e-10
3.750000000000000000e+05 1.849764558218885213e+01 2.918004914566211939e-10
3.800000000000000000e+05 1.866506935271900147e+01 2.945662945791776381e-10
3.850000000000000000e+05 1.879460632550762966e+01 2.954720106587813987e-10
3.900000000000000000e+05 1.892648159683449194e+01 2.971568788745094109e-10
3.950000000000000000e+05 1.905460507585667074e+01 2.984605795618315418e-10
4.000000000000000000e+05 1.918036953202681616e+01 3.001248114464472756e-10
4.050000000000000000e+05 1.928334709437331185e+01 3.009175982638888159e-10
4.100000000000000000e+05 1.939470058237202466e+01 3.022254933281400697e-10
4.150000000000000000e+05 1.949580092023825273e+01 3.035477691500735168e-10
4.200000000000000000e+05 1.956240604340564460e+01 3.034875122659282937e-10
4.250000000000000000e+05 1.967448359238915145e+01 3.053501567082939211e-10
4.300000000000000000e+05 1.977583740075351670e+01 3.072997336047409236e-10
4.350000000000000000e+05 1.982136095286114141e+01 3.063795788880188498e-10
4.400000000000000000e+05 1.991798356582876295e+01 3.089230404756841715e-10
4.450000000000000000e+05 1.993920146429445595e+01 3.073338685620379971e-10
4.500000000000000000e+05 2.003942827228456736e+01 3.101753527332071183e-10
4.550000000000000000e+05 2.006836152332834899e+01 3.094285102361872752e-10
4.600000000000000000e+05 2.010940101003507152e+01 3.099319272214921012e-10
4.650000000000000000e+05 2.017111337953247130e+01 3.108231205625602715e-10
4.700000000000000000e+05 2.021249898785026744e+01 3.116584045181258467e-10
4.750000000000000000e+05 2.020795655332040042e+01 3.105945396659445255e-10
4.800000000000000000e+05 2.025019174226326868e+01 3.115924727770111121e-10
4.850000000000000000e+05 2.026910261198645458e+01 3.116938817167654389e-10
4.900000000000000000e+05 2.027587705210316926e+01 3.118199030705966255e-10
4.950000000000000000e+05 2.028854504472110420e+01 3.119065954052734618e-10
5.000000000000000000e+05 2.030827521020546556e+01 3.127864334669391799e-10
