# # x,y
0.000000000000000000e+00 -2.139755450660595670e+01 1.116594291456627758e-10
5.000000000000000000e+03 -2.140185778756858781e+01 1.116785805045474775e-10
1.000000000000000000e+04 -2.138895095395855606e+01 1.113566172209603069e-10
1.500000000000000000e+04 -2.119992851413553581e+01 1.106449500346691232e-10
2.000000000000000000e+04 -2.119900088029680774e+01 1.099962132153787672e-10
2.500000000000000000e+04 -2.098054349387530237e+01 1.090569956182819389e-10
3.000000000000000000e+04 -2.086513975251000375e+01 1.078324101308214437e-10
3.500000000000000000e+04 -2.056799153890460730e+01 1.063027865101097886e-10
4.000000000000000000e+04 -2.035016871243715286e+01 1.048947543790717009e-10
4.500000000000000000e+04 -1.996150441834470257e+01 1.024084093658904751e-10
5.000000000000000000e+04 -1.962919435393996537e+01 1.009439265547718717e-10
5.500000000000000000e+04 -1.928750840271823108e+01 9.814187076298443397e-11
6.000000000000000000e+04 -1.865650464419741184e+01 9.563773001744607948e-11
6.500000000000000000e+04 -1.826214257377432659e+01 9.309243596385137603e-11
7.000000000000000000e+04 -1.743171445908956230e+01 8.851463171052529958e-11
7.500000000000000000e+04 -1.696705948404269293e+01 8.740006510595074257e-11
8.000000000000000000e+04 -1.580949318513739854e+01 7.918748385295099910e-11
8.500000000000000000e+04 -1.511995404312619939e+01 8.097447376023854934e-11
9.000000000000000000e+04 -1.293910937733016908e+01 6.867828455039973085e-11
9.500000000000000000e+04 -1.354309151013148949e+01 7.373922956233507073e-11
1.000000000000000000e+05 -9.552765772386919707e+00 6.479753414841836446e-11
1.050000000000000000e+05 -5.644865359412506223e+00 5.658879058722406779e-11
1.100000000000000000e+05 -6.253617019741795957e+00 6.233783473327900947e-11
1.150000000000000000e+05 -3.910318181617185473e+00 4.702320456558225350e-11
1.200000000000000000e+05 -3.402440409641712904e+00 5.145404598021860590e-11
1.250000000000000000e+05 -2.085026405693497509e+00 4.046516343131592380e-11
1.300000000000000000e+05 -1.621103137789759785e+00 4.055490978934456509e-11
1.350000000000000000e+05 -7.197837423300370574e-01 3.363825456030733138e-11
1.400000000000000000e+05 -2.308494030730798841e-01 3.116193213194041561e-11
1.450000000000000000e+05 3.880317033035680652e-01 2.732614441508082557e-11
1.500000000000000000e+05 8.498436281224712729e-01 2.358548615548973893e-11
1.550000000000000000e+05 1.305088859226088971e+00 2.066315203999925233e-11
1.600000000000000000e+05 1.712815150502137840e+00 1.728213411061399220e-11
1.650000000000000000e+05 2.076076952100265771e+00 1.440220200127121152e-11
1.700000000000000000e+05 2.415750489395577461e+00 1.152093232088663154e-11
1.750000000000000000e+05 2.720309978059958667e+00 8.612886732220134627e-12
1.800000000000000000e+05 3.009134765015915036e+00 6.063407813562701167e-12
1.850000000000000000e+05 3.272818213910795748e+00 3.326133880765958487e-12
1.900000000000000000e+05 3.521188533981330693e+00 9.292749425933076323e-13
1.950000000000000000e+05 3.742324416234623641e+00 -1.545128060784413266e-12
2.000000000000000000e+05 3.949554443359375000e+00 -3.898417597570514895e-12
2.050000000000000000e+05 4.148936976038385183e+00 -6.130251880698588531e-12
2.100000000000000000e+05 4.330253461550455540e+00 -8.350114708105310720e-12
2.150000000000000000e+05 4.487573255319148302e+00 -1.040372650589562656e-11
2.200000000000000000e+05 4.674092999368440360e+00 -1.245169719442408893e-11
2.250000000000000000e+05 4.788821036461740732e+00 -1.438772568563360191e-11
2.300000000000000000e+05 4.949582111672498286e+00 -1.630017039096453757e-11
2.350000000000000000e+05 5.057530935853719711e+00 -1.806180774976965127e-11
2.400000000000000000e+05 5.188651486998423934e+00 -1.986871655095757042e-11
2.450000000000000000e+05 5.290270901517942548e+00 -2.152663243341687547e-11
2.500000000000000000e+05 5.395329660037532449e+00 -2.317468926903423374e-11
2.550000000000000000e+05 5.499693923222366720e+00 -2.475122912649994951e-11
2.600000000000000000e+05 5.588753372780047357e+00 -2.631772409285208091e-11
2.650000000000000000e+05 5.657189911464229226e+00 -2.767710479817128221e-11
2.700000000000000000e+05 5.759583838807884604e+00 -2.920793993439917010e-11
2.750000000000000000e+05 5.843565849121659994e+00 -3.055391252288045596e-11
2.800000000000000000e+05 5.886215272708795965e+00 -3.180241728760471040e-11
2.850000000000000000e+05 5.977339458360802382e+00 -3.317508003671627794e-11
2.900000000000000000e+05 6.018636623164638877e+00 -3.434378181503646971e-11
2.950000000000000000e+05 6.094386027194559574e+00 -3.553289779015043544e-11
3.000000000000000000e+05 6.117369513900484890e+00 -3.659075324012339889e-11
3.050000000000000000e+05 6.202874325274024159e+00 -3.781028269378297015e-11
3.100000000000000000e+05 6.237699052144307643e+00 -3.883713715072952344e-11
3.150000000000000000e+05 6.288770809303969145e+00 -3.985566435909812555e-11
3.200000000000000000e+05 6.347858680877834558e+00 -4.093797831348326597e-11
3.250000000000000000e+05 6.355150560906622559e+00 -4.167980428160829686e-11
3.300000000000000000e+05 6.435645103279966861e+00 -4.282806449796494803e-11
3.350000000000000000e+05 6.432009129202924669e+00 -4.350636191958965670e-11
3.400000000000000000e+05 6.483391736051999032e+00 -4.445632050544545238e-11
3.450000000000000000e+05 6.508994970528874546e+00 -4.511279212610917336e-11
3.500000000000000000e+05 6.543167710304260254e+00 -4.604854084598052390e-11
3.550000000000000000e+05 6.566607394022867084e+00 -4.664740077800981760e-11
3.600000000000000000e+05 6.583174759231042117e+00 -4.736108314549711811e-11
3.650000000000000000e+05 6.626414890168234706e+00 -4.813287856021669066e-11
3.700000000000000000e+05 6.656604746764060110e+00 -4.880751371200496918e-11
3.750000000000000000e+05 6.647440247179474682e+00 -4.929264071107507061e-11
3.800000000000000000e+05 6.693819279142189771e+00 -4.997820196271100250e-11
3.850000000000000000e+05 6.695134720765054226e+00 -5.047668604064497623e-11
3.900000000000000000e+05 6.719605149643030018e+00 -5.100180878502703134e-11
3.950000000000000000e+05 6.731576576188672334e+00 -5.149736238108549340e-11
4.000000000000000000e+05 6.754850352357607335e+00 -5.203222008589023004e-11
4.050000000000000000e+05 6.759467636875342578e+00 -5.240430877904590656e-11
4.100000000000000000e+05 6.775798039219807833e+00 -5.285624263663184332e-11
4.150000000000000000e+05 6.791551457368768752e+00 -5.327361982232988566e-11
4.200000000000000000e+05 6.784043975058011711e+00 -5.347462047472654215e-11
4.250000000000000000e+05 6.808021371776703745e+00 -5.398628711449863247e-11
4.300000000000000000e+05 6.847126004402525723e+00 -5.438623542401478880e-11
4.350000000000000000e+05 6.811142319638747722e+00 -5.454759592448965138e-11
4.400000000000000000e+05 6.859306888538412750e+00 -5.500594952330630854e-11
4.450000000000000000e+05 6.819989481184165925e+00 -5.496884627986400845e-11
4.500000000000000000e+05 6.869891955808270723e+00 -5.552482419992148780e-11
4.550000000000000000e+05 6.849337644351180643e+00 -5.553671364532379051e-11
4.600000000000000000e+05 6.853882384893950075e+00 -5.576867355261508317e-11
4.650000000000000000e+05 6.868573179352097213e+00 -5.594455459814760190e-11
4.700000000000000000e+05 6.880069355247542262e+00 -5.620144974930789101e-11
4.750000000000000000e+05 6.857518074102699757e+00 -5.608419454255834853e-11
4.800000000000000000e+05 6.871323270956054330e+00 -5.633188850349607456e-11
4.850000000000000000e+05 6.871791675686836243e+00 -5.638379718013471286e-11
4.900000000000000000e+05 6.873381098615936935e+00 -5.643454425817558539e-11
4.950000000000000000e+05 6.876269936852622777e+00 -5.644527445293270465e-11
5.000000000000000000e+05 6.893662202579434961e+00 -5.658273657762109678e-11
