# # x,y
0.000000000000000000e+00 -2.611117836245102808e+01 1.383780748158315437e-10
5.000000000000000000e+03 -2.612171886855503544e+01 1.392818022927104767e-10
1.000000000000000000e+04 -2.609840147674549371e+01 1.389381592378817549e-10
1.500000000000000000e+04 -2.586928999918745831e+01 1.370810034078786473e-10
2.000000000000000000e+04 -2.585311864968389273e+01 1.369297046452051651e-10
2.500000000000000000e+04 -2.558815276209497824e+01 1.358569477589779022e-10
3.000000000000000000e+04 -2.542401698889443651e+01 1.343155231913295528e-10
3.500000000000000000e+04 -2.506301102595170960e+01 1.322157653313925559e-10
4.000000000000000000e+04 -2.477416290756082162e+01 1.300865311663018260e-10
4.500000000000000000e+04 -2.429745473887305707e+01 1.277380895559597656e-10
5.000000000000000000e+04 -2.388951537781395018e+01 1.248123368616188922e-10
5.500000000000000000e+04 -2.344574152125278488e+01 1.231979274330151928e-10
6.000000000000000000e+04 -2.270979884121334180e+01 1.215333212563355077e-10
6.500000000000000000e+04 -2.219423217803705484e+01 1.119797781115270674e-10
7.000000000000000000e+04 -2.112096100085182115e+01 1.117163138797967836e-10
7.500000000000000000e+04 -2.075093094329349697e+01 1.128136137880444821e-10
8.000000000000000000e+04 -1.879243889561621472e+01 5.733046759311171403e-11
8.500000000000000000e+04 -1.885150065866764635e+01 1.389866751399151736e-10
9.000000000000000000e+04 -1.523282779287546873e+01 -3.347267749801251730e-12
9.500000000000000000e+04 -1.701145676081068814e+01 1.413064911856969792e-10
1.000000000000000000e+05 -1.226493209024192765e+01 7.114687781965710251e-11
1.050000000000000000e+05 -7.855093522521201521e+00 3.767615081209522275e-11
1.100000000000000000e+05 -9.659837772371247411e+00 1.760982963948518380e-10
1.150000000000000000e+05 -5.558816379227209836e+00 1.092351484354939774e-11
1.200000000000000000e+05 -6.163052389165386558e+00 1.225818592662485257e-10
1.250000000000000000e+05 -3.755021359480451792e+00 5.060219085205312183e-11
1.300000000000000000e+05 -3.496840422216337174e+00 5.106184451597028988e-11
1.350000000000000000e+05 -2.245242476696148515e+00 5.352279141891576792e-11
1.400000000000000000e+05 -1.577497072517871857e+00 3.596440109355729896e-11
1.450000000000000000e+05 -8.585102108190767467e-01 3.860270139702884791e-11
1.500000000000000000e+05 -2.193035993259400129e-01 3.453444073160890776e-11
1.550000000000000000e+05 3.583652228116989136e-01 2.912940700243721079e-11
1.600000000000000000e+05 8.897250209120102227e-01 2.697844629960341365e-11
1.650000000000000000e+05 1.393988663447089493e+00 2.231686503445120327e-11
1.700000000000000000e+05 1.848312030255328864e+00 1.854143661160272701e-11
1.750000000000000000e+05 2.281271894811652601e+00 1.504848544305295799e-11
1.800000000000000000e+05 2.681109395052772015e+00 1.157507560439588766e-11
1.850000000000000000e+05 3.059109916619490832e+00 8.292199604526955443e-12
1.900000000000000000e+05 3.414249857305549085e+00 5.033009449675724867e-12
1.950000000000000000e+05 3.739699144440237433e+00 1.940086362935911648e-12
2.000000000000000000e+05 4.050352730380836874e+00 -1.125488563425098382e-12
2.050000000000000000e+05 4.346360212191939354e+00 -4.169427336968640272e-12
2.100000000000000000e+05 4.624303375487215817e+00 -6.959103302146495309e-12
2.150000000000000000e+05 4.871676736860536039e+00 -9.792773447284525242e-12
2.200000000000000000e+05 5.147816846554633230e+00 -1.247046280229819426e-11
2.250000000000000000e+05 5.347944310866296291e+00 -1.512988243597176518e-11
2.300000000000000000e+05 5.592683134658727795e+00 -1.763264611593243944e-11
2.350000000000000000e+05 5.778149608115199953e+00 -2.000668116377970697e-11
2.400000000000000000e+05 5.989107619679998606e+00 -2.241369531293432013e-11
2.450000000000000000e+05 6.164818536024540663e+00 -2.477686996922590209e-11
2.500000000000000000e+05 6.342228082765359432e+00 -2.681045533910824649e-11
2.550000000000000000e+05 6.517541192064527422e+00 -2.921787397541557592e-11
2.600000000000000000e+05 6.677244289778172970e+00 -3.135175252498322033e-11
2.650000000000000000e+05 6.803986650251317769e+00 -3.288509489179357788e-11
2.700000000000000000e+05 6.977809627307578921e+00 -3.548865948527696389e-11
2.750000000000000000e+05 7.121508401469327509e+00 -3.727048234594386805e-11
2.800000000000000000e+05 7.218925071007106453e+00 -3.874644636771005391e-11
2.850000000000000000e+05 7.374119355750735849e+00 -4.098639396792755616e-11
2.900000000000000000e+05 7.467165599926374853e+00 -4.256598031853986818e-11
2.950000000000000000e+05 7.596612320165149868e+00 -4.409343667911937932e-11
3.000000000000000000e+05 7.667080845567397773e+00 -4.555813081204876039e-11
3.050000000000000000e+05 7.809745367732830346e+00 -4.754692538692422191e-11
3.100000000000000000e+05 7.891392269695643336e+00 -4.896047915501819309e-11
3.150000000000000000e+05 7.987921700405422598e+00 -5.043481283012123275e-11
3.200000000000000000e+05 8.099336739454884082e+00 -5.220295606185325592e-11
3.250000000000000000e+05 8.136520410480443388e+00 -5.284388903446953817e-11
3.300000000000000000e+05 8.273660143546294421e+00 -5.490604398070992037e-11
3.350000000000000000e+05 8.298651509976480156e+00 -5.573446217612757564e-11
3.400000000000000000e+05 8.395271159301046282e+00 -5.713711373034721496e-11
3.450000000000000000e+05 8.448525226791389287e+00 -5.795516916814394586e-11
3.500000000000000000e+05 8.528701765171717852e+00 -5.955601465002760458e-11
3.550000000000000000e+05 8.577778939798008651e+00 -6.030632156400070470e-11
3.600000000000000000e+05 8.627088180044665933e+00 -6.109802328630634211e-11
3.650000000000000000e+05 8.708147153491154313e+00 -6.278717761026480378e-11
3.700000000000000000e+05 8.769869399780873209e+00 -6.371196903507589414e-11
3.750000000000000000e+05 8.781085063004866242e+00 -6.406592698941610705e-11
3.800000000000000000e+05 8.860940029495395720e+00 -6.532237767226957097e-11
3.850000000000000000e+05 8.885050923039671034e+00 -6.603341989439827180e-11
3.900000000000000000e+05 8.933004272810649127e+00 -6.660214623995862630e-11
3.950000000000000000e+05 8.969179280160460621e+00 -6.754551588748054550e-11
4.000000000000000000e+05 9.016700932523235679e+00 -6.830148393991702835e-11
4.050000000000000000e+05 9.038016388483811170e+00 -6.869469451386020256e-11
4.100000000000000000e+05 9.075311142602004111e+00 -6.945880942666451866e-11
4.150000000000000000e+05 9.111993956787046045e+00 -7.016711789437890263e-11
4.200000000000000000e+05 9.109595422574784607e+00 -6.987599885414675099e-11
4.250000000000000000e+05 9.161944010178558528e+00 -7.127594197800828711e-11
4.300000000000000000e+05 9.219390117330476642e+00 -7.184175852247474096e-11
4.350000000000000000e+05 9.189752467500511557e+00 -7.199473876859203975e-11
4.400000000000000000e+05 9.263301408500410616e+00 -7.296141086988222093e-11
4.450000000000000000e+05 9.216265155759174377e+00 -7.233100500335754138e-11
4.500000000000000000e+05 9.297820659179706126e+00 -7.369009630348103480e-11
4.550000000000000000e+05 9.275574557890649885e+00 -7.359701449566315851e-11
4.600000000000000000e+05 9.289127566793467849e+00 -7.350483112970465534e-11
4.650000000000000000e+05 9.315227505518123507e+00 -7.445094570327714608e-11
4.700000000000000000e+05 9.338824415695853531e+00 -7.475914413761849648e-11
4.750000000000000000e+05 9.307258904387708753e+00 -7.402909930435647157e-11
4.800000000000000000e+05 9.335509809956420213e+00 -7.477308815880918086e-11
4.850000000000000000e+05 9.338358352892100811e+00 -7.491218204069337877e-11
4.900000000000000000e+05 9.341495614673476666e+00 -7.469098720216288726e-11
4.950000000000000000e+05 9.344753294484689832e+00 -7.487654161802388877e-11
5.000000000000000000e+05 9.370231102511752397e+00 -7.523635844625230297e-11
