# # x,y
0.000000000000000000e+00 -4.126647294725989923e+01 -9.052123580822484282e-10
5.000000000000000000e+03 -4.125072360702324659e+01 -9.064808019934163577e-10
1.000000000000000000e+04 -4.115489266690565273e+01 -9.054492383523257409e-10
1.500000000000000000e+04 -4.095031813648529351e+01 -8.968540574605598119e-10
2.000000000000000000e+04 -4.073556086170719936e+01 -8.961263867118731406e-10
2.500000000000000000e+04 -4.042660691210767254e+01 -8.876680602305844936e-10
3.000000000000000000e+04 -4.005325215664925054e+01 -8.812425509518051274e-10
3.500000000000000000e+04 -3.958424234460107982e+01 -8.686768458082908577e-10
4.000000000000000000e+04 -3.905080853035906330e+01 -8.584927494369286937e-10
4.500000000000000000e+04 -3.840539683867245913e+01 -8.417310973560833184e-10
5.000000000000000000e+04 -3.770235887030139565e+01 -8.268222676526601770e-10
5.500000000000000000e+04 -3.693167673761490732e+01 -8.132517023605221946e-10
6.000000000000000000e+04 -3.598642592882970348e+01 -7.891676286788124067e-10
6.500000000000000000e+04 -3.498147811490343884e+01 -7.639944544808021583e-10
7.000000000000000000e+04 -3.386469892953755334e+01 -7.384794771433738139e-10
7.500000000000000000e+04 -3.249997720529790968e+01 -7.180583415084946946e-10
8.000000000000000000e+04 -3.088466277625411749e+01 -6.164151499636957999e-10
8.500000000000000000e+04 -2.949211814475711435e+01 -6.907446609939353765e-10
9.000000000000000000e+04 -2.494287390849785879e+01 -4.385807395236524699e-10
9.500000000000000000e+04 -2.758029257092857733e+01 -6.439816542310479534e-10
1.000000000000000000e+05 -2.082647653843741864e+01 -4.235234174143629995e-10
1.050000000000000000e+05 -1.453358181164367124e+01 -2.511021609775012474e-10
1.100000000000000000e+05 -1.702576959936413914e+01 -4.488160491194200598e-10
1.150000000000000000e+05 -1.216801466216566041e+01 -1.626615613559794772e-10
1.200000000000000000e+05 -1.103172573365736753e+01 -2.795950344697741311e-10
1.250000000000000000e+05 -9.201362142281141132e+00 -1.531107914321635866e-10
1.300000000000000000e+05 -7.637895998836029321e+00 -1.312344074376243103e-10
1.350000000000000000e+05 -6.382327621337026358e+00 -1.055342217027905976e-10
1.400000000000000000e+05 -5.159476665663532913e+00 -6.888722474074893127e-11
1.450000000000000000e+05 -4.026239741884637624e+00 -4.841185281127703160e-11
1.500000000000000000e+05 -2.992077852832153440e+00 -2.801074101149075689e-11
1.550000000000000000e+05 -1.997964438924100250e+00 -5.287900689513219184e-12
1.600000000000000000e+05 -1.081338352058082819e+00 1.260647714818439287e-11
1.650000000000000000e+05 -2.118414292926900089e-01 3.095725803963602892e-11
1.700000000000000000e+05 6.093043344444595277e-01 4.783586598659377186e-11
1.750000000000000000e+05 1.383109072747174650e+00 6.339402487506827926e-11
1.800000000000000000e+05 2.116596584732178599e+00 7.802002176397576615e-11
1.850000000000000000e+05 2.811768391286022961e+00 9.186824470880186069e-11
1.900000000000000000e+05 3.472683634317945689e+00 1.049720810623900910e-10
1.950000000000000000e+05 4.102496603678446263e+00 1.170468388385072962e-10
2.000000000000000000e+05 4.702146691503003240e+00 1.285991975077442904e-10
2.050000000000000000e+05 5.276703152398113161e+00 1.397926944144912938e-10
2.100000000000000000e+05 5.823279606818687171e+00 1.501170803956879872e-10
2.150000000000000000e+05 6.342729674186557531e+00 1.596300932452838841e-10
2.200000000000000000e+05 6.845945221197325736e+00 1.698599980980231071e-10
2.250000000000000000e+05 7.320413023000583053e+00 1.777899708574026478e-10
2.300000000000000000e+05 7.779963647422846407e+00 1.869035165599576758e-10
2.350000000000000000e+05 8.214185880497097969e+00 1.941661963677420256e-10
2.400000000000000000e+05 8.636647808947600424e+00 2.022059279999452968e-10
2.450000000000000000e+05 9.037395644118078053e+00 2.091696030748453926e-10
2.500000000000000000e+05 9.422413886291906238e+00 2.158475512274211065e-10
2.550000000000000000e+05 9.797215008235070854e+00 2.229331030060169770e-10
2.600000000000000000e+05 1.015049004839966074e+01 2.291474482154175855e-10
2.650000000000000000e+05 1.048438440274912864e+01 2.339128362352468886e-10
2.700000000000000000e+05 1.082522394135594368e+01 2.411412217520228860e-10
2.750000000000000000e+05 1.114082637085812166e+01 2.466840542700184244e-10
2.800000000000000000e+05 1.143269209808204323e+01 2.504851899124078882e-10
2.850000000000000000e+05 1.173263106337981299e+01 2.568092858786587865e-10
2.900000000000000000e+05 1.200929195841308683e+01 2.607147533271487635e-10
2.950000000000000000e+05 1.227500943763880059e+01 2.655239326077548762e-10
3.000000000000000000e+05 1.252531063969945535e+01 2.686449481150178638e-10
3.050000000000000000e+05 1.278393753233831376e+01 2.743808744109166653e-10
3.100000000000000000e+05 1.302032037841854617e+01 2.777630579910698875e-10
3.150000000000000000e+05 1.325018101575551555e+01 2.817294731072192209e-10
3.200000000000000000e+05 1.347316492238314822e+01 2.862644901927230492e-10
3.250000000000000000e+05 1.367080478154821321e+01 2.877282416469377604e-10
3.300000000000000000e+05 1.388609672739403322e+01 2.933074576147779684e-10
3.350000000000000000e+05 1.407173356937710196e+01 2.946622690294517961e-10
3.400000000000000000e+05 1.425997083302354440e+01 2.984280923301512869e-10
3.450000000000000000e+05 1.443454476556507871e+01 3.006251320314965378e-10
3.500000000000000000e+05 1.461065404856344685e+01 3.041470993144509426e-10
3.550000000000000000e+05 1.476815194159280509e+01 3.061049653555606895e-10
3.600000000000000000e+05 1.491938944539288059e+01 3.079776934063871515e-10
3.650000000000000000e+05 1.508128254732582718e+01 3.118215676139896428e-10
3.700000000000000000e+05 1.522377324220724404e+01 3.142412055648385587e-10
3.750000000000000000e+05 1.534480933821760118e+01 3.146369486473148229e-10
3.800000000000000000e+05 1.548071853729197755e+01 3.179679823902314236e-10
3.850000000000000000e+05 1.559954865084728226e+01 3.191677806810760945e-10
3.900000000000000000e+05 1.571323192957788706e+01 3.208758477208962997e-10
3.950000000000000000e+05 1.582567994156852365e+01 3.226857925087404268e-10
4.000000000000000000e+05 1.593273959215730429e+01 3.246284647361881471e-10
4.050000000000000000e+05 1.602708578354213387e+01 3.254459568398460560e-10
4.100000000000000000e+05 1.612317297549452633e+01 3.271626151777721271e-10
4.150000000000000000e+05 1.620915545901516452e+01 3.286924254925828772e-10
4.200000000000000000e+05 1.627790305099915713e+01 3.282418799665548083e-10
4.250000000000000000e+05 1.636693312705028802e+01 3.309475800952628794e-10
4.300000000000000000e+05 1.644704394036671147e+01 3.330884873261680649e-10
4.350000000000000000e+05 1.650191497954074293e+01 3.322724944477689296e-10
4.400000000000000000e+05 1.657005134143400937e+01 3.351016951166891421e-10
4.450000000000000000e+05 1.660967486369190738e+01 3.331764735842833745e-10
4.500000000000000000e+05 1.667723646102240309e+01 3.366264085178758088e-10
4.550000000000000000e+05 1.671404361614258960e+01 3.359068177092174688e-10
4.600000000000000000e+05 1.675096543791005388e+01 3.360513787465278657e-10
4.650000000000000000e+05 1.680030764482216910e+01 3.378029280120598761e-10
4.700000000000000000e+05 1.683264936093473807e+01 3.386557635673419988e-10
4.750000000000000000e+05 1.684144267172086984e+01 3.369770578221853301e-10
4.800000000000000000e+05 1.687137337605236098e+01 3.384574032635693345e-10
4.850000000000000000e+05 1.688879570836434141e+01 3.386768744935796591e-10
4.900000000000000000e+05 1.689530541963176802e+01 3.384444007642631647e-10
4.950000000000000000e+05 1.690628669288707897e+01 3.388082290572015261e-10
5.000000000000000000e+05 1.691601431439630687e+01 3.398349051949101045e-10
