# # x,y
0.000000000000000000e+00 -2.442607518885051832e+01 1.289006029520870699e-10
5.000000000000000000e+03 -2.443167162238387391e+01 1.290495898768435008e-10
1.000000000000000000e+04 -2.441148715559393167e+01 1.288179670001486826e-10
1.500000000000000000e+04 -2.420036863250425085e+01 1.276642874125395556e-10
2.000000000000000000e+04 -2.418586178106488660e+01 1.273916026393074935e-10
2.500000000000000000e+04 -2.393933809566078708e+01 1.259641868398579535e-10
3.000000000000000000e+04 -2.379088864219374955e+01 1.247212694673510611e-10
3.500000000000000000e+04 -2.345443234371487051e+01 1.229697914834043550e-10
4.000000000000000000e+04 -2.319249500380828977e+01 1.209135571268383281e-10
4.500000000000000000e+04 -2.274403754755621776e+01 1.186589189052755512e-10
5.000000000000000000e+04 -2.236566547618713230e+01 1.164146742893561909e-10
5.500000000000000000e+04 -2.195504988456377760e+01 1.138625426363822297e-10
6.000000000000000000e+04 -2.125381811690749601e+01 1.105087212025557425e-10
6.500000000000000000e+04 -2.079390237655024976e+01 1.080861352223462747e-10
7.000000000000000000e+04 -1.981772211490897462e+01 9.990415994251757405e-11
7.500000000000000000e+04 -1.936676680116215721e+01 1.042805665365730555e-10
8.000000000000000000e+04 -1.787994789832737297e+01 8.106402069119171570e-11
8.500000000000000000e+04 -1.738753877428825945e+01 1.021799326795914957e-10
9.000000000000000000e+04 -1.468950597458751872e+01 6.392374782477866949e-11
9.500000000000000000e+04 -1.561980800406308845e+01 9.442890640055587113e-11
1.000000000000000000e+05 -1.132144667516695336e+01 7.494969957345209523e-11
1.050000000000000000e+05 -7.157721383846364915e+00 6.138677301483946416e-11
1.100000000000000000e+05 -8.122910092235542834e+00 9.335201599289221149e-11
1.150000000000000000e+05 -5.126784270978532732e+00 4.556767429468068815e-11
1.200000000000000000e+05 -4.953270846453960985e+00 7.735941358775966797e-11
1.250000000000000000e+05 -3.176885333203244954e+00 4.506867525856855258e-11
1.300000000000000000e+05 -2.793467135110404342e+00 5.377475697900647761e-11
1.350000000000000000e+05 -1.662925501004792750e+00 4.172704205969875514e-11
1.400000000000000000e+05 -1.104595787764992565e+00 3.782531412685858645e-11
1.450000000000000000e+05 -3.907868461101315916e-01 3.482091107813296507e-11
1.500000000000000000e+05 1.788944204454310238e-01 2.974685774522746942e-11
1.550000000000000000e+05 7.109058315400034189e-01 2.660489010825588875e-11
1.600000000000000000e+05 1.206306807463988662e+00 2.322669119671151090e-11
1.650000000000000000e+05 1.654151477850973606e+00 1.922607106772725569e-11
1.700000000000000000e+05 2.067892698454670608e+00 1.621347508389954420e-11
1.750000000000000000e+05 2.455284252413548529e+00 1.260450493339313740e-11
1.800000000000000000e+05 2.813683497544843704e+00 9.549394150344920924e-12
1.850000000000000000e+05 3.151681428484153003e+00 6.444777890364136218e-12
1.900000000000000000e+05 3.467394257138948888e+00 3.464714531522989874e-12
1.950000000000000000e+05 3.755464076006319374e+00 6.237730398708297037e-13
2.000000000000000000e+05 4.028605009429156780e+00 -2.246034843366078782e-12
2.050000000000000000e+05 4.289057383779436350e+00 -4.893113348227541227e-12
2.100000000000000000e+05 4.532216906140092760e+00 -7.574176159675368191e-12
2.150000000000000000e+05 4.746380142285488546e+00 -1.005161804630948404e-11
2.200000000000000000e+05 4.989786204998381436e+00 -1.253417071963032526e-11
2.250000000000000000e+05 5.158602001261897385e+00 -1.489250185359549367e-11
2.300000000000000000e+05 5.372596290137153119e+00 -1.722198935354101100e-11
2.350000000000000000e+05 5.529735881194937974e+00 -1.936448638556854170e-11
2.400000000000000000e+05 5.711452488030772656e+00 -2.158362458420184217e-11
2.450000000000000000e+05 5.859576760791242123e+00 -2.363033347447498217e-11
2.500000000000000000e+05 6.010950006195344031e+00 -2.565520620871716243e-11
2.550000000000000000e+05 6.159460988710634410e+00 -2.760438652540383386e-11
2.600000000000000000e+05 6.292975146672688425e+00 -2.958067111087814807e-11
2.650000000000000000e+05 6.399301858153194189e+00 -3.120677186129037294e-11
2.700000000000000000e+05 6.545231370080728084e+00 -3.317655020972400666e-11
2.750000000000000000e+05 6.667083624226506799e+00 -3.484120299514745068e-11
2.800000000000000000e+05 6.745008018682710826e+00 -3.637540820378662622e-11
2.850000000000000000e+05 6.875334532407578081e+00 -3.815707150394612969e-11
2.900000000000000000e+05 6.949654172582086176e+00 -3.959107641990471538e-11
2.950000000000000000e+05 7.059169444662984461e+00 -4.110626617394169481e-11
3.000000000000000000e+05 7.112381048733368516e+00 -4.242658962748816640e-11
3.050000000000000000e+05 7.232692235964350402e+00 -4.401957433615227448e-11
3.100000000000000000e+05 7.297050001274328679e+00 -4.533665135591011123e-11
3.150000000000000000e+05 7.376709941774606705e+00 -4.658794678161994479e-11
3.200000000000000000e+05 7.467486716690473258e+00 -4.807172498743350033e-11
3.250000000000000000e+05 7.495220086828339845e+00 -4.889584682221208760e-11
3.300000000000000000e+05 7.609347045072354376e+00 -5.049527829618344512e-11
3.350000000000000000e+05 7.624674598569981754e+00 -5.127652132551097513e-11
3.400000000000000000e+05 7.703833025239873677e+00 -5.256604043235402691e-11
3.450000000000000000e+05 7.747428723319899291e+00 -5.331690516019988182e-11
3.500000000000000000e+05 7.809482689830474555e+00 -5.462465135321704057e-11
3.550000000000000000e+05 7.849334206664934754e+00 -5.532430800245176477e-11
3.600000000000000000e+05 7.887042413349263370e+00 -5.627560645778590247e-11
3.650000000000000000e+05 7.952269463159609586e+00 -5.729627924525556450e-11
3.700000000000000000e+05 8.002178172988351434e+00 -5.819730266568138182e-11
3.750000000000000000e+05 8.006860119348857552e+00 -5.877933751179213011e-11
3.800000000000000000e+05 8.073172168165910989e+00 -5.971535318532654722e-11
3.850000000000000000e+05 8.088929876801557839e+00 -6.035288274829910541e-11
3.900000000000000000e+05 8.128465943795163184e+00 -6.102445279273353957e-11
3.950000000000000000e+05 8.154974751116242260e+00 -6.169649556293351712e-11
4.000000000000000000e+05 8.193485943891573697e+00 -6.237245041863224924e-11
4.050000000000000000e+05 8.208915667433757335e+00 -6.285356996990532182e-11
4.100000000000000000e+05 8.238214273820631206e+00 -6.342963827506468784e-11
4.150000000000000000e+05 8.266416956263128668e+00 -6.402903930264107983e-11
4.200000000000000000e+05 8.264111875090748072e+00 -6.418303626702938515e-11
4.250000000000000000e+05 8.303628636640496552e+00 -6.496757186560246355e-11
4.300000000000000000e+05 8.354164706310257316e+00 -6.548715163082420882e-11
4.350000000000000000e+05 8.322738860733807087e+00 -6.565444990977568586e-11
4.400000000000000000e+05 8.385188478452619165e+00 -6.639537065127004497e-11
4.450000000000000000e+05 8.343455309281125665e+00 -6.615668141546562585e-11
4.500000000000000000e+05 8.410871539090294391e+00 -6.707221126596716686e-11
4.550000000000000000e+05 8.389949212083593011e+00 -6.699843760790836773e-11
4.600000000000000000e+05 8.401274194358848035e+00 -6.728437546445393744e-11
4.650000000000000000e+05 8.421215819835197181e+00 -6.756572690410185067e-11
4.700000000000000000e+05 8.440350271586794406e+00 -6.791881691810314034e-11
4.750000000000000000e+05 8.413844482274726033e+00 -6.767803094228994796e-11
4.800000000000000000e+05 8.435500877443701029e+00 -6.808325162070845576e-11
4.850000000000000000e+05 8.437300146732013673e+00 -6.814101664958882709e-11
4.900000000000000000e+05 8.440502721583470702e+00 -6.820980167057938422e-11
4.950000000000000000e+05 8.443379766773432493e+00 -6.819660556954111568e-11
5.000000000000000000e+05 8.465071186656132340e+00 -6.843083270880780208e-11
