# # x,y
0.000000000000000000e+00 -2.692901504284236580e+01 5.904881347163424798e-09
5.000000000000000000e+03 -2.695236162311630324e+01 5.898825236921662530e-09
1.000000000000000000e+04 -2.692293360410258174e+01 5.882866956217077317e-09
1.500000000000000000e+04 -2.667773561069043353e+01 5.861700825695622486e-09
2.000000000000000000e+04 -2.665259919018717483e+01 5.827447554469166912e-09
2.500000000000000000e+04 -2.639407425659010187e+01 5.792798022428608030e-09
3.000000000000000000e+04 -2.621249853388871998e+01 5.744634981754022529e-09
3.500000000000000000e+04 -2.584202420810470358e+01 5.692292248673291933e-09
4.000000000000000000e+04 -2.553202257561497390e+01 5.627499012391818994e-09
4.500000000000000000e+04 -2.503762619744520634e+01 5.558582871029553880e-09
5.000000000000000000e+04 -2.461304151325020939e+01 5.475200151782677949e-09
5.500000000000000000e+04 -2.416232065740041435e+01 5.391271226903010180e-09
6.000000000000000000e+04 -2.339540354500059038e+01 5.311117440857464448e-09
6.500000000000000000e+04 -2.285025847190991044e+01 5.202335529506450062e-09
7.000000000000000000e+04 -2.186657683853991330e+01 5.089191211969146144e-09
7.500000000000000000e+04 -2.125708278518868610e+01 4.997803833525670573e-09
8.000000000000000000e+04 -1.913823734980542213e+01 4.954932556606274195e-09
8.500000000000000000e+04 -1.973662829806562513e+01 4.591821520569837816e-09
9.000000000000000000e+04 -1.384469470538897440e+01 4.197296387058414033e-09
9.500000000000000000e+04 -1.899069385358598083e+01 5.418738410581473637e-09
1.000000000000000000e+05 -1.253563075646525249e+01 4.326928388644266001e-09
1.050000000000000000e+05 -6.898059038911014795e+00 3.263235201063791195e-09
1.100000000000000000e+05 -1.195053700526477769e+01 4.452940021966478614e-09
1.150000000000000000e+05 -5.360916471225209534e+00 4.037985924592532045e-09
1.200000000000000000e+05 -6.801339437661226839e+00 3.650607172353038583e-09
1.250000000000000000e+05 -4.159347076492849737e+00 3.578285523780440346e-09
1.300000000000000000e+05 -3.574472595122642815e+00 3.425570953836435643e-09
1.350000000000000000e+05 -2.458145786018576473e+00 3.258023698851912421e-09
1.400000000000000000e+05 -1.718970492074731737e+00 3.090118657043373908e-09
1.450000000000000000e+05 -9.896924229105934501e-01 2.929444541997597885e-09
1.500000000000000000e+05 -3.347045519622042775e-01 2.759397728018795959e-09
1.550000000000000000e+05 2.792246530298143625e-01 2.587988603835618139e-09
1.600000000000000000e+05 8.246009924914687872e-01 2.421386868327489155e-09
1.650000000000000000e+05 1.354520917055197060e+00 2.251488254729785560e-09
1.700000000000000000e+05 1.832452141272369772e+00 2.079713758045914684e-09
1.750000000000000000e+05 2.284314188873395324e+00 1.909805553076019042e-09
1.800000000000000000e+05 2.703652347496245056e+00 1.740056402683124075e-09
1.850000000000000000e+05 3.098842229868751019e+00 1.571085037529455974e-09
1.900000000000000000e+05 3.470735536538995802e+00 1.402069574628735458e-09
1.950000000000000000e+05 3.812986688630189747e+00 1.232155868781979670e-09
2.000000000000000000e+05 4.138771899335552007e+00 1.064000096146444986e-09
2.050000000000000000e+05 4.450974329723976552e+00 8.968294885530714739e-10
2.100000000000000000e+05 4.742228812770918012e+00 7.304533489742999988e-10
2.150000000000000000e+05 5.003644708602223545e+00 5.656090008968074712e-10
2.200000000000000000e+05 5.290158893913030624e+00 4.029906382618275204e-10
2.250000000000000000e+05 5.505530849972274154e+00 2.388914015121991948e-10
2.300000000000000000e+05 5.758325540577061474e+00 7.895646963364728604e-11
2.350000000000000000e+05 5.955188909952994436e+00 -8.104623213430372292e-11
2.400000000000000000e+05 6.175947937881574035e+00 -2.385461761749551447e-10
2.450000000000000000e+05 6.361939198803156614e+00 -3.950314818099163712e-10
2.500000000000000000e+05 6.546501234872266650e+00 -5.495888449184890904e-10
2.550000000000000000e+05 6.733614739845506847e+00 -7.019080853712953812e-10
2.600000000000000000e+05 6.899230042356066406e+00 -8.520796502324700229e-10
2.650000000000000000e+05 7.029442109400406480e+00 -1.001256493299022095e-09
2.700000000000000000e+05 7.218000911350827664e+00 -1.147703035274338640e-09
2.750000000000000000e+05 7.367070276406593621e+00 -1.291722148468325609e-09
2.800000000000000000e+05 7.466574931633658707e+00 -1.434010507336381328e-09
2.850000000000000000e+05 7.631721908983308822e+00 -1.573048695827210535e-09
2.900000000000000000e+05 7.732190793845802546e+00 -1.711281524400885055e-09
2.950000000000000000e+05 7.860320831998251379e+00 -1.844471020641392265e-09
3.000000000000000000e+05 7.935800952080171555e+00 -1.976944290815655383e-09
3.050000000000000000e+05 8.086443349428009242e+00 -2.106020208464328891e-09
3.100000000000000000e+05 8.173701787134632468e+00 -2.234249234353277335e-09
3.150000000000000000e+05 8.274703411327209324e+00 -2.358470609903209996e-09
3.200000000000000000e+05 8.390007039590273052e+00 -2.478872382904270831e-09
3.250000000000000000e+05 8.425955212383996695e+00 -2.598063081916290955e-09
3.300000000000000000e+05 8.569816926785279065e+00 -2.712654676040601872e-09
3.350000000000000000e+05 8.599125647277105600e+00 -2.827225805676160794e-09
3.400000000000000000e+05 8.696698270563501865e+00 -2.936477514107140803e-09
3.450000000000000000e+05 8.751554363348986953e+00 -3.043883135900348920e-09
3.500000000000000000e+05 8.838545616890769452e+00 -3.147947885815984371e-09
3.550000000000000000e+05 8.886255686113145202e+00 -3.249079841599475127e-09
3.600000000000000000e+05 8.934815550164785236e+00 -3.347156635449998921e-09
3.650000000000000000e+05 9.026929235493298620e+00 -3.442153601425857191e-09
3.700000000000000000e+05 9.088808176515158266e+00 -3.533244679680909138e-09
3.750000000000000000e+05 9.094837634998839349e+00 -3.620995890677038542e-09
3.800000000000000000e+05 9.177821236837189645e+00 -3.704573977252961833e-09
3.850000000000000000e+05 9.203752686269581318e+00 -3.786739954480664580e-09
3.900000000000000000e+05 9.248492862912826240e+00 -3.864802876557207020e-09
3.950000000000000000e+05 9.289222250401508063e+00 -3.940500224942234110e-09
4.000000000000000000e+05 9.338373138452880085e+00 -4.012638016261535901e-09
4.050000000000000000e+05 9.358483015093952417e+00 -4.081815817493483372e-09
4.100000000000000000e+05 9.399015159462578595e+00 -4.146964878082581839e-09
4.150000000000000000e+05 9.434579558263067156e+00 -4.207698920876942975e-09
4.200000000000000000e+05 9.424193061946425587e+00 -4.265802470920879015e-09
4.250000000000000000e+05 9.486415446037426591e+00 -4.321189530049774580e-09
4.300000000000000000e+05 9.546263550000730902e+00 -4.372690197742168523e-09
4.350000000000000000e+05 9.516578235838096589e+00 -4.421495075539525003e-09
4.400000000000000000e+05 9.588637837849091738e+00 -4.463657255952642554e-09
4.450000000000000000e+05 9.537373289349488914e+00 -4.505648309651174799e-09
4.500000000000000000e+05 9.625516288273502141e+00 -4.542053795479706951e-09
4.550000000000000000e+05 9.601417517464142293e+00 -4.576877001357851607e-09
4.600000000000000000e+05 9.610599401523359120e+00 -4.607511344789044583e-09
4.650000000000000000e+05 9.648602320172358304e+00 -4.635459862932010992e-09
4.700000000000000000e+05 9.671204783720895648e+00 -4.658211686303469705e-09
4.750000000000000000e+05 9.628961390058975667e+00 -4.677458288229119766e-09
4.800000000000000000e+05 9.663307645998429507e+00 -4.693212584540852314e-09
4.850000000000000000e+05 9.667754775553476065e+00 -4.706063541578158692e-09
4.900000000000000000e+05 9.665185650461353362e+00 -4.714734095847545029e-09
4.950000000000000000e+05 9.672025031992234290e+00 -4.720611641992795724e-09
5.000000000000000000e+05 9.700365740165580064e+00 -4.722542013814653999e-09
