# # x,y
0.000000000000000000e+00 -2.646263242285931483e+01 1.402824947993801944e-10
5.000000000000000000e+03 -2.647593871282879263e+01 1.416626356428349419e-10
1.000000000000000000e+04 -2.645161549875047058e+01 1.411695999063847557e-10
1.500000000000000000e+04 -2.621747322939336300e+01 1.389884822493526059e-10
2.000000000000000000e+04 -2.620069062954280525e+01 1.385833594412961344e-10
2.500000000000000000e+04 -2.593370752449845895e+01 1.382136099744588696e-10
3.000000000000000000e+04 -2.576510651322314516e+01 1.360805234930535749e-10
3.500000000000000000e+04 -2.539898223330965266e+01 1.342394848522478874e-10
4.000000000000000000e+04 -2.510488192306365818e+01 1.321810696776054385e-10
4.500000000000000000e+04 -2.462152863229857758e+01 1.290369562061491267e-10
5.000000000000000000e+04 -2.420578297332394868e+01 1.259033071385940362e-10
5.500000000000000000e+04 -2.376008778763934970e+01 1.263373048138774492e-10
6.000000000000000000e+04 -2.301866219931980595e+01 1.228829818922890342e-10
6.500000000000000000e+04 -2.247661492670886219e+01 1.120397826914367054e-10
7.000000000000000000e+04 -2.141400798561517149e+01 1.229954845468348526e-10
7.500000000000000000e+04 -2.103119446063647047e+01 1.071346137454604314e-10
8.000000000000000000e+04 -1.893009319779230282e+01 5.203655929865833542e-11
8.500000000000000000e+04 -1.921947525034192950e+01 1.551183596178151177e-10
9.000000000000000000e+04 -1.517610990593675524e+01 -5.266950609399663328e-11
9.500000000000000000e+04 -1.740066211781231686e+01 1.752019206503601292e-10
1.000000000000000000e+05 -1.244000807061092928e+01 6.669987543927188481e-11
1.050000000000000000e+05 -7.926285779976751655e+00 1.176594227057026803e-11
1.100000000000000000e+05 -1.015586699201958254e+01 2.281876544724173417e-10
1.150000000000000000e+05 -5.566621210135053843e+00 -7.910716594024948186e-12
1.200000000000000000e+05 -6.485246183292474598e+00 1.328502370666973950e-10
1.250000000000000000e+05 -3.893011913169175386e+00 6.192141578241622197e-11
1.300000000000000000e+05 -3.614859898749273270e+00 3.976414962926898921e-11
1.350000000000000000e+05 -2.384477707091718912e+00 5.678285370879411196e-11
1.400000000000000000e+05 -1.669078050705138594e+00 3.739275276448527079e-11
1.450000000000000000e+05 -9.551136638037860394e-01 3.764020545071481917e-11
1.500000000000000000e+05 -3.087614193209446967e-01 3.655588855780363565e-11
1.550000000000000000e+05 2.839180866722017527e-01 3.011350327872669458e-11
1.600000000000000000e+05 8.212391355773434043e-01 2.724120549419358532e-11
1.650000000000000000e+05 1.336785324790980667e+00 2.305969992111997316e-11
1.700000000000000000e+05 1.800974160840269178e+00 1.905343798036894793e-11
1.750000000000000000e+05 2.242785142734646797e+00 1.549965341134848992e-11
1.800000000000000000e+05 2.651386806042864919e+00 1.201975590008189464e-11
1.850000000000000000e+05 3.037735752819571644e+00 8.693263677360454146e-12
1.900000000000000000e+05 3.401180061686318368e+00 5.365590577234965971e-12
1.950000000000000000e+05 3.734491981507744640e+00 2.217900660822785941e-12
2.000000000000000000e+05 4.052905156568158418e+00 -8.614357656550365840e-13
2.050000000000000000e+05 4.356736765534151345e+00 -4.035086290932172495e-12
2.100000000000000000e+05 4.641715438803657889e+00 -6.820637691075735972e-12
2.150000000000000000e+05 4.896350157971028239e+00 -9.750713780794562878e-12
2.200000000000000000e+05 5.179238961660303175e+00 -1.240713323476570492e-11
2.250000000000000000e+05 5.386237774975597858e+00 -1.522749387071817104e-11
2.300000000000000000e+05 5.637241350021213293e+00 -1.766128792344519426e-11
2.350000000000000000e+05 5.828799035807605833e+00 -2.013458806663928068e-11
2.400000000000000000e+05 6.045869539433624595e+00 -2.257416664871211110e-11
2.450000000000000000e+05 6.227628195774741471e+00 -2.500724768213424332e-11
2.500000000000000000e+05 6.410119915672112256e+00 -2.699590148064670054e-11
2.550000000000000000e+05 6.591726857353933156e+00 -2.960973682811270083e-11
2.600000000000000000e+05 6.756765821308363229e+00 -3.167873346145549973e-11
2.650000000000000000e+05 6.887295274296775460e+00 -3.313654749109338644e-11
2.700000000000000000e+05 7.067988235270604491e+00 -3.602440414381004575e-11
2.750000000000000000e+05 7.216197272471617907e+00 -3.781674631782515158e-11
2.800000000000000000e+05 7.317229894804768264e+00 -3.918226270615856468e-11
2.850000000000000000e+05 7.478249325999058783e+00 -4.157953800849451644e-11
2.900000000000000000e+05 7.575418981956318021e+00 -4.330634463198558154e-11
2.950000000000000000e+05 7.708518749568611383e+00 -4.461165552628001677e-11
3.000000000000000000e+05 7.782804407353978604e+00 -4.619743303830194304e-11
3.050000000000000000e+05 7.930588400282431394e+00 -4.827360546974189693e-11
3.100000000000000000e+05 8.015840401232708246e+00 -4.973181187724335803e-11
3.150000000000000000e+05 8.116193996858783066e+00 -5.130153976052238220e-11
3.200000000000000000e+05 8.232063481467776000e+00 -5.304292893279290271e-11
3.250000000000000000e+05 8.270834839611779898e+00 -5.366756112020920963e-11
3.300000000000000000e+05 8.413216826738789678e+00 -5.574029630002977787e-11
3.350000000000000000e+05 8.440490491804666817e+00 -5.678006959583881440e-11
3.400000000000000000e+05 8.540529597899876535e+00 -5.804511965215423152e-11
3.450000000000000000e+05 8.595935711404308677e+00 -5.895675149714812484e-11
3.500000000000000000e+05 8.680265637871343642e+00 -6.066559869522054191e-11
3.550000000000000000e+05 8.731200885551515967e+00 -6.137165438863508348e-11
3.600000000000000000e+05 8.782396112626884133e+00 -6.206010626930639394e-11
3.650000000000000000e+05 8.868077132210601121e+00 -6.409466537645632671e-11
3.700000000000000000e+05 8.932075728895142674e+00 -6.495722807245298607e-11
3.750000000000000000e+05 8.944017900445032865e+00 -6.514572037625849535e-11
3.800000000000000000e+05 9.027131047681905329e+00 -6.647344155530529938e-11
3.850000000000000000e+05 9.053106794133782387e+00 -6.725954262769480488e-11
3.900000000000000000e+05 9.102336948039010167e+00 -6.766418935200967924e-11
3.950000000000000000e+05 9.141058546956628561e+00 -6.877008087172377774e-11
4.000000000000000000e+05 9.190511870838236064e+00 -6.954934114576120104e-11
4.050000000000000000e+05 9.212745869182981551e+00 -6.987455288028699498e-11
4.100000000000000000e+05 9.252107146370690316e+00 -7.077460963932839597e-11
4.150000000000000000e+05 9.290515043481718749e+00 -7.140786494253506884e-11
4.200000000000000000e+05 9.287188496382441372e+00 -7.093747163142808474e-11
4.250000000000000000e+05 9.343326649395748973e+00 -7.257303597078979287e-11
4.300000000000000000e+05 9.402229587140027434e+00 -7.317736142876481312e-11
4.350000000000000000e+05 9.373051656642928720e+00 -7.341093153110552568e-11
4.400000000000000000e+05 9.448910586768761277e+00 -7.421017228037157996e-11
4.450000000000000000e+05 9.400277512380853295e+00 -7.361052414712221161e-11
4.500000000000000000e+05 9.485334470751695335e+00 -7.501783969164712370e-11
4.550000000000000000e+05 9.462901343358680606e+00 -7.497165966089497099e-11
4.600000000000000000e+05 9.475991442217491567e+00 -7.466490148668445313e-11
4.650000000000000000e+05 9.504923803149722517e+00 -7.605049239162828433e-11
4.700000000000000000e+05 9.529217104602139443e+00 -7.627104445976177717e-11
4.750000000000000000e+05 9.495504171121865511e+00 -7.524291250079745498e-11
4.800000000000000000e+05 9.525824922195170075e+00 -7.617091734133203415e-11
4.850000000000000000e+05 9.529084769077599049e+00 -7.637328080758603214e-11
4.900000000000000000e+05 9.531414732860866934e+00 -7.590246465088044686e-11
4.950000000000000000e+05 9.535332601051777601e+00 -7.627927374077697788e-11
5.000000000000000000e+05 9.561720906000118703e+00 -7.663955325911254351e-11
