# # x,y
0.000000000000000000e+00 -5.469387198268668726e+01 -8.338833468923736889e-10
5.000000000000000000e+03 -5.468668498814804479e+01 -8.341424182590799096e-10
1.000000000000000000e+04 -5.457809411181369796e+01 -8.334072439279526782e-10
1.500000000000000000e+04 -5.425329854793380946e+01 -8.261606771252737798e-10
2.000000000000000000e+04 -5.403074024413945153e+01 -8.256448020084046958e-10
2.500000000000000000e+04 -5.358555837511084974e+01 -8.171186308190935413e-10
3.000000000000000000e+04 -5.312618653965182602e+01 -8.118924175359365937e-10
3.500000000000000000e+04 -5.247029960609506816e+01 -8.004029560501253069e-10
4.000000000000000000e+04 -5.178578188817482442e+01 -7.911235984100080715e-10
4.500000000000000000e+04 -5.089651377609698102e+01 -7.759458180574292849e-10
5.000000000000000000e+04 -4.998174861777806655e+01 -7.628294005340190729e-10
5.500000000000000000e+04 -4.898357388912700117e+01 -7.487677596773027186e-10
6.000000000000000000e+04 -4.766804511711234227e+01 -7.249112165631983390e-10
6.500000000000000000e+04 -4.637744592846138403e+01 -7.093191720201611830e-10
7.000000000000000000e+04 -4.471004391676979139e+01 -6.742351232835386425e-10
7.500000000000000000e+04 -4.319652094750199467e+01 -6.626910578838660050e-10
8.000000000000000000e+04 -4.036679257004288957e+01 -6.031785681592391232e-10
8.500000000000000000e+04 -3.935019003401976079e+01 -5.996848207364081977e-10
9.000000000000000000e+04 -3.245439549000002444e+01 -4.935242496561661222e-10
9.500000000000000000e+04 -3.653222113882657140e+01 -5.402353741916454618e-10
1.000000000000000000e+05 -2.717502271156990901e+01 -3.937580283232432275e-10
1.050000000000000000e+05 -1.858821391442324966e+01 -2.551018332600671822e-10
1.100000000000000000e+05 -2.251267835707403719e+01 -3.034943945617747955e-10
1.150000000000000000e+05 -1.497133980062790215e+01 -1.827347349919625688e-10
1.200000000000000000e+05 -1.460670885606668890e+01 -1.951443166522822882e-10
1.250000000000000000e+05 -1.126143508183304220e+01 -1.214856890540066462e-10
1.300000000000000000e+05 -9.611472861899528652e+00 -1.143891152343838544e-10
1.350000000000000000e+05 -7.722436612937599421e+00 -7.245787272932015762e-11
1.400000000000000000e+05 -6.102333964139688760e+00 -5.281817607681695348e-11
1.450000000000000000e+05 -4.628947101475205272e+00 -2.893222066838373172e-11
1.500000000000000000e+05 -3.256188139028381556e+00 -8.445934497071612118e-12
1.550000000000000000e+05 -1.958488087402656674e+00 9.874894246268661131e-12
1.600000000000000000e+05 -7.712137188063934445e-01 2.708668043178225023e-11
1.650000000000000000e+05 3.680454290588386357e-01 4.321791850986691815e-11
1.700000000000000000e+05 1.428172539919614792e+00 5.772378924811456167e-11
1.750000000000000000e+05 2.430527086020447314e+00 7.168811746065792233e-11
1.800000000000000000e+05 3.376256998220924288e+00 8.449749443083128989e-11
1.850000000000000000e+05 4.271566187089774758e+00 9.664041567718792849e-11
1.900000000000000000e+05 5.121629248198587447e+00 1.080574518897814684e-10
1.950000000000000000e+05 5.925193482078611851e+00 1.185116002251924053e-10
2.000000000000000000e+05 6.691222928522620350e+00 1.285141213013889413e-10
2.050000000000000000e+05 7.424786092247813940e+00 1.380140718929333816e-10
2.100000000000000000e+05 8.120550465129781514e+00 1.469771661116747836e-10
2.150000000000000000e+05 8.774188564333599061e+00 1.549296585129670077e-10
2.200000000000000000e+05 9.425205624895170331e+00 1.638130928807293150e-10
2.250000000000000000e+05 1.000984402914764360e+01 1.702698827078983702e-10
2.300000000000000000e+05 1.060103249346138909e+01 1.781500924345358391e-10
2.350000000000000000e+05 1.113701023627072573e+01 1.841350795656084538e-10
2.400000000000000000e+05 1.167400317819556221e+01 1.909399409297781564e-10
2.450000000000000000e+05 1.217167807009536773e+01 1.965989520532035470e-10
2.500000000000000000e+05 1.265320722729666159e+01 2.023483990789614894e-10
2.550000000000000000e+05 1.312476352503290400e+01 2.079754160230917086e-10
2.600000000000000000e+05 1.356629391969181597e+01 2.131420268659030244e-10
2.650000000000000000e+05 1.396953953109914437e+01 2.172695382159636695e-10
2.700000000000000000e+05 1.440723574685398489e+01 2.228333889666003138e-10
2.750000000000000000e+05 1.480153489194344729e+01 2.274789952833115512e-10
2.800000000000000000e+05 1.514813375216908753e+01 2.306660654955582052e-10
2.850000000000000000e+05 1.553433238173602149e+01 2.356491586398252899e-10
2.900000000000000000e+05 1.586370147392153740e+01 2.386740323939942062e-10
2.950000000000000000e+05 1.620029071602039039e+01 2.428644806320253155e-10
3.000000000000000000e+05 1.649168131139595062e+01 2.451687305495373062e-10
3.050000000000000000e+05 1.682940798258641735e+01 2.497454834020609598e-10
3.100000000000000000e+05 1.711234717658953741e+01 2.524072949023236761e-10
3.150000000000000000e+05 1.739617099828319624e+01 2.555199206513466932e-10
3.200000000000000000e+05 1.768208981840871274e+01 2.591140993131490911e-10
3.250000000000000000e+05 1.790085417067166418e+01 2.603621933353657864e-10
3.300000000000000000e+05 1.819303076952928677e+01 2.647589049175859857e-10
3.350000000000000000e+05 1.839439303666586056e+01 2.655986548432123075e-10
3.400000000000000000e+05 1.863675102964043617e+01 2.687288145675331283e-10
3.450000000000000000e+05 1.884103474131552503e+01 2.704540540861190222e-10
3.500000000000000000e+05 1.906379785848548636e+01 2.730532943389796021e-10
3.550000000000000000e+05 1.924882586480816826e+01 2.746395850983312575e-10
3.600000000000000000e+05 1.942813003167975694e+01 2.762852612985871347e-10
3.650000000000000000e+05 1.963707900460576639e+01 2.788443972563339292e-10
3.700000000000000000e+05 1.981422438926529139e+01 2.808544480639552272e-10
3.750000000000000000e+05 1.994261266058310866e+01 2.812699191489093254e-10
3.800000000000000000e+05 2.012342069047736004e+01 2.838245859284314090e-10
3.850000000000000000e+05 2.025724159122910351e+01 2.846225632702073954e-10
3.900000000000000000e+05 2.039731925469823182e+01 2.861920937040135315e-10
3.950000000000000000e+05 2.053163617523387074e+01 2.873543137772017365e-10
4.000000000000000000e+05 2.066546806489350274e+01 2.888943658823969118e-10
4.050000000000000000e+05 2.077225119009381160e+01 2.896113757530078127e-10
4.100000000000000000e+05 2.088991097133839503e+01 2.908105382936302367e-10
4.150000000000000000e+05 2.099731653125490993e+01 2.919968883312884589e-10
4.200000000000000000e+05 2.106375810375902802e+01 2.919799350420301107e-10
4.250000000000000000e+05 2.118461578758433461e+01 2.936207489198909205e-10
4.300000000000000000e+05 2.129555201547918841e+01 2.954727784924515373e-10
4.350000000000000000e+05 2.133641373430145904e+01 2.945456644015127564e-10
4.400000000000000000e+05 2.144534933916293085e+01 2.968966283355838356e-10
4.450000000000000000e+05 2.145890232466626912e+01 2.954332529163366442e-10
4.500000000000000000e+05 2.157280271343188360e+01 2.980311773618855773e-10
4.550000000000000000e+05 2.159805599285755306e+01 2.973181575792014321e-10
4.600000000000000000e+05 2.164163200079929084e+01 2.978118742997861898e-10
4.650000000000000000e+05 2.170749802549835294e+01 2.985854591404324645e-10
4.700000000000000000e+05 2.175294379703700542e+01 2.993608614537656287e-10
4.750000000000000000e+05 2.174330891401041299e+01 2.983933963773782637e-10
4.800000000000000000e+05 2.179027999436948448e+01 2.992833013822941720e-10
4.850000000000000000e+05 2.180964774626772851e+01 2.993657919214664613e-10
4.900000000000000000e+05 2.181709156383294612e+01 2.994995305114492105e-10
4.950000000000000000e+05 2.183017660479526967e+01 2.995813615596745043e-10
5.000000000000000000e+05 2.185414766694884747e+01 3.003888454106173754e-10
