# # x,y
0.000000000000000000e+00 -2.343252036179183051e+01 1.232381886001149009e-10
5.000000000000000000e+03 -2.343736617785179988e+01 1.232983323912039265e-10
1.000000000000000000e+04 -2.341916052269516513e+01 1.230276631669674816e-10
1.500000000000000000e+04 -2.321622565074358135e+01 1.220848541829325732e-10
2.000000000000000000e+04 -2.320479388121748343e+01 1.215975359538841362e-10
2.500000000000000000e+04 -2.296853483887389302e+01 1.204094679890977635e-10
3.000000000000000000e+04 -2.283034594316268340e+01 1.190678236583774247e-10
3.500000000000000000e+04 -2.250684288470074534e+01 1.175059646015099343e-10
4.000000000000000000e+04 -2.226055441558128223e+01 1.156079592900787280e-10
4.500000000000000000e+04 -2.182999046094482765e+01 1.133074928476756737e-10
5.000000000000000000e+04 -2.146849960286635906e+01 1.113054191790813197e-10
5.500000000000000000e+04 -2.107827080867718905e+01 1.086428339007256281e-10
6.000000000000000000e+04 -2.040185151033801958e+01 1.057245859905753582e-10
6.500000000000000000e+04 -1.996148074226221070e+01 1.031354229497866275e-10
7.000000000000000000e+04 -1.904128465446410701e+01 9.691433477550388569e-11
7.500000000000000000e+04 -1.857058233814314008e+01 9.803172276661631752e-11
8.000000000000000000e+04 -1.722770226647844538e+01 8.332705478514793736e-11
8.500000000000000000e+04 -1.662115541042294353e+01 9.316334198205933935e-11
9.000000000000000000e+04 -1.415475115989102051e+01 6.993321507969948442e-11
9.500000000000000000e+04 -1.491468330955831334e+01 8.545524107615211548e-11
1.000000000000000000e+05 -1.074069708498427644e+01 7.219450255631918293e-11
1.050000000000000000e+05 -6.671580039721447974e+00 6.135777509051112069e-11
1.100000000000000000e+05 -7.454332424909807742e+00 7.833201212032763798e-11
1.150000000000000000e+05 -4.750412510358728468e+00 4.883733374792268777e-11
1.200000000000000000e+05 -4.397587876592297107e+00 6.514196954925684476e-11
1.250000000000000000e+05 -2.823432793782558292e+00 4.438080327318665081e-11
1.300000000000000000e+05 -2.390181308903265744e+00 4.876974702659276391e-11
1.350000000000000000e+05 -1.346407036064192653e+00 3.878615189997910820e-11
1.400000000000000000e+05 -8.129079313948750496e-01 3.602855572257109689e-11
1.450000000000000000e+05 -1.269870534888468683e-01 3.222584944133341682e-11
1.500000000000000000e+05 4.055609654751606286e-01 2.777689368664134341e-11
1.550000000000000000e+05 9.128560402314178646e-01 2.467172808265786406e-11
1.600000000000000000e+05 1.380940288770943880e+00 2.116480924973812639e-11
1.650000000000000000e+05 1.799209550023078918e+00 1.762483201779509500e-11
1.700000000000000000e+05 2.189463452552445233e+00 1.467540269733570960e-11
1.750000000000000000e+05 2.549053023103624582e+00 1.124201157098896908e-11
1.800000000000000000e+05 2.884286380838602781e+00 8.404315334551950928e-12
1.850000000000000000e+05 3.198113811842631549e+00 5.382232825677500295e-12
1.900000000000000000e+05 3.491146676300559193e+00 2.604127326754114242e-12
1.950000000000000000e+05 3.757320689328480512e+00 -1.140284083294665869e-13
2.000000000000000000e+05 4.008449163229670376e+00 -2.828020574700845596e-12
2.050000000000000000e+05 4.248681493685580790e+00 -5.319512107120277231e-12
2.100000000000000000e+05 4.471252833667676896e+00 -7.860577479526155174e-12
2.150000000000000000e+05 4.666494073811918497e+00 -1.018986561422403541e-11
2.200000000000000000e+05 4.890929943008814007e+00 -1.252411506061046839e-11
2.250000000000000000e+05 5.041691754362545907e+00 -1.474825867337487247e-11
2.300000000000000000e+05 5.237903244909830391e+00 -1.693441650956557482e-11
2.350000000000000000e+05 5.378634189022704959e+00 -1.895660069628483846e-11
2.400000000000000000e+05 5.543403231480624527e+00 -2.103934054767425388e-11
2.450000000000000000e+05 5.675939650624059141e+00 -2.295315139773368890e-11
2.500000000000000000e+05 5.811795795918442309e+00 -2.486300303289501840e-11
2.550000000000000000e+05 5.945502167625818402e+00 -2.667809598597256263e-11
2.600000000000000000e+05 6.063996736658737063e+00 -2.851606338663919246e-11
2.650000000000000000e+05 6.157749670441262424e+00 -3.007435812675016598e-11
2.700000000000000000e+05 6.288881455780938268e+00 -3.187300216713354554e-11
2.750000000000000000e+05 6.398020707245450467e+00 -3.343461620907476928e-11
2.800000000000000000e+05 6.464140580676030368e+00 -3.489170043922183612e-11
2.850000000000000000e+05 6.581093761313240975e+00 -3.651440656919325688e-11
2.900000000000000000e+05 6.644373105431441218e+00 -3.787841861807685702e-11
2.950000000000000000e+05 6.742433994892053306e+00 -3.927433181850961716e-11
3.000000000000000000e+05 6.785484778985846788e+00 -4.052812123028220563e-11
3.050000000000000000e+05 6.893895209068432450e+00 -4.196766575680418396e-11
3.100000000000000000e+05 6.948223859653808177e+00 -4.319493118295420984e-11
3.150000000000000000e+05 7.018322152376640588e+00 -4.437177508785136453e-11
3.200000000000000000e+05 7.098083901742938906e+00 -4.569437574886236189e-11
3.250000000000000000e+05 7.119213139114435762e+00 -4.653310736817334416e-11
3.300000000000000000e+05 7.221582921396475285e+00 -4.793560387451945416e-11
3.350000000000000000e+05 7.230714372184593230e+00 -4.871715300750644311e-11
3.400000000000000000e+05 7.300250263942871243e+00 -4.987648645498944928e-11
3.450000000000000000e+05 7.337976593698840588e+00 -5.061152113053441208e-11
3.500000000000000000e+05 7.390285926812794060e+00 -5.178292369331093184e-11
3.550000000000000000e+05 7.424746522563509643e+00 -5.245215360459902047e-11
3.600000000000000000e+05 7.455175608047284186e+00 -5.334151839828713935e-11
3.650000000000000000e+05 7.512873321073129773e+00 -5.424754593500675070e-11
3.700000000000000000e+05 7.555986234219744802e+00 -5.507172366214673533e-11
3.750000000000000000e+05 7.556077003537211567e+00 -5.564677103484695448e-11
3.800000000000000000e+05 7.615472534962464124e+00 -5.647593567561179912e-11
3.850000000000000000e+05 7.626338787667918950e+00 -5.707767226593048114e-11
3.900000000000000000e+05 7.660760121478233486e+00 -5.770326123931312270e-11
3.950000000000000000e+05 7.682245210045948625e+00 -5.831030326858685409e-11
4.000000000000000000e+05 7.715610258339438587e+00 -5.894098039676275372e-11
4.050000000000000000e+05 7.727356827061157674e+00 -5.939227765205540418e-11
4.100000000000000000e+05 7.752267130825202912e+00 -5.993042192744774750e-11
4.150000000000000000e+05 7.776077895017806441e+00 -6.045243102039908463e-11
4.200000000000000000e+05 7.772268215427175164e+00 -6.066398939053193192e-11
4.250000000000000000e+05 7.806190337927546352e+00 -6.131715248636920949e-11
4.300000000000000000e+05 7.852816831844393164e+00 -6.179122330557343231e-11
4.350000000000000000e+05 7.819964142225217074e+00 -6.197987837597648724e-11
4.400000000000000000e+05 7.877157099312171340e+00 -6.258698369822675829e-11
4.450000000000000000e+05 7.836747626366559416e+00 -6.247048634841647563e-11
4.500000000000000000e+05 7.897686540964059532e+00 -6.321693164324640013e-11
4.550000000000000000e+05 7.877133194706402719e+00 -6.319173336920901850e-11
4.600000000000000000e+05 7.886170485755428672e+00 -6.347757908077970732e-11
4.650000000000000000e+05 7.904204528836999089e+00 -6.369463937582099185e-11
4.700000000000000000e+05 7.920677763235289603e+00 -6.401621364562075640e-11
4.750000000000000000e+05 7.895746887195855379e+00 -6.384567209438483680e-11
4.800000000000000000e+05 7.914514963631518185e+00 -6.418096932094672586e-11
4.850000000000000000e+05 7.915888604591600597e+00 -6.423319066732103201e-11
4.900000000000000000e+05 7.918525736662559211e+00 -6.430366516153156135e-11
4.950000000000000000e+05 7.921481496072374284e+00 -6.429810337453590156e-11
5.000000000000000000e+05 7.941561519342940301e+00 -6.448014950095493374e-11
