# # x,y
0.000000000000000000e+00 -2.358850467763841152e+01 1.241273440630297736e-10
5.000000000000000000e+03 -2.359343042067484930e+01 1.241962572348312501e-10
1.000000000000000000e+04 -2.357488632190506905e+01 1.239324116111626617e-10
1.500000000000000000e+04 -2.337074798351386562e+01 1.229610236715561805e-10
2.000000000000000000e+04 -2.335871475841850042e+01 1.225031049706112997e-10
2.500000000000000000e+04 -2.312093937100144103e+01 1.212794577585859980e-10
3.000000000000000000e+04 -2.298106121568707749e+01 1.199475356532262249e-10
3.500000000000000000e+04 -2.265557708760024980e+01 1.183647509005463704e-10
4.000000000000000000e+04 -2.240687695500673726e+01 1.164338577213166701e-10
4.500000000000000000e+04 -2.197341656329808757e+01 1.141486807863499713e-10
5.000000000000000000e+04 -2.160937329573789611e+01 1.120938234826388985e-10
5.500000000000000000e+04 -2.121579921961529180e+01 1.094642299197719995e-10
6.000000000000000000e+04 -2.053566086414502934e+01 1.064704158215400120e-10
6.500000000000000000e+04 -2.009204041282646358e+01 1.039214218014439357e-10
7.000000000000000000e+04 -1.916387403832050040e+01 9.744690583785711064e-11
7.500000000000000000e+04 -1.869475749274715781e+01 9.894457792051836297e-11
8.000000000000000000e+04 -1.733287224097875878e+01 8.327904903630152808e-11
8.500000000000000000e+04 -1.673931205441476777e+01 9.435294026045714478e-11
9.000000000000000000e+04 -1.424283283035038039e+01 6.949210901196433378e-11
9.500000000000000000e+04 -1.502309583750320598e+01 8.661565849827497143e-11
1.000000000000000000e+05 -1.083206900954246521e+01 7.269961740462469944e-11
1.050000000000000000e+05 -6.749121494765859097e+00 6.153705937122673280e-11
1.100000000000000000e+05 -7.554061908333096653e+00 8.016182263859703226e-11
1.150000000000000000e+05 -4.811969451664481312e+00 4.862820209494919351e-11
1.200000000000000000e+05 -4.480531418521422893e+00 6.667687671766166907e-11
1.250000000000000000e+05 -2.879542516137007624e+00 4.456112560713350489e-11
1.300000000000000000e+05 -2.452095570915844291e+00 4.951850165752709157e-11
1.350000000000000000e+05 -1.395563420897815377e+00 3.920368159597805090e-11
1.400000000000000000e+05 -8.585494072758592665e-01 3.636966512632953701e-11
1.450000000000000000e+05 -1.678498281980864704e-01 3.261595233905668234e-11
1.500000000000000000e+05 3.703463837155140936e-01 2.809728560683866281e-11
1.550000000000000000e+05 8.815679110703058541e-01 2.497824063423233928e-11
1.600000000000000000e+05 1.354075110575649887e+00 2.148007311332785386e-11
1.650000000000000000e+05 1.776843325875233859e+00 1.787528426006239424e-11
1.700000000000000000e+05 2.170823951717466116e+00 1.491796053925742709e-11
1.750000000000000000e+05 2.534763183328323066e+00 1.145176120307856303e-11
1.800000000000000000e+05 2.873592804651707411e+00 8.583687938968097934e-12
1.850000000000000000e+05 3.191242129192687571e+00 5.546742218928359729e-12
1.900000000000000000e+05 3.487796895031351596e+00 2.736704683383561653e-12
1.950000000000000000e+05 3.757410701829940081e+00 1.886453786054560919e-16
2.000000000000000000e+05 4.011977345391642302e+00 -2.739704295485956437e-12
2.050000000000000000e+05 4.255365262739360332e+00 -5.253674218532381605e-12
2.100000000000000000e+05 4.481155232002492994e+00 -7.818012865642610772e-12
2.150000000000000000e+05 4.679347237455658615e+00 -1.016955903299979495e-11
2.200000000000000000e+05 4.906740463455207646e+00 -1.252674484525784703e-11
2.250000000000000000e+05 5.060319937998428941e+00 -1.477226526461837695e-11
2.300000000000000000e+05 5.259301466052420437e+00 -1.698055083884546506e-11
2.350000000000000000e+05 5.402594104933086783e+00 -1.902192632195373837e-11
2.400000000000000000e+05 5.570002437452785671e+00 -2.112632859390059242e-11
2.450000000000000000e+05 5.704964099801145494e+00 -2.306013264078975073e-11
2.500000000000000000e+05 5.843240313581191003e+00 -2.498950262504343869e-11
2.550000000000000000e+05 5.979247017996385694e+00 -2.682399765568684072e-11
2.600000000000000000e+05 6.100071858672890812e+00 -2.868356010264989396e-11
2.650000000000000000e+05 6.195797986583784223e+00 -3.025474642079812409e-11
2.700000000000000000e+05 6.329211331845726818e+00 -3.207709728896826251e-11
2.750000000000000000e+05 6.440329684352036566e+00 -3.365534532967506054e-11
2.800000000000000000e+05 6.508295441628433764e+00 -3.512629103375109867e-11
2.850000000000000000e+05 6.627307547722011805e+00 -3.677152553304967619e-11
2.900000000000000000e+05 6.692314680491108447e+00 -3.814810276653523438e-11
2.950000000000000000e+05 6.792146074993070215e+00 -3.956194524853356422e-11
3.000000000000000000e+05 6.836785409599542618e+00 -4.082806055349886042e-11
3.050000000000000000e+05 6.947022809996269643e+00 -4.228859341113348834e-11
3.100000000000000000e+05 7.002907712128944695e+00 -4.353077487429482802e-11
3.150000000000000000e+05 7.074496999150142074e+00 -4.471916094470001835e-11
3.200000000000000000e+05 7.155938973941374570e+00 -4.606458078989880161e-11
3.250000000000000000e+05 7.178127870662137866e+00 -4.690500926547041877e-11
3.300000000000000000e+05 7.282280344108585268e+00 -4.833386141698949713e-11
3.350000000000000000e+05 7.292399878788273782e+00 -4.911843568121342210e-11
3.400000000000000000e+05 7.363408157485537231e+00 -5.029682910437973247e-11
3.450000000000000000e+05 7.402064076566603035e+00 -5.103548066009327654e-11
3.500000000000000000e+05 7.455861709022428840e+00 -5.222733954740405604e-11
3.550000000000000000e+05 7.491169232991524041e+00 -5.290112846220022569e-11
3.600000000000000000e+05 7.522726835450157523e+00 -5.380278890444132190e-11
3.650000000000000000e+05 7.581574581156019121e+00 -5.472247367720985186e-11
3.700000000000000000e+05 7.625733705179300159e+00 -5.555902909559714225e-11
3.750000000000000000e+05 7.626552171015646309e+00 -5.613775589868237212e-11
3.800000000000000000e+05 7.687001044687349349e+00 -5.698121669051340920e-11
3.850000000000000000e+05 7.698630001570563763e+00 -5.758951071315313164e-11
3.900000000000000000e+05 7.733844670292455703e+00 -5.822281130906199416e-11
3.950000000000000000e+05 7.756100438593421131e+00 -5.883922155119027278e-11
4.000000000000000000e+05 7.790264979877974838e+00 -5.947705784355816678e-11
4.050000000000000000e+05 7.802583876531571150e+00 -5.993393024491657347e-11
4.100000000000000000e+05 7.828176358656492084e+00 -6.047813953333939457e-11
4.150000000000000000e+05 7.852650956192519516e+00 -6.101062700371407770e-11
4.200000000000000000e+05 7.849106412904802710e+00 -6.121786335443719607e-11
4.250000000000000000e+05 7.883860424801241606e+00 -6.188694678981995356e-11
4.300000000000000000e+05 7.931088585639372468e+00 -6.236791709314370975e-11
4.350000000000000000e+05 7.898473407840356231e+00 -6.255510252819228157e-11
4.400000000000000000e+05 7.956440869835205376e+00 -6.317970514001616388e-11
4.450000000000000000e+05 7.915877889317926019e+00 -6.304921504449450777e-11
4.500000000000000000e+05 7.977769305987749249e+00 -6.381767714602263523e-11
4.550000000000000000e+05 7.957181240199133754e+00 -6.378620063396329047e-11
4.600000000000000000e+05 7.966580707870889455e+00 -6.407478643213021712e-11
4.650000000000000000e+05 7.984891526633873582e+00 -6.429792323242187742e-11
4.700000000000000000e+05 8.001773237832821906e+00 -6.462488790637581739e-11
4.750000000000000000e+05 7.976623429683968425e+00 -6.444643094198284011e-11
4.800000000000000000e+05 7.995819045172538608e+00 -6.479091467605547813e-11
4.850000000000000000e+05 7.997258711082395166e+00 -6.484338807588889375e-11
4.900000000000000000e+05 7.999985315895173699e+00 -6.491489497091713133e-11
4.950000000000000000e+05 8.002933284384198487e+00 -6.490770691061805519e-11
5.000000000000000000e+05 8.023245973163284361e+00 -6.509595047087434883e-11
