# # x,y
0.000000000000000000e+00 -5.548069494852097705e+01 -8.297065699898154881e-10
5.000000000000000000e+03 -5.547374469856731594e+01 -8.299523213081532670e-10
1.000000000000000000e+04 -5.536446141428314149e+01 -8.292228252485597375e-10
1.500000000000000000e+04 -5.503283651464153081e+01 -8.220254998200789278e-10
2.000000000000000000e+04 -5.480978582677198574e+01 -8.215033908968340917e-10
2.500000000000000000e+04 -5.435656873404514045e+01 -8.130354352877589186e-10
3.000000000000000000e+04 -5.389226487133419141e+01 -8.078342406046609196e-10
3.500000000000000000e+04 -5.322554661164758727e+01 -7.964175990361876442e-10
4.000000000000000000e+04 -5.253228252439294010e+01 -7.871996013928557337e-10
4.500000000000000000e+04 -5.162869134038919583e+01 -7.720947489486565773e-10
5.000000000000000000e+04 -5.070155189000070095e+01 -7.590475864905075771e-10
5.500000000000000000e+04 -4.969011619390221313e+01 -7.450668971742471511e-10
6.000000000000000000e+04 -4.835208051506197080e+01 -7.213358886120716916e-10
6.500000000000000000e+04 -4.704676301410654560e+01 -7.058108288544127973e-10
7.000000000000000000e+04 -4.534640307765221223e+01 -6.711331201760099511e-10
7.500000000000000000e+04 -4.382168001087848097e+01 -6.591634429031062137e-10
8.000000000000000000e+04 -4.093655027082422748e+01 -6.011281874668050482e-10
8.500000000000000000e+04 -3.991555882687680423e+01 -5.959407009065207034e-10
9.000000000000000000e+04 -3.292089691234286875e+01 -4.923475423674420559e-10
9.500000000000000000e+04 -3.704144515976076946e+01 -5.367103852656050676e-10
1.000000000000000000e+05 -2.754632749455049634e+01 -3.914168483338598342e-10
1.050000000000000000e+05 -1.882865737675456330e+01 -2.534036359093158572e-10
1.100000000000000000e+05 -2.279743095918092877e+01 -2.994375775644755390e-10
1.150000000000000000e+05 -1.514375546091469005e+01 -1.817988440338517073e-10
1.200000000000000000e+05 -1.478936066752066836e+01 -1.918374460399725652e-10
1.250000000000000000e+05 -1.137561194394947961e+01 -1.201584616188927719e-10
1.300000000000000000e+05 -9.718554417253471911e+00 -1.124678918611145512e-10
1.350000000000000000e+05 -7.790119405661243945e+00 -7.101095421806931827e-11
1.400000000000000000e+05 -6.151590992405544966e+00 -5.163266127499395706e-11
1.450000000000000000e+05 -4.655579616839531809e+00 -2.773223430853023355e-11
1.500000000000000000e+05 -3.263558772800024599e+00 -7.455628531671502613e-12
1.550000000000000000e+05 -1.948569881846196949e+00 1.077630291474651440e-11
1.600000000000000000e+05 -7.450544899329543114e-01 2.790234877094493269e-11
1.650000000000000000e+05 4.093813199433498085e-01 4.388310240723015517e-11
1.700000000000000000e+05 1.483180680545046926e+00 5.829258965255676389e-11
1.750000000000000000e+05 2.498684446327388287e+00 7.214407594405054684e-11
1.800000000000000000e+05 3.456473906640894711e+00 8.484674946345731638e-11
1.850000000000000000e+05 4.363218433922156692e+00 9.689351580054912645e-11
1.900000000000000000e+05 5.224027209624182433e+00 1.082106209613006622e-10
1.950000000000000000e+05 6.037429962365422398e+00 1.185718217580096195e-10
2.000000000000000000e+05 6.812870207824744284e+00 1.284811096754346578e-10
2.050000000000000000e+05 7.555370625283103436e+00 1.378914736879582754e-10
2.100000000000000000e+05 8.259565668529830873e+00 1.467675404106421337e-10
2.150000000000000000e+05 8.920680054405238479e+00 1.546368518222381760e-10
2.200000000000000000e+05 9.580054936057422310e+00 1.634373675309283757e-10
2.250000000000000000e+05 1.017075705179013312e+01 1.698164033534307134e-10
2.300000000000000000e+05 1.076935664028860629e+01 1.776185791694289654e-10
2.350000000000000000e+05 1.131095596041996032e+01 1.835329891953168833e-10
2.400000000000000000e+05 1.185434462677221745e+01 1.902640167204622054e-10
2.450000000000000000e+05 1.235733325494220480e+01 1.958537093355102885e-10
2.500000000000000000e+05 1.284426402702229097e+01 2.015373247484051421e-10
2.550000000000000000e+05 1.332110510912025347e+01 2.070971679881659997e-10
2.600000000000000000e+05 1.376748462434625253e+01 2.121968866298556437e-10
2.650000000000000000e+05 1.417460594716249034e+01 2.162737905904493248e-10
2.700000000000000000e+05 1.461752466880716383e+01 2.217665968331059398e-10
2.750000000000000000e+05 1.501618703029816970e+01 2.263569187698243988e-10
2.800000000000000000e+05 1.536577244830550626e+01 2.294952862428734516e-10
2.850000000000000000e+05 1.575664819357916713e+01 2.344143119273410521e-10
2.900000000000000000e+05 1.608885227929567918e+01 2.373936525464783793e-10
2.950000000000000000e+05 1.642937543638981879e+01 2.415313935819148027e-10
3.000000000000000000e+05 1.672292130155256018e+01 2.437940807201089278e-10
3.050000000000000000e+05 1.706494370667496696e+01 2.483120244508973138e-10
3.100000000000000000e+05 1.735037532256683335e+01 2.509301364844430374e-10
3.150000000000000000e+05 1.763711957959458232e+01 2.540010229736188622e-10
3.200000000000000000e+05 1.792640608554938808e+01 2.575398246223978592e-10
3.250000000000000000e+05 1.814633909618714824e+01 2.587673108735852768e-10
3.300000000000000000e+05 1.844263855885947123e+01 2.631014227102361003e-10
3.350000000000000000e+05 1.864478276099544019e+01 2.639203918942753818e-10
3.400000000000000000e+05 1.889007452334044501e+01 2.670036608852250411e-10
3.450000000000000000e+05 1.909597734763519838e+01 2.687063638386960485e-10
3.500000000000000000e+05 1.932117133948486298e+01 2.712583048792880851e-10
3.550000000000000000e+05 1.950768663297640160e+01 2.728216538139401770e-10
3.600000000000000000e+05 1.968853007681900635e+01 2.744375915571980596e-10
3.650000000000000000e+05 1.989987617492442951e+01 2.769562280441591529e-10
3.700000000000000000e+05 2.007890491437865421e+01 2.789352085394837783e-10
3.750000000000000000e+05 2.020767668890766799e+01 2.793350327753085459e-10
3.800000000000000000e+05 2.039088047482073307e+01 2.818536535367675517e-10
3.850000000000000000e+05 2.052544408384710550e+01 2.826314122586213773e-10
3.900000000000000000e+05 2.066699357406469062e+01 2.841786124508340048e-10
3.950000000000000000e+05 2.080239538324531168e+01 2.853164613352523691e-10
4.000000000000000000e+05 2.093767097429372370e+01 2.868338628280203557e-10
4.050000000000000000e+05 2.104512323986273259e+01 2.875355266105037389e-10
4.100000000000000000e+05 2.116390616592252627e+01 2.887154857679739813e-10
4.150000000000000000e+05 2.127241992438212037e+01 2.898782129049928855e-10
4.200000000000000000e+05 2.133884709939593449e+01 2.898637239488719395e-10
4.250000000000000000e+05 2.146123615483520553e+01 2.914698191040546762e-10
4.300000000000000000e+05 2.157391428091796115e+01 2.933036892839897818e-10
4.350000000000000000e+05 2.161389688513008878e+01 2.923743346137213064e-10
4.400000000000000000e+05 2.172503759828396142e+01 2.946927597655695012e-10
4.450000000000000000e+05 2.173721675667911768e+01 2.932475829209111445e-10
4.500000000000000000e+05 2.185355100920423865e+01 2.958050119820234269e-10
4.550000000000000000e+05 2.187813300651032478e+01 2.950979095003103147e-10
4.600000000000000000e+05 2.192217258532764390e+01 2.955854351411781643e-10
4.650000000000000000e+05 2.198876117507461458e+01 2.963436417969910625e-10
4.700000000000000000e+05 2.203493357455590740e+01 2.971072038590976768e-10
4.750000000000000000e+05 2.202439136576140299e+01 2.961532481983458850e-10
4.800000000000000000e+05 2.207219396909931675e+01 2.970258429316260440e-10
4.850000000000000000e+05 2.209163817786611617e+01 2.971057608570609132e-10
4.900000000000000000e+05 2.209920797671657056e+01 2.972384443638144085e-10
4.950000000000000000e+05 2.211237079842248932e+01 2.973207885873503762e-10
5.000000000000000000e+05 2.213709897972876206e+01 2.981166964911953633e-10
