# # x,y
0.000000000000000000e+00 -3.809777129604481161e+01 -9.220452766648737383e-10
5.000000000000000000e+03 -3.807638826617039740e+01 -9.241239978669251003e-10
1.000000000000000000e+04 -3.798463999090017751e+01 -9.226965593755077004e-10
1.500000000000000000e+04 -3.781085113354492933e+01 -9.135403739305595341e-10
2.000000000000000000e+04 -3.759955743653699756e+01 -9.119881569389022800e-10
2.500000000000000000e+04 -3.731825640861643478e+01 -9.047958348866473814e-10
3.000000000000000000e+04 -3.696901923534460366e+01 -8.972158002814009866e-10
3.500000000000000000e+04 -3.654281572921900079e+01 -8.853345307646584749e-10
4.000000000000000000e+04 -3.604546730476431549e+01 -8.742423166934121591e-10
4.500000000000000000e+04 -3.546081984153715894e+01 -8.560608930309823665e-10
5.000000000000000000e+04 -3.480899596534436569e+01 -8.422444735225573624e-10
5.500000000000000000e+04 -3.408204495924292132e+01 -8.295803321147093270e-10
6.000000000000000000e+04 -3.322824183938791975e+01 -7.994742055797855194e-10
6.500000000000000000e+04 -3.230712138634407893e+01 -7.808575826653696015e-10
7.000000000000000000e+04 -3.125291026185732335e+01 -7.707250921750623540e-10
7.500000000000000000e+04 -3.001150854391744360e+01 -7.107808302609466106e-10
8.000000000000000000e+04 -2.873150816286215559e+01 -6.329511484698632348e-10
8.500000000000000000e+04 -2.704097318800631911e+01 -7.225574410374669906e-10
9.000000000000000000e+04 -2.355079547595232725e+01 -3.366239509610517706e-10
9.500000000000000000e+04 -2.522427305800374597e+01 -7.400841309076427306e-10
1.000000000000000000e+05 -1.935416659159818664e+01 -4.247846133079351465e-10
1.050000000000000000e+05 -1.373768704512622207e+01 -1.832003098284869783e-10
1.100000000000000000e+05 -1.530525219114497304e+01 -5.705073782151325663e-10
1.150000000000000000e+05 -1.163790118781616911e+01 -1.429773324983702103e-10
1.200000000000000000e+05 -1.003797602525446564e+01 -2.852256534671773393e-10
1.250000000000000000e+05 -8.624717775324825197e+00 -1.878211228980497692e-10
1.300000000000000000e+05 -7.204471179516986012e+00 -1.159084924720071830e-10
1.350000000000000000e+05 -6.006200012634508312e+00 -1.083803408398238427e-10
1.400000000000000000e+05 -4.906051946105435491e+00 -8.014280430782157493e-11
1.450000000000000000e+05 -3.854609561560209841e+00 -5.133362140805685098e-11
1.500000000000000000e+05 -2.886119370465166867e+00 -3.277580659963700173e-11
1.550000000000000000e+05 -1.972073139331769198e+00 -1.025995714663716649e-11
1.600000000000000000e+05 -1.120778408483602107e+00 9.747000284576974071e-12
1.650000000000000000e+05 -3.146844246657565236e-01 2.815723255986058403e-11
1.700000000000000000e+05 4.473073502886109054e-01 4.522866275926581270e-11
1.750000000000000000e+05 1.166242463223170489e+00 6.129583306226968099e-11
1.800000000000000000e+05 1.848297999938949943e+00 7.643434817504815894e-11
1.850000000000000000e+05 2.494818111765198410e+00 9.063986989323631450e-11
1.900000000000000000e+05 3.109623614582233131e+00 1.040929558100252283e-10
1.950000000000000000e+05 3.696867799793835729e+00 1.166130658978127415e-10
2.000000000000000000e+05 4.255902309028897434e+00 1.284944748642680031e-10
2.050000000000000000e+05 4.790861519926693290e+00 1.401544788748266703e-10
2.100000000000000000e+05 5.301116522401571274e+00 1.508066216871768317e-10
2.150000000000000000e+05 5.786920208309311420e+00 1.607072631057363878e-10
2.200000000000000000e+05 6.254317042243201286e+00 1.710925169278243035e-10
2.250000000000000000e+05 6.700382661889307201e+00 1.796393652959940724e-10
2.300000000000000000e+05 7.128177135426085442e+00 1.887628503142561575e-10
2.350000000000000000e+05 7.536530596320517361e+00 1.964811214819323018e-10
2.400000000000000000e+05 7.930634406628087163e+00 2.048004421663034630e-10
2.450000000000000000e+05 8.306734684214461595e+00 2.120531949559339141e-10
2.500000000000000000e+05 8.668280181824229658e+00 2.189530643889102502e-10
2.550000000000000000e+05 9.017666697851382196e+00 2.265545050814814182e-10
2.600000000000000000e+05 9.349285588134080172e+00 2.327665477925661718e-10
2.650000000000000000e+05 9.666480646876152605e+00 2.376743879102461390e-10
2.700000000000000000e+05 9.981218295346479863e+00 2.455498177483579893e-10
2.750000000000000000e+05 1.027726756059564650e+01 2.512931704268469872e-10
2.800000000000000000e+05 1.055594803154235706e+01 2.550903105309886185e-10
2.850000000000000000e+05 1.083329934050561860e+01 2.617966677821785090e-10
2.900000000000000000e+05 1.109567259944742545e+01 2.662504483503247784e-10
2.950000000000000000e+05 1.134514701872831210e+01 2.706658997744390067e-10
3.000000000000000000e+05 1.158405538351507857e+01 2.741601538626039415e-10
3.050000000000000000e+05 1.182233337289653718e+01 2.801625479761231110e-10
3.100000000000000000e+05 1.204654846759513021e+01 2.838903838877966239e-10
3.150000000000000000e+05 1.226221876224735752e+01 2.881105208136913038e-10
3.200000000000000000e+05 1.246939912420930341e+01 2.926082241017604768e-10
3.250000000000000000e+05 1.266174263914581388e+01 2.942749275842210353e-10
3.300000000000000000e+05 1.285753805795684457e+01 2.998498830220626332e-10
3.350000000000000000e+05 1.303763235412770882e+01 3.018523249882097436e-10
3.400000000000000000e+05 1.321304000704549253e+01 3.053942220884650399e-10
3.450000000000000000e+05 1.337955170194618404e+01 3.079199311808624209e-10
3.500000000000000000e+05 1.354295541689498350e+01 3.117472613125905437e-10
3.550000000000000000e+05 1.369369304046267644e+01 3.136599724165999924e-10
3.600000000000000000e+05 1.383846656413516030e+01 3.155362931762325638e-10
3.650000000000000000e+05 1.398601054900791496e+01 3.200347702928234162e-10
3.700000000000000000e+05 1.412013002473395318e+01 3.224174950947622937e-10
3.750000000000000000e+05 1.424011025560321286e+01 3.225952922630182566e-10
3.800000000000000000e+05 1.436421781318495050e+01 3.260190155270206877e-10
3.850000000000000000e+05 1.447853092447621748e+01 3.274821436988782231e-10
3.900000000000000000e+05 1.458662774361437187e+01 3.289387730261993816e-10
3.950000000000000000e+05 1.469226491148583591e+01 3.311001991243063156e-10
4.000000000000000000e+05 1.479239616927225143e+01 3.331716475992865884e-10
4.050000000000000000e+05 1.488394671888090670e+01 3.339968605386985889e-10
4.100000000000000000e+05 1.497362667368724942e+01 3.360099932027655435e-10
4.150000000000000000e+05 1.505447903345339000e+01 3.373626243489337609e-10
4.200000000000000000e+05 1.512514595926040784e+01 3.366968641707669755e-10
4.250000000000000000e+05 1.520414838590659201e+01 3.397921056301076142e-10
4.300000000000000000e+05 1.527656117966398597e+01 3.421616809958596173e-10
4.350000000000000000e+05 1.533397206751396880e+01 3.415691382399955427e-10
4.400000000000000000e+05 1.539286636345786974e+01 3.438465171908488489e-10
4.450000000000000000e+05 1.543887320306384936e+01 3.422649125005907925e-10
4.500000000000000000e+05 1.549433297751238570e+01 3.457172897213965182e-10
4.550000000000000000e+05 1.553352464892668650e+01 3.450748611206784768e-10
4.600000000000000000e+05 1.557035289064515382e+01 3.449937543800367568e-10
4.650000000000000000e+05 1.561243127466877922e+01 3.475641427635766916e-10
4.700000000000000000e+05 1.564202276349533349e+01 3.482434754020849997e-10
4.750000000000000000e+05 1.565742529468843713e+01 3.460453509362474531e-10
4.800000000000000000e+05 1.568172559799859300e+01 3.478245256650864956e-10
4.850000000000000000e+05 1.569817672338103876e+01 3.482119144129167084e-10
4.900000000000000000e+05 1.570614284701878205e+01 3.475303220800803432e-10
4.950000000000000000e+05 1.571536828024545684e+01 3.482232768221229894e-10
5.000000000000000000e+05 1.572149235656252131e+01 3.492885349571983962e-10
