# # x,y
0.000000000000000000e+00 -2.567863983637653291e+01 1.359860450176011611e-10
5.000000000000000000e+03 -2.568700229586102068e+01 1.365325228839374950e-10
1.000000000000000000e+04 -2.566461528581567109e+01 1.362677782439986691e-10
1.500000000000000000e+04 -2.544085396378068253e+01 1.346846559106556726e-10
2.000000000000000000e+04 -2.542495905677787960e+01 1.346233482800589955e-10
2.500000000000000000e+04 -2.516416417522123083e+01 1.331629626944870899e-10
3.000000000000000000e+04 -2.500429660006193444e+01 1.319112190860867535e-10
3.500000000000000000e+04 -2.464987196802394465e+01 1.298591824693034384e-10
4.000000000000000000e+04 -2.436788835952756926e+01 1.276726367343135945e-10
4.500000000000000000e+04 -2.389817551936721429e+01 1.254839487664648774e-10
5.000000000000000000e+04 -2.349844890355598181e+01 1.230936199387988782e-10
5.500000000000000000e+04 -2.306216177868191153e+01 1.203471104865733328e-10
6.000000000000000000e+04 -2.233199677109951153e+01 1.181929968011473309e-10
6.500000000000000000e+04 -2.184010929532814771e+01 1.122608316423627728e-10
7.000000000000000000e+04 -2.078138695424422622e+01 1.051216045842576771e-10
7.500000000000000000e+04 -2.039395585376769304e+01 1.127129024288309144e-10
8.000000000000000000e+04 -1.859541870304383337e+01 6.644777212528691507e-11
8.500000000000000000e+04 -1.843979719793424010e+01 1.243603578516174311e-10
9.000000000000000000e+04 -1.518056837812764570e+01 2.967141864777811132e-11
9.500000000000000000e+04 -1.660638035030569881e+01 1.198451356946065352e-10
1.000000000000000000e+05 -1.203434411343187094e+01 7.427983557045477233e-11
1.050000000000000000e+05 -7.709628773736767471e+00 5.123846618370741334e-11
1.100000000000000000e+05 -9.173591111844871193e+00 1.392226027965002264e-10
1.150000000000000000e+05 -5.494610230147372931e+00 2.686767770137176955e-11
1.200000000000000000e+05 -5.803354364586994052e+00 1.071815974187530211e-10
1.250000000000000000e+05 -3.604738046822603792e+00 4.609563386830648858e-11
1.300000000000000000e+05 -3.324347870424389839e+00 5.652885658016943369e-11
1.350000000000000000e+05 -2.084707177651580423e+00 4.887187373383815017e-11
1.400000000000000000e+05 -1.462621092039626092e+00 3.689686688678999742e-11
1.450000000000000000e+05 -7.368234032765030861e-01 3.832424564077686177e-11
1.500000000000000000e+05 -1.140259035746566951e-01 3.254823132454358300e-11
1.550000000000000000e+05 4.492681970004923642e-01 2.857821599170313035e-11
1.600000000000000000e+05 9.735008474672213197e-01 2.613494725580058047e-11
1.650000000000000000e+05 1.462735894368961453e+00 2.137302574518218005e-11
1.700000000000000000e+05 1.905918692762497813e+00 1.802022074274479497e-11
1.750000000000000000e+05 2.327724293398205191e+00 1.444123867028512949e-11
1.800000000000000000e+05 2.716665483661927283e+00 1.102176369477108903e-11
1.850000000000000000e+05 3.084448215726297349e+00 7.817124011920222738e-12
1.900000000000000000e+05 3.429420173750258982e+00 4.622161369253105899e-12
1.950000000000000000e+05 3.745213087997399271e+00 1.591172926959867184e-12
2.000000000000000000e+05 4.046260898350737989e+00 -1.432975429014359619e-12
2.050000000000000000e+05 4.332896964449901134e+00 -4.346974345036130031e-12
2.100000000000000000e+05 4.602030501293484122e+00 -7.136950433166446056e-12
2.150000000000000000e+05 4.840663857525214553e+00 -9.856596690565213819e-12
2.200000000000000000e+05 5.108389424334745854e+00 -1.250842965230933524e-11
2.250000000000000000e+05 5.300333633669652045e+00 -1.505629926989996094e-11
2.300000000000000000e+05 5.537175506353378296e+00 -1.754914729098143947e-11
2.350000000000000000e+05 5.715287854603957385e+00 -1.984835062817847209e-11
2.400000000000000000e+05 5.918719189648982137e+00 -2.221511403025460804e-11
2.450000000000000000e+05 6.087142190604936332e+00 -2.448134004043724484e-11
2.500000000000000000e+05 6.258054946723859757e+00 -2.655531465156954747e-11
2.550000000000000000e+05 6.426103536563459784e+00 -2.878236351356133267e-11
2.600000000000000000e+05 6.579069440194871277e+00 -3.090949069292050990e-11
2.650000000000000000e+05 6.700841058336663991e+00 -3.251254747727180368e-11
2.700000000000000000e+05 6.866907164163421839e+00 -3.486665416186975810e-11
2.750000000000000000e+05 7.005012520705349743e+00 -3.663019802572415869e-11
2.800000000000000000e+05 7.097638367093168199e+00 -3.817303516262071295e-11
2.850000000000000000e+05 7.246052565635181963e+00 -4.025337777045528777e-11
2.900000000000000000e+05 7.334255907800979912e+00 -4.176167789800240630e-11
2.950000000000000000e+05 7.458702163887210190e+00 -4.337210312808684370e-11
3.000000000000000000e+05 7.524692613689694554e+00 -4.476329638610940039e-11
3.050000000000000000e+05 7.661279645923059434e+00 -4.663791787180913871e-11
3.100000000000000000e+05 7.738500899868085980e+00 -4.803242280148863169e-11
3.150000000000000000e+05 7.830539549468085170e+00 -4.941894699069380639e-11
3.200000000000000000e+05 7.936445613042451441e+00 -5.113878164153735110e-11
3.250000000000000000e+05 7.971508621471002698e+00 -5.183769199953679599e-11
3.300000000000000000e+05 8.102315200609154999e+00 -5.379179130789047515e-11
3.350000000000000000e+05 8.124855739879421890e+00 -5.454486401829453043e-11
3.400000000000000000e+05 8.216969266650266945e+00 -5.597832771045806803e-11
3.450000000000000000e+05 8.267732518608681858e+00 -5.675130416807106214e-11
3.500000000000000000e+05 8.343029710755217820e+00 -5.825760994637485448e-11
3.550000000000000000e+05 8.389730331604368985e+00 -5.900787765579416052e-11
3.600000000000000000e+05 8.436360342195257545e+00 -5.989652848800434690e-11
3.650000000000000000e+05 8.512624031573068351e+00 -6.129738403246415047e-11
3.700000000000000000e+05 8.571372117730788887e+00 -6.224811472137989707e-11
3.750000000000000000e+05 8.581243403721600771e+00 -6.272170835514323132e-11
3.800000000000000000e+05 8.657312655588611960e+00 -6.387613971124820343e-11
3.850000000000000000e+05 8.679253911483101547e+00 -6.454989941233122032e-11
3.900000000000000000e+05 8.725231776188593358e+00 -6.520896034960432601e-11
3.950000000000000000e+05 8.758659043756779283e+00 -6.603082911255035337e-11
4.000000000000000000e+05 8.803832731617148966e+00 -6.676542664285467237e-11
4.050000000000000000e+05 8.823795433330815285e+00 -6.721751776074922988e-11
4.100000000000000000e+05 8.858862441964447498e+00 -6.788576965337294854e-11
4.150000000000000000e+05 8.893285542144440114e+00 -6.859892872612059918e-11
4.200000000000000000e+05 8.891480060294270515e+00 -6.848714344144680191e-11
4.250000000000000000e+05 8.939844514941796660e+00 -6.964815865660805671e-11
4.300000000000000000e+05 8.995518109237309545e+00 -7.020782955932208466e-11
4.350000000000000000e+05 8.965457873651757836e+00 -7.033429635617682705e-11
4.400000000000000000e+05 9.035934723389800638e+00 -7.129518065340619761e-11
4.450000000000000000e+05 8.990731846250128001e+00 -7.076325015382140671e-11
4.500000000000000000e+05 9.068197987333405763e+00 -7.200389219025499946e-11
4.550000000000000000e+05 9.046300811867695302e+00 -7.188462284645352728e-11
4.600000000000000000e+05 9.059786023630294949e+00 -7.198468222594431458e-11
4.650000000000000000e+05 9.083514231140725315e+00 -7.260595869511848913e-11
4.700000000000000000e+05 9.106052863411605358e+00 -7.295662738429145002e-11
4.750000000000000000e+05 9.076360641396604478e+00 -7.245523039504897574e-11
4.800000000000000000e+05 9.102544630703050643e+00 -7.304922531183967950e-11
4.850000000000000000e+05 9.105029277270659804e+00 -7.314886773870178054e-11
4.900000000000000000e+05 9.108543833950534463e+00 -7.309393160530783487e-11
4.950000000000000000e+05 9.111459751904476434e+00 -7.315422079745260130e-11
5.000000000000000000e+05 9.135832319327164441e+00 -7.349304613367662332e-11
