# # x,y
0.000000000000000000e+00 -2.641843789262929931e+01 1.400440154171505559e-10
5.000000000000000000e+03 -2.643133092991774902e+01 1.413535342817706161e-10
1.000000000000000000e+04 -2.640715488995192572e+01 1.408871676231831042e-10
1.500000000000000000e+04 -2.617368717538192868e+01 1.387496324323684499e-10
2.000000000000000000e+04 -2.615701749216532335e+01 1.383918211781420667e-10
2.500000000000000000e+04 -2.589018605445744470e+01 1.379112165032571978e-10
3.000000000000000000e+04 -2.572222844848874956e+01 1.358723879973481370e-10
3.500000000000000000e+04 -2.535670492518693209e+01 1.339687053144082741e-10
4.000000000000000000e+04 -2.506325103022390977e+01 1.319203388419891066e-10
4.500000000000000000e+04 -2.458084574306849390e+01 1.289162966942693739e-10
5.000000000000000000e+04 -2.416610118391690776e+01 1.257440026644714655e-10
5.500000000000000000e+04 -2.372035234712529927e+01 1.259140128528123262e-10
6.000000000000000000e+04 -2.297988288593478501e+01 1.228842287095747398e-10
6.500000000000000000e+04 -2.244130462181055918e+01 1.118916042431543255e-10
7.000000000000000000e+04 -2.137576335959602147e+01 1.211899068592312322e-10
7.500000000000000000e+04 -2.099700073245912790e+01 1.083533861721300775e-10
8.000000000000000000e+04 -1.891359577799448743e+01 5.227716876232864394e-11
8.500000000000000000e+04 -1.917121173033956438e+01 1.529378660412397484e-10
9.000000000000000000e+04 -1.519021311867982149e+01 -4.469038444257934677e-11
9.500000000000000000e+04 -1.734718300221720710e+01 1.694650911957626323e-10
1.000000000000000000e+05 -1.241875423927558586e+01 6.734932739351261458e-11
1.050000000000000000e+05 -7.921098514285404235e+00 1.643745298709860627e-11
1.100000000000000000e+05 -1.008647061401279643e+01 2.199038520253860294e-10
1.150000000000000000e+05 -5.568299805629067123e+00 -5.319148145663410471e-12
1.200000000000000000e+05 -6.443577270198147744e+00 1.320408177294841363e-10
1.250000000000000000e+05 -3.874127067043446004e+00 5.984246621288150818e-11
1.300000000000000000e+05 -3.601731588423717767e+00 4.160110497203191376e-11
1.350000000000000000e+05 -2.366629585681948811e+00 5.655728394286857278e-11
1.400000000000000000e+05 -1.657409868610557169e+00 3.697423792424198489e-11
1.450000000000000000e+05 -9.431830201065167785e-01 3.780592843434919690e-11
1.500000000000000000e+05 -2.972970170667394996e-01 3.632849860258533175e-11
1.550000000000000000e+05 2.933661658316850662e-01 2.993915617423494562e-11
1.600000000000000000e+05 8.298318078741431236e-01 2.722853538601457343e-11
1.650000000000000000e+05 1.344037673843558878e+00 2.298130728758865534e-11
1.700000000000000000e+05 1.806963408133015037e+00 1.897877933534415291e-11
1.750000000000000000e+05 2.247657951491419226e+00 1.544099911679117718e-11
1.800000000000000000e+05 2.655163396149873734e+00 1.196729185614697851e-11
1.850000000000000000e+05 3.040463149256538600e+00 8.642597789831857169e-12
1.900000000000000000e+05 3.402859721449203789e+00 5.322520623340120920e-12
1.950000000000000000e+05 3.735181162483058870e+00 2.183882668168521015e-12
2.000000000000000000e+05 4.052622720308136195e+00 -8.949864216175913904e-13
2.050000000000000000e+05 4.355458183272276074e+00 -4.051582771280166337e-12
2.100000000000000000e+05 4.639557974354829639e+00 -6.836592277229351669e-12
2.150000000000000000e+05 4.893271704379003495e+00 -9.755030703402713559e-12
2.200000000000000000e+05 5.175320238806307316e+00 -1.241768344136864781e-11
2.250000000000000000e+05 5.381437248433940113e+00 -1.521195068828018522e-11
2.300000000000000000e+05 5.631667972716968507e+00 -1.766096686499122145e-11
2.350000000000000000e+05 5.822450183215551078e+00 -2.011829980959520938e-11
2.400000000000000000e+05 6.038752105552703142e+00 -2.255378698619384914e-11
2.450000000000000000e+05 6.219745253969449550e+00 -2.497953521001773283e-11
2.500000000000000000e+05 6.401607982232235372e+00 -2.697268946402575357e-11
2.550000000000000000e+05 6.582399146223906428e+00 -2.955773295101402407e-11
2.600000000000000000e+05 6.746780743531417102e+00 -3.164080210173002345e-11
2.650000000000000000e+05 6.876847392355557531e+00 -3.310734007681438130e-11
2.700000000000000000e+05 7.056641613075044006e+00 -3.595527611162269663e-11
2.750000000000000000e+05 7.204285439103841782e+00 -3.774632215841781995e-11
2.800000000000000000e+05 7.304881833377294242e+00 -3.912864556498962416e-11
2.850000000000000000e+05 7.465151148964650929e+00 -4.150561837532071553e-11
2.900000000000000000e+05 7.561784207064192742e+00 -4.320599442366072581e-11
2.950000000000000000e+05 7.694459448801353574e+00 -4.455123572375706971e-11
3.000000000000000000e+05 7.768250672030262649e+00 -4.611800428888411392e-11
3.050000000000000000e+05 7.915382716688327491e+00 -4.818390369218761194e-11
3.100000000000000000e+05 8.000177640467882156e+00 -4.963229379925161493e-11
3.150000000000000000e+05 8.100039828161243349e+00 -5.118947165985978947e-11
3.200000000000000000e+05 8.215356796688865870e+00 -5.294028949246491060e-11
3.250000000000000000e+05 8.253931657585781068e+00 -5.356295172389507802e-11
3.300000000000000000e+05 8.395657631335780025e+00 -5.564173258345804829e-11
3.350000000000000000e+05 8.422615407733246684e+00 -5.664272339284470629e-11
3.400000000000000000e+05 8.522247130924370140e+00 -5.793364183897726356e-11
3.450000000000000000e+05 8.577370793733280152e+00 -5.882867422893494180e-11
3.500000000000000000e+05 8.661166322475764900e+00 -6.052207828179804811e-11
3.550000000000000000e+05 8.711875861044973135e+00 -6.123730736613142891e-11
3.600000000000000000e+05 8.762849784863647074e+00 -6.193857506633265331e-11
3.650000000000000000e+05 8.847904353460762650e+00 -6.392367847221334689e-11
3.700000000000000000e+05 8.911627373367082328e+00 -6.479692857927918002e-11
3.750000000000000000e+05 8.923502203833777457e+00 -6.501031964244747811e-11
3.800000000000000000e+05 9.006198341841809452e+00 -6.633174207660709907e-11
3.850000000000000000e+05 9.031930197379551828e+00 -6.710458573035230738e-11
3.900000000000000000e+05 9.081024247105233371e+00 -6.753587393745939720e-11
3.950000000000000000e+05 9.119404494704212993e+00 -6.861755089912843223e-11
4.000000000000000000e+05 9.168613083136733621e+00 -6.939307078103536676e-11
4.050000000000000000e+05 9.190741830796469003e+00 -6.972659004833230260e-11
4.100000000000000000e+05 9.229825495276600122e+00 -7.060629167439788501e-11
4.150000000000000000e+05 9.268028766207862645e+00 -7.125471295726675048e-11
4.200000000000000000e+05 9.264843247598037124e+00 -7.080782049472923520e-11
4.250000000000000000e+05 9.320474845648277551e+00 -7.241299642527841623e-11
4.300000000000000000e+05 9.379190018516965210e+00 -7.300798737096876184e-11
4.350000000000000000e+05 9.349942947796080261e+00 -7.322707958217343990e-11
4.400000000000000000e+05 9.425537876551970840e+00 -7.406364941639926340e-11
4.450000000000000000e+05 9.377099085773807019e+00 -7.344800180975453291e-11
4.500000000000000000e+05 9.461712152173276991e+00 -7.485461054237913915e-11
4.550000000000000000e+05 9.439295726071577519e+00 -7.480168727889053593e-11
4.600000000000000000e+05 9.452473798592109233e+00 -7.452291572728124825e-11
4.650000000000000000e+05 9.480989839823450893e+00 -7.584215311988743705e-11
4.700000000000000000e+05 9.505208690301515162e+00 -7.607807401299200593e-11
4.750000000000000000e+05 9.471806362445931882e+00 -7.509382421022692506e-11
4.800000000000000000e+05 9.501842403144109994e+00 -7.599601702062147436e-11
4.850000000000000000e+05 9.505041816504672170e+00 -7.618751916049689127e-11
4.900000000000000000e+05 9.507508206355851144e+00 -7.575521104610121835e-11
4.950000000000000000e+05 9.511316326737869531e+00 -7.610298090991166527e-11
5.000000000000000000e+05 9.537590905325487256e+00 -7.646335795384137009e-11
