# # x,y
0.000000000000000000e+00 -3.508117435412714258e+01 4.163356223704011383e-10
5.000000000000000000e+03 -3.505327803437830880e+01 4.142198011458885266e-10
1.000000000000000000e+04 -3.496753454115241766e+01 4.142809489763209096e-10
1.500000000000000000e+04 -3.482236214325530455e+01 4.176948406806260085e-10
2.000000000000000000e+04 -3.462008326494833454e+01 4.168994350652862054e-10
2.500000000000000000e+04 -3.435848683997755870e+01 4.146143711277145668e-10
3.000000000000000000e+04 -3.403405552858021110e+01 4.137089518555354664e-10
3.500000000000000000e+04 -3.364579342247452587e+01 4.148701282963834735e-10
4.000000000000000000e+04 -3.318832246481906623e+01 4.165247549357820512e-10
4.500000000000000000e+04 -3.265682062908308581e+01 4.176958061190491117e-10
5.000000000000000000e+04 -3.204881268105236813e+01 4.207080055691968274e-10
5.500000000000000000e+04 -3.137446079251822084e+01 4.228349676738844059e-10
6.000000000000000000e+04 -3.061256628733826801e+01 4.232993791396887413e-10
6.500000000000000000e+04 -2.972688171261688694e+01 4.214263378471054395e-10
7.000000000000000000e+04 -2.873204230592818931e+01 4.403184919314653137e-10
7.500000000000000000e+04 -2.770572760980576277e+01 4.422890647458665945e-10
8.000000000000000000e+04 -2.652024245192296803e+01 3.907536031557804564e-10
8.500000000000000000e+04 -2.475901493930723518e+01 5.609547388709379957e-10
9.000000000000000000e+04 -2.273519702110206708e+01 1.008294737873354897e-09
9.500000000000000000e+04 -2.238834553619381040e+01 -1.966846298725670462e-10
1.000000000000000000e+05 -1.793599118845304474e+01 6.110731658297405049e-10
1.050000000000000000e+05 -1.350481272529577836e+01 1.368155111900902708e-09
1.100000000000000000e+05 -1.311017072992399335e+01 1.772953178326569640e-10
1.150000000000000000e+05 -1.102511314250295982e+01 6.358077767091716741e-10
1.200000000000000000e+05 -9.205494475958403200e+00 7.731812973578861850e-10
1.250000000000000000e+05 -7.923040651832707226e+00 7.124603114695594335e-10
1.300000000000000000e+05 -6.768597019545268267e+00 7.173223269702471051e-10
1.350000000000000000e+05 -5.631042532797437161e+00 7.268933088510946431e-10
1.400000000000000000e+05 -4.585355482704471797e+00 7.081560352958198260e-10
1.450000000000000000e+05 -3.628476229670923203e+00 6.960207435313481131e-10
1.500000000000000000e+05 -2.734838704112917185e+00 6.871762841084641088e-10
1.550000000000000000e+05 -1.892202495248056948e+00 6.736573611956012266e-10
1.600000000000000000e+05 -1.103660745837260038e+00 6.532867210155850529e-10
1.650000000000000000e+05 -3.594757245737127960e-01 6.340982742146776014e-10
1.700000000000000000e+05 3.447548527037724853e-01 6.145221365567412589e-10
1.750000000000000000e+05 1.010573982202913612e+00 5.919682152508182054e-10
1.800000000000000000e+05 1.641787220491096377e+00 5.681368527040633418e-10
1.850000000000000000e+05 2.240573800576385111e+00 5.429737106207831486e-10
1.900000000000000000e+05 2.810324353806208819e+00 5.167811363783527041e-10
1.950000000000000000e+05 3.354655011557042599e+00 4.903001871011693983e-10
2.000000000000000000e+05 3.873284162080381066e+00 4.623710106902578485e-10
2.050000000000000000e+05 4.368514684028923512e+00 4.339545723087324077e-10
2.100000000000000000e+05 4.841862685861997306e+00 4.049881409195003289e-10
2.150000000000000000e+05 5.293502612097654492e+00 3.747335154503187293e-10
2.200000000000000000e+05 5.725886237982194871e+00 3.443211449351313994e-10
2.250000000000000000e+05 6.141036798479035497e+00 3.138291260204638956e-10
2.300000000000000000e+05 6.538023692322894931e+00 2.823300579706502525e-10
2.350000000000000000e+05 6.918634271773044020e+00 2.505667517386695330e-10
2.400000000000000000e+05 7.283764632185921073e+00 2.189442326432713586e-10
2.450000000000000000e+05 7.633967984118498862e+00 1.868925416515704014e-10
2.500000000000000000e+05 7.970411182264797390e+00 1.549547477996484477e-10
2.550000000000000000e+05 8.293195822567213327e+00 1.229110710935253018e-10
2.600000000000000000e+05 8.602974684268701822e+00 9.006735490753511164e-11
2.650000000000000000e+05 8.901134214014746249e+00 5.755026339582382472e-11
2.700000000000000000e+05 9.188307145261205733e+00 2.675745546555910856e-11
2.750000000000000000e+05 9.463439050537999719e+00 -5.135863114178501801e-12
2.800000000000000000e+05 9.727071894856635481e+00 -3.795363486992419448e-11
2.850000000000000000e+05 9.981036912533454597e+00 -6.908919265789774104e-11
2.900000000000000000e+05 1.022564100701129064e+01 -1.003111993648420336e-10
2.950000000000000000e+05 1.045990131376311183e+01 -1.325514742636549102e-10
3.000000000000000000e+05 1.068495184398489073e+01 -1.642478586251638162e-10
3.050000000000000000e+05 1.090200499037746340e+01 -1.937737737838831814e-10
3.100000000000000000e+05 1.111072710825828835e+01 -2.232455088050626783e-10
3.150000000000000000e+05 1.131077180022839457e+01 -2.528873288431687220e-10
3.200000000000000000e+05 1.150248232256853953e+01 -2.825243606256544000e-10
3.250000000000000000e+05 1.168626056390348822e+01 -3.123446401522804553e-10
3.300000000000000000e+05 1.186336641613161191e+01 -3.399800186662388168e-10
3.350000000000000000e+05 1.203330481308512390e+01 -3.677552413830292568e-10
3.400000000000000000e+05 1.219605602539377287e+01 -3.949953237795572924e-10
3.450000000000000000e+05 1.235177440743427724e+01 -4.217082843733954306e-10
3.500000000000000000e+05 1.250113100494490936e+01 -4.472984558049763860e-10
3.550000000000000000e+05 1.264374758565099910e+01 -4.732101083236880241e-10
3.600000000000000000e+05 1.278023109422065318e+01 -4.982403196434210564e-10
3.650000000000000000e+05 1.291159204207360744e+01 -5.209569917913970940e-10
3.700000000000000000e+05 1.303648195677669719e+01 -5.443018181044556695e-10
3.750000000000000000e+05 1.315416090714279562e+01 -5.686850698047841221e-10
3.800000000000000000e+05 1.326682161155622452e+01 -5.907654999599985078e-10
3.850000000000000000e+05 1.337432129884837195e+01 -6.121755000518394732e-10
3.900000000000000000e+05 1.347645700152497739e+01 -6.329429292362776973e-10
3.950000000000000000e+05 1.357350165123352781e+01 -6.522617537432179051e-10
4.000000000000000000e+05 1.366542661737184972e+01 -6.706758188844552256e-10
4.050000000000000000e+05 1.375225657911505550e+01 -6.886521740369155418e-10
4.100000000000000000e+05 1.383416337444214150e+01 -7.055325773334582444e-10
4.150000000000000000e+05 1.391043228522175923e+01 -7.226837640019696275e-10
4.200000000000000000e+05 1.398179140721913427e+01 -7.394463355876086091e-10
4.250000000000000000e+05 1.404985355382086709e+01 -7.525959637241598104e-10
4.300000000000000000e+05 1.411315113870659843e+01 -7.649933737278449209e-10
4.350000000000000000e+05 1.417076480208197609e+01 -7.786332575142334135e-10
4.400000000000000000e+05 1.422388446348486468e+01 -7.910327444619589576e-10
4.450000000000000000e+05 1.427221260109217837e+01 -8.029675846000489350e-10
4.500000000000000000e+05 1.431721730239223689e+01 -8.119399681354173994e-10
4.550000000000000000e+05 1.435722912207711488e+01 -8.215987580126647609e-10
4.600000000000000000e+05 1.439319114631507546e+01 -8.297682994557582692e-10
4.650000000000000000e+05 1.442584580089896917e+01 -8.351649360930746153e-10
4.700000000000000000e+05 1.445325916248839349e+01 -8.414698306339489036e-10
4.750000000000000000e+05 1.447525433514965698e+01 -8.486878843438228289e-10
4.800000000000000000e+05 1.449405753856990486e+01 -8.526066227251719157e-10
4.850000000000000000e+05 1.450862615962978452e+01 -8.558145335590650244e-10
4.900000000000000000e+05 1.451881721289828420e+01 -8.588498778427737289e-10
4.950000000000000000e+05 1.452555497223511338e+01 -8.597796964536027208e-10
5.000000000000000000e+05 1.452820681157754734e+01 -8.594686798053230879e-10
