# # x,y
0.000000000000000000e+00 -2.414336601115064695e+01 1.272900952743969966e-10
5.000000000000000000e+03 -2.414867929572938010e+01 1.274041888339344468e-10
1.000000000000000000e+04 -2.412901774793863297e+01 1.271632978947207241e-10
1.500000000000000000e+04 -2.392036115279188380e+01 1.260771078559056836e-10
2.000000000000000000e+04 -2.390654074255144224e+01 1.257382181141092963e-10
2.500000000000000000e+04 -2.366308501618914306e+01 1.243788735264347798e-10
3.000000000000000000e+04 -2.351742454722989351e+01 1.231017466898080980e-10
3.500000000000000000e+04 -2.318475289415800944e+01 1.214161245328663814e-10
4.000000000000000000e+04 -2.292731803149217740e+01 1.193925455142639284e-10
4.500000000000000000e+04 -2.248383936117170379e+01 1.171380208675102328e-10
5.000000000000000000e+04 -2.211038165719946846e+01 1.149324728203810357e-10
5.500000000000000000e+04 -2.170538912783376873e+01 1.123855831186077369e-10
6.000000000000000000e+04 -2.101146089873509482e+01 1.091233818279984232e-10
6.500000000000000000e+04 -2.055687361158197746e+01 1.067057174260122085e-10
7.000000000000000000e+04 -1.959798078151652589e+01 9.914503520783905318e-11
7.500000000000000000e+04 -1.913881533808307722e+01 1.023901246021748733e-10
8.000000000000000000e+04 -1.769926664134254679e+01 8.225803998497456300e-11
8.500000000000000000e+04 -1.716566536424215883e+01 9.920011668319450441e-11
9.000000000000000000e+04 -1.454477548203431070e+01 6.656749787122640853e-11
9.500000000000000000e+04 -1.541511828766670078e+01 9.141036352517144599e-11
1.000000000000000000e+05 -1.115666834992589429e+01 7.430488255232225201e-11
1.050000000000000000e+05 -7.021650329232215881e+00 6.170527838678497634e-11
1.100000000000000000e+05 -7.923507379600778222e+00 8.810702658897907456e-11
1.150000000000000000e+05 -5.024139817804098129e+00 4.705471111045913396e-11
1.200000000000000000e+05 -4.787758672900963575e+00 7.320250529802482050e-11
1.250000000000000000e+05 -3.077414603903889656e+00 4.498704848082196955e-11
1.300000000000000000e+05 -2.676519121800083667e+00 5.231579665487925588e-11
1.350000000000000000e+05 -1.571944141818676144e+00 4.079801696554830529e-11
1.400000000000000000e+05 -1.021510425140149891e+00 3.743274616298887850e-11
1.450000000000000000e+05 -3.148466647253371775e-01 3.405028470876686814e-11
1.500000000000000000e+05 2.439254340133629739e-01 2.920616777518565405e-11
1.550000000000000000e+05 7.689931365894153714e-01 2.606250499313408762e-11
1.600000000000000000e+05 1.256851552054286003e+00 2.262494877379768949e-11
1.650000000000000000e+05 1.696044858195818961e+00 1.876938316383877157e-11
1.700000000000000000e+05 2.103158045909367502e+00 1.577767578748046176e-11
1.750000000000000000e+05 2.482627766090445220e+00 1.220984867415451131e-11
1.800000000000000000e+05 2.834365259041078389e+00 9.222783490303434246e-12
1.850000000000000000e+05 3.165530921542085707e+00 6.138949367702548267e-12
1.900000000000000000e+05 3.474732332222629339e+00 3.215675472433845925e-12
1.950000000000000000e+05 3.756573045044206083e+00 4.113574271884881691e-13
2.000000000000000000e+05 4.023427018895745277e+00 -2.416574172325944050e-12
2.050000000000000000e+05 4.278092808090150356e+00 -5.015968391738249256e-12
2.100000000000000000e+05 4.515376549854408950e+00 -7.659663093543414537e-12
2.150000000000000000e+05 4.724123142717871815e+00 -1.009303591368667625e-11
2.200000000000000000e+05 4.962099019088782370e+00 -1.253300691051747058e-11
2.250000000000000000e+05 5.125753012776840478e+00 -1.485351271334628870e-11
2.300000000000000000e+05 5.334653548139613122e+00 -1.714177015470943736e-11
2.350000000000000000e+05 5.487103042192757130e+00 -1.925043450119538602e-11
2.400000000000000000e+05 5.663965598680078983e+00 -2.143140964554833534e-11
2.450000000000000000e+05 5.807619062485173345e+00 -2.343852779675584796e-11
2.500000000000000000e+05 5.954556281561963260e+00 -2.543365789329493665e-11
2.550000000000000000e+05 6.098814530181698501e+00 -2.734140719655486456e-11
2.600000000000000000e+05 6.228012769308406860e+00 -2.927830860153005217e-11
2.650000000000000000e+05 6.330765730293933302e+00 -3.088927279892939858e-11
2.700000000000000000e+05 6.472414178599137813e+00 -3.280441269684788318e-11
2.750000000000000000e+05 6.590624767472036183e+00 -3.444073703512351538e-11
2.800000000000000000e+05 6.665183207020163536e+00 -3.595617009198482051e-11
2.850000000000000000e+05 6.791637301852460951e+00 -3.768834309413380747e-11
2.900000000000000000e+05 6.862810801481828094e+00 -3.910496011050142287e-11
2.950000000000000000e+05 6.969023043115157634e+00 -4.058530589878542110e-11
3.000000000000000000e+05 7.019337703182827681e+00 -4.188971490779679487e-11
3.050000000000000000e+05 7.136192762874998152e+00 -4.343371702474870020e-11
3.100000000000000000e+05 7.197671111905947328e+00 -4.472679602045391041e-11
3.150000000000000000e+05 7.274594561255071312e+00 -4.595635716612194507e-11
3.200000000000000000e+05 7.362157155759632587e+00 -4.739034087620997893e-11
3.250000000000000000e+05 7.388055142364464700e+00 -4.822535754912320289e-11
3.300000000000000000e+05 7.498730624909512699e+00 -4.976112793739996936e-11
3.350000000000000000e+05 7.512325336574576795e+00 -5.054738201364370785e-11
3.400000000000000000e+05 7.588684698683209717e+00 -5.179790243925756760e-11
3.450000000000000000e+05 7.630625123914796859e+00 -5.254591476383925926e-11
3.500000000000000000e+05 7.689841318875551224e+00 -5.381342687098705711e-11
3.550000000000000000e+05 7.728159142308868468e+00 -5.450381656814459480e-11
3.600000000000000000e+05 7.763780742359813303e+00 -5.544257147866035514e-11
3.650000000000000000e+05 7.826806514756754041e+00 -5.642229130337726721e-11
3.700000000000000000e+05 7.874751072959043086e+00 -5.730236735414582600e-11
3.750000000000000000e+05 7.878143112349789590e+00 -5.788704046756575783e-11
3.800000000000000000e+05 7.942432131618261337e+00 -5.878832831758688654e-11
3.850000000000000000e+05 7.956792249111458659e+00 -5.941719425097187988e-11
3.900000000000000000e+05 7.994859572849236429e+00 -6.007684675929909797e-11
3.950000000000000000e+05 8.019909649970941246e+00 -6.072873669629654852e-11
4.000000000000000000e+05 8.056943886273074895e+00 -6.139184659488530360e-11
4.050000000000000000e+05 8.071318814530968666e+00 -6.186631677133087180e-11
4.100000000000000000e+05 8.099358710402157158e+00 -6.243151654060527939e-11
4.150000000000000000e+05 8.126268996798899025e+00 -6.300617109370586694e-11
4.200000000000000000e+05 8.123590648174285889e+00 -6.318509929081833583e-11
4.250000000000000000e+05 8.161434128356631845e+00 -6.392362434906301509e-11
4.300000000000000000e+05 8.210838941216934472e+00 -6.443011045764064940e-11
4.350000000000000000e+05 8.179031787789426744e+00 -6.460638269884854475e-11
4.400000000000000000e+05 8.239900827116798609e+00 -6.530357509569842404e-11
4.450000000000000000e+05 8.198638454254250973e+00 -6.510841495369624331e-11
4.500000000000000000e+05 8.264103757042903453e+00 -6.596833596059789948e-11
4.550000000000000000e+05 8.243324486655183136e+00 -6.591018128905210274e-11
4.600000000000000000e+05 8.254009693046100438e+00 -6.620162677249189898e-11
4.650000000000000000e+05 8.273364535532891750e+00 -6.645678561511698569e-11
4.700000000000000000e+05 8.291728782234713435e+00 -6.680194684873395717e-11
4.750000000000000000e+05 8.265721286588814110e+00 -6.658687865867492009e-11
4.800000000000000000e+05 8.286512435704935342e+00 -6.696894166498253234e-11
4.850000000000000000e+05 8.288187891710549593e+00 -6.702390340857158431e-11
4.900000000000000000e+05 8.291233803145587444e+00 -6.709592748301597649e-11
4.950000000000000000e+05 8.294139041739981622e+00 -6.708374419275285000e-11
5.000000000000000000e+05 8.315336589992512017e+00 -6.729977351692997477e-11
