# 1:xM, 2:zM, 3:rM, 4:angleM, 5:gvect_x, 6:gvect_y,                           7:gvect_z, 8:gvect, 9:error
0.0000000000e+00 6.6500000000e+06 6.6500000000e+06 0.0000000000e+00 -2.6559852812e-16 -2.3783240523e-17 -5.6351331658e+00 5.6351331658e+00 1.1893586465e-12
2.2220959710e+05 6.6462863988e+06 6.6500000000e+06 3.3421198442e-02 -1.8829783180e-01 -4.9050221281e-17 -5.6319863137e+00 5.6351331760e+00 1.7995878963e-09
4.4417101441e+05 6.6351497428e+06 6.6500000000e+06 6.6842396885e-02 -3.7637492566e-01 -5.3338118488e-17 -5.6225659392e+00 5.6351491395e+00 2.8346647880e-06
6.6563634930e+05 6.6166024703e+06 6.6500000000e+06 1.0026359533e-01 -5.6390926739e-01 -4.7850719304e-17 -5.6071939639e+00 5.6354784899e+00 6.1280561298e-05
8.8635825324e+05 6.5906652962e+06 6.6500000000e+06 1.3368479377e-01 -7.5056451784e-01 -2.8102488254e-17 -5.5868295254e+00 5.6370214867e+00 3.3509783069e-04
1.1060902080e+06 6.5573671890e+06 6.6500000000e+06 1.6710599221e-01 -9.3626396428e-01 -7.3412147371e-19 -5.5625212556e+00 5.6407652788e+00 9.9946404151e-04
1.3245868009e+06 6.5167453385e+06 6.6500000000e+06 2.0052719065e-01 -1.1211533178e+00 4.9774610537e-17 -5.5349152364e+00 5.6473242723e+00 2.1634105373e-03
1.5416039993e+06 6.4688451140e+06 6.6500000000e+06 2.3394838910e-01 -1.3054533806e+00 7.9787016017e-17 -5.5042441134e+00 5.6569348404e+00 3.8688836585e-03
1.7568994224e+06 6.4137200141e+06 6.6500000000e+06 2.6736958754e-01 -1.4893710774e+00 1.3032919961e-16 -5.4704637778e+00 5.6695855360e+00 6.1138520014e-03
1.9702326129e+06 6.3514316064e+06 6.6500000000e+06 3.0079078598e-01 -1.6730636556e+00 1.7779375600e-16 -5.4333713488e+00 5.6851267540e+00 8.8717669572e-03
2.1813653046e+06 6.2820494592e+06 6.6500000000e+06 3.3421198442e-01 -1.8566287898e+00 2.1627396235e-16 -5.3926811025e+00 5.7033393671e+00 1.2103742590e-02
2.3900616894e+06 6.2056510634e+06 6.6500000000e+06 3.6763318287e-01 -2.0401050625e+00 2.5290861844e-16 -5.3480694205e+00 5.7239737239e+00 1.5765476253e-02
2.5960886798e+06 6.1223217464e+06 6.6500000000e+06 4.0105438131e-01 -2.2234760224e+00 3.0387296791e-16 -5.2992009009e+00 5.7467709029e+00 1.9811020219e-02
2.7992161701e+06 6.0321545763e+06 6.6500000000e+06 4.3447557975e-01 -2.4066751326e+00 3.4168109880e-16 -5.2457436562e+00 5.7714739626e+00 2.4194778141e-02
2.9992172928e+06 5.9352502585e+06 6.6500000000e+06 4.6789677819e-01 -2.5895906411e+00 3.7952236137e-16 -5.1873784877e+00 5.7978336698e+00 2.8872521592e-02
3.1958686720e+06 5.8317170226e+06 6.6500000000e+06 5.0131797664e-01 -2.7720700813e+00 4.2135850921e-16 -5.1238045825e+00 5.8256112070e+00 3.3801870446e-02
3.3889506732e+06 5.7216705021e+06 6.6500000000e+06 5.3473917508e-01 -2.9539243688e+00 4.5266865953e-16 -5.0547432087e+00 5.8545792404e+00 3.8942482487e-02
3.5782476485e+06 5.6052336049e+06 6.6500000000e+06 5.6816037352e-01 -3.1349315451e+00 4.8829607019e-16 -4.9799402338e+00 5.8845221152e+00 4.4256088015e-02
3.7635481773e+06 5.4825363763e+06 6.6500000000e+06 6.0158157196e-01 -3.3148402353e+00 5.1360606842e-16 -4.8991679329e+00 5.9152356014e+00 4.9706444795e-02
3.9446453025e+06 5.3537158533e+06 6.6500000000e+06 6.3500277041e-01 -3.4933728884e+00 5.4717587427e-16 -4.8122263465e+00 5.9465264270e+00 5.5259255109e-02
4.1213367616e+06 5.2189159121e+06 6.6500000000e+06 6.6842396885e-01 -3.6702288495e+00 5.7349243713e-16 -4.7189443346e+00 5.9782117260e+00 6.0882067935e-02
4.2934252129e+06 5.0782871070e+06 6.6500000000e+06 7.0184516729e-01 -3.8450873080e+00 5.8867468841e-16 -4.6191804110e+00 6.0101184743e+00 6.6544178717e-02
4.4607184554e+06 4.9319865026e+06 6.6500000000e+06 7.3526636573e-01 -4.0176101499e+00 6.1407808862e-16 -4.5128233983e+00 6.0420829472e+00 7.2216533199e-02
4.6230296440e+06 4.7801774978e+06 6.6500000000e+06 7.6868756418e-01 -4.1874447364e+00 6.3686461745e-16 -4.3997929307e+00 6.0739502183e+00 7.7871638438e-02
4.7801774978e+06 4.6230296440e+06 6.6500000000e+06 8.0210876262e-01 -4.3542266217e+00 6.6956577913e-16 -4.2800398127e+00 6.1055737053e+00 8.3483482229e-02
4.9319865026e+06 4.4607184554e+06 6.6500000000e+06 8.3552996106e-01 -4.5175822188e+00 6.8938613588e-16 -4.1535462381e+00 6.1368147646e+00 8.9027461120e-02
5.0782871070e+06 4.2934252129e+06 6.6500000000e+06 8.6895115950e-01 -4.6771314173e+00 6.9749057953e-16 -4.0203258723e+00 6.1675423318e+00 9.4480316667e-02
5.2189159121e+06 4.1213367616e+06 6.6500000000e+06 9.0237235795e-01 -4.8324901536e+00 7.2230615469e-16 -3.8804237947e+00 6.1976326054e+00 9.9820079316e-02
5.3537158533e+06 3.9446453025e+06 6.6500000000e+06 9.3579355639e-01 -4.9832729319e+00 7.4029881147e-16 -3.7339163014e+00 6.2269687697e+00 1.0502601918e-01
5.4825363763e+06 3.7635481773e+06 6.6500000000e+06 9.6921475483e-01 -5.1290952918e+00 7.5274365489e-16 -3.5809105674e+00 6.2554407522e+00 1.1007860296e-01
5.6052336049e+06 3.5782476485e+06 6.6500000000e+06 1.0026359533e+00 -5.2695762187e+00 7.6935086896e-16 -3.4215441674e+00 6.2829450112e+00 1.1495945638e-01
5.7216705021e+06 3.3889506732e+06 6.6500000000e+06 1.0360571517e+00 -5.4043404887e+00 7.6830332082e-16 -3.2559844556e+00 6.3093843514e+00 1.1965133134e-01
5.8317170226e+06 3.1958686720e+06 6.6500000000e+06 1.0694783502e+00 -5.5330209436e+00 7.9083771782e-16 -3.0844278077e+00 6.3346677627e+00 1.2413807736e-01
5.9352502585e+06 2.9992172928e+06 6.6500000000e+06 1.1028995486e+00 -5.6552606864e+00 7.9269040481e-16 -2.9070987240e+00 6.3587102798e+00 1.2840461666e-01
6.0321545763e+06 2.7992161701e+06 6.6500000000e+06 1.1363207470e+00 -5.7707151919e+00 8.2107724404e-16 -2.7242488002e+00 6.3814328604e+00 1.3243692254e-01
6.1223217464e+06 2.5960886798e+06 6.6500000000e+06 1.1697419455e+00 -5.8790543233e+00 8.1035121954e-16 -2.5361555675e+00 6.4027622788e+00 1.3622200052e-01
6.2056510634e+06 2.3900616894e+06 6.6500000000e+06 1.2031631439e+00 -5.9799642475e+00 8.2160344416e-16 -2.3431212092e+00 6.4226310343e+00 1.3974787201e-01
6.2820494592e+06 2.1813653046e+06 6.6500000000e+06 1.2365843424e+00 -6.0731492422e+00 8.3027920547e-16 -2.1454711562e+00 6.4409772706e+00 1.4300356018e-01
6.3514316064e+06 1.9702326129e+06 6.6500000000e+06 1.2700055408e+00 -6.1583333875e+00 8.5265251190e-16 -1.9435525718e+00 6.4577447078e+00 1.4597907765e-01
6.4137200141e+06 1.7568994224e+06 6.6500000000e+06 1.3034267393e+00 -6.2352621343e+00 8.5771119596e-16 -1.7377327294e+00 6.4728825822e+00 1.4866541601e-01
6.4688451140e+06 1.5416039993e+06 6.6500000000e+06 1.3368479377e+00 -6.3037037449e+00 8.6293550357e-16 -1.5283972928e+00 6.4863455958e+00 1.5105453676e-01
6.5167453385e+06 1.3245868009e+06 6.6500000000e+06 1.3702691361e+00 -6.3634505973e+00 8.6672846088e-16 -1.3159485066e+00 6.4980938725e+00 1.5313936358e-01
6.5573671890e+06 1.1060902080e+06 6.6500000000e+06 1.4036903346e+00 -6.4143203508e+00 8.7130022940e-16 -1.1008033059e+00 6.5080929220e+00 1.5491377585e-01
6.5906652962e+06 8.8635825324e+05 6.6500000000e+06 1.4371115330e+00 -6.4561569654e+00 8.5720597040e-16 -8.8339135364e-01 6.5163136086e+00 1.5637260325e-01
6.6166024703e+06 6.6563634930e+05 6.6500000000e+06 1.4705327315e+00 -6.4888315720e+00 8.7693835062e-16 -6.6415301613e-01 6.5227321268e+00 1.5751162127e-01
6.6351497428e+06 4.4417101441e+05 6.6500000000e+06 1.5039539299e+00 -6.5122431894e+00 8.7681054154e-16 -4.4353728581e-01 6.5273299811e+00 1.5832754773e-01
6.6462863988e+06 2.2220959710e+05 6.6500000000e+06 1.5373751284e+00 -6.5263192858e+00 8.6004905532e-16 -2.2199966207e-01 6.5300939710e+00 1.5881804011e-01
6.6500000000e+06 4.0719506072e-10 6.6500000000e+06 1.5707963268e+00 -6.5310161803e+00 8.7802374130e-16 -6.3311310489e-15 6.5310161803e+00 1.5898169361e-01
