# 1:xM, 2:zM, 3:rM, 4:angleM, 5:gvect_x, 6:gvect_y,                           7:gvect_z, 8:gvect, 9:error
0.0000000000e+00 6.6500000000e+06 6.6500000000e+06 0.0000000000e+00 -5.8321323802e-16 5.4199827102e-18 -5.6351331660e+00 5.6351331660e+00 3.5696678455e-11
2.2220959710e+05 6.6462863988e+06 6.6500000000e+06 3.3421198442e-02 -1.8829784518e-01 7.5740673294e-18 -5.6319863033e+00 5.6351331660e+00 3.3103290280e-11
4.4417101441e+05 6.6351497428e+06 6.6500000000e+06 6.6842396885e-02 -3.7638538566e-01 1.5118138557e-17 -5.6225492297e+00 5.6351331660e+00 3.2979562936e-11
6.6563634930e+05 6.6166024703e+06 6.6500000000e+06 1.0026359533e-01 -5.6405255164e-01 2.0937025705e-17 -5.6068324852e+00 5.6351331660e+00 3.2788061378e-11
8.8635825324e+05 6.5906652962e+06 6.6500000000e+06 1.3368479377e-01 -7.5108974282e-01 2.1115603417e-17 -5.5848536236e+00 5.6351331660e+00 3.2918881372e-11
1.1060902080e+06 6.5573671890e+06 6.6500000000e+06 1.6710599221e-01 -9.3728806249e-01 3.5493423712e-17 -5.5566371923e+00 5.6351331660e+00 3.3052538427e-11
1.3245868009e+06 6.5167453385e+06 6.6500000000e+06 2.0052719065e-01 -1.1224395509e+00 4.0405731008e-17 -5.5222147055e+00 5.6351331660e+00 3.2591200929e-11
1.5416039993e+06 6.4688451140e+06 6.6500000000e+06 2.3394838910e-01 -1.3063374173e+00 5.1351306152e-17 -5.4816246087e+00 5.6351331660e+00 3.3196440420e-11
1.7568994224e+06 6.4137200141e+06 6.6500000000e+06 2.6736958754e-01 -1.4887762714e+00 5.8366826374e-17 -5.4349122359e+00 5.6351331660e+00 3.3407013327e-11
1.9702326129e+06 6.3514316064e+06 6.6500000000e+06 3.0079078598e-01 -1.6695523521e+00 6.7815945653e-17 -5.3821297589e+00 5.6351331660e+00 3.3400708749e-11
2.1813653046e+06 6.2820494592e+06 6.6500000000e+06 3.3421198442e-01 -1.8484637557e+00 7.5019438045e-17 -5.3233361290e+00 5.6351331660e+00 3.3189820614e-11
2.3900616894e+06 6.2056510634e+06 6.6500000000e+06 3.6763318287e-01 -2.0253106608e+00 8.1095875601e-17 -5.2585970112e+00 5.6351331660e+00 3.3431758796e-11
2.5960886798e+06 6.1223217464e+06 6.6500000000e+06 4.0105438131e-01 -2.1998955521e+00 9.4362318626e-17 -5.1879847107e+00 5.6351331660e+00 3.3060891993e-11
2.7992161701e+06 6.0321545763e+06 6.6500000000e+06 4.3447557975e-01 -2.3720234405e+00 1.0306951506e-16 -5.1115780926e+00 5.6351331660e+00 3.3725552132e-11
2.9992172928e+06 5.9352502585e+06 6.6500000000e+06 4.6789677819e-01 -2.5415020810e+00 1.0612653164e-16 -5.0294624932e+00 5.6351331660e+00 3.3270519212e-11
3.1958686720e+06 5.8317170226e+06 6.6500000000e+06 5.0131797664e-01 -2.7081421876e+00 1.2032235306e-16 -4.9417296254e+00 5.6351331660e+00 3.3247034659e-11
3.3889506732e+06 5.7216705021e+06 6.6500000000e+06 5.3473917508e-01 -2.8717576446e+00 1.2296643073e-16 -4.8484774754e+00 5.6351331660e+00 3.3148052784e-11
3.5782476485e+06 5.6052336049e+06 6.6500000000e+06 5.6816037352e-01 -3.0321657144e+00 1.3894685713e-16 -4.7498101940e+00 5.6351331660e+00 3.3162238085e-11
3.7635481773e+06 5.4825363763e+06 6.6500000000e+06 6.0158157196e-01 -3.1891872415e+00 1.4791805481e-16 -4.6458379801e+00 5.6351331660e+00 3.3343494703e-11
3.9446453025e+06 5.3537158533e+06 6.6500000000e+06 6.3500277041e-01 -3.3426468529e+00 1.5927549231e-16 -4.5366769573e+00 5.6351331660e+00 3.3436172000e-11
4.1213367616e+06 5.2189159121e+06 6.6500000000e+06 6.6842396885e-01 -3.4923731539e+00 1.6261214763e-16 -4.4224490446e+00 5.6351331660e+00 3.3643435003e-11
4.2934252129e+06 5.0782871070e+06 6.6500000000e+06 7.0184516729e-01 -3.6381989192e+00 1.7204178035e-16 -4.3032818201e+00 5.6351331660e+00 3.4207694737e-11
4.4607184554e+06 4.9319865026e+06 6.6500000000e+06 7.3526636573e-01 -3.7799612801e+00 1.8475315978e-16 -4.1793083782e+00 5.6351331660e+00 3.5197513489e-11
4.6230296440e+06 4.7801774978e+06 6.6500000000e+06 7.6868756418e-01 -3.9175019060e+00 1.8764359844e-16 -4.0506671815e+00 5.6351331660e+00 3.6988644109e-11
4.7801774978e+06 4.6230296440e+06 6.6500000000e+06 8.0210876262e-01 -4.0506671816e+00 2.0302140136e-16 -3.9175019060e+00 5.6351331661e+00 4.1574751787e-11
4.9319865026e+06 4.4607184554e+06 6.6500000000e+06 8.3552996106e-01 -4.1793083782e+00 2.0674595858e-16 -3.7799612801e+00 5.6351331661e+00 5.0045109993e-11
5.0782871070e+06 4.2934252129e+06 6.6500000000e+06 8.6895115950e-01 -4.3032818202e+00 2.1313871713e-16 -3.6381989193e+00 5.6351331662e+00 6.3469763234e-11
5.2189159121e+06 4.1213367616e+06 6.6500000000e+06 9.0237235795e-01 -4.4224490449e+00 2.1730067771e-16 -3.4923731541e+00 5.6351331663e+00 8.5997754317e-11
5.3537158533e+06 3.9446453025e+06 6.6500000000e+06 9.3579355639e-01 -4.5366769577e+00 2.3271932317e-16 -3.3426468532e+00 5.6351331665e+00 1.2001252897e-10
5.4825363763e+06 3.7635481773e+06 6.6500000000e+06 9.6921475483e-01 -4.6458379807e+00 2.4060807019e-16 -3.1891872419e+00 5.6351331668e+00 1.6981443986e-10
5.6052336049e+06 3.5782476485e+06 6.6500000000e+06 1.0026359533e+00 -4.7498101950e+00 2.4371325833e-16 -3.0321657150e+00 5.6351331672e+00 2.3965403351e-10
5.7216705021e+06 3.3889506732e+06 6.6500000000e+06 1.0360571517e+00 -4.8484774768e+00 2.5703415514e-16 -2.8717576455e+00 5.6351331677e+00 3.3408163912e-10
5.8317170226e+06 3.1958686720e+06 6.6500000000e+06 1.0694783502e+00 -4.9417296274e+00 2.6495376119e-16 -2.7081421888e+00 5.6351331684e+00 4.5572484720e-10
5.9352502585e+06 2.9992172928e+06 6.6500000000e+06 1.1028995486e+00 -5.0294624961e+00 2.6885919142e-16 -2.5415020825e+00 5.6351331693e+00 6.0975025944e-10
6.0321545763e+06 2.7992161701e+06 6.6500000000e+06 1.1363207470e+00 -5.1115780964e+00 2.6777200565e-16 -2.3720234424e+00 5.6351331703e+00 7.9657019525e-10
6.1223217464e+06 2.5960886798e+06 6.6500000000e+06 1.1697419455e+00 -5.1879847158e+00 2.8277568827e-16 -2.1998955544e+00 5.6351331715e+00 1.0165901966e-09
6.2056510634e+06 2.3900616894e+06 6.6500000000e+06 1.2031631439e+00 -5.2585970176e+00 2.8557201438e-16 -2.0253106634e+00 5.6351331730e+00 1.2682207218e-09
6.2820494592e+06 2.1813653046e+06 6.6500000000e+06 1.2365843424e+00 -5.3233361370e+00 2.9246734052e-16 -1.8484637586e+00 5.6351331745e+00 1.5472214692e-09
6.3514316064e+06 1.9702326129e+06 6.6500000000e+06 1.2700055408e+00 -5.3821297687e+00 2.9462289297e-16 -1.6695523553e+00 5.6351331762e+00 1.8476724401e-09
6.4137200141e+06 1.7568994224e+06 6.6500000000e+06 1.3034267393e+00 -5.4349122475e+00 3.0021476309e-16 -1.4887762747e+00 5.6351331780e+00 2.1610096533e-09
6.4688451140e+06 1.5416039993e+06 6.6500000000e+06 1.3368479377e+00 -5.4816246221e+00 3.0233204280e-16 -1.3063374207e+00 5.6351331798e+00 2.4763633857e-09
6.5167453385e+06 1.3245868009e+06 6.6500000000e+06 1.3702691361e+00 -5.5222147206e+00 3.0142592360e-16 -1.1224395541e+00 5.6351331815e+00 2.7842031645e-09
6.5573671890e+06 1.1060902080e+06 6.6500000000e+06 1.4036903346e+00 -5.5566372091e+00 3.1477543344e-16 -9.3728806546e-01 5.6351331831e+00 3.0708359188e-09
6.5906652962e+06 8.8635825324e+05 6.6500000000e+06 1.4371115330e+00 -5.5848536420e+00 3.1091801968e-16 -7.5108974540e-01 5.6351331846e+00 3.3251091655e-09
6.6166024703e+06 6.6563634930e+05 6.6500000000e+06 1.4705327315e+00 -5.6068325049e+00 3.1577878814e-16 -5.6405255371e-01 5.6351331857e+00 3.5355739484e-09
6.6351497428e+06 4.4417101441e+05 6.6500000000e+06 1.5039539299e+00 -5.6225492502e+00 3.1497327940e-16 -3.7638538710e-01 5.6351331866e+00 3.6933141756e-09
6.6462863988e+06 2.2220959710e+05 6.6500000000e+06 1.5373751284e+00 -5.6319863244e+00 3.2580120298e-16 -1.8829784592e-01 5.6351331872e+00 3.7910803706e-09
6.6500000000e+06 4.0719506072e-10 6.6500000000e+06 1.5707963268e+00 -5.6351331874e+00 3.1391160632e-16 -3.3041639361e-15 5.6351331874e+00 3.8242397716e-09
