# 1:xM, 2:zM, 3:rM, 4:angleM, 5:gvect_x, 6:gvect_y,                           7:gvect_z, 8:gvect, 9:error
0.0000000000e+00 6.6500000000e+06 6.6500000000e+06 0.0000000000e+00 -5.5897856504e-16 2.7777625442e-17 -5.6351332351e+00 5.6351332351e+00 1.2295831941e-08
2.2220959710e+05 6.6462863988e+06 6.6500000000e+06 3.3421198442e-02 -1.8829784768e-01 3.0773161680e-17 -5.6319862978e+00 5.6351331606e+00 9.2358064823e-10
4.4417101441e+05 6.6351497428e+06 6.6500000000e+06 6.6842396885e-02 -3.7638538466e-01 4.1195328472e-17 -5.6225492288e+00 5.6351331651e+00 1.3486343537e-10
6.6563634930e+05 6.6166024703e+06 6.6500000000e+06 1.0026359533e-01 -5.6405255106e-01 4.9971237195e-17 -5.6068324848e+00 5.6351331655e+00 4.8314345708e-11
8.8635825324e+05 6.5906652962e+06 6.6500000000e+06 1.3368479377e-01 -7.5108974229e-01 4.4891868837e-17 -5.5848536233e+00 5.6351331657e+00 2.7768356346e-11
1.1060902080e+06 6.5573671890e+06 6.6500000000e+06 1.6710599221e-01 -9.3728806197e-01 6.7943215109e-17 -5.5566371921e+00 5.6351331658e+00 8.6812463413e-12
1.3245868009e+06 6.5167453385e+06 6.6500000000e+06 2.0052719065e-01 -1.1224395504e+00 7.6382715089e-17 -5.5222147054e+00 5.6351331659e+00 1.1991149810e-11
1.5416039993e+06 6.4688451140e+06 6.6500000000e+06 2.3394838910e-01 -1.3063374169e+00 9.1668029573e-17 -5.4816246088e+00 5.6351331660e+00 3.2379051878e-11
1.7568994224e+06 6.4137200141e+06 6.6500000000e+06 2.6736958754e-01 -1.4887762710e+00 1.1097252860e-16 -5.4349122361e+00 5.6351331661e+00 5.1149041607e-11
1.9702326129e+06 6.3514316064e+06 6.6500000000e+06 3.0079078598e-01 -1.6695523519e+00 1.2377633692e-16 -5.3821297592e+00 5.6351331662e+00 6.6803939329e-11
2.1813653046e+06 6.2820494592e+06 6.6500000000e+06 3.3421198442e-01 -1.8484637556e+00 1.4477198353e-16 -5.3233361293e+00 5.6351331663e+00 7.9170526761e-11
2.3900616894e+06 6.2056510634e+06 6.6500000000e+06 3.6763318287e-01 -2.0253106609e+00 1.7024919012e-16 -5.2585970115e+00 5.6351331663e+00 9.2595337617e-11
2.5960886798e+06 6.1223217464e+06 6.6500000000e+06 4.0105438131e-01 -2.1998955524e+00 1.9671050232e-16 -5.1879847112e+00 5.6351331666e+00 1.3233120161e-10
2.7992161701e+06 6.0321545763e+06 6.6500000000e+06 4.3447557975e-01 -2.3720234411e+00 2.1161055455e-16 -5.1115780938e+00 5.6351331674e+00 2.8200929206e-10
2.9992172928e+06 5.9352502585e+06 6.6500000000e+06 4.6789677819e-01 -2.5415020828e+00 2.4210937940e-16 -5.0294624969e+00 5.6351331701e+00 7.6554442105e-10
3.1958686720e+06 5.8317170226e+06 6.6500000000e+06 5.0131797664e-01 -2.7081421927e+00 2.6498364828e-16 -4.9417296357e+00 5.6351331775e+00 2.0780177642e-09
3.3889506732e+06 5.7216705021e+06 6.6500000000e+06 5.3473917508e-01 -2.8717576579e+00 3.0045751561e-16 -4.8484775011e+00 5.6351331949e+00 5.1654400821e-09
3.5782476485e+06 5.6052336049e+06 6.6500000000e+06 5.6816037352e-01 -3.0321657461e+00 3.2752713886e-16 -4.7498102513e+00 5.6351332314e+00 1.1629825617e-08
3.7635481773e+06 5.4825363763e+06 6.6500000000e+06 6.0158157196e-01 -3.1891873109e+00 3.5227954530e-16 -4.6458380957e+00 5.6351333006e+00 2.3922865891e-08
3.9446453025e+06 5.3537158533e+06 6.6500000000e+06 6.3500277041e-01 -3.3426469928e+00 3.7687262028e-16 -4.5366771725e+00 5.6351334222e+00 4.5489834381e-08
4.1213367616e+06 5.2189159121e+06 6.6500000000e+06 6.6842396885e-01 -3.4923734161e+00 4.2244539702e-16 -4.4224494177e+00 5.6351336213e+00 8.0827008617e-08
4.2934252129e+06 5.0782871070e+06 6.6500000000e+06 7.0184516729e-01 -3.6381993810e+00 4.4330337023e-16 -4.3032824287e+00 5.6351339290e+00 1.3542812303e-07
4.4607184554e+06 4.9319865026e+06 6.6500000000e+06 7.3526636573e-01 -3.7799620500e+00 4.5722680334e-16 -4.1793093198e+00 5.6351343808e+00 2.1561496432e-07
4.6230296440e+06 4.7801774978e+06 6.6500000000e+06 7.6868756418e-01 -3.9175031293e+00 4.9697005830e-16 -4.0506685715e+00 5.6351350156e+00 3.2825991044e-07
4.7801774978e+06 4.6230296440e+06 6.6500000000e+06 8.0210876262e-01 -4.0506690442e+00 5.2535865548e-16 -3.9175038739e+00 5.6351358731e+00 4.8042297885e-07
4.9319865026e+06 4.4607184554e+06 6.6500000000e+06 8.3552996106e-01 -4.1793111088e+00 5.5821170019e-16 -3.7799639642e+00 5.6351369917e+00 6.7892945706e-07
5.0782871070e+06 4.2934252129e+06 6.6500000000e+06 8.6895115950e-01 -4.3032856895e+00 5.8090806594e-16 -3.6382024587e+00 5.6351384061e+00 9.2992921882e-07
5.2189159121e+06 4.1213367616e+06 6.6500000000e+06 9.0237235795e-01 -4.4224543630e+00 6.0732393947e-16 -3.4923776797e+00 5.6351401447e+00 1.2384651428e-06
5.3537158533e+06 3.9446453025e+06 6.6500000000e+06 9.3579355639e-01 -4.5366840679e+00 6.3428494790e-16 -3.3426524786e+00 5.6351422276e+00 1.6080829546e-06
5.4825363763e+06 3.7635481773e+06 6.6500000000e+06 9.6921475483e-01 -4.6458472508e+00 6.4809656110e-16 -3.1891940535e+00 5.6351446643e+00 2.0405075046e-06
5.6052336049e+06 3.5782476485e+06 6.6500000000e+06 1.0026359533e+00 -4.7498220060e+00 6.7685738639e-16 -3.0321737632e+00 5.6351474531e+00 2.5354018753e-06
5.7216705021e+06 3.3889506732e+06 6.6500000000e+06 1.0360571517e+00 -4.8484922103e+00 7.0310259779e-16 -2.8717669373e+00 5.6351505796e+00 3.0902232409e-06
5.8317170226e+06 3.1958686720e+06 6.6500000000e+06 1.0694783502e+00 -4.9417476507e+00 7.2590973840e-16 -2.7081526821e+00 5.6351540168e+00 3.7001761480e-06
5.9352502585e+06 2.9992172928e+06 6.6500000000e+06 1.1028995486e+00 -5.0294841473e+00 7.5682541644e-16 -2.5415136830e+00 5.6351577252e+00 4.3582660443e-06
6.0321545763e+06 2.7992161701e+06 6.6500000000e+06 1.1363207470e+00 -5.1116036689e+00 7.6218298284e-16 -2.3720360026e+00 5.6351616539e+00 5.0554441985e-06
6.1223217464e+06 2.5960886798e+06 6.6500000000e+06 1.1697419455e+00 -5.1880144442e+00 7.8241886976e-16 -2.1999088759e+00 5.6351657416e+00 5.7808374322e-06
6.2056510634e+06 2.3900616894e+06 6.6500000000e+06 1.2031631439e+00 -5.2586310645e+00 8.0136493737e-16 -2.0253245016e+00 5.6351699184e+00 6.5220453879e-06
6.2820494592e+06 2.1813653046e+06 6.6500000000e+06 1.2365843424e+00 -5.3233745821e+00 8.1579670485e-16 -1.8484778292e+00 5.6351741079e+00 7.2654979804e-06
6.3514316064e+06 1.9702326129e+06 6.6500000000e+06 1.2700055408e+00 -5.3821726000e+00 8.3693802406e-16 -1.6695663443e+00 5.6351782291e+00 7.9968519649e-06
6.4137200141e+06 1.7568994224e+06 6.6500000000e+06 1.3034267393e+00 -5.4349593565e+00 8.3447075630e-16 -1.4887898489e+00 5.6351821994e+00 8.7014145010e-06
6.4688451140e+06 1.5416039993e+06 6.6500000000e+06 1.3368479377e+00 -5.4816758012e+00 8.5387608709e-16 -1.3063502399e+00 5.6351859365e+00 9.3645767343e-06
6.5167453385e+06 1.3245868009e+06 6.6500000000e+06 1.3702691361e+00 -5.5222696644e+00 8.5878612786e-16 -1.1224512841e+00 5.6351893607e+00 9.9722442550e-06
6.5573671890e+06 1.1060902080e+06 6.6500000000e+06 1.4036903346e+00 -5.5566955190e+00 8.7391467518e-16 -9.3729839037e-01 5.6351923981e+00 1.0511250429e-05
6.5906652962e+06 8.8635825324e+05 6.6500000000e+06 1.4371115330e+00 -5.5849148342e+00 8.6872484354e-16 -7.5109838037e-01 5.6351949818e+00 1.0969739142e-05
6.6166024703e+06 6.6563634930e+05 6.6500000000e+06 1.4705327315e+00 -5.6068960214e+00 8.9035707698e-16 -5.6405925596e-01 5.6351970542e+00 1.1337509103e-05
6.6351497428e+06 4.4417101441e+05 6.6500000000e+06 1.5039539299e+00 -5.6226144724e+00 8.8739830284e-16 -3.7638996554e-01 5.6351985689e+00 1.1606306786e-05
6.6462863988e+06 2.2220959710e+05 6.6500000000e+06 1.5373751284e+00 -5.6320525883e+00 8.8882488554e-16 -1.8830016876e-01 5.6351994917e+00 1.1770062213e-05
6.6500000000e+06 4.0719506072e-10 6.6500000000e+06 1.5707963268e+00 -5.6351998016e+00 8.9098592051e-16 -3.7974595192e-15 5.6351998016e+00 1.1825063686e-05
