  0 1.000000e+00 1.000000e+00 1.000000e+00 1.000000e-12
  1 8.723911e-02 8.723911e-02 7.172163e-10 1.000000e-12
  2 2.290923e-07 2.290923e-07 7.558643e-10 1.000000e-12
  3 1.594814e-07 1.594814e-07 7.331272e-16 1.000000e-12
  4 1.091091e-07 1.091091e-07 5.640382e-16 1.000000e-12
  5 1.436615e-07 1.436615e-07 5.701873e-16 1.000000e-12
  6 1.612533e-07 1.612533e-07 5.463970e-16 1.000000e-12
  7 4.997597e-08 4.997597e-08 5.210854e-16 1.000000e-12
  8 3.700715e-08 3.700715e-08 5.337409e-16 1.000000e-12
  9 2.515620e-08 2.515620e-08 5.437154e-16 1.000000e-12
 10 9.831906e-09 9.831906e-09 5.281981e-16 1.000000e-12
 11 4.460815e-09 4.460815e-09 5.323786e-16 1.000000e-12
 12 1.026544e-09 1.026544e-09 5.195204e-16 1.000000e-12
 13 1.339892e-10 1.339892e-10 5.327385e-16 1.000000e-12
 14 4.671305e-12 4.671305e-12 5.390336e-16 1.000000e-12
 15 2.269605e-14 2.269605e-14 5.429824e-16 1.000000e-12
