0.000000 1.281580e+02 1.247600e+02 1.000000e-06
0.010000 6.970067e+00 7.388127e+00 1.000000e-06
0.020000 3.198962e-01 3.390748e-01 1.000000e-06
0.030000 1.339751e-02 1.419968e-02 1.000000e-06
0.040000 5.586397e-04 5.919581e-04 1.000000e-06
0.050000 2.330318e-05 2.467644e-05 1.000000e-06
0.060000 9.737861e-07 1.029007e-06 1.000000e-06
0.070000 4.091262e-08 4.294692e-08 1.000000e-06
1.000000 1.386165e-01 9.059375e-02 1.000000e-06
1.010000 9.861363e-03 2.157491e-03 1.000000e-06
1.020000 6.371544e-04 1.489063e-04 1.000000e-06
1.030000 4.272887e-05 1.051789e-05 1.000000e-06
1.040000 2.953243e-06 7.561842e-07 1.000000e-06
1.050000 2.089965e-07 5.510565e-08 1.000000e-06
2.000000 8.471290e-02 3.431636e-02 1.000000e-06
2.010000 6.019222e-03 1.282431e-03 1.000000e-06
2.020000 3.981294e-04 8.769447e-05 1.000000e-06
2.030000 2.713608e-05 6.156547e-06 1.000000e-06
2.040000 1.895036e-06 4.409832e-07 1.000000e-06
2.050000 1.349075e-07 3.207117e-08 1.000000e-06
3.000000 5.537493e-02 1.994539e-02 1.000000e-06
3.010000 4.102173e-03 8.989506e-04 1.000000e-06
3.020000 2.811663e-04 6.235082e-05 1.000000e-06
3.030000 1.973766e-05 4.450196e-06 1.000000e-06
3.040000 1.411721e-06 3.240114e-07 1.000000e-06
3.050000 1.024435e-07 2.392062e-08 1.000000e-06
4.000000 3.859844e-02 1.399192e-02 1.000000e-06
4.010000 2.985148e-03 6.937741e-04 1.000000e-06
4.020000 2.110731e-04 4.889019e-05 1.000000e-06
4.030000 1.519818e-05 3.550126e-06 1.000000e-06
4.040000 1.109452e-06 2.625577e-07 1.000000e-06
4.050000 8.183569e-08 1.964248e-08 1.000000e-06
5.000000 2.850071e-02 1.091170e-02 1.000000e-06
5.010000 2.287549e-03 5.720063e-04 1.000000e-06
5.020000 1.656105e-04 4.064570e-05 1.000000e-06
5.030000 1.215329e-05 2.983021e-06 1.000000e-06
5.040000 9.007170e-07 2.227879e-07 1.000000e-06
6.000000 2.209296e-02 9.078219e-03 1.000000e-06
6.010000 1.827038e-03 4.949712e-04 1.000000e-06
6.020000 1.344432e-04 3.512731e-05 1.000000e-06
6.030000 9.997962e-06 2.586973e-06 1.000000e-06
6.040000 7.489538e-07 1.940650e-07 1.000000e-06
7.000000 1.780862e-02 7.867177e-03 1.000000e-06
7.010000 1.507990e-03 4.441553e-04 1.000000e-06
7.020000 1.120923e-04 3.121233e-05 1.000000e-06
7.030000 8.409038e-06 2.292686e-06 1.000000e-06
7.040000 6.345459e-07 1.720358e-07 1.000000e-06
8.000000 1.480522e-02 6.998400e-03 1.000000e-06
8.010000 1.277915e-03 4.097671e-04 1.000000e-06
8.020000 9.547616e-05 2.832765e-05 1.000000e-06
8.030000 7.200211e-06 2.065475e-06 1.000000e-06
8.040000 5.459137e-07 1.545389e-07 1.000000e-06
9.000000 1.261281e-02 6.331949e-03 1.000000e-06
9.010000 1.106550e-03 3.861712e-04 1.000000e-06
9.020000 8.276064e-05 2.614779e-05 1.000000e-06
9.030000 6.257046e-06 1.885560e-06 1.000000e-06
9.040000 4.757287e-07 1.403218e-07 1.000000e-06
10.000000 1.095915e-02 5.792117e-03 1.000000e-06
10.010000 9.756442e-04 3.699160e-04 1.000000e-06
10.020000 7.280345e-05 2.447292e-05 1.000000e-06
10.030000 5.506021e-06 1.740619e-06 1.000000e-06
10.040000 4.191465e-07 1.285857e-07 1.000000e-06
11.000000 9.679618e-03 5.335381e-03 1.000000e-06
11.010000 8.736779e-04 3.587773e-04 1.000000e-06
11.020000 6.486176e-05 2.317219e-05 1.000000e-06
11.030000 4.897961e-06 1.622441e-06 1.000000e-06
11.040000 3.728444e-07 1.187852e-07 1.000000e-06
12.000000 8.670351e-03 4.935556e-03 1.000000e-06
12.010000 7.930571e-04 3.512644e-04 1.000000e-06
12.020000 5.843365e-05 2.215549e-05 1.000000e-06
12.030000 4.398833e-06 1.525266e-06 1.000000e-06
12.040000 3.344729e-07 1.105298e-07 1.000000e-06
13.000000 7.863112e-03 4.576346e-03 1.000000e-06
13.010000 7.285783e-04 3.463465e-04 1.000000e-06
13.020000 5.316847e-05 2.135824e-05 1.000000e-06
13.030000 3.984390e-06 1.444892e-06 1.000000e-06
13.040000 3.023282e-07 1.035303e-07 1.000000e-06
14.000000 7.211391e-03 4.247388e-03 1.000000e-06
14.010000 6.765529e-04 3.432935e-04 1.000000e-06
14.020000 4.881414e-05 2.073268e-05 1.000000e-06
14.030000 3.636926e-06 1.378157e-06 1.000000e-06
14.040000 2.751480e-07 9.756629e-08 1.000000e-06
15.000000 6.682419e-03 3.942033e-03 1.000000e-06
15.010000 6.342889e-04 3.415782e-04 1.000000e-06
15.020000 4.518493e-05 2.024268e-05 1.000000e-06
15.030000 3.343245e-06 1.322626e-06 1.000000e-06
15.040000 2.519796e-07 9.246654e-08 1.000000e-06
16.000000 6.252377e-03 3.656059e-03 1.000000e-06
16.010000 5.997727e-04 3.408149e-04 1.000000e-06
16.020000 4.214109e-05 1.986041e-05 1.000000e-06
16.030000 3.093323e-06 1.276382e-06 1.000000e-06
16.040000 2.320929e-07 8.809541e-08 1.000000e-06
17.000000 5.903429e-03 3.386902e-03 1.000000e-06
17.010000 5.714679e-04 3.407179e-04 1.000000e-06
17.020000 3.957544e-05 1.956415e-05 1.000000e-06
17.030000 2.879432e-06 1.237893e-06 1.000000e-06
17.040000 2.149201e-07 8.434391e-08 1.000000e-06
18.000000 5.621829e-03 3.133189e-03 1.000000e-06
18.010000 5.481819e-04 3.410747e-04 1.000000e-06
18.020000 3.740447e-05 1.933683e-05 1.000000e-06
18.030000 2.695523e-06 1.205922e-06 1.000000e-06
18.040000 2.000144e-07 8.112328e-08 1.000000e-06
19.000000 5.396685e-03 2.894460e-03 1.000000e-06
19.010000 5.289779e-04 3.417271e-04 1.000000e-06
19.020000 3.556217e-05 1.916493e-05 1.000000e-06
19.030000 2.536803e-06 1.179459e-06 1.000000e-06
19.040000 1.870201e-07 7.836044e-08 1.000000e-06
20.000000 5.219137e-03 2.671001e-03 1.000000e-06
20.010000 5.131122e-04 3.425575e-04 1.000000e-06
20.020000 3.399570e-05 1.903774e-05 1.000000e-06
20.030000 2.399428e-06 1.157674e-06 1.000000e-06
20.040000 1.756512e-07 7.599462e-08 1.000000e-06
21.000000 5.081821e-03 2.463743e-03 1.000000e-06
21.010000 4.999904e-04 3.434803e-04 1.000000e-06
21.020000 3.266233e-05 1.894678e-05 1.000000e-06
21.030000 2.280284e-06 1.139880e-06 1.000000e-06
21.040000 1.656753e-07 7.397490e-08 1.000000e-06
22.000000 4.978511e-03 2.274210e-03 1.000000e-06
22.010000 4.891352e-04 3.444342e-04 1.000000e-06
22.020000 3.152714e-05 1.888536e-05 1.000000e-06
22.030000 2.176822e-06 1.125512e-06 1.000000e-06
22.040000 1.569021e-07 7.225832e-08 1.000000e-06
23.000000 4.903878e-03 2.104448e-03 1.000000e-06
23.010000 4.801626e-04 3.453774e-04 1.000000e-06
23.020000 3.056147e-05 1.884824e-05 1.000000e-06
23.030000 2.086937e-06 1.114099e-06 1.000000e-06
23.040000 1.491742e-07 7.080845e-08 1.000000e-06
24.000000 4.853327e-03 1.956916e-03 1.000000e-06
24.010000 4.727633e-04 3.462842e-04 1.000000e-06
24.020000 2.974155e-05 1.883137e-05 1.000000e-06
24.030000 2.008875e-06 1.105252e-06 1.000000e-06
24.040000 1.423607e-07 6.959425e-08 1.000000e-06
25.000000 4.822893e-03 1.834280e-03 1.000000e-06
25.010000 4.666885e-04 3.471414e-04 1.000000e-06
25.020000 2.904767e-05 1.883167e-05 1.000000e-06
25.030000 1.941168e-06 1.098650e-06 1.000000e-06
25.040000 1.363518e-07 6.858921e-08 1.000000e-06
26.000000 4.809152e-03 1.739051e-03 1.000000e-06
26.010000 4.617385e-04 3.479464e-04 1.000000e-06
26.020000 2.846336e-05 1.884683e-05 1.000000e-06
26.030000 1.882574e-06 1.094028e-06 1.000000e-06
26.040000 1.310544e-07 6.777062e-08 1.000000e-06
27.000000 4.809159e-03 1.673078e-03 1.000000e-06
27.010000 4.577540e-04 3.487053e-04 1.000000e-06
27.020000 2.797487e-05 1.887525e-05 1.000000e-06
27.030000 1.832039e-06 1.091168e-06 1.000000e-06
27.040000 1.263895e-07 6.711901e-08 1.000000e-06
28.000000 4.820394e-03 1.637013e-03 1.000000e-06
28.010000 4.546085e-04 3.494311e-04 1.000000e-06
28.020000 2.757067e-05 1.891581e-05 1.000000e-06
28.030000 1.788663e-06 1.089893e-06 1.000000e-06
28.040000 1.222894e-07 6.661766e-08 1.000000e-06
29.000000 4.840716e-03 1.629928e-03 1.000000e-06
29.010000 4.522028e-04 3.501428e-04 1.000000e-06
29.020000 2.724111e-05 1.896787e-05 1.000000e-06
29.030000 1.751673e-06 1.090058e-06 1.000000e-06
29.040000 1.186957e-07 6.625219e-08 1.000000e-06
30.000000 4.868318e-03 1.649303e-03 1.000000e-06
30.010000 4.504594e-04 3.508641e-04 1.000000e-06
30.020000 2.697810e-05 1.903113e-05 1.000000e-06
30.030000 1.720407e-06 1.091547e-06 1.000000e-06
30.040000 1.155579e-07 6.601026e-08 1.000000e-06
31.000000 4.901687e-03 1.691395e-03 1.000000e-06
31.010000 4.493190e-04 3.516224e-04 1.000000e-06
31.020000 2.677483e-05 1.910557e-05 1.000000e-06
31.030000 1.694287e-06 1.094268e-06 1.000000e-06
31.040000 1.128318e-07 6.588124e-08 1.000000e-06
32.000000 4.939574e-03 1.751828e-03 1.000000e-06
32.010000 4.487369e-04 3.524478e-04 1.000000e-06
32.020000 2.662561e-05 1.919141e-05 1.000000e-06
32.030000 1.672818e-06 1.098145e-06 1.000000e-06
32.040000 1.104789e-07 6.585599e-08 1.000000e-06
33.000000 4.980957e-03 1.826162e-03 1.000000e-06
33.010000 4.486799e-04 3.533725e-04 1.000000e-06
33.020000 2.652566e-05 1.928902e-05 1.000000e-06
33.030000 1.655564e-06 1.103121e-06 1.000000e-06
33.040000 1.084652e-07 6.592661e-08 1.000000e-06
34.000000 5.025012e-03 1.910299e-03 1.000000e-06
34.010000 4.491243e-04 3.544295e-04 1.000000e-06
34.020000 2.647096e-05 1.939890e-05 1.000000e-06
34.030000 1.642150e-06 1.109151e-06 1.000000e-06
34.040000 1.067606e-07 6.608632e-08 1.000000e-06
35.000000 5.071093e-03 2.000673e-03 1.000000e-06
35.010000 4.500537e-04 3.556524e-04 1.000000e-06
35.020000 2.645810e-05 1.952163e-05 1.000000e-06
35.030000 1.632244e-06 1.116198e-06 1.000000e-06
35.040000 1.053386e-07 6.632923e-08 1.000000e-06
36.000000 5.118704e-03 2.094310e-03 1.000000e-06
36.010000 4.514568e-04 3.570743e-04 1.000000e-06
36.020000 2.648423e-05 1.965782e-05 1.000000e-06
36.030000 1.625556e-06 1.124235e-06 1.000000e-06
36.040000 1.041753e-07 6.665024e-08 1.000000e-06
37.000000 5.167480e-03 2.188785e-03 1.000000e-06
37.010000 4.533267e-04 3.587271e-04 1.000000e-06
37.020000 2.654691e-05 1.980808e-05 1.000000e-06
37.030000 1.621834e-06 1.133241e-06 1.000000e-06
37.040000 1.032497e-07 6.704492e-08 1.000000e-06
38.000000 5.217170e-03 2.282151e-03 1.000000e-06
38.010000 4.556589e-04 3.606410e-04 1.000000e-06
38.020000 2.664406e-05 1.997304e-05 1.000000e-06
38.030000 1.620851e-06 1.143198e-06 1.000000e-06
38.040000 1.025428e-07 6.750938e-08 1.000000e-06
39.000000 5.267622e-03 2.372861e-03 1.000000e-06
39.010000 4.584507e-04 3.628440e-04 1.000000e-06
39.020000 2.677387e-05 2.015325e-05 1.000000e-06
39.030000 1.622409e-06 1.154091e-06 1.000000e-06
39.040000 1.020376e-07 6.804022e-08 1.000000e-06
40.000000 5.318769e-03 2.459691e-03 1.000000e-06
40.010000 4.617001e-04 3.653610e-04 1.000000e-06
40.020000 2.693478e-05 2.034920e-05 1.000000e-06
40.030000 1.626332e-06 1.165907e-06 1.000000e-06
40.040000 1.017187e-07 6.863440e-08 1.000000e-06
41.000000 5.370615e-03 2.541679e-03 1.000000e-06
41.010000 4.654053e-04 3.682138e-04 1.000000e-06
41.020000 2.712538e-05 2.056132e-05 1.000000e-06
41.030000 1.632463e-06 1.178636e-06 1.000000e-06
41.040000 1.015726e-07 6.928924e-08 1.000000e-06
42.000000 5.423223e-03 2.618079e-03 1.000000e-06
42.010000 4.695638e-04 3.714204e-04 1.000000e-06
42.020000 2.734445e-05 2.078994e-05 1.000000e-06
42.030000 1.640660e-06 1.192266e-06 1.000000e-06
42.040000 1.015866e-07 7.000232e-08 1.000000e-06
43.000000 5.476708e-03 2.688318e-03 1.000000e-06
43.010000 4.741725e-04 3.749951e-04 1.000000e-06
43.020000 2.759082e-05 2.103530e-05 1.000000e-06
43.030000 1.650798e-06 1.206785e-06 1.000000e-06
43.040000 1.017495e-07 7.077144e-08 1.000000e-06
44.000000 5.531226e-03 2.751968e-03 1.000000e-06
44.010000 4.792267e-04 3.789481e-04 1.000000e-06
44.020000 2.786347e-05 2.129753e-05 1.000000e-06
44.030000 1.662763e-06 1.222181e-06 1.000000e-06
44.040000 1.020513e-07 7.159459e-08 1.000000e-06
45.000000 5.586966e-03 2.808723e-03 1.000000e-06
45.010000 4.847207e-04 3.832858e-04 1.000000e-06
45.020000 2.816139e-05 2.157667e-05 1.000000e-06
45.030000 1.676451e-06 1.238440e-06 1.000000e-06
45.040000 1.024826e-07 7.246994e-08 1.000000e-06
46.000000 5.644140e-03 2.858379e-03 1.000000e-06
46.010000 4.906472e-04 3.880107e-04 1.000000e-06
46.020000 2.848367e-05 2.187265e-05 1.000000e-06
46.030000 1.691770e-06 1.255548e-06 1.000000e-06
46.040000 1.030351e-07 7.339578e-08 1.000000e-06
47.000000 5.702978e-03 2.900824e-03 1.000000e-06
47.010000 4.969973e-04 3.931213e-04 1.000000e-06
47.020000 2.882940e-05 2.218534e-05 1.000000e-06
47.030000 1.708633e-06 1.273490e-06 1.000000e-06
47.040000 1.037014e-07 7.437052e-08 1.000000e-06
48.000000 5.763722e-03 2.936023e-03 1.000000e-06
48.010000 5.037608e-04 3.986132e-04 1.000000e-06
48.020000 2.919773e-05 2.251448e-05 1.000000e-06
48.030000 1.726963e-06 1.292248e-06 1.000000e-06
48.040000 1.044744e-07 7.539267e-08 1.000000e-06
49.000000 5.826616e-03 2.964013e-03 1.000000e-06
49.010000 5.109264e-04 4.044785e-04 1.000000e-06
49.020000 2.958784e-05 2.285976e-05 1.000000e-06
49.030000 1.746689e-06 1.311806e-06 1.000000e-06
49.040000 1.053480e-07 7.646083e-08 1.000000e-06
50.000000 5.891905e-03 2.984896e-03 1.000000e-06
50.010000 5.184815e-04 4.107068e-04 1.000000e-06
50.020000 2.999891e-05 2.322081e-05 1.000000e-06
50.030000 1.767745e-06 1.332145e-06 1.000000e-06
50.040000 1.063164e-07 7.757370e-08 1.000000e-06
51.000000 5.959828e-03 2.998833e-03 1.000000e-06
51.010000 5.264127e-04 4.172854e-04 1.000000e-06
51.020000 3.043019e-05 2.359718e-05 1.000000e-06
51.030000 1.790071e-06 1.353247e-06 1.000000e-06
51.040000 1.073747e-07 7.873004e-08 1.000000e-06
52.000000 6.030613e-03 3.006040e-03 1.000000e-06
52.010000 5.347059e-04 4.241998e-04 1.000000e-06
52.020000 3.088091e-05 2.398841e-05 1.000000e-06
52.030000 1.813613e-06 1.375091e-06 1.000000e-06
52.040000 1.085180e-07 7.992870e-08 1.000000e-06
53.000000 6.104472e-03 3.006788e-03 1.000000e-06
53.010000 5.433466e-04 4.314342e-04 1.000000e-06
53.020000 3.135036e-05 2.439398e-05 1.000000e-06
53.030000 1.838319e-06 1.397660e-06 1.000000e-06
53.040000 1.097422e-07 8.116861e-08 1.000000e-06
54.000000 6.181603e-03 3.001394e-03 1.000000e-06
54.010000 5.523203e-04 4.389718e-04 1.000000e-06
54.020000 3.183785e-05 2.481338e-05 1.000000e-06
54.030000 1.864143e-06 1.420933e-06 1.000000e-06
54.040000 1.110436e-07 8.244876e-08 1.000000e-06
55.000000 6.262182e-03 2.990224e-03 1.000000e-06
55.010000 5.616123e-04 4.467952e-04 1.000000e-06
55.020000 3.234274e-05 2.524607e-05 1.000000e-06
55.030000 1.891043e-06 1.444893e-06 1.000000e-06
55.040000 1.124185e-07 8.376822e-08 1.000000e-06
56.000000 6.346362e-03 2.973692e-03 1.000000e-06
56.010000 5.712082e-04 4.548870e-04 1.000000e-06
56.020000 3.286440e-05 2.569152e-05 1.000000e-06
56.030000 1.918980e-06 1.469521e-06 1.000000e-06
56.040000 1.138640e-07 8.512615e-08 1.000000e-06
57.000000 6.434274e-03 2.952255e-03 1.000000e-06
57.010000 5.810941e-04 4.632300e-04 1.000000e-06
57.020000 3.340227e-05 2.614921e-05 1.000000e-06
57.030000 1.947921e-06 1.494801e-06 1.000000e-06
57.040000 1.153772e-07 8.652178e-08 1.000000e-06
58.000000 6.526025e-03 2.926413e-03 1.000000e-06
58.010000 5.912570e-04 4.718074e-04 1.000000e-06
58.020000 3.395580e-05 2.661865e-05 1.000000e-06
58.030000 1.977833e-06 1.520717e-06 1.000000e-06
58.040000 1.169557e-07 8.795443e-08 1.000000e-06
59.000000 6.621698e-03 2.896708e-03 1.000000e-06
59.010000 6.016843e-04 4.806035e-04 1.000000e-06
59.020000 3.452452e-05 2.709936e-05 1.000000e-06
59.030000 2.008688e-06 1.547254e-06 1.000000e-06
59.040000 1.185973e-07 8.942349e-08 1.000000e-06
60.000000 6.721352e-03 2.863722e-03 1.000000e-06
60.010000 6.123647e-04 4.896032e-04 1.000000e-06
60.020000 3.510800e-05 2.759093e-05 1.000000e-06
60.030000 2.040463e-06 1.574400e-06 1.000000e-06
60.040000 1.202999e-07 9.092845e-08 1.000000e-06
61.000000 6.825022e-03 2.828077e-03 1.000000e-06
61.010000 6.232878e-04 4.987931e-04 1.000000e-06
61.020000 3.570584e-05 2.809296e-05 1.000000e-06
61.030000 2.073135e-06 1.602143e-06 1.000000e-06
61.040000 1.220619e-07 9.246886e-08 1.000000e-06
62.000000 6.932725e-03 2.790427e-03 1.000000e-06
62.010000 6.344443e-04 5.081607e-04 1.000000e-06
62.020000 3.631771e-05 2.860511e-05 1.000000e-06
62.030000 2.106686e-06 1.630474e-06 1.000000e-06
62.040000 1.238817e-07 9.404439e-08 1.000000e-06
63.000000 7.044455e-03 2.751462e-03 1.000000e-06
63.010000 6.458265e-04 5.176953e-04 1.000000e-06
63.020000 3.694333e-05 2.912709e-05 1.000000e-06
63.030000 2.141101e-06 1.659384e-06 1.000000e-06
63.040000 1.257581e-07 9.565478e-08 1.000000e-06
64.000000 7.160190e-03 2.711899e-03 1.000000e-06
64.010000 6.574276e-04 5.273878e-04 1.000000e-06
64.020000 3.758248e-05 2.965865e-05 1.000000e-06
64.030000 2.176367e-06 1.688870e-06 1.000000e-06
64.040000 1.276899e-07 9.729985e-08 1.000000e-06
65.000000 7.279892e-03 2.672476e-03 1.000000e-06
65.010000 6.692424e-04 5.372304e-04 1.000000e-06
65.020000 3.823498e-05 3.019960e-05 1.000000e-06
65.030000 2.212473e-06 1.718926e-06 1.000000e-06
65.040000 1.296763e-07 9.897953e-08 1.000000e-06
66.000000 7.403511e-03 2.633948e-03 1.000000e-06
66.010000 6.812668e-04 5.472172e-04 1.000000e-06
66.020000 3.890070e-05 3.074983e-05 1.000000e-06
66.030000 2.249414e-06 1.749551e-06 1.000000e-06
66.040000 1.317164e-07 1.006938e-07 1.000000e-06
67.000000 7.530984e-03 2.597074e-03 1.000000e-06
67.010000 6.934981e-04 5.573440e-04 1.000000e-06
67.020000 3.957958e-05 3.130924e-05 1.000000e-06
67.030000 2.287183e-06 1.780745e-06 1.000000e-06
67.040000 1.338097e-07 1.024427e-07 1.000000e-06
68.000000 7.662243e-03 2.562606e-03 1.000000e-06
68.010000 7.059351e-04 5.676080e-04 1.000000e-06
68.020000 4.027160e-05 3.187782e-05 1.000000e-06
68.030000 2.325779e-06 1.812510e-06 1.000000e-06
68.040000 1.359557e-07 1.042265e-07 1.000000e-06
69.000000 7.797213e-03 2.531278e-03 1.000000e-06
69.010000 7.185776e-04 5.780081e-04 1.000000e-06
69.020000 4.097678e-05 3.245559e-05 1.000000e-06
69.030000 2.365201e-06 1.844850e-06 1.000000e-06
69.040000 1.381541e-07 1.060454e-07 1.000000e-06
70.000000 7.935814e-03 2.503787e-03 1.000000e-06
70.010000 7.314268e-04 5.885447e-04 1.000000e-06
70.020000 4.169521e-05 3.304264e-05 1.000000e-06
70.030000 2.405452e-06 1.877772e-06 1.000000e-06
70.040000 1.404047e-07 1.078996e-07 1.000000e-06
71.000000 8.077968e-03 2.480779e-03 1.000000e-06
71.010000 7.444849e-04 5.992197e-04 1.000000e-06
71.020000 4.242699e-05 3.363909e-05 1.000000e-06
71.030000 2.446536e-06 1.911282e-06 1.000000e-06
71.040000 1.427075e-07 1.097897e-07 1.000000e-06
72.000000 8.223596e-03 2.462827e-03 1.000000e-06
72.010000 7.577553e-04 6.100361e-04 1.000000e-06
72.020000 4.317229e-05 3.424512e-05 1.000000e-06
72.030000 2.488458e-06 1.945391e-06 1.000000e-06
72.040000 1.450625e-07 1.117159e-07 1.000000e-06
73.000000 8.372622e-03 2.450419e-03 1.000000e-06
73.010000 7.712425e-04 6.209985e-04 1.000000e-06
73.020000 4.393132e-05 3.486095e-05 1.000000e-06
73.030000 2.531226e-06 1.980108e-06 1.000000e-06
73.040000 1.474699e-07 1.136789e-07 1.000000e-06
74.000000 8.524976e-03 2.443940e-03 1.000000e-06
74.010000 7.849518e-04 6.321123e-04 1.000000e-06
74.020000 4.470429e-05 3.548684e-05 1.000000e-06
74.030000 2.574851e-06 2.015446e-06 1.000000e-06
74.040000 1.499300e-07 1.156793e-07 1.000000e-06
75.000000 8.680593e-03 2.443661e-03 1.000000e-06
75.010000 7.988892e-04 6.433842e-04 1.000000e-06
75.020000 4.549149e-05 3.612307e-05 1.000000e-06
75.030000 2.619342e-06 2.051418e-06 1.000000e-06
75.040000 1.524430e-07 1.177175e-07 1.000000e-06
76.000000 8.839416e-03 2.449730e-03 1.000000e-06
76.010000 8.130617e-04 6.548217e-04 1.000000e-06
76.020000 4.629321e-05 3.676996e-05 1.000000e-06
76.030000 2.664713e-06 2.088039e-06 1.000000e-06
76.040000 1.550094e-07 1.197944e-07 1.000000e-06
77.000000 9.001397e-03 2.462173e-03 1.000000e-06
77.010000 8.274769e-04 6.664329e-04 1.000000e-06
77.020000 4.710977e-05 3.742788e-05 1.000000e-06
77.030000 2.710976e-06 2.125324e-06 1.000000e-06
77.040000 1.576297e-07 1.219106e-07 1.000000e-06
78.000000 9.166497e-03 2.480897e-03 1.000000e-06
78.010000 8.421430e-04 6.782269e-04 1.000000e-06
78.020000 4.794152e-05 3.809718e-05 1.000000e-06
78.030000 2.758148e-06 2.163291e-06 1.000000e-06
78.040000 1.603045e-07 1.240670e-07 1.000000e-06
79.000000 9.334688e-03 2.505696e-03 1.000000e-06
79.010000 8.570684e-04 6.902132e-04 1.000000e-06
79.020000 4.878882e-05 3.877827e-05 1.000000e-06
79.030000 2.806242e-06 2.201957e-06 1.000000e-06
79.040000 1.630344e-07 1.262642e-07 1.000000e-06
80.000000 9.505952e-03 2.536268e-03 1.000000e-06
80.010000 8.722621e-04 7.024015e-04 1.000000e-06
80.020000 4.965206e-05 3.947156e-05 1.000000e-06
80.030000 2.855277e-06 2.241339e-06 1.000000e-06
80.040000 1.658200e-07 1.285033e-07 1.000000e-06
81.000000 9.680282e-03 2.572233e-03 1.000000e-06
81.010000 8.877336e-04 7.148022e-04 1.000000e-06
81.020000 5.053163e-05 4.017746e-05 1.000000e-06
81.030000 2.905269e-06 2.281457e-06 1.000000e-06
81.040000 1.686623e-07 1.307849e-07 1.000000e-06
82.000000 9.857682e-03 2.613147e-03 1.000000e-06
82.010000 9.034922e-04 7.274255e-04 1.000000e-06
82.020000 5.142795e-05 4.089641e-05 1.000000e-06
82.030000 2.956237e-06 2.322329e-06 1.000000e-06
82.040000 1.715618e-07 1.331100e-07 1.000000e-06
83.000000 1.003817e-02 2.658524e-03 1.000000e-06
83.010000 9.195475e-04 7.402820e-04 1.000000e-06
83.020000 5.234144e-05 4.162884e-05 1.000000e-06
83.030000 3.008200e-06 2.363975e-06 1.000000e-06
83.040000 1.745196e-07 1.354796e-07 1.000000e-06
84.000000 1.022177e-02 2.707853e-03 1.000000e-06
84.010000 9.359093e-04 7.533821e-04 1.000000e-06
84.020000 5.327251e-05 4.237520e-05 1.000000e-06
84.030000 3.061177e-06 2.406414e-06 1.000000e-06
84.040000 1.775364e-07 1.378945e-07 1.000000e-06
85.000000 1.040852e-02 2.760614e-03 1.000000e-06
85.010000 9.525872e-04 7.667362e-04 1.000000e-06
85.020000 5.422159e-05 4.313591e-05 1.000000e-06
85.030000 3.115188e-06 2.449667e-06 1.000000e-06
85.040000 1.806132e-07 1.403557e-07 1.000000e-06
86.000000 1.059846e-02 2.816294e-03 1.000000e-06
86.010000 9.695910e-04 7.803546e-04 1.000000e-06
86.020000 5.518913e-05 4.391141e-05 1.000000e-06
86.030000 3.170253e-06 2.493753e-06 1.000000e-06
86.040000 1.837509e-07 1.428642e-07 1.000000e-06
87.000000 1.079167e-02 2.874396e-03 1.000000e-06
87.010000 9.869300e-04 7.942471e-04 1.000000e-06
87.020000 5.617555e-05 4.470214e-05 1.000000e-06
87.030000 3.226392e-06 2.538691e-06 1.000000e-06
87.040000 1.869506e-07 1.454209e-07 1.000000e-06
88.000000 1.098819e-02 2.934450e-03 1.000000e-06
88.010000 1.004614e-03 8.084235e-04 1.000000e-06
88.020000 5.718128e-05 4.550851e-05 1.000000e-06
88.030000 3.283628e-06 2.584503e-06 1.000000e-06
88.040000 1.902132e-07 1.480269e-07 1.000000e-06
89.000000 1.118811e-02 2.996018e-03 1.000000e-06
89.010000 1.022652e-03 8.228930e-04 1.000000e-06
89.020000 5.820675e-05 4.633094e-05 1.000000e-06
89.030000 3.341979e-06 2.631207e-06 1.000000e-06
89.040000 1.935398e-07 1.506830e-07 1.000000e-06
90.000000 1.139151e-02 3.058702e-03 1.000000e-06
90.010000 1.041052e-03 8.376647e-04 1.000000e-06
90.020000 5.925240e-05 4.716984e-05 1.000000e-06
90.030000 3.401469e-06 2.678824e-06 1.000000e-06
90.040000 1.969315e-07 1.533903e-07 1.000000e-06
91.000000 1.159849e-02 3.122144e-03 1.000000e-06
91.010000 1.059824e-03 8.527470e-04 1.000000e-06
91.020000 6.031865e-05 4.802560e-05 1.000000e-06
91.030000 3.462118e-06 2.727372e-06 1.000000e-06
91.040000 2.003893e-07 1.561499e-07 1.000000e-06
92.000000 1.180912e-02 3.186029e-03 1.000000e-06
92.010000 1.078977e-03 8.681481e-04 1.000000e-06
92.020000 6.140593e-05 4.889861e-05 1.000000e-06
92.030000 3.523949e-06 2.776872e-06 1.000000e-06
92.040000 2.039144e-07 1.589626e-07 1.000000e-06
93.000000 1.202353e-02 3.250087e-03 1.000000e-06
93.010000 1.098518e-03 8.838758e-04 1.000000e-06
93.020000 6.251465e-05 4.978924e-05 1.000000e-06
93.030000 3.586982e-06 2.827342e-06 1.000000e-06
93.040000 2.075080e-07 1.618296e-07 1.000000e-06
94.000000 1.224181e-02 3.314089e-03 1.000000e-06
94.010000 1.118456e-03 8.999372e-04 1.000000e-06
94.020000 6.364524e-05 5.069786e-05 1.000000e-06
94.030000 3.651241e-06 2.878802e-06 1.000000e-06
94.040000 2.111711e-07 1.647519e-07 1.000000e-06
95.000000 1.246408e-02 3.377854e-03 1.000000e-06
95.010000 1.138799e-03 9.163394e-04 1.000000e-06
95.020000 6.479810e-05 5.162484e-05 1.000000e-06
95.030000 3.716747e-06 2.931270e-06 1.000000e-06
95.040000 2.149051e-07 1.677304e-07 1.000000e-06
96.000000 1.269045e-02 3.441237e-03 1.000000e-06
96.010000 1.159553e-03 9.330888e-04 1.000000e-06
96.020000 6.597366e-05 5.257050e-05 1.000000e-06
96.030000 3.783522e-06 2.984766e-06 1.000000e-06
96.040000 2.187110e-07 1.707663e-07 1.000000e-06
97.000000 1.292104e-02 3.504138e-03 1.000000e-06
97.010000 1.180728e-03 9.501916e-04 1.000000e-06
97.020000 6.717232e-05 5.353520e-05 1.000000e-06
97.030000 3.851590e-06 3.039308e-06 1.000000e-06
97.040000 2.225902e-07 1.738605e-07 1.000000e-06
98.000000 1.315596e-02 3.566491e-03 1.000000e-06
98.010000 1.202329e-03 9.676537e-04 1.000000e-06
98.020000 6.839449e-05 5.451927e-05 1.000000e-06
98.030000 3.920973e-06 3.094916e-06 1.000000e-06
98.040000 2.265439e-07 1.770142e-07 1.000000e-06
99.000000 1.339533e-02 3.628269e-03 1.000000e-06
99.010000 1.224365e-03 9.854807e-04 1.000000e-06
99.020000 6.964059e-05 5.552303e-05 1.000000e-06
99.030000 3.991695e-06 3.151607e-06 1.000000e-06
99.040000 2.305735e-07 1.802284e-07 1.000000e-06
100.000000 1.363928e-02 3.689476e-03 1.000000e-06
100.010000 1.246842e-03 1.003678e-03 1.000000e-06
100.020000 7.091102e-05 5.654681e-05 1.000000e-06
100.030000 4.063778e-06 3.209401e-06 1.000000e-06
100.040000 2.346801e-07 1.835041e-07 1.000000e-06
101.000000 1.388793e-02 3.750150e-03 1.000000e-06
101.010000 1.269767e-03 1.022250e-03 1.000000e-06
101.020000 7.220621e-05 5.759092e-05 1.000000e-06
101.030000 4.137248e-06 3.268316e-06 1.000000e-06
101.040000 2.388652e-07 1.868425e-07 1.000000e-06
102.000000 1.414139e-02 3.810356e-03 1.000000e-06
102.010000 1.293148e-03 1.041203e-03 1.000000e-06
102.020000 7.352657e-05 5.865569e-05 1.000000e-06
102.030000 4.212127e-06 3.328373e-06 1.000000e-06
102.040000 2.431301e-07 1.902448e-07 1.000000e-06
103.000000 1.439979e-02 3.870184e-03 1.000000e-06
103.010000 1.316992e-03 1.060542e-03 1.000000e-06
103.020000 7.487253e-05 5.974145e-05 1.000000e-06
103.030000 4.288440e-06 3.389590e-06 1.000000e-06
103.040000 2.474763e-07 1.937119e-07 1.000000e-06
104.000000 1.466325e-02 3.929747e-03 1.000000e-06
104.010000 1.341305e-03 1.080270e-03 1.000000e-06
104.020000 7.624450e-05 6.084850e-05 1.000000e-06
104.030000 4.366213e-06 3.451986e-06 1.000000e-06
104.040000 2.519051e-07 1.972451e-07 1.000000e-06
105.000000 1.493188e-02 3.989180e-03 1.000000e-06
105.010000 1.366095e-03 1.100394e-03 1.000000e-06
105.020000 7.764294e-05 6.197718e-05 1.000000e-06
105.030000 4.445470e-06 3.515582e-06 1.000000e-06
105.040000 2.564180e-07 2.008456e-07 1.000000e-06
106.000000 1.520580e-02 4.048634e-03 1.000000e-06
106.010000 1.391368e-03 1.120918e-03 1.000000e-06
106.020000 7.906828e-05 6.312781e-05 1.000000e-06
106.030000 4.526239e-06 3.580398e-06 1.000000e-06
106.040000 2.610165e-07 2.045145e-07 1.000000e-06
107.000000 1.548513e-02 4.108273e-03 1.000000e-06
107.010000 1.417134e-03 1.141848e-03 1.000000e-06
107.020000 8.052097e-05 6.430074e-05 1.000000e-06
107.030000 4.608544e-06 3.646455e-06 1.000000e-06
107.040000 2.657021e-07 2.082530e-07 1.000000e-06
108.000000 1.576998e-02 4.168274e-03 1.000000e-06
108.010000 1.443398e-03 1.163188e-03 1.000000e-06
108.020000 8.200147e-05 6.549632e-05 1.000000e-06
108.030000 4.692415e-06 3.713773e-06 1.000000e-06
108.040000 2.704765e-07 2.120624e-07 1.000000e-06
109.000000 1.606046e-02 4.228821e-03 1.000000e-06
109.010000 1.470169e-03 1.184944e-03 1.000000e-06
109.020000 8.351027e-05 6.671489e-05 1.000000e-06
109.030000 4.777877e-06 3.782375e-06 1.000000e-06
109.040000 2.753411e-07 2.159439e-07 1.000000e-06
110.000000 1.635669e-02 4.290104e-03 1.000000e-06
110.010000 1.497455e-03 1.207122e-03 1.000000e-06
110.020000 8.504784e-05 6.795682e-05 1.000000e-06
110.030000 4.864959e-06 3.852282e-06 1.000000e-06
110.040000 2.802976e-07 2.198989e-07 1.000000e-06
111.000000 1.665878e-02 4.352315e-03 1.000000e-06
111.010000 1.525265e-03 1.229727e-03 1.000000e-06
111.020000 8.661469e-05 6.922250e-05 1.000000e-06
111.030000 4.953691e-06 3.923516e-06 1.000000e-06
111.040000 2.853476e-07 2.239287e-07 1.000000e-06
112.000000 1.696684e-02 4.415646e-03 1.000000e-06
112.010000 1.553606e-03 1.252766e-03 1.000000e-06
112.020000 8.821132e-05 7.051230e-05 1.000000e-06
112.030000 5.044102e-06 3.996102e-06 1.000000e-06
112.040000 2.904929e-07 2.280346e-07 1.000000e-06
113.000000 1.728098e-02 4.480285e-03 1.000000e-06
113.010000 1.582488e-03 1.276246e-03 1.000000e-06
113.020000 8.983826e-05 7.182664e-05 1.000000e-06
113.030000 5.136223e-06 4.070064e-06 1.000000e-06
113.040000 2.957352e-07 2.322180e-07 1.000000e-06
114.000000 1.760131e-02 4.546415e-03 1.000000e-06
114.010000 1.611920e-03 1.300172e-03 1.000000e-06
114.020000 9.149606e-05 7.316594e-05 1.000000e-06
114.030000 5.230084e-06 4.145425e-06 1.000000e-06
114.040000 3.010763e-07 2.364804e-07 1.000000e-06
115.000000 1.792793e-02 4.614213e-03 1.000000e-06
115.010000 1.641912e-03 1.324553e-03 1.000000e-06
115.020000 9.318526e-05 7.453061e-05 1.000000e-06
115.030000 5.325717e-06 4.222210e-06 1.000000e-06
115.040000 3.065180e-07 2.408231e-07 1.000000e-06
116.000000 1.826096e-02 4.683844e-03 1.000000e-06
116.010000 1.672474e-03 1.349397e-03 1.000000e-06
116.020000 9.490644e-05 7.592112e-05 1.000000e-06
116.030000 5.423156e-06 4.300447e-06 1.000000e-06
116.040000 3.120621e-07 2.452477e-07 1.000000e-06
117.000000 1.860051e-02 4.755462e-03 1.000000e-06
117.010000 1.703615e-03 1.374710e-03 1.000000e-06
117.020000 9.666019e-05 7.733792e-05 1.000000e-06
117.030000 5.522432e-06 4.380161e-06 1.000000e-06
117.040000 3.177105e-07 2.497556e-07 1.000000e-06
118.000000 1.894670e-02 4.829209e-03 1.000000e-06
118.010000 1.735347e-03 1.400501e-03 1.000000e-06
118.020000 9.844710e-05 7.878149e-05 1.000000e-06
118.030000 5.623581e-06 4.461379e-06 1.000000e-06
118.040000 3.234652e-07 2.543485e-07 1.000000e-06
119.000000 1.929962e-02 4.905214e-03 1.000000e-06
119.010000 1.767680e-03 1.426779e-03 1.000000e-06
119.020000 1.002678e-04 8.025233e-05 1.000000e-06
119.030000 5.726637e-06 4.544130e-06 1.000000e-06
119.040000 3.293282e-07 2.590279e-07 1.000000e-06
120.000000 1.965940e-02 4.983589e-03 1.000000e-06
120.010000 1.800626e-03 1.453553e-03 1.000000e-06
120.020000 1.021229e-04 8.175094e-05 1.000000e-06
120.030000 5.831637e-06 4.628442e-06 1.000000e-06
120.040000 3.353014e-07 2.637955e-07 1.000000e-06
121.000000 2.002616e-02 5.064433e-03 1.000000e-06
121.010000 1.834196e-03 1.480833e-03 1.000000e-06
121.020000 1.040131e-04 8.327785e-05 1.000000e-06
121.030000 5.938616e-06 4.714345e-06 1.000000e-06
121.040000 3.413869e-07 2.686529e-07 1.000000e-06
122.000000 2.040001e-02 5.147828e-03 1.000000e-06
122.010000 1.868403e-03 1.508628e-03 1.000000e-06
122.020000 1.059390e-04 8.483359e-05 1.000000e-06
122.030000 6.047611e-06 4.801869e-06 1.000000e-06
122.040000 3.475868e-07 2.736017e-07 1.000000e-06
123.000000 2.078108e-02 5.233844e-03 1.000000e-06
123.010000 1.903259e-03 1.536948e-03 1.000000e-06
123.020000 1.079014e-04 8.641873e-05 1.000000e-06
123.030000 6.158661e-06 4.891044e-06 1.000000e-06
123.040000 3.539032e-07 2.786438e-07 1.000000e-06
124.000000 2.116948e-02 5.322533e-03 1.000000e-06
124.010000 1.938776e-03 1.565804e-03 1.000000e-06
124.020000 1.099009e-04 8.803384e-05 1.000000e-06
124.030000 6.271805e-06 4.981902e-06 1.000000e-06
124.040000 3.603384e-07 2.837808e-07 1.000000e-06
125.000000 2.156535e-02 5.413937e-03 1.000000e-06
125.010000 1.974968e-03 1.595207e-03 1.000000e-06
125.020000 1.119382e-04 8.967949e-05 1.000000e-06
125.030000 6.387082e-06 5.074475e-06 1.000000e-06
125.040000 3.668945e-07 2.890146e-07 1.000000e-06
126.000000 2.196881e-02 5.508081e-03 1.000000e-06
126.010000 2.011848e-03 1.625167e-03 1.000000e-06
126.020000 1.140140e-04 9.135628e-05 1.000000e-06
126.030000 6.504533e-06 5.168797e-06 1.000000e-06
126.040000 3.735737e-07 2.943470e-07 1.000000e-06
127.000000 2.238000e-02 5.604982e-03 1.000000e-06
127.010000 2.049430e-03 1.655697e-03 1.000000e-06
127.020000 1.161292e-04 9.306484e-05 1.000000e-06
127.030000 6.624198e-06 5.264899e-06 1.000000e-06
127.040000 3.803785e-07 2.997798e-07 1.000000e-06
128.000000 2.279906e-02 5.704645e-03 1.000000e-06
128.010000 2.087728e-03 1.686807e-03 1.000000e-06
128.020000 1.182844e-04 9.480578e-05 1.000000e-06
128.030000 6.746119e-06 5.362818e-06 1.000000e-06
128.040000 3.873111e-07 3.053150e-07 1.000000e-06
129.000000 2.322612e-02 5.807066e-03 1.000000e-06
129.010000 2.126755e-03 1.718510e-03 1.000000e-06
129.020000 1.204805e-04 9.657973e-05 1.000000e-06
129.030000 6.870340e-06 5.462587e-06 1.000000e-06
129.040000 3.943739e-07 3.109544e-07 1.000000e-06
130.000000 2.366134e-02 5.912234e-03 1.000000e-06
130.010000 2.166527e-03 1.750819e-03 1.000000e-06
130.020000 1.227182e-04 9.838736e-05 1.000000e-06
130.030000 6.996903e-06 5.564242e-06 1.000000e-06
130.040000 4.015693e-07 3.167001e-07 1.000000e-06
131.000000 2.410486e-02 6.020131e-03 1.000000e-06
131.010000 2.207059e-03 1.783744e-03 1.000000e-06
131.020000 1.249984e-04 1.002293e-04 1.000000e-06
131.030000 7.125853e-06 5.667819e-06 1.000000e-06
131.040000 4.088998e-07 3.225541e-07 1.000000e-06
132.000000 2.455684e-02 6.130735e-03 1.000000e-06
132.010000 2.248365e-03 1.817300e-03 1.000000e-06
132.020000 1.273217e-04 1.021063e-04 1.000000e-06
132.030000 7.257234e-06 5.773354e-06 1.000000e-06
132.040000 4.163679e-07 3.285183e-07 1.000000e-06
133.000000 2.501742e-02 6.244023e-03 1.000000e-06
133.010000 2.290460e-03 1.851499e-03 1.000000e-06
133.020000 1.296892e-04 1.040190e-04 1.000000e-06
133.030000 7.391092e-06 5.880885e-06 1.000000e-06
133.040000 4.239760e-07 3.345947e-07 1.000000e-06
134.000000 2.548679e-02 6.359968e-03 1.000000e-06
134.010000 2.333362e-03 1.886355e-03 1.000000e-06
134.020000 1.321016e-04 1.059680e-04 1.000000e-06
134.030000 7.527474e-06 5.990450e-06 1.000000e-06
134.040000 4.317269e-07 3.407857e-07 1.000000e-06
135.000000 2.596509e-02 6.478542e-03 1.000000e-06
135.010000 2.377084e-03 1.921879e-03 1.000000e-06
135.020000 1.345597e-04 1.079541e-04 1.000000e-06
135.030000 7.666427e-06 6.102088e-06 1.000000e-06
135.040000 4.396231e-07 3.470931e-07 1.000000e-06
136.000000 2.645251e-02 6.599722e-03 1.000000e-06
136.010000 2.421645e-03 1.958087e-03 1.000000e-06
136.020000 1.370645e-04 1.099781e-04 1.000000e-06
136.030000 7.807998e-06 6.215836e-06 1.000000e-06
136.040000 4.476672e-07 3.535192e-07 1.000000e-06
137.000000 2.694921e-02 6.723483e-03 1.000000e-06
137.010000 2.467058e-03 1.994991e-03 1.000000e-06
137.020000 1.396168e-04 1.120406e-04 1.000000e-06
137.030000 7.952236e-06 6.331735e-06 1.000000e-06
137.040000 4.558621e-07 3.600662e-07 1.000000e-06
138.000000 2.745538e-02 6.849807e-03 1.000000e-06
138.010000 2.513343e-03 2.032605e-03 1.000000e-06
138.020000 1.422176e-04 1.141424e-04 1.000000e-06
138.030000 8.099190e-06 6.449826e-06 1.000000e-06
138.040000 4.642103e-07 3.667363e-07 1.000000e-06
139.000000 2.797120e-02 6.978678e-03 1.000000e-06
139.010000 2.560514e-03 2.070943e-03 1.000000e-06
139.020000 1.448677e-04 1.162842e-04 1.000000e-06
139.030000 8.248910e-06 6.570148e-06 1.000000e-06
139.040000 4.727147e-07 3.735317e-07 1.000000e-06
140.000000 2.849685e-02 7.110085e-03 1.000000e-06
140.010000 2.608590e-03 2.110020e-03 1.000000e-06
140.020000 1.475680e-04 1.184668e-04 1.000000e-06
140.030000 8.401447e-06 6.692743e-06 1.000000e-06
140.040000 4.813781e-07 3.804547e-07 1.000000e-06
141.000000 2.903253e-02 7.244023e-03 1.000000e-06
141.010000 2.657587e-03 2.149850e-03 1.000000e-06
141.020000 1.503196e-04 1.206909e-04 1.000000e-06
141.030000 8.556853e-06 6.817653e-06 1.000000e-06
141.040000 4.902033e-07 3.875077e-07 1.000000e-06
142.000000 2.957843e-02 7.380495e-03 1.000000e-06
142.010000 2.707524e-03 2.190447e-03 1.000000e-06
142.020000 1.531233e-04 1.229573e-04 1.000000e-06
142.030000 8.715179e-06 6.944920e-06 1.000000e-06
142.040000 4.991933e-07 3.946929e-07 1.000000e-06
143.000000 3.013475e-02 7.519508e-03 1.000000e-06
143.010000 2.758417e-03 2.231825e-03 1.000000e-06
143.020000 1.559801e-04 1.252669e-04 1.000000e-06
143.030000 8.876480e-06 7.074588e-06 1.000000e-06
143.040000 5.083510e-07 4.020128e-07 1.000000e-06
144.000000 3.070170e-02 7.661078e-03 1.000000e-06
144.010000 2.810285e-03 2.274000e-03 1.000000e-06
144.020000 1.588910e-04 1.276204e-04 1.000000e-06
144.030000 9.040807e-06 7.206700e-06 1.000000e-06
144.040000 5.176794e-07 4.094698e-07 1.000000e-06
145.000000 3.127947e-02 7.805227e-03 1.000000e-06
145.010000 2.863147e-03 2.316987e-03 1.000000e-06
145.020000 1.618571e-04 1.300186e-04 1.000000e-06
145.030000 9.208217e-06 7.341300e-06 1.000000e-06
145.040000 5.271815e-07 4.170663e-07 1.000000e-06
146.000000 3.186829e-02 7.951985e-03 1.000000e-06
146.010000 2.917020e-03 2.360800e-03 1.000000e-06
146.020000 1.648792e-04 1.324624e-04 1.000000e-06
146.030000 9.378764e-06 7.478434e-06 1.000000e-06
146.040000 5.368603e-07 4.248048e-07 1.000000e-06
147.000000 3.246837e-02 8.101387e-03 1.000000e-06
147.010000 2.971924e-03 2.405455e-03 1.000000e-06
147.020000 1.679584e-04 1.349525e-04 1.000000e-06
147.030000 9.552504e-06 7.618146e-06 1.000000e-06
147.040000 5.467189e-07 4.326877e-07 1.000000e-06
148.000000 3.307992e-02 8.253478e-03 1.000000e-06
148.010000 3.027878e-03 2.450968e-03 1.000000e-06
148.020000 1.710958e-04 1.374898e-04 1.000000e-06
148.030000 9.729495e-06 7.760483e-06 1.000000e-06
148.040000 5.567606e-07 4.407177e-07 1.000000e-06
149.000000 3.370317e-02 8.408308e-03 1.000000e-06
149.010000 3.084901e-03 2.497354e-03 1.000000e-06
149.020000 1.742924e-04 1.400753e-04 1.000000e-06
149.030000 9.909793e-06 7.905491e-06 1.000000e-06
149.040000 5.669885e-07 4.488973e-07 1.000000e-06
150.000000 3.433834e-02 8.565932e-03 1.000000e-06
150.010000 3.143012e-03 2.544630e-03 1.000000e-06
150.020000 1.775492e-04 1.427096e-04 1.000000e-06
150.030000 1.009346e-05 8.053218e-06 1.000000e-06
150.040000 5.774057e-07 4.572291e-07 1.000000e-06
151.000000 3.498567e-02 8.726415e-03 1.000000e-06
151.010000 3.202233e-03 2.592811e-03 1.000000e-06
151.020000 1.808675e-04 1.453938e-04 1.000000e-06
151.030000 1.028055e-05 8.203712e-06 1.000000e-06
151.040000 5.880157e-07 4.657158e-07 1.000000e-06
152.000000 3.564538e-02 8.889822e-03 1.000000e-06
152.010000 3.262583e-03 2.641914e-03 1.000000e-06
152.020000 1.842482e-04 1.481286e-04 1.000000e-06
152.030000 1.047112e-05 8.357021e-06 1.000000e-06
152.040000 5.988216e-07 4.743600e-07 1.000000e-06
153.000000 3.631771e-02 9.056229e-03 1.000000e-06
153.010000 3.324083e-03 2.691956e-03 1.000000e-06
153.020000 1.876924e-04 1.509151e-04 1.000000e-06
153.030000 1.066525e-05 8.513195e-06 1.000000e-06
153.040000 6.098269e-07 4.831644e-07 1.000000e-06
154.000000 3.700290e-02 9.225712e-03 1.000000e-06
154.010000 3.386754e-03 2.742954e-03 1.000000e-06
154.020000 1.912014e-04 1.537541e-04 1.000000e-06
154.030000 1.086298e-05 8.672283e-06 1.000000e-06
154.040000 6.210350e-07 4.921319e-07 1.000000e-06
155.000000 3.770120e-02 9.398354e-03 1.000000e-06
155.010000 3.450617e-03 2.794924e-03 1.000000e-06
155.020000 1.947763e-04 1.566466e-04 1.000000e-06
155.030000 1.106438e-05 8.834337e-06 1.000000e-06
155.040000 6.324492e-07 5.012650e-07 1.000000e-06
156.000000 3.841285e-02 9.574239e-03 1.000000e-06
156.010000 3.515694e-03 2.847886e-03 1.000000e-06
156.020000 1.984182e-04 1.595934e-04 1.000000e-06
156.030000 1.126952e-05 8.999407e-06 1.000000e-06
156.040000 6.440731e-07 5.105668e-07 1.000000e-06
157.000000 3.913811e-02 9.753456e-03 1.000000e-06
157.010000 3.582008e-03 2.901855e-03 1.000000e-06
157.020000 2.021283e-04 1.625957e-04 1.000000e-06
157.030000 1.147845e-05 9.167546e-06 1.000000e-06
157.040000 6.559102e-07 5.200400e-07 1.000000e-06
158.000000 3.987723e-02 9.936095e-03 1.000000e-06
158.010000 3.649581e-03 2.956852e-03 1.000000e-06
158.020000 2.059078e-04 1.656542e-04 1.000000e-06
158.030000 1.169125e-05 9.338806e-06 1.000000e-06
158.040000 6.679640e-07 5.296875e-07 1.000000e-06
159.000000 4.063047e-02 1.012225e-02 1.000000e-06
159.010000 3.718435e-03 3.012893e-03 1.000000e-06
159.020000 2.097581e-04 1.687701e-04 1.000000e-06
159.030000 1.190798e-05 9.513241e-06 1.000000e-06
159.040000 6.802383e-07 5.395122e-07 1.000000e-06
160.000000 4.139810e-02 1.031201e-02 1.000000e-06
160.010000 3.788595e-03 3.069999e-03 1.000000e-06
160.020000 2.136802e-04 1.719443e-04 1.000000e-06
160.030000 1.212871e-05 9.690905e-06 1.000000e-06
160.040000 6.927365e-07 5.495171e-07 1.000000e-06
161.000000 4.218037e-02 1.050548e-02 1.000000e-06
161.010000 3.860085e-03 3.128188e-03 1.000000e-06
161.020000 2.176754e-04 1.751779e-04 1.000000e-06
161.030000 1.235350e-05 9.871853e-06 1.000000e-06
161.040000 7.054625e-07 5.597051e-07 1.000000e-06
162.000000 4.297757e-02 1.070275e-02 1.000000e-06
162.010000 3.932927e-03 3.187481e-03 1.000000e-06
162.020000 2.217452e-04 1.784719e-04 1.000000e-06
162.030000 1.258243e-05 1.005614e-05 1.000000e-06
162.040000 7.184199e-07 5.700793e-07 1.000000e-06
163.000000 4.378997e-02 1.090391e-02 1.000000e-06
163.010000 4.007148e-03 3.247896e-03 1.000000e-06
163.020000 2.258906e-04 1.818273e-04 1.000000e-06
163.030000 1.281556e-05 1.024382e-05 1.000000e-06
163.040000 7.316126e-07 5.806427e-07 1.000000e-06
164.000000 4.461785e-02 1.110906e-02 1.000000e-06
164.010000 4.082772e-03 3.309455e-03 1.000000e-06
164.020000 2.301132e-04 1.852452e-04 1.000000e-06
164.030000 1.305297e-05 1.043496e-05 1.000000e-06
164.040000 7.450443e-07 5.913984e-07 1.000000e-06
165.000000 4.546149e-02 1.131829e-02 1.000000e-06
165.010000 4.159825e-03 3.372177e-03 1.000000e-06
165.020000 2.344141e-04 1.887267e-04 1.000000e-06
165.030000 1.329472e-05 1.062961e-05 1.000000e-06
165.040000 7.587189e-07 6.023496e-07 1.000000e-06
166.000000 4.632119e-02 1.153171e-02 1.000000e-06
166.010000 4.238333e-03 3.436086e-03 1.000000e-06
166.020000 2.387949e-04 1.922730e-04 1.000000e-06
166.030000 1.354089e-05 1.082783e-05 1.000000e-06
166.040000 7.726404e-07 6.134993e-07 1.000000e-06
167.000000 4.719724e-02 1.174939e-02 1.000000e-06
167.010000 4.318323e-03 3.501201e-03 1.000000e-06
167.020000 2.432567e-04 1.958850e-04 1.000000e-06
167.030000 1.379155e-05 1.102967e-05 1.000000e-06
167.040000 7.868126e-07 6.248508e-07 1.000000e-06
168.000000 4.808994e-02 1.197143e-02 1.000000e-06
168.010000 4.399822e-03 3.567544e-03 1.000000e-06
168.020000 2.478012e-04 1.995640e-04 1.000000e-06
168.030000 1.404677e-05 1.123520e-05 1.000000e-06
168.040000 8.012394e-07 6.364073e-07 1.000000e-06
169.000000 4.899960e-02 1.219793e-02 1.000000e-06
169.010000 4.482857e-03 3.635140e-03 1.000000e-06
169.020000 2.524296e-04 2.033112e-04 1.000000e-06
169.030000 1.430664e-05 1.144449e-05 1.000000e-06
169.040000 8.159250e-07 6.481719e-07 1.000000e-06
170.000000 4.992652e-02 1.242897e-02 1.000000e-06
170.010000 4.567457e-03 3.704009e-03 1.000000e-06
170.020000 2.571435e-04 2.071276e-04 1.000000e-06
170.030000 1.457122e-05 1.165758e-05 1.000000e-06
170.040000 8.308734e-07 6.601480e-07 1.000000e-06
171.000000 5.087102e-02 1.266464e-02 1.000000e-06
171.010000 4.653651e-03 3.774176e-03 1.000000e-06
171.020000 2.619443e-04 2.110144e-04 1.000000e-06
171.030000 1.484059e-05 1.187454e-05 1.000000e-06
171.040000 8.460886e-07 6.723389e-07 1.000000e-06
172.000000 5.183342e-02 1.290502e-02 1.000000e-06
172.010000 4.741467e-03 3.845664e-03 1.000000e-06
172.020000 2.668334e-04 2.149730e-04 1.000000e-06
172.030000 1.511483e-05 1.209544e-05 1.000000e-06
172.040000 8.615747e-07 6.847479e-07 1.000000e-06
173.000000 5.281405e-02 1.315021e-02 1.000000e-06
173.010000 4.830936e-03 3.918498e-03 1.000000e-06
173.020000 2.718125e-04 2.190044e-04 1.000000e-06
173.030000 1.539402e-05 1.232034e-05 1.000000e-06
173.040000 8.773360e-07 6.973783e-07 1.000000e-06
174.000000 5.381324e-02 1.340028e-02 1.000000e-06
174.010000 4.922088e-03 3.992702e-03 1.000000e-06
174.020000 2.768829e-04 2.231100e-04 1.000000e-06
174.030000 1.567824e-05 1.254930e-05 1.000000e-06
174.040000 8.933764e-07 7.102335e-07 1.000000e-06
175.000000 5.483133e-02 1.365532e-02 1.000000e-06
175.010000 5.014953e-03 4.068301e-03 1.000000e-06
175.020000 2.820463e-04 2.272909e-04 1.000000e-06
175.030000 1.596756e-05 1.278238e-05 1.000000e-06
175.040000 9.097003e-07 7.233168e-07 1.000000e-06
176.000000 5.586867e-02 1.391540e-02 1.000000e-06
176.010000 5.109563e-03 4.145320e-03 1.000000e-06
176.020000 2.873043e-04 2.315485e-04 1.000000e-06
176.030000 1.626207e-05 1.301966e-05 1.000000e-06
176.040000 9.263119e-07 7.366318e-07 1.000000e-06
177.000000 5.692559e-02 1.418062e-02 1.000000e-06
177.010000 5.205950e-03 4.223786e-03 1.000000e-06
177.020000 2.926583e-04 2.358840e-04 1.000000e-06
177.030000 1.656184e-05 1.326119e-05 1.000000e-06
177.040000 9.432153e-07 7.501817e-07 1.000000e-06
178.000000 5.800247e-02 1.445106e-02 1.000000e-06
178.010000 5.304147e-03 4.303725e-03 1.000000e-06
178.020000 2.981100e-04 2.402987e-04 1.000000e-06
178.030000 1.686696e-05 1.350705e-05 1.000000e-06
178.040000 9.604149e-07 7.639701e-07 1.000000e-06
179.000000 5.909966e-02 1.472679e-02 1.000000e-06
179.010000 5.404186e-03 4.385164e-03 1.000000e-06
179.020000 3.036611e-04 2.447940e-04 1.000000e-06
179.030000 1.717752e-05 1.375729e-05 1.000000e-06
179.040000 9.779149e-07 7.780003e-07 1.000000e-06
180.000000 6.021754e-02 1.500790e-02 1.000000e-06
180.010000 5.506102e-03 4.468131e-03 1.000000e-06
180.020000 3.093132e-04 2.493711e-04 1.000000e-06
180.030000 1.749358e-05 1.401199e-05 1.000000e-06
180.040000 9.957196e-07 7.922759e-07 1.000000e-06
181.000000 6.135648e-02 1.529448e-02 1.000000e-06
181.010000 5.609928e-03 4.552653e-03 1.000000e-06
181.020000 3.150679e-04 2.540314e-04 1.000000e-06
181.030000 1.781525e-05 1.427121e-05 1.000000e-06
181.040000 1.013833e-06 8.068003e-07 1.000000e-06
181.050000 5.805533e-08 4.588561e-08 1.000000e-06
182.000000 6.251597e-02 1.558593e-02 1.000000e-06
182.010000 5.715650e-03 4.638719e-03 1.000000e-06
182.020000 3.209240e-04 2.587741e-04 1.000000e-06
182.030000 1.814242e-05 1.453488e-05 1.000000e-06
182.040000 1.032251e-06 8.215695e-07 1.000000e-06
182.050000 5.909931e-08 4.671828e-08 1.000000e-06
183.000000 6.369816e-02 1.588366e-02 1.000000e-06
183.010000 5.823403e-03 4.726436e-03 1.000000e-06
183.020000 3.268890e-04 2.636049e-04 1.000000e-06
183.030000 1.847553e-05 1.480335e-05 1.000000e-06
183.040000 1.050995e-06 8.366018e-07 1.000000e-06
183.050000 6.016158e-08 4.756556e-08 1.000000e-06
184.000000 6.490259e-02 1.618711e-02 1.000000e-06
184.010000 5.933172e-03 4.815796e-03 1.000000e-06
184.020000 3.329617e-04 2.685230e-04 1.000000e-06
184.030000 1.881448e-05 1.507654e-05 1.000000e-06
184.040000 1.070061e-06 8.518933e-07 1.000000e-06
184.050000 6.124179e-08 4.842723e-08 1.000000e-06
185.000000 6.612964e-02 1.649636e-02 1.000000e-06
185.010000 6.044995e-03 4.906826e-03 1.000000e-06
185.020000 3.391438e-04 2.735298e-04 1.000000e-06
185.030000 1.915936e-05 1.535453e-05 1.000000e-06
185.040000 1.089454e-06 8.674475e-07 1.000000e-06
185.050000 6.234016e-08 4.930344e-08 1.000000e-06
186.000000 6.737974e-02 1.681151e-02 1.000000e-06
186.010000 6.158909e-03 4.999558e-03 1.000000e-06
186.020000 3.454371e-04 2.786267e-04 1.000000e-06
186.030000 1.951026e-05 1.563737e-05 1.000000e-06
186.040000 1.109177e-06 8.832677e-07 1.000000e-06
186.050000 6.345692e-08 5.019439e-08 1.000000e-06
187.000000 6.865329e-02 1.713264e-02 1.000000e-06
187.010000 6.274952e-03 5.094023e-03 1.000000e-06
187.020000 3.518433e-04 2.838151e-04 1.000000e-06
187.030000 1.986726e-05 1.592515e-05 1.000000e-06
187.040000 1.129234e-06 8.993574e-07 1.000000e-06
187.050000 6.459230e-08 5.110024e-08 1.000000e-06
188.000000 6.995074e-02 1.745985e-02 1.000000e-06
188.010000 6.393163e-03 5.190251e-03 1.000000e-06
188.020000 3.583643e-04 2.890965e-04 1.000000e-06
188.030000 2.023045e-05 1.621792e-05 1.000000e-06
188.040000 1.149631e-06 9.157201e-07 1.000000e-06
188.050000 6.574652e-08 5.202119e-08 1.000000e-06
189.000000 7.127249e-02 1.779324e-02 1.000000e-06
189.010000 6.513580e-03 5.288274e-03 1.000000e-06
189.020000 3.650017e-04 2.944722e-04 1.000000e-06
189.030000 2.059991e-05 1.651576e-05 1.000000e-06
189.040000 1.170371e-06 9.323590e-07 1.000000e-06
189.050000 6.691980e-08 5.295739e-08 1.000000e-06
190.000000 7.261901e-02 1.813291e-02 1.000000e-06
190.010000 6.636243e-03 5.388124e-03 1.000000e-06
190.020000 3.717574e-04 2.999438e-04 1.000000e-06
190.030000 2.097572e-05 1.681873e-05 1.000000e-06
190.040000 1.191458e-06 9.492776e-07 1.000000e-06
190.050000 6.811236e-08 5.390903e-08 1.000000e-06
191.000000 7.399072e-02 1.847896e-02 1.000000e-06
191.010000 6.761193e-03 5.489835e-03 1.000000e-06
191.020000 3.786332e-04 3.055126e-04 1.000000e-06
191.030000 2.135797e-05 1.712691e-05 1.000000e-06
191.040000 1.212896e-06 9.664792e-07 1.000000e-06
191.050000 6.932440e-08 5.487627e-08 1.000000e-06
192.000000 7.538809e-02 1.883149e-02 1.000000e-06
192.010000 6.888470e-03 5.593439e-03 1.000000e-06
192.020000 3.856308e-04 3.111801e-04 1.000000e-06
192.030000 2.174675e-05 1.744035e-05 1.000000e-06
192.040000 1.234690e-06 9.839671e-07 1.000000e-06
192.050000 7.055615e-08 5.585927e-08 1.000000e-06
193.000000 7.681158e-02 1.919062e-02 1.000000e-06
193.010000 7.018116e-03 5.698969e-03 1.000000e-06
193.020000 3.927522e-04 3.169478e-04 1.000000e-06
193.030000 2.214213e-05 1.775913e-05 1.000000e-06
193.040000 1.256844e-06 1.001744e-06 1.000000e-06
193.050000 7.180781e-08 5.685822e-08 1.000000e-06
194.000000 7.826166e-02 1.955646e-02 1.000000e-06
194.010000 7.150174e-03 5.806461e-03 1.000000e-06
194.020000 3.999991e-04 3.228171e-04 1.000000e-06
194.030000 2.254421e-05 1.808332e-05 1.000000e-06
194.040000 1.279361e-06 1.019814e-06 1.000000e-06
194.050000 7.307959e-08 5.787325e-08 1.000000e-06
195.000000 7.973879e-02 1.992912e-02 1.000000e-06
195.010000 7.284687e-03 5.915947e-03 1.000000e-06
195.020000 4.073734e-04 3.287896e-04 1.000000e-06
195.030000 2.295305e-05 1.841297e-05 1.000000e-06
195.040000 1.302246e-06 1.038180e-06 1.000000e-06
195.050000 7.437168e-08 5.890452e-08 1.000000e-06
196.000000 8.124348e-02 2.030872e-02 1.000000e-06
196.010000 7.421697e-03 6.027465e-03 1.000000e-06
196.020000 4.148769e-04 3.348665e-04 1.000000e-06
196.030000 2.336875e-05 1.874815e-05 1.000000e-06
196.040000 1.325502e-06 1.056845e-06 1.000000e-06
196.050000 7.568428e-08 5.995220e-08 1.000000e-06
197.000000 8.277619e-02 2.069540e-02 1.000000e-06
197.010000 7.561248e-03 6.141048e-03 1.000000e-06
197.020000 4.225114e-04 3.410495e-04 1.000000e-06
197.030000 2.379138e-05 1.908894e-05 1.000000e-06
197.040000 1.349133e-06 1.075811e-06 1.000000e-06
197.050000 7.701758e-08 6.101642e-08 1.000000e-06
198.000000 8.433745e-02 2.108926e-02 1.000000e-06
198.010000 7.703387e-03 6.256733e-03 1.000000e-06
198.020000 4.302787e-04 3.473400e-04 1.000000e-06
198.030000 2.422103e-05 1.943538e-05 1.000000e-06
198.040000 1.373143e-06 1.095082e-06 1.000000e-06
198.050000 7.837177e-08 6.209733e-08 1.000000e-06
199.000000 8.592774e-02 2.149046e-02 1.000000e-06
199.010000 7.848157e-03 6.374556e-03 1.000000e-06
199.020000 4.381808e-04 3.537395e-04 1.000000e-06
199.030000 2.465776e-05 1.978754e-05 1.000000e-06
199.040000 1.397535e-06 1.114661e-06 1.000000e-06
199.050000 7.974701e-08 6.319506e-08 1.000000e-06
200.000000 8.754759e-02 2.189912e-02 1.000000e-06
200.010000 7.995606e-03 6.494555e-03 1.000000e-06
200.020000 4.462193e-04 3.602493e-04 1.000000e-06
200.030000 2.510166e-05 2.014549e-05 1.000000e-06
200.040000 1.422313e-06 1.134549e-06 1.000000e-06
200.050000 8.114349e-08 6.430973e-08 1.000000e-06
201.000000 8.919752e-02 2.231538e-02 1.000000e-06
201.010000 8.145778e-03 6.616766e-03 1.000000e-06
201.020000 4.543962e-04 3.668709e-04 1.000000e-06
201.030000 2.555281e-05 2.050928e-05 1.000000e-06
201.040000 1.447480e-06 1.154751e-06 1.000000e-06
201.050000 8.256136e-08 6.544148e-08 1.000000e-06
202.000000 9.087805e-02 2.273939e-02 1.000000e-06
202.010000 8.298723e-03 6.741228e-03 1.000000e-06
202.020000 4.627132e-04 3.736059e-04 1.000000e-06
202.030000 2.601126e-05 2.087897e-05 1.000000e-06
