     -> sinker_press 0.5 0.75 0.2501324894025937 0.0001 0.0025 64
     -> sinker_press 0.5 0.75 0.2501324894026101 0.0001 0.0025 64
     -> sinker_press 0.5 0.75 0.25013248913689345 0.0001 0.0025 64
     -> sinker_press 0.5 0.75 0.25013248950760764 0.0001 0.0025 64
     -> sinker_press 0.5 0.75 0.25013248913689595 0.0001 0.0025 64
     -> sinker_press 0.5 0.75 0.25013248950759237 0.0001 0.0025 64
     -> sinker_press 0.5 0.75 0.2501323692117422 0.001 0.0025 64
     -> sinker_press 0.5 0.75 0.2501323692117587 0.001 0.0025 64
     -> sinker_press 0.5 0.75 0.2501323665786876 0.001 0.0025 64
     -> sinker_press 0.5 0.75 0.25013237025446783 0.001 0.0025 64
     -> sinker_press 0.5 0.75 0.2501323665786903 0.001 0.0025 64
     -> sinker_press 0.5 0.75 0.2501323702544521 0.001 0.0025 64
     -> sinker_press 0.5 0.75 0.25013121870919786 0.01 0.0025 64
     -> sinker_press 0.5 0.75 0.25013121870921384 0.01 0.0025 64
     -> sinker_press 0.5 0.75 0.25013119458328387 0.01 0.0025 64
     -> sinker_press 0.5 0.75 0.2501312284075561 0.01 0.0025 64
     -> sinker_press 0.5 0.75 0.2501311945832859 0.01 0.0025 64
     -> sinker_press 0.5 0.75 0.25013122840753993 0.01 0.0025 64
     -> sinker_press 0.5 0.75 0.25012314624391235 0.1 0.0025 64
     -> sinker_press 0.5 0.75 0.2501231462439346 0.1 0.0025 64
     -> sinker_press 0.5 0.75 0.2501230374839129 0.1 0.0025 64
     -> sinker_press 0.5 0.75 0.2501231982560984 0.1 0.0025 64
     -> sinker_press 0.5 0.75 0.25012303748392084 0.1 0.0025 64
     -> sinker_press 0.5 0.75 0.250123198256096 0.1 0.0025 64
     -> sinker_press 0.5 0.75 0.2501049229639026 1.0 0.0025 64
     -> sinker_press 0.5 0.75 0.25010492296391307 1.0 0.0025 64
     -> sinker_press 0.5 0.75 0.2501051237319788 1.0 0.0025 64
     -> sinker_press 0.5 0.75 0.25010490113962375 1.0 0.0025 64
     -> sinker_press 0.5 0.75 0.25010512373193694 1.0 0.0025 64
     -> sinker_press 0.5 0.75 0.25010490113958517 1.0 0.0025 64
     -> sinker_press 0.5 0.75 0.2500955627866463 10.0 0.0025 64
     -> sinker_press 0.5 0.75 0.2500955627866871 10.0 0.0025 64
     -> sinker_press 0.5 0.75 0.25009547206225163 10.0 0.0025 64
     -> sinker_press 0.5 0.75 0.25009547610036936 10.0 0.0025 64
     -> sinker_press 0.5 0.75 0.2500954720622053 10.0 0.0025 64
     -> sinker_press 0.5 0.75 0.2500954761004217 10.0 0.0025 64
     -> sinker_press 0.5 0.75 0.2500935512766324 100.0 0.0025 64
     -> sinker_press 0.5 0.75 0.25009355127695854 100.0 0.0025 64
     -> sinker_press 0.5 0.75 0.25009293432111696 100.0 0.0025 64
     -> sinker_press 0.5 0.75 0.25009351997498175 100.0 0.0025 64
     -> sinker_press 0.5 0.75 0.25009293432091123 100.0 0.0025 64
     -> sinker_press 0.5 0.75 0.25009351997471985 100.0 0.0025 64
     -> sinker_press 0.5 0.75 0.2500932974473443 1000.0 0.0025 64
     -> sinker_press 0.5 0.75 0.2500932974383488 1000.0 0.0025 64
     -> sinker_press 0.5 0.75 0.25009258855046335 1000.0 0.0025 64
     -> sinker_press 0.5 0.75 0.2500932777130037 1000.0 0.0025 64
     -> sinker_press 0.5 0.75 0.25009258857021865 1000.0 0.0025 64
     -> sinker_press 0.5 0.75 0.2500932777084514 1000.0 0.0025 64
     -> sinker_press 0.5 0.75 0.2500932712349761 10000.0 0.0025 64
     -> sinker_press 0.5 0.75 0.2500932712674391 10000.0 0.0025 64
     -> sinker_press 0.5 0.75 0.2500925524567578 10000.0 0.0025 64
     -> sinker_press 0.5 0.75 0.2500932527901432 10000.0 0.0025 64
     -> sinker_press 0.5 0.75 0.25009255237588746 10000.0 0.0025 64
     -> sinker_press 0.5 0.75 0.25009325282885814 10000.0 0.0025 64
