0.000000e+00 1.000000e+00 -1.047357e-13 0.000000e+00 4.925291e-01
7.692308e-03 1.000000e+00 -1.047285e-13 -4.877037e-05 4.848456e-01
1.538462e-02 1.000000e+00 -1.047013e-13 -9.760024e-05 4.771621e-01
1.538462e-02 1.000000e+00 -1.047013e-13 -9.760024e-05 4.771621e-01
2.307692e-02 1.000000e+00 -1.046552e-13 -1.465490e-04 4.694963e-01
3.076923e-02 1.000000e+00 -1.045889e-13 -1.956764e-04 4.618305e-01
3.076923e-02 1.000000e+00 -1.045889e-13 -1.956764e-04 4.618305e-01
3.846154e-02 1.000000e+00 -1.045055e-13 -2.450418e-04 4.541827e-01
4.615385e-02 1.000000e+00 -1.044016e-13 -2.947054e-04 4.465350e-01
4.615385e-02 1.000000e+00 -1.044016e-13 -2.947054e-04 4.465350e-01
5.384615e-02 1.000000e+00 -1.042770e-13 -3.447268e-04 4.389058e-01
6.153846e-02 1.000000e+00 -1.041316e-13 -3.951666e-04 4.312765e-01
6.153846e-02 1.000000e+00 -1.041316e-13 -3.951666e-04 4.312765e-01
6.923077e-02 1.000000e+00 -1.039682e-13 -4.460846e-04 4.236666e-01
7.692308e-02 1.000000e+00 -1.037833e-13 -4.975422e-04 4.160567e-01
7.692308e-02 1.000000e+00 -1.037833e-13 -4.975422e-04 4.160567e-01
8.461538e-02 1.000000e+00 -1.035741e-13 -5.495996e-04 4.084672e-01
9.230769e-02 1.000000e+00 -1.033419e-13 -6.023188e-04 4.008776e-01
9.230769e-02 1.000000e+00 -1.033419e-13 -6.023188e-04 4.008776e-01
1.000000e-01 1.000000e+00 -1.030887e-13 -6.557606e-04 3.933095e-01
1.076923e-01 1.000000e+00 -1.028111e-13 -7.099879e-04 3.857415e-01
1.076923e-01 1.000000e+00 -1.028111e-13 -7.099879e-04 3.857415e-01
1.153846e-01 1.000000e+00 -1.025122e-13 -7.650620e-04 3.781966e-01
1.230769e-01 1.000000e+00 -1.021885e-13 -8.210466e-04 3.706517e-01
1.230769e-01 1.000000e+00 -1.021885e-13 -8.210466e-04 3.706517e-01
1.307692e-01 1.000000e+00 -1.018384e-13 -8.780039e-04 3.631318e-01
1.384615e-01 1.000000e+00 -1.014671e-13 -9.359983e-04 3.556119e-01
1.384615e-01 1.000000e+00 -1.014671e-13 -9.359983e-04 3.556119e-01
1.461538e-01 1.000000e+00 -1.010769e-13 -9.950925e-04 3.481192e-01
1.538462e-01 1.000000e+00 -1.006558e-13 -1.055352e-03 3.406264e-01
1.538462e-01 1.000000e+00 -1.006558e-13 -1.055352e-03 3.406264e-01
1.615385e-01 1.000000e+00 -1.001946e-13 -1.116840e-03 3.331635e-01
1.692308e-01 1.000000e+00 -9.968514e-14 -1.179624e-03 3.257007e-01
1.692308e-01 1.000000e+00 -9.968514e-14 -1.179624e-03 3.257007e-01
1.769231e-01 1.000000e+00 -9.911799e-14 -1.243765e-03 3.182707e-01
1.846154e-01 1.000000e+00 -9.847986e-14 -1.309333e-03 3.108408e-01
1.846154e-01 1.000000e+00 -9.847986e-14 -1.309333e-03 3.108408e-01
1.923077e-01 1.000000e+00 -9.777625e-14 -1.376389e-03 3.034475e-01
2.000000e-01 1.000000e+00 -9.702356e-14 -1.445002e-03 2.960541e-01
2.000000e-01 1.000000e+00 -9.702356e-14 -1.445002e-03 2.960541e-01
2.076923e-01 1.000000e+00 -9.623854e-14 -1.515235e-03 2.887017e-01
2.153846e-01 1.000000e+00 -9.542083e-14 -1.587156e-03 2.813493e-01
2.153846e-01 1.000000e+00 -9.542083e-14 -1.587156e-03 2.813493e-01
2.230769e-01 1.000000e+00 -9.456744e-14 -1.660825e-03 2.740428e-01
2.307692e-01 1.000000e+00 -9.367515e-14 -1.736311e-03 2.667364e-01
2.307692e-01 1.000000e+00 -9.367515e-14 -1.736311e-03 2.667364e-01
2.384615e-01 1.000000e+00 -9.274296e-14 -1.813672e-03 2.594819e-01
2.461538e-01 1.000000e+00 -9.177003e-14 -1.892974e-03 2.522275e-01
2.461538e-01 1.000000e+00 -9.177003e-14 -1.892974e-03 2.522275e-01
2.538462e-01 1.000000e+00 -9.075802e-14 -1.974272e-03 2.450322e-01
2.615385e-01 1.000000e+00 -8.970570e-14 -2.057627e-03 2.378368e-01
2.615385e-01 1.000000e+00 -8.970570e-14 -2.057627e-03 2.378368e-01
2.692308e-01 1.000000e+00 -8.861273e-14 -2.143088e-03 2.307091e-01
2.769231e-01 1.000000e+00 -8.747280e-14 -2.230712e-03 2.235814e-01
2.769231e-01 1.000000e+00 -8.747280e-14 -2.230712e-03 2.235814e-01
2.846154e-01 1.000000e+00 -8.627899e-14 -2.320537e-03 2.165315e-01
2.923077e-01 1.000000e+00 -8.501111e-14 -2.412608e-03 2.094816e-01
2.923077e-01 1.000000e+00 -8.501111e-14 -2.412608e-03 2.094816e-01
3.000000e-01 1.000000e+00 -8.366094e-14 -2.506950e-03 2.025218e-01
3.076923e-01 1.000000e+00 -8.222698e-14 -2.603593e-03 1.955620e-01
3.076923e-01 1.000000e+00 -8.222698e-14 -2.603593e-03 1.955620e-01
3.153846e-01 1.000000e+00 -8.071931e-14 -2.702540e-03 1.887074e-01
3.230769e-01 1.000000e+00 -7.913645e-14 -2.803793e-03 1.818527e-01
3.230769e-01 1.000000e+00 -7.913645e-14 -2.803793e-03 1.818527e-01
3.307692e-01 1.000000e+00 -7.747345e-14 -2.907325e-03 1.751217e-01
3.384615e-01 1.000000e+00 -7.573474e-14 -3.013099e-03 1.683906e-01
3.384615e-01 1.000000e+00 -7.573474e-14 -3.013099e-03 1.683906e-01
3.461538e-01 1.000000e+00 -7.391986e-14 -3.121036e-03 1.618059e-01
3.538462e-01 1.000000e+00 -7.201945e-14 -3.231044e-03 1.552213e-01
3.538462e-01 1.000000e+00 -7.201945e-14 -3.231044e-03 1.552213e-01
3.615385e-01 1.000000e+00 -7.003102e-14 -3.342965e-03 1.488118e-01
3.692308e-01 1.000000e+00 -6.792672e-14 -3.456615e-03 1.424023e-01
3.692308e-01 1.000000e+00 -6.792672e-14 -3.456615e-03 1.424023e-01
3.769231e-01 1.000000e+00 -6.567892e-14 -3.571722e-03 1.362044e-01
3.846154e-01 1.000000e+00 -6.327003e-14 -3.687959e-03 1.300066e-01
3.846154e-01 1.000000e+00 -6.327003e-14 -3.687959e-03 1.300066e-01
3.923077e-01 1.000000e+00 -6.069903e-14 -3.804870e-03 1.240680e-01
4.000000e-01 1.000000e+00 -5.798336e-14 -3.921904e-03 1.181295e-01
4.000000e-01 1.000000e+00 -5.798336e-14 -3.921904e-03 1.181295e-01
4.076923e-01 1.000000e+00 -5.514609e-14 -4.038325e-03 1.125106e-01
4.153846e-01 1.000000e+00 -5.218461e-14 -4.153221e-03 1.068918e-01
4.153846e-01 1.000000e+00 -5.218461e-14 -4.153221e-03 1.068918e-01
4.230769e-01 1.000000e+00 -4.908370e-14 -4.265372e-03 1.016855e-01
4.307692e-01 1.000000e+00 -4.584869e-14 -4.373271e-03 9.647916e-02
4.307692e-01 1.000000e+00 -4.584869e-14 -4.373271e-03 9.647916e-02
4.384615e-01 1.000000e+00 -4.247463e-14 -4.475031e-03 9.177528e-02
4.461538e-01 1.000000e+00 -3.887440e-14 -4.568129e-03 8.707140e-02
4.461538e-01 1.000000e+00 -3.887440e-14 -4.568129e-03 8.707140e-02
4.538462e-01 1.000000e+00 -3.495341e-14 -4.649009e-03 8.317980e-02
4.615385e-01 1.000000e+00 -3.060497e-14 -4.713096e-03 7.928819e-02
4.615385e-01 1.000000e+00 -3.060497e-14 -4.713096e-03 7.928819e-02
4.692308e-01 1.000000e+00 -2.567180e-14 -4.756351e-03 7.503326e-02
4.769231e-01 1.000000e+00 -1.971787e-14 -4.768123e-03 7.077833e-02
4.769231e-01 1.000000e+03 -1.971787e-14 -4.768123e-03 7.077833e-02
4.846154e-01 1.000000e+03 -1.048397e-14 -4.768181e-03 2.204872e-02
4.923077e-01 1.000000e+03 -1.252007e-15 -4.768383e-03 -2.668089e-02
4.923077e-01 1.000000e+03 -1.252007e-15 -4.768383e-03 -2.668089e-02
5.000000e-01 1.000000e+03 7.981094e-15 -4.768672e-03 -3.325206e-02
5.076923e-01 1.000000e+03 1.721212e-14 -4.768971e-03 -3.982323e-02
5.076923e-01 1.000000e+03 1.721212e-14 -4.768971e-03 -3.982323e-02
5.153846e-01 1.000000e+03 2.643647e-14 -4.769278e-03 -5.387890e-02
5.230769e-01 1.000000e+03 3.564630e-14 -4.769587e-03 -6.793458e-02
5.230769e-01 1.000000e+03 3.564630e-14 -4.769587e-03 -6.793458e-02
5.307692e-01 1.000000e+03 4.482598e-14 -4.769883e-03 -7.399113e-02
5.384615e-01 1.000000e+03 5.396214e-14 -4.770157e-03 -8.004767e-02
5.384615e-01 1.000000e+03 5.396214e-14 -4.770157e-03 -8.004767e-02
5.461538e-01 1.000000e+03 6.305274e-14 -4.770412e-03 -8.597326e-02
5.538462e-01 1.000000e+03 7.210912e-14 -4.770650e-03 -9.189885e-02
5.538462e-01 1.000000e+03 7.210912e-14 -4.770650e-03 -9.189885e-02
5.615385e-01 1.000000e+03 8.115917e-14 -4.770869e-03 -9.689409e-02
5.692308e-01 1.000000e+03 9.022651e-14 -4.771067e-03 -1.018893e-01
5.692308e-01 1.000000e+03 9.022651e-14 -4.771067e-03 -1.018893e-01
5.769231e-01 1.000000e+03 9.932058e-14 -4.771241e-03 -1.063481e-01
5.846154e-01 1.000000e+03 1.084392e-13 -4.771390e-03 -1.108068e-01
5.846154e-01 1.000000e+03 1.084392e-13 -4.771390e-03 -1.108068e-01
5.923077e-01 1.000000e+03 1.175740e-13 -4.771513e-03 -1.149453e-01
6.000000e-01 1.000000e+03 1.267125e-13 -4.771609e-03 -1.190837e-01
6.000000e-01 1.000000e+03 1.267125e-13 -4.771609e-03 -1.190837e-01
6.076923e-01 1.000000e+03 1.358434e-13 -4.771677e-03 -1.231702e-01
6.153846e-01 1.000000e+03 1.449666e-13 -4.771718e-03 -1.272567e-01
6.153846e-01 1.000000e+03 1.449666e-13 -4.771718e-03 -1.272567e-01
6.230769e-01 1.000000e+03 1.540894e-13 -4.771732e-03 -1.315409e-01
6.307692e-01 1.000000e+03 1.632094e-13 -4.771720e-03 -1.358252e-01
6.307692e-01 1.000000e+03 1.632094e-13 -4.771720e-03 -1.358252e-01
6.384615e-01 1.000000e+03 1.723260e-13 -4.771684e-03 -1.404863e-01
6.461538e-01 1.000000e+03 1.814412e-13 -4.771623e-03 -1.451474e-01
6.461538e-01 1.000000e+03 1.814412e-13 -4.771623e-03 -1.451474e-01
6.538462e-01 1.000000e+03 1.905558e-13 -4.771541e-03 -1.504279e-01
6.615385e-01 1.000000e+03 1.996720e-13 -4.771437e-03 -1.557084e-01
6.615385e-01 1.000000e+03 1.996720e-13 -4.771437e-03 -1.557084e-01
6.692308e-01 1.000000e+03 2.087902e-13 -4.771311e-03 -1.609132e-01
6.769231e-01 1.000000e+03 2.179105e-13 -4.771158e-03 -1.661180e-01
6.769231e-01 1.000000e+03 2.179105e-13 -4.771158e-03 -1.661180e-01
6.846154e-01 1.000000e+03 2.270349e-13 -4.770983e-03 -1.771633e-01
6.923077e-01 1.000000e+03 2.361598e-13 -4.770797e-03 -1.882085e-01
6.923077e-01 1.000000e+03 2.361598e-13 -4.770797e-03 -1.882085e-01
7.000000e-01 1.000000e+03 2.452812e-13 -4.770602e-03 -1.940851e-01
7.076923e-01 1.000000e+03 2.544002e-13 -4.770402e-03 -1.999617e-01
7.076923e-01 1.000000e+03 2.544002e-13 -4.770402e-03 -1.999617e-01
7.153846e-01 1.000000e+03 2.635196e-13 -4.770253e-03 -2.361453e-01
7.230769e-01 1.000000e+03 2.726505e-13 -4.770199e-03 -2.723289e-01
7.230769e-01 1.000000e+00 2.726505e-13 -4.770199e-03 -2.723289e-01
7.307692e-01 1.000000e+00 2.785115e-13 -4.758367e-03 -2.852803e-01
7.384615e-01 1.000000e+00 2.859481e-13 -4.753733e-03 -2.982317e-01
7.384615e-01 4.980080e-03 2.859481e-13 -4.753733e-03 -2.982317e-01
7.461538e-01 4.980080e-03 2.800537e-13 -4.708924e-03 -3.030724e-01
7.538462e-01 4.980080e-03 2.774719e-13 -4.534595e-03 -3.079132e-01
7.538462e-01 1.000000e-03 2.774719e-13 -4.534595e-03 -3.079132e-01
7.615385e-01 1.000000e-03 2.463456e-13 -4.654029e-03 -3.089495e-01
7.692308e-01 1.000000e-03 2.091303e-13 -4.023373e-03 -3.099859e-01
7.692308e-01 1.000000e-03 2.091303e-13 -4.023373e-03 -3.099859e-01
7.769231e-01 1.000000e-03 1.803807e-13 -4.372069e-03 -3.098684e-01
7.846154e-01 1.000000e-03 1.559821e-13 -4.272156e-03 -3.097510e-01
7.846154e-01 1.000000e-03 1.559821e-13 -4.272156e-03 -3.097510e-01
7.923077e-01 1.000000e-03 1.325114e-13 -4.004406e-03 -3.097789e-01
8.000000e-01 1.000000e-03 1.161329e-13 -3.848990e-03 -3.098068e-01
8.000000e-01 1.000000e-03 1.161329e-13 -3.848990e-03 -3.098068e-01
8.076923e-01 1.000000e-03 9.438295e-14 -3.732972e-03 -3.097964e-01
8.153846e-01 1.000000e-03 7.460194e-14 -3.583097e-03 -3.097861e-01
8.153846e-01 1.000000e-03 7.460194e-14 -3.583097e-03 -3.097861e-01
8.230769e-01 1.000000e-03 6.028724e-14 -3.420179e-03 -3.097866e-01
8.307692e-01 1.000000e-03 4.217555e-14 -3.264879e-03 -3.097870e-01
8.307692e-01 1.000000e-03 4.217555e-14 -3.264879e-03 -3.097870e-01
8.384615e-01 1.000000e-03 2.776154e-14 -3.112329e-03 -3.097850e-01
8.461538e-01 1.000000e-03 1.851463e-14 -2.957582e-03 -3.097829e-01
8.461538e-01 1.000000e-03 1.851463e-14 -2.957582e-03 -3.097829e-01
8.538462e-01 1.000000e-03 7.326468e-15 -2.802330e-03 -3.097819e-01
8.615385e-01 1.000000e-03 -3.535008e-15 -2.648227e-03 -3.097809e-01
8.615385e-01 1.000000e-03 -3.535008e-15 -2.648227e-03 -3.097809e-01
8.692308e-01 1.000000e-03 -1.200655e-14 -2.495018e-03 -3.097798e-01
8.769231e-01 1.000000e-03 -2.805305e-14 -2.342429e-03 -3.097788e-01
8.769231e-01 1.000000e-03 -2.805305e-14 -2.342429e-03 -3.097788e-01
8.846154e-01 1.000000e-03 -3.882704e-14 -2.190614e-03 -3.097780e-01
8.923077e-01 1.000000e-03 -5.227071e-14 -2.039716e-03 -3.097771e-01
8.923077e-01 1.000000e-03 -5.227071e-14 -2.039716e-03 -3.097771e-01
9.000000e-01 1.000000e-03 -5.828140e-14 -1.889706e-03 -3.097765e-01
9.076923e-01 1.000000e-03 -6.670474e-14 -1.740556e-03 -3.097758e-01
9.076923e-01 1.000000e-03 -6.670474e-14 -1.740556e-03 -3.097758e-01
9.153846e-01 1.000000e-03 -7.406365e-14 -1.592238e-03 -3.097752e-01
9.230769e-01 1.000000e-03 -8.477058e-14 -1.444729e-03 -3.097747e-01
9.230769e-01 1.000000e-03 -8.477058e-14 -1.444729e-03 -3.097747e-01
9.307692e-01 1.000000e-03 -9.649068e-14 -1.297972e-03 -3.097742e-01
9.384615e-01 1.000000e-03 -1.026470e-13 -1.151913e-03 -3.097738e-01
9.384615e-01 1.000000e-03 -1.026470e-13 -1.151913e-03 -3.097738e-01
9.461538e-01 1.000000e-03 -1.039116e-13 -1.006486e-03 -3.097734e-01
9.538462e-01 1.000000e-03 -1.053361e-13 -8.616257e-04 -3.097731e-01
9.538462e-01 1.000000e-03 -1.053361e-13 -8.616257e-04 -3.097731e-01
9.615385e-01 1.000000e-03 -1.126459e-13 -7.172553e-04 -3.097729e-01
9.692308e-01 1.000000e-03 -1.177688e-13 -5.733004e-04 -3.097726e-01
9.692308e-01 1.000000e-03 -1.177688e-13 -5.733004e-04 -3.097726e-01
9.769231e-01 1.000000e-03 -1.249486e-13 -4.296794e-04 -3.097725e-01
9.846154e-01 1.000000e-03 -1.227608e-13 -2.863118e-04 -3.097724e-01
9.846154e-01 1.000000e-03 -1.227608e-13 -2.863118e-04 -3.097724e-01
9.923077e-01 1.000000e-03 -1.174338e-13 -1.431133e-04 -3.097723e-01
1.000000e+00 1.000000e-03 -1.264721e-13 0.000000e+00 -3.097723e-01
