# # x,u,p,exx,e
0.000000000000000000e+00 0.000000000000000000e+00 -4.782344633309615326e+10 -2.199163509188484422e-16 2.195155965316420978e-16
1.500000000000000000e+04 -3.286111508074316025e-12 -4.782343636018712616e+10 -2.182318501577270537e-16 2.182634067304069223e-16
3.000000000000000000e+04 -6.546955504731811197e-12 -4.782342654769432068e+10 -2.165385654307229120e-16 2.161707329431708513e-16
4.500000000000000000e+04 -9.758910093514089461e-12 -4.782339800511209869e+10 -2.117308303727969427e-16 2.117621774122162398e-16
6.000000000000000000e+04 -1.289888041591571945e-11 -4.782336958961638641e+10 -2.069171552147998601e-16 2.066401979480160287e-16
7.500000000000000000e+04 -1.594833995377533658e-11 -4.782332582777102661e+10 -1.996921738991028460e-16 1.997228305723976231e-16
9.000000000000000000e+04 -1.888964563288880564e-11 -4.782328213652929688e+10 -1.924670309144776287e-16 1.923158630033900336e-16
1.050000000000000000e+05 -2.171161215047528336e-11 -4.782322792328202820e+10 -1.838100571652679892e-16 1.838385135628759483e-16
1.200000000000000000e+05 -2.440394734784684252e-11 -4.782317371745008850e+10 -1.751594312319321017e-16 1.751364164030750088e-16
1.350000000000000000e+05 -2.696328908062330243e-11 -4.782311426745239258e+10 -1.660946710572706806e-16 1.661181226436033944e-16
1.500000000000000000e+05 -2.938678747956496664e-11 -4.782305477173873138e+10 -1.570396369153621176e-16 1.571180691419018869e-16
1.650000000000000000e+05 -3.167768024075883929e-11 -4.782299482997812653e+10 -1.484115431300769095e-16 1.484270158750412454e-16
1.800000000000000000e+05 -3.383913377346727106e-11 -4.782293481050876617e+10 -1.397918439857365990e-16 1.399311033179882497e-16
1.950000000000000000e+05 -3.587877181014018583e-11 -4.782287805437151337e+10 -1.321503114826296879e-16 1.321562141152157809e-16
2.100000000000000000e+05 -3.780364311794616244e-11 -4.782282121171623230e+10 -1.245130323398264988e-16 1.246747658610372825e-16
2.250000000000000000e+05 -3.962345791500310193e-11 -4.782277005054585266e+10 -1.181151044861061561e-16 1.181118097962826171e-16
2.400000000000000000e+05 -4.134709625252934428e-11 -4.782271881148004150e+10 -1.117172941844170853e-16 1.118742488216067096e-16
2.550000000000000000e+05 -4.298456700251903271e-11 -4.782267449102164459e+10 -1.065981854805171945e-16 1.065875297665152527e-16
2.700000000000000000e+05 -4.454504181694486394e-11 -4.782263011000601196e+10 -1.014765847526081397e-16 1.016136958025295117e-16
2.850000000000000000e+05 -4.603771897943288278e-11 -4.782259296922925568e+10 -9.753557526944669456e-17 9.751999391646505218e-17
3.000000000000000000e+05 -4.747110907502825978e-11 -4.782255578683380890e+10 -9.359108418259003141e-17 9.370258468981475420e-17
3.150000000000000000e+05 -4.885306454517350255e-11 -4.782252554451517487e+10 -9.066166513078926672e-17 9.064351293092299865e-17
3.300000000000000000e+05 -5.019095902895194289e-11 -4.782249527715379333e+10 -8.772885800259211430e-17 8.781469514720778911e-17
3.450000000000000000e+05 -5.149115101134578390e-11 -4.782247128164413452e+10 -8.562548102033063978e-17 8.560667474800806644e-17
3.600000000000000000e+05 -5.275972345956185978e-11 -4.782244727385899353e+10 -8.351933014112085244e-17 8.358235652443864612e-17
3.750000000000000000e+05 -5.400161431715865881e-11 -4.782242869295130920e+10 -8.206429947247886290e-17 8.204621447314389929e-17
3.900000000000000000e+05 -5.522165244373622012e-11 -4.782241010874839783e+10 -8.060725131626652902e-17 8.065142746720211279e-17
4.050000000000000000e+05 -5.642353485683358539e-11 -4.782239606096869659e+10 -7.964393651830986554e-17 7.962744251913569841e-17
4.200000000000000000e+05 -5.761097053928551817e-11 -4.782238201568183136e+10 -7.867930718788920923e-17 7.870869679361921228e-17
4.350000000000000000e+05 -5.878663109877389389e-11 -4.782237165332745361e+10 -7.807694803128759997e-17 7.806250579025580651e-17
4.500000000000000000e+05 -5.995327898022415023e-11 -4.782236129682316589e+10 -7.747384507365845976e-17 7.749212144613584581e-17
4.650000000000000000e+05 -6.111277301635157794e-11 -4.782235385323531342e+10 -7.712761749841928842e-17 7.711538580626713487e-17
4.800000000000000000e+05 -6.226710750517672508e-11 -4.782234641712390137e+10 -7.678107086584686833e-17 7.679132253675630329e-17
4.950000000000000000e+05 -6.341751920630964497e-11 -4.782234122882667542e+10 -7.660973276429515084e-17 7.659966545862246896e-17
5.100000000000000000e+05 -6.456539948810558226e-11 -4.782233604846351624e+10 -7.643836767152677330e-17 7.644306484376734858e-17
5.250000000000000000e+05 -6.571152421642609393e-11 -4.782233256089661407e+10 -7.638086657484218485e-17 7.637279181712110207e-17
5.400000000000000000e+05 -6.685682548535084643e-11 -4.782232908097877502e+10 -7.632352320112713076e-17 7.632456423003440115e-17
5.550000000000000000e+05 -6.800174881162789681e-11 -4.782232684393733978e+10 -7.633536638314337170e-17 7.632904485870294397e-17
5.700000000000000000e+05 -6.914688647684514430e-11 -4.782232461385321808e+10 -7.634747219948719475e-17 7.634626237411824144e-17
5.850000000000000000e+05 -7.029245581875365745e-11 -4.782232327130471802e+10 -7.639729016798429488e-17 7.639245833801634049e-17
6.000000000000000000e+05 -7.143880518188467619e-11 -4.782232193479408264e+10 -7.644741852891912915e-17 7.644496141054724313e-17
6.150000000000000000e+05 -7.258600119939981279e-11 -4.782232121207572174e+10 -7.651392352699890098e-17 7.651031821542400878e-17
6.300000000000000000e+05 -7.373422288769464641e-11 -4.782232049437240601e+10 -7.658074257835954399e-17 7.657772941596258220e-17
6.450000000000000000e+05 -7.488344308998870213e-11 -4.782232018457560730e+10 -7.665017672813484728e-17 7.664755716204999787e-17
6.600000000000000000e+05 -7.603372818953869360e-11 -4.782231987889172363e+10 -7.671990832538971010e-17 7.671678715095917782e-17
6.750000000000000000e+05 -7.718499774990649295e-11 -4.782231983022373199e+10 -7.678396127678923709e-17 7.678211300417277732e-17
6.900000000000000000e+05 -7.833724702784236136e-11 -4.782231978481772614e+10 -7.684828140699965963e-17 7.684532592287707996e-17
7.050000000000000000e+05 -7.949037016812888811e-11 -4.782231988886145782e+10 -7.690246500553156874e-17 7.690120598528534255e-17
7.200000000000000000e+05 -8.064432097800831653e-11 -4.782231999543045044e+10 -7.695687844288889832e-17 7.695423729175339146e-17
7.350000000000000000e+05 -8.179898641149812166e-11 -4.782232017721187592e+10 -7.699927722458775395e-17 7.699845731020933582e-17
7.500000000000000000e+05 -8.295429929474594792e-11 -4.782232036089945984e+10 -7.704186715415413425e-17 7.703960423721767781e-17
7.650000000000000000e+05 -8.411015059835231818e-11 -4.782232057056011200e+10 -7.707221338099540589e-17 7.707171224702982322e-17
7.800000000000000000e+05 -8.526646569617580693e-11 -4.782232078162448120e+10 -7.710271424063452001e-17 7.710083829743991065e-17
7.950000000000000000e+05 -8.642314581769333893e-11 -4.782232098768797302e+10 -7.712172071653975933e-17 7.712144420104194144e-17
8.100000000000000000e+05 -8.758011731767199917e-11 -4.782232119475840759e+10 -7.714084919322105804e-17 7.713933585904170966e-17
8.250000000000000000e+05 -8.873729454304611153e-11 -4.782232137883348083e+10 -7.714974427738775972e-17 7.714962033923088523e-17
8.400000000000000000e+05 -8.989460964599363087e-11 -4.782232156360793304e+10 -7.715873340858522723e-17 7.715754038180549030e-17
8.550000000000000000e+05 -9.105199074142908294e-11 -4.782232171631698608e+10 -7.715894868983895035e-17 7.715892367199803965e-17
8.700000000000000000e+05 -9.220937810668879927e-11 -4.782232186949526215e+10 -7.715923497213190605e-17 7.715831222280409046e-17
8.850000000000000000e+05 -9.336671292733654429e-11 -4.782232198744347382e+10 -7.715220615355769024e-17 7.715224076471978676e-17
9.000000000000000000e+05 -9.452394429129553244e-11 -4.782232210569386292e+10 -7.714523007939663367e-17 7.714452625587364211e-17
9.150000000000000000e+05 -9.568102500612337556e-11 -4.782232218924063110e+10 -7.713227752589329147e-17 7.713234377691662935e-17
9.300000000000000000e+05 -9.683791261707232484e-11 -4.782232227297579193e+10 -7.711936381814917593e-17 7.711883023300208366e-17
9.450000000000000000e+05 -9.799456978168312943e-11 -4.782232232473558044e+10 -7.710163157910913368e-17 7.710170957224562054e-17
9.600000000000000000e+05 -9.915096156444560667e-11 -4.782232237660462189e+10 -7.708392804724991353e-17 7.708352042051163084e-17
9.750000000000000000e+05 -1.003070586223464156e-10 -4.782232240039870453e+10 -7.706235774816270683e-17 7.706243348523441174e-17
9.900000000000000000e+05 -1.014628322968904870e-10 -4.782232242425869751e+10 -7.704080940812872425e-17 7.704048841648210906e-17
1.005000000000000000e+06 -1.026182594967318453e-10 -4.782232242450839996e+10 -7.701614002030303339e-17 7.701620302221274090e-17
1.020000000000000000e+06 -1.037733164974995808e-10 -4.782232242480645752e+10 -7.699148853649994616e-17 7.699122027935806444e-17
1.035000000000000000e+06 -1.049279849091377768e-10 -4.782232240623622131e+10 -7.696427122748807159e-17 7.696431332904149581e-17
1.050000000000000000e+06 -1.060822446343242153e-10 -4.782232238771716309e+10 -7.693707011951376707e-17 7.693682515605593140e-17
1.065000000000000000e+06 -1.072360806992803646e-10 -4.782232235530630493e+10 -7.690769388583131902e-17 7.690770722236054735e-17
1.080000000000000000e+06 -1.083894754508991640e-10 -4.782232232296275330e+10 -7.687833342501798522e-17 7.687808697290571499e-17
1.095000000000000000e+06 -1.095424163561522830e-10 -4.782232228208502960e+10 -7.684706018038743598e-17 7.684703594534499745e-17
1.110000000000000000e+06 -1.106948872563107708e-10 -4.782232224127258301e+10 -7.681580284235449050e-17 7.681553358546799528e-17
1.125000000000000000e+06 -1.118468773789532624e-10 -4.782232219802429962e+10 -7.678280384169889292e-17 7.678273384020822959e-17
1.140000000000000000e+06 -1.129983713715617576e-10 -4.782232215495629883e+10 -7.674982693903149096e-17 7.674951962760997831e-17
1.155000000000000000e+06 -1.141493601625664328e-10 -4.782232211665116882e+10 -7.671524676199366383e-17 7.671511772764153839e-17
1.170000000000000000e+06 -1.152998287744215689e-10 -4.782232207854957581e+10 -7.668069102161211597e-17 7.668033818655009200e-17
1.185000000000000000e+06 -1.164497702571914992e-10 -4.782232205431796265e+10 -7.664471714479322779e-17 7.664451523576865791e-17
1.200000000000000000e+06 -1.175991702887653515e-10 -4.782232203035237122e+10 -7.660876815315326376e-17 7.660837068125795954e-17
1.215000000000000000e+06 -1.187480250840227779e-10 -4.782232203191289520e+10 -7.657172345973652470e-17 7.657143211072649702e-17
1.230000000000000000e+06 -1.198963219925574462e-10 -4.782232203380379486e+10 -7.653470332580486332e-17 7.653427764007989425e-17
1.245000000000000000e+06 -1.210440624443833278e-10 -4.782232207630324554e+10 -7.649718460339630916e-17 7.649678569995224828e-17
1.260000000000000000e+06 -1.221912375306593465e-10 -4.782232211919513702e+10 -7.645968568647358483e-17 7.645927139725849881e-17
1.275000000000000000e+06 -1.233378572124075554e-10 -4.782232222215493774e+10 -7.642274642688851512e-17 7.642222223447471849e-17
1.290000000000000000e+06 -1.244839199234659997e-10 -4.782232232554815674e+10 -7.638581479706514650e-17 7.638548536483530696e-17
1.305000000000000000e+06 -1.256294491277958845e-10 -4.782232251375368500e+10 -7.635121269742104680e-17 7.635054942001208066e-17
1.320000000000000000e+06 -1.267744563043886157e-10 -4.782232270239381409e+10 -7.631659449997839256e-17 7.631647277393004594e-17
1.335000000000000000e+06 -1.279189855592925989e-10 -4.782232300661256409e+10 -7.628712250218793388e-17 7.628631584154752090e-17
1.350000000000000000e+06 -1.290630699794542744e-10 -4.782232331119453430e+10 -7.625759343533602642e-17 7.625787229433379963e-17
1.365000000000000000e+06 -1.302067842282907211e-10 -4.782232376848016357e+10 -7.623751316022045665e-17 7.623657687813706055e-17
1.380000000000000000e+06 -1.313501953742608733e-10 -4.782232422593365479e+10 -7.621730960864844701e-17 7.621827876033539505e-17
1.395000000000000000e+06 -1.324934219968719622e-10 -4.782232487911596680e+10 -7.621290343331669994e-17 7.621188272614872505e-17
1.410000000000000000e+06 -1.336365824772603832e-10 -4.782232553208047485e+10 -7.620827239669750608e-17 7.621035224690670682e-17
1.425000000000000000e+06 -1.347798568224268505e-10 -4.782232642788719177e+10 -7.622852851394099333e-17 7.622751859645676542e-17
1.440000000000000000e+06 -1.359234383326786151e-10 -4.782232732280406189e+10 -7.624840964654603650e-17 7.625219223139089573e-17
1.455000000000000000e+06 -1.370675907214443795e-10 -4.782232850773595428e+10 -7.630583872863765780e-17 7.630501164294892239e-17
1.470000000000000000e+06 -1.382126134945377450e-10 -4.782232969069201660e+10 -7.636267825183358226e-17 7.636897499855771193e-17
1.485000000000000000e+06 -1.393588815290780494e-10 -4.782233120357470703e+10 -7.647424578551718325e-17 7.647388624826597632e-17
1.500000000000000000e+06 -1.405068408681032532e-10 -4.782233271280364990e+10 -7.658492586382956645e-17 7.659481891473425895e-17
1.515000000000000000e+06 -1.416570100345131268e-10 -4.782233457227677917e+10 -7.677303654483351786e-17 7.677359003871182800e-17
1.530000000000000000e+06 -1.428100319644482569e-10 -4.782233642561889648e+10 -7.695985806073337374e-17 7.697475019398987393e-17
1.545000000000000000e+06 -1.439666052578635714e-10 -4.782233861052593231e+10 -7.725327711375873667e-17 7.725541123459743904e-17
1.560000000000000000e+06 -1.451276302778610144e-10 -4.782234078575827026e+10 -7.754488233081258978e-17 7.756653358708131915e-17
1.575000000000000000e+06 -1.462940233797202284e-10 -4.782234320563551331e+10 -7.797937447216671063e-17 7.798405544635395201e-17
1.590000000000000000e+06 -1.474670115120260099e-10 -4.782234561092539978e+10 -7.841139209920163719e-17 7.844192372523263691e-17
1.605000000000000000e+06 -1.486477623918788176e-10 -4.782234806317405701e+10 -7.902970961724397612e-17 7.903829126271745885e-17
1.620000000000000000e+06 -1.498379028005433421e-10 -4.782235049424494171e+10 -7.964475989988307828e-17 7.968659198755791959e-17
1.635000000000000000e+06 -1.510388719846957088e-10 -4.782235260399001312e+10 -8.049538295857753463e-17 8.050970414999005318e-17
1.650000000000000000e+06 -1.522527642893006648e-10 -4.782235468405358887e+10 -8.134185616093535305e-17 8.139752407072504929e-17
1.665000000000000000e+06 -1.534812818411635118e-10 -4.782235582254539490e+10 -8.247555224859093986e-17 8.249802951269320020e-17
1.680000000000000000e+06 -1.547270308567583905e-10 -4.782235692104269409e+10 -8.360422607728743040e-17 8.367599510046451007e-17
1.695000000000000000e+06 -1.559919148673268176e-10 -4.782235609968745422e+10 -8.506706575194157956e-17 8.510074283601260988e-17
1.710000000000000000e+06 -1.572790428293166528e-10 -4.782235522612290955e+10 -8.652425078620293481e-17 8.661338205765552750e-17
1.725000000000000000e+06 -1.585903691192179663e-10 -4.782235096423642731e+10 -8.834499959447112131e-17 8.839352699667479212e-17
1.740000000000000000e+06 -1.599293928171507844e-10 -4.782234663869692993e+10 -9.016017235502811092e-17 9.026567917254192959e-17
1.755000000000000000e+06 -1.612978300651636367e-10 -4.782233681624230194e+10 -9.232944848822988387e-17 9.239685405865965949e-17
1.770000000000000000e+06 -1.626992762717976810e-10 -4.782232692288394928e+10 -9.449479795728847430e-17 9.461138041924320572e-17
1.785000000000000000e+06 -1.641347164081369772e-10 -4.782230864007627869e+10 -9.693246799363812145e-17 9.702257675312879373e-17
1.800000000000000000e+06 -1.656072503116068075e-10 -4.782229029273428345e+10 -9.937106914903097144e-17 9.948584951012326789e-17
1.815000000000000000e+06 -1.671163630504778062e-10 -4.782225980570927429e+10 -1.018782793537465144e-16 1.019934346826694887e-16
1.830000000000000000e+06 -1.686635986922192052e-10 -4.782222929419502258e+10 -1.043973525086955780e-16 1.044850617601001777e-16
1.845000000000000000e+06 -1.702458542803905023e-10 -4.782218218225935364e+10 -1.065925129505555037e-16 1.067309884991350636e-16
1.860000000000000000e+06 -1.718613740807358714e-10 -4.782213516121916199e+10 -1.088200985922225367e-16 1.088379459947241644e-16
1.875000000000000000e+06 -1.735031786895729989e-10 -4.782206708250669098e+10 -1.100772110893349824e-16 1.102282362510477088e-16
1.890000000000000000e+06 -1.751636904134159166e-10 -4.782199935785043335e+10 -1.113941054931308280e-16 1.112865466426065919e-16
1.905000000000000000e+06 -1.768313073378637403e-10 -4.782190812530613708e+10 -1.108850643631697631e-16 1.110202950484853743e-16
1.920000000000000000e+06 -1.784902423443110281e-10 -4.782181770078582001e+10 -1.104378319436198269e-16 1.101889363029229190e-16
1.935000000000000000e+06 -1.801265488993215413e-10 -4.782170760149182129e+10 -1.076048132772953508e-16 1.076704030019548404e-16
1.950000000000000000e+06 -1.817183867426298866e-10 -4.782159861910659790e+10 -1.047581289368656591e-16 1.045319584942633857e-16
1.965000000000000000e+06 -1.832592001028161196e-10 -4.782148552155581665e+10 -1.005657559815835197e-16 1.005068723057569194e-16
1.980000000000000000e+06 -1.847353594220773760e-10 -4.782137280317576599e+10 -9.629530475427896317e-17 9.644549293190783387e-17
1.995000000000000000e+06 -1.861629850135674335e-10 -4.782128203842927551e+10 -9.401495594336564261e-17 9.383471721622250141e-17
2.010000000000000000e+06 -1.875558081003783479e-10 -4.782118985166026306e+10 -9.177421618027745624e-17 9.226258987059710249e-17
2.025000000000000000e+06 -1.889506452529039405e-10 -4.782113965305796051e+10 -9.412464360761158392e-17 9.386881717961836825e-17
2.040000000000000000e+06 -1.903795474086066946e-10 -4.782108748091860962e+10 -9.648849776751297866e-17 9.668433514123761572e-17
2.055000000000000000e+06 -1.918681675710540756e-10 -4.782107435895759583e+10 -1.019013366107136453e-16 1.016644278277272103e-16
2.070000000000000000e+06 -1.934365875069281069e-10 -4.782106067766407776e+10 -1.071790947722507916e-16 1.069535725274078408e-16
2.085000000000000000e+06 -1.950829148929011998e-10 -4.782106875566178894e+10 -1.123734500910669507e-16 1.122306986291833874e-16
2.100000000000000000e+06 -1.968077910096601137e-10 -4.782107735280508423e+10 -1.174908517732876340e-16 1.171557054450629710e-16
2.115000000000000000e+06 -1.985957361863605982e-10 -4.782109240409133148e+10 -1.210210188236123150e-16 1.209623138582133997e-16
2.130000000000000000e+06 -2.004384215743684918e-10 -4.782110805714044952e+10 -1.245712884738516823e-16 1.243202960293419847e-16
2.145000000000000000e+06 -2.023211607702930267e-10 -4.782112234716630554e+10 -1.265596820863441074e-16 1.265476880909924061e-16
2.160000000000000000e+06 -2.042352120369588038e-10 -4.782113698799851227e+10 -1.285924949420048488e-16 1.284496905100922557e-16
2.175000000000000000e+06 -2.061709800728325752e-10 -4.782114782701499176e+10 -1.295645683682479668e-16 1.295723756865190903e-16
2.190000000000000000e+06 -2.081221490880062470e-10 -4.782115881948004913e+10 -1.305688286094309855e-16 1.305015861574822065e-16
2.205000000000000000e+06 -2.100835021913290781e-10 -4.782116605674987030e+10 -1.309673902124271396e-16 1.309805756986018863e-16
2.220000000000000000e+06 -2.120511707943790730e-10 -4.782117334184086609e+10 -1.313829887903674239e-16 1.313580164415254347e-16
2.235000000000000000e+06 -2.140227074307574770e-10 -4.782117772930465698e+10 -1.314939974639582892e-16 1.315062582948258271e-16
2.250000000000000000e+06 -2.159959907182977970e-10 -4.782118211817781830e+10 -1.316122114019984874e-16 1.316075561176356768e-16
2.265000000000000000e+06 -2.179700830824024925e-10 -4.782118453889263916e+10 -1.315983332847058891e-16 1.316076662883882977e-16
2.280000000000000000e+06 -2.199439407168390017e-10 -4.782118694518515015e+10 -1.315865646907437089e-16 1.315900290398576500e-16
2.295000000000000000e+06 -2.219173549842054509e-10 -4.782118812938578796e+10 -1.315314575742027450e-16 1.315377978222506814e-16
2.310000000000000000e+06 -2.238898844440650871e-10 -4.782118929695713043e+10 -1.314762361725709413e-16 1.314818290518068767e-16
2.325000000000000000e+06 -2.258616197537279759e-10 -4.782118976221520233e+10 -1.314180393503214052e-16 1.314220091381393676e-16
2.340000000000000000e+06 -2.278324256245747164e-10 -4.782119021370712280e+10 -1.313589877938100742e-16 1.313641800465699750e-16
2.355000000000000000e+06 -2.298024788710449597e-10 -4.782119029189790344e+10 -1.313118673709875348e-16 1.313141932940835020e-16
2.370000000000000000e+06 -2.317717816457043516e-10 -4.782119036028347778e+10 -1.312638216466917119e-16 1.312678266184678895e-16
2.385000000000000000e+06 -2.337405046793639466e-10 -4.782119024729945374e+10 -1.312305971114969057e-16 1.312318859186673463e-16
2.400000000000000000e+06 -2.357086995590492526e-10 -4.782119012799394226e+10 -1.311966224307147990e-16 1.311994250407590842e-16
2.415000000000000000e+06 -2.376765003381688271e-10 -4.782118993031068420e+10 -1.311755792010620877e-16 1.311762656250341188e-16
2.430000000000000000e+06 -2.396439669350810899e-10 -4.782118972887556458e+10 -1.311540081122785720e-16 1.311558637054881789e-16
2.445000000000000000e+06 -2.416111940579882149e-10 -4.782118949894950867e+10 -1.311422338836344072e-16 1.311425993338212610e-16
2.460000000000000000e+06 -2.435782339515901356e-10 -4.782118926697003174e+10 -1.311301225841160416e-16 1.311313252233901300e-16
2.475000000000000000e+06 -2.455451495650453759e-10 -4.782118902713940430e+10 -1.311249218890847664e-16 1.311251341210795894e-16
2.490000000000000000e+06 -2.475119816082626944e-10 -4.782118878628762817e+10 -1.311195230072187634e-16 1.311203168389404687e-16
2.505000000000000000e+06 -2.494787707860530390e-10 -4.782118854356321716e+10 -1.311188615641698278e-16 1.311190124986204095e-16
2.520000000000000000e+06 -2.514455474551877618e-10 -4.782118830039675140e+10 -1.311180929702040895e-16 1.311186520171560334e-16
2.535000000000000000e+06 -2.534123382022452973e-10 -4.782118805487673950e+10 -1.311206079877281817e-16 1.311207435093308765e-16
2.550000000000000000e+06 -2.553791656948196208e-10 -4.782118780921391296e+10 -1.311230706976053654e-16 1.311235071969784185e-16
2.565000000000000000e+06 -2.573460483069896166e-10 -4.782118755854524994e+10 -1.311279312496335747e-16 1.311280711393492665e-16
2.580000000000000000e+06 -2.593130036323086111e-10 -4.782118730786563873e+10 -1.311327699773546799e-16 1.311331502236981475e-16
2.595000000000000000e+06 -2.612800456807674162e-10 -4.782118704928976440e+10 -1.311395119660339432e-16 1.311396626768106819e-16
2.610000000000000000e+06 -2.632471889912896281e-10 -4.782118679075311279e+10 -1.311462474580839314e-16 1.311466074306315563e-16
2.625000000000000000e+06 -2.652144455134328753e-10 -4.782118652192503357e+10 -1.311546374731875294e-16 1.311547992646800654e-16
2.640000000000000000e+06 -2.671818281154852674e-10 -4.782118625314651489e+10 -1.311630278493212094e-16 1.311633852946989122e-16
2.655000000000000000e+06 -2.691493479553631184e-10 -4.782118597233547211e+10 -1.311729657522052784e-16 1.311731368658825150e-16
2.670000000000000000e+06 -2.711170170880514312e-10 -4.782118569156819153e+10 -1.311829063378948456e-16 1.311832686261988289e-16
2.685000000000000000e+06 -2.730848465116691839e-10 -4.782118539760151672e+10 -1.311943624128175297e-16 1.311945404570482728e-16
2.700000000000000000e+06 -2.750528479604359373e-10 -4.782118510366371155e+10 -1.312058215917785026e-16 1.312061907143739832e-16
2.715000000000000000e+06 -2.770210325468935298e-10 -4.782118479577587891e+10 -1.312187991002079059e-16 1.312189821797199591e-16
2.730000000000000000e+06 -2.789894119334421858e-10 -4.782118448790077209e+10 -1.312317790492183332e-16 1.312321551291950006e-16
2.745000000000000000e+06 -2.809579974318327719e-10 -4.782118416561907959e+10 -1.312462941265832532e-16 1.312464800781597277e-16
2.760000000000000000e+06 -2.829268007572396871e-10 -4.782118384337975311e+10 -1.312608100045757276e-16 1.312611916345741972e-16
2.775000000000000000e+06 -2.848958334044336090e-10 -4.782118350643727875e+10 -1.312768822110420298e-16 1.312770712170131601e-16
2.790000000000000000e+06 -2.868651072235709575e-10 -4.782118316948135376e+10 -1.312929564571176688e-16 1.312933428239026631e-16
2.805000000000000000e+06 -2.888346339013383416e-10 -4.782118281763986206e+10 -1.313106044620142643e-16 1.313107952381264035e-16
2.820000000000000000e+06 -2.908044253574313943e-10 -4.782118246580381775e+10 -1.313282533983883503e-16 1.313286437817125819e-16
2.835000000000000000e+06 -2.927744934353847477e-10 -4.782118209895427704e+10 -1.313474932807310155e-16 1.313476856333044887e-16
2.850000000000000000e+06 -2.947448501558532898e-10 -4.782118173210566711e+10 -1.313667336597720610e-16 1.313671271569904617e-16
2.865000000000000000e+06 -2.967155074797261961e-10 -4.782118135013291168e+10 -1.313875786452587894e-16 1.313877723165233364e-16
2.880000000000000000e+06 -2.986864775152110796e-10 -4.782118096816123962e+10 -1.314084239586024209e-16 1.314088202937664664e-16
2.895000000000000000e+06 -3.006577723270006830e-10 -4.782118057097514343e+10 -1.314308864074734848e-16 1.314310811878633744e-16
2.910000000000000000e+06 -3.026294041074352628e-10 -4.782118017378897858e+10 -1.314533489918045878e-16 1.314537478503101888e-16
2.925000000000000000e+06 -3.046013850095270317e-10 -4.782117976130673981e+10 -1.314774399457634324e-16 1.314776358171802973e-16
2.940000000000000000e+06 -3.065737273058082011e-10 -4.782117934882456970e+10 -1.315015309131802441e-16 1.315019321666340021e-16
2.955000000000000000e+06 -3.085464432270744474e-10 -4.782117892096318817e+10 -1.315272605675298951e-16 1.315274575758007852e-16
2.970000000000000000e+06 -3.105195451228340655e-10 -4.782117849310302734e+10 -1.315529902651532999e-16 1.315533938541699879e-16
2.985000000000000000e+06 -3.124930453005215843e-10 -4.782117804978178406e+10 -1.315803686951116429e-16 1.315805667515096991e-16
3.000000000000000000e+06 -3.144669561836874246e-10 -4.782117760646080017e+10 -1.316077471133412019e-16 1.316081530335993412e-16
3.015000000000000000e+06 -3.164412901535226050e-10 -4.782117714759716797e+10 -1.316367841450038485e-16 1.316369833343453985e-16
3.030000000000000000e+06 -3.184160597080375533e-10 -4.782117668873336792e+10 -1.316658211528712947e-16 1.316662294757192126e-16
3.045000000000000000e+06 -3.203912773046608029e-10 -4.782117621425162506e+10 -1.316965270343491972e-16 1.316967272747391146e-16
3.060000000000000000e+06 -3.223669555190680101e-10 -4.782117573976943970e+10 -1.317272328713290338e-16 1.317276435561731314e-16
3.075000000000000000e+06 -3.243431068798013043e-10 -4.782117524957586670e+10 -1.317596172417277927e-16 1.317598186307012095e-16
3.090000000000000000e+06 -3.263197440363198704e-10 -4.782117475938401794e+10 -1.317920016224196086e-16 1.317924147024923773e-16
3.105000000000000000e+06 -3.282968795960397838e-10 -4.782117425340605927e+10 -1.318260750118947712e-16 1.318262775029591593e-16
3.120000000000000000e+06 -3.302745262866766852e-10 -4.782117374742649078e+10 -1.318601484130987176e-16 1.318605639092840172e-16
3.135000000000000000e+06 -3.322526967941368363e-10 -4.782117322558254242e+10 -1.318959212415214988e-16 1.318961248660854538e-16
3.150000000000000000e+06 -3.342314039239223396e-10 -4.782117270373757935e+10 -1.319316940093250525e-16 1.319321119291901545e-16
3.165000000000000000e+06 -3.362106604413023701e-10 -4.782117216594345856e+10 -1.319691770285714011e-16 1.319693817063398282e-16
3.180000000000000000e+06 -3.381904792347794707e-10 -4.782117162814949036e+10 -1.320066600157773751e-16 1.320070804883268726e-16
3.195000000000000000e+06 -3.401708731502866260e-10 -4.782117107432077789e+10 -1.320458641377626070e-16 1.320460700329082335e-16
3.210000000000000000e+06 -3.421518551589123498e-10 -4.782117052049352264e+10 -1.320850682053069702e-16 1.320854912018320456e-16
3.225000000000000000e+06 -3.441334381872877131e-10 -4.782116995054850769e+10 -1.321260043851034040e-16 1.321262114195030664e-16
3.240000000000000000e+06 -3.461156352904654382e-10 -4.782116938060204315e+10 -1.321669408636383071e-16 1.321673663448785117e-16
3.255000000000000000e+06 -3.480984594772750847e-10 -4.782116879444799042e+10 -1.322096192192737318e-16 1.322098277198152177e-16
3.270000000000000000e+06 -3.500819238670436867e-10 -4.782116820828039551e+10 -1.322522988847716689e-16 1.322527266517321556e-16
3.285000000000000000e+06 -3.520660416093807402e-10 -4.782116760582449341e+10 -1.322967339585986829e-16 1.322969434234345935e-16
3.300000000000000000e+06 -3.540508258858016482e-10 -4.782116700340750122e+10 -1.323411671447888358e-16 1.323415981788892134e-16
3.315000000000000000e+06 -3.560362898827153112e-10 -4.782116638460603333e+10 -1.323873681964330788e-16 1.323875788986258415e-16
3.330000000000000000e+06 -3.580224469316946228e-10 -4.782116576577909088e+10 -1.324335692755170595e-16 1.324340028909426604e-16
3.345000000000000000e+06 -3.600093103000323750e-10 -4.782116513048343658e+10 -1.324815488948041482e-16 1.324817608346750512e-16
3.360000000000000000e+06 -3.619968933985387470e-10 -4.782116449518818665e+10 -1.325295284986232524e-16 1.325299649477401712e-16
3.375000000000000000e+06 -3.639852095856566126e-10 -4.782116384333578491e+10 -1.325792988578568148e-16 1.325795121602281573e-16
3.390000000000000000e+06 -3.659742723642744328e-10 -4.782116319148178864e+10 -1.326290692050460489e-16 1.326295085569899075e-16
3.405000000000000000e+06 -3.679640951844635323e-10 -4.782116252296973419e+10 -1.326806425729695362e-16 1.326808572274574436e-16
3.420000000000000000e+06 -3.699546916414635203e-10 -4.782116185445746613e+10 -1.327322159794683218e-16 1.327326582268602138e-16
3.435000000000000000e+06 -3.719460752828157736e-10 -4.782116116919084930e+10 -1.327856052483976427e-16 1.327858211874356607e-16
3.450000000000000000e+06 -3.739382597989154502e-10 -4.782116048392340088e+10 -1.328389944688656605e-16 1.328394396911792792e-16
3.465000000000000000e+06 -3.759312588342318654e-10 -4.782115978180585480e+10 -1.328942126693488201e-16 1.328944299533290581e-16
3.480000000000000000e+06 -3.779250861789959142e-10 -4.782115907968791199e+10 -1.329494307530742548e-16 1.329498790189861050e-16
3.495000000000000000e+06 -3.799197555731674171e-10 -4.782115836061786652e+10 -1.330064910159029690e-16 1.330067097520121491e-16
3.510000000000000000e+06 -3.819152809094730122e-10 -4.782115764154864502e+10 -1.330635512413049663e-16 1.330640026202764940e-16
3.525000000000000000e+06 -3.839116760288590200e-10 -4.782115690542333984e+10 -1.331224672603709090e-16 1.331226874048441867e-16
3.540000000000000000e+06 -3.859089549272841674e-10 -4.782115616929796600e+10 -1.331813832146145733e-16 1.331818377983369304e-16
3.555000000000000000e+06 -3.879071315474509668e-10 -4.782115541600997925e+10 -1.332421687893258754e-16 1.332423904549829574e-16
3.570000000000000000e+06 -3.899062199909639466e-10 -4.782115466272153473e+10 -1.333029542788938423e-16 1.333034121716180050e-16
3.585000000000000000e+06 -3.919062343059201134e-10 -4.782115389216762543e+10 -1.333656237821084481e-16 1.333658469263853335e-16
3.600000000000000000e+06 -3.939071887044271570e-10 -4.782115312161302185e+10 -1.334282932032657425e-16 1.334287544229566128e-16
3.615000000000000000e+06 -3.959090973374923993e-10 -4.782115233366941071e+10 -1.334928606876618875e-16 1.334930854231428818e-16
3.630000000000000000e+06 -3.979119745250570180e-10 -4.782115154572720337e+10 -1.335574281065604892e-16 1.335578927799860916e-16
3.645000000000000000e+06 -3.999158345299855910e-10 -4.782115074028853607e+10 -1.336239087649681192e-16 1.336241350921918172e-16
3.660000000000000000e+06 -4.019206917880060736e-10 -4.782114993484796906e+10 -1.336903893919001990e-16 1.336908575677258066e-16
3.675000000000000000e+06 -4.039265606751547932e-10 -4.782114911179748535e+10 -1.337587984737942060e-16 1.337590264461565809e-16
3.690000000000000000e+06 -4.059334557422199080e-10 -4.782114828874571228e+10 -1.338272074512177855e-16 1.338276791634751042e-16
3.705000000000000000e+06 -4.079413914790110618e-10 -4.782114744796153259e+10 -1.338975604712738983e-16 1.338977900276495452e-16
3.720000000000000000e+06 -4.099503825563581041e-10 -4.782114660717726135e+10 -1.339679133835400569e-16 1.339683888402274746e-16
3.735000000000000000e+06 -4.119604435816989157e-10 -4.782114574853483582e+10 -1.340402264533666291e-16 1.340404577948343191e-16
3.750000000000000000e+06 -4.139715893499591009e-10 -4.782114488989356995e+10 -1.341125393879193331e-16 1.341130186343441391e-16
3.765000000000000000e+06 -4.159838345877030082e-10 -4.782114401326842499e+10 -1.341868289046702777e-16 1.341870619736693452e-16
3.780000000000000000e+06 -4.179971942170992127e-10 -4.782114313664309692e+10 -1.342611181791336393e-16 1.342616013437953832e-16
3.795000000000000000e+06 -4.200116830867275619e-10 -4.782114224189762115e+10 -1.343374012736666202e-16 1.343376360705017626e-16
3.810000000000000000e+06 -4.220273162553092093e-10 -4.782114134712970734e+10 -1.344136811768217883e-16 1.344141702083674885e-16
3.825000000000000000e+06 -4.240441086163634325e-10 -4.782114043414213562e+10 -1.344919736574754726e-16 1.344922112611862089e-16
3.840000000000000000e+06 -4.260620754650335110e-10 -4.782113952120104980e+10 -1.345702696690011490e-16 1.345707599797099767e-16
3.855000000000000000e+06 -4.280812318746739917e-10 -4.782113858985035706e+10 -1.346505881125972542e-16 1.346508261240652620e-16
3.870000000000000000e+06 -4.301015931084114043e-10 -4.782113765847135925e+10 -1.347309067780242015e-16 1.347314023514405716e-16
3.885000000000000000e+06 -4.321231744390679731e-10 -4.782113670856671143e+10 -1.348132735838879004e-16 1.348135140746818848e-16
3.900000000000000000e+06 -4.341459913159280517e-10 -4.782113575866400146e+10 -1.348956396888581514e-16 1.348961392933381918e-16
3.915000000000000000e+06 -4.361700591126420111e-10 -4.782113479009674835e+10 -1.349800701816017595e-16 1.349803127909663102e-16
3.930000000000000000e+06 -4.381953934213761109e-10 -4.782113382152781677e+10 -1.350645005790572811e-16 1.350650045682758826e-16
3.945000000000000000e+06 -4.402220097511058674e-10 -4.782113283413803101e+10 -1.351510137887920891e-16 1.351512584877133211e-16
3.960000000000000000e+06 -4.422499238350398481e-10 -4.782113184674777985e+10 -1.352375269924053364e-16 1.352380354661980234e-16
3.975000000000000000e+06 -4.442791513273431539e-10 -4.782113084038281250e+10 -1.353261423913676178e-16 1.353263891322430017e-16
3.990000000000000000e+06 -4.463097081067808946e-10 -4.782112983401677704e+10 -1.354147576866546436e-16 1.354152707388891338e-16
4.005000000000000000e+06 -4.483416099722467577e-10 -4.782112880852030945e+10 -1.355054948891355883e-16 1.355057437654103575e-16
4.020000000000000000e+06 -4.503748729534549411e-10 -4.782112778302311707e+10 -1.355962319488895072e-16 1.355967496583380241e-16
4.035000000000000000e+06 -4.524095129940041957e-10 -4.782112673823092651e+10 -1.356891107807496446e-16 1.356893619204576497e-16
4.050000000000000000e+06 -4.544455462768774806e-10 -4.782112569343927002e+10 -1.357819895126200846e-16 1.357825120000811943e-16
4.065000000000000000e+06 -4.564829888951943521e-10 -4.782112462918311310e+10 -1.358770303526956613e-16 1.358772837454563555e-16
4.080000000000000000e+06 -4.585218571874583227e-10 -4.782112356492652893e+10 -1.359720710799073306e-16 1.359725984892564187e-16
4.095000000000000000e+06 -4.605621673988746866e-10 -4.782112248103012848e+10 -1.360692946448690091e-16 1.360695504260257789e-16
4.110000000000000000e+06 -4.626039360268044077e-10 -4.782112139713282776e+10 -1.361665180633171294e-16 1.361670505603249334e-16
4.125000000000000000e+06 -4.646471794722244348e-10 -4.782112029342020416e+10 -1.362659456751285447e-16 1.362662038502097519e-16
4.140000000000000000e+06 -4.666919143970582481e-10 -4.782111918970643616e+10 -1.363653731473305124e-16 1.363659107530034122e-16
4.155000000000000000e+06 -4.687381573550873540e-10 -4.782111806597669220e+10 -1.364670257452662527e-16 1.364672864588432553e-16
4.170000000000000000e+06 -4.707859251694162348e-10 -4.782111694224778748e+10 -1.365686781971112642e-16 1.365692211476152328e-16
4.185000000000000000e+06 -4.728352345563935466e-10 -4.782111579831319427e+10 -1.366725780346629421e-16 1.366728413272976366e-16
4.200000000000000000e+06 -4.748861025104561413e-10 -4.782111465437599182e+10 -1.367764777193523092e-16 1.367770261392561749e-16
4.215000000000000000e+06 -4.769385459125424884e-10 -4.782111349003115082e+10 -1.368826473465096418e-16 1.368829133468614702e-16
4.230000000000000000e+06 -4.789925819308514451e-10 -4.782111232568419647e+10 -1.369888167446701199e-16 1.369893706268302543e-16
4.245000000000000000e+06 -4.810482276101020015e-10 -4.782111114071143341e+10 -1.370972788387481299e-16 1.370975475654886656e-16
4.260000000000000000e+06 -4.831055002960138326e-10 -4.782110995573760986e+10 -1.372057406680402438e-16 1.372063004600494712e-16
4.275000000000000000e+06 -4.851644172037579707e-10 -4.782110874990808868e+10 -1.373165189792899818e-16 1.373167907216526845e-16
4.290000000000000000e+06 -4.872249958653925505e-10 -4.782110754407855225e+10 -1.374272970018481830e-16 1.374278630322267398e-16
4.305000000000000000e+06 -4.892872536746544612e-10 -4.782110631715377045e+10 -1.375404164698894420e-16 1.375406912931184826e-16
4.320000000000000000e+06 -4.913512083594892701e-10 -4.782110509022499847e+10 -1.376535360091175091e-16 1.376541082141045295e-16
4.335000000000000000e+06 -4.934168774951512073e-10 -4.782110384194019318e+10 -1.377690209114412590e-16 1.377692994143717236e-16
4.350000000000000000e+06 -4.954842789868324473e-10 -4.782110259363568115e+10 -1.378845061803265834e-16 1.378850854778868390e-16
4.365000000000000000e+06 -4.975534306536215565e-10 -4.782110132371926117e+10 -1.380023878572816497e-16 1.380026696024627041e-16
4.380000000000000000e+06 -4.996243506225509340e-10 -4.782110005384172821e+10 -1.381202669176797567e-16 1.381208536968279481e-16
4.395000000000000000e+06 -5.016970568463548564e-10 -4.782109876203297424e+10 -1.382405706717935031e-16 1.382408561784612591e-16
4.410000000000000000e+06 -5.037715677427047301e-10 -4.782109747019880676e+10 -1.383608745864183557e-16 1.383614691983673387e-16
4.425000000000000000e+06 -5.058479015097360550e-10 -4.782109615613659668e+10 -1.384836352728693244e-16 1.384839247808113415e-16
4.440000000000000000e+06 -5.079260768008908035e-10 -4.782109484207250977e+10 -1.386063954207113106e-16 1.386069990245760751e-16
4.455000000000000000e+06 -5.100061120774991813e-10 -4.782109350545231628e+10 -1.387316495874536395e-16 1.387319436566687404e-16
4.470000000000000000e+06 -5.120880262885143650e-10 -4.782109216882774353e+10 -1.388569029937529885e-16 1.388575165462654207e-16
4.485000000000000000e+06 -5.141718381861852579e-10 -4.782109080928566742e+10 -1.389846922498546578e-16 1.389849912659400251e-16
4.500000000000000000e+06 -5.162575670560100864e-10 -4.782108944974032593e+10 -1.391124806430056056e-16 1.391131055084600395e-16
4.515000000000000000e+06 -5.183452319949168840e-10 -4.782108806690235901e+10 -1.392428542950215830e-16 1.392431586644852531e-16
4.530000000000000000e+06 -5.204348526848606879e-10 -4.782108668406044006e+10 -1.393732268454658814e-16 1.393738647097358728e-16
4.545000000000000000e+06 -5.225264486295006494e-10 -4.782108527753546143e+10 -1.395062432918854561e-16 1.395065536430194687e-16
4.560000000000000000e+06 -5.246200399836172395e-10 -4.782108387100723267e+10 -1.396392584629378281e-16 1.396399113541149502e-16
4.575000000000000000e+06 -5.267156467394303965e-10 -4.782108244038890076e+10 -1.397749877728636252e-16 1.397753047987144315e-16
4.590000000000000000e+06 -5.288132896168031334e-10 -4.782108100976889038e+10 -1.399107156783140884e-16 1.399113862304008854e-16
4.605000000000000000e+06 -5.309129892082997092e-10 -4.782107955464769745e+10 -1.400492433864162925e-16 1.400495677299306753e-16
4.620000000000000000e+06 -5.330147669183956553e-10 -4.782107809952461243e+10 -1.401877694896598710e-16 1.401884608339015323e-16
4.635000000000000000e+06 -5.351186440773430693e-10 -4.782107661949679565e+10 -1.403292001733795974e-16 1.403295327211265024e-16
4.650000000000000000e+06 -5.372246429235970028e-10 -4.782107513946784210e+10 -1.404706291824044199e-16 1.404713450734069311e-16
4.665000000000000000e+06 -5.393327857020610005e-10 -4.782107363416083527e+10 -1.406150914242106633e-16 1.406154328897299156e-16
4.680000000000000000e+06 -5.414430956663233255e-10 -4.782107212885396576e+10 -1.407595518593865942e-16 1.407602965975020191e-16
4.695000000000000000e+06 -5.435555961793794914e-10 -4.782107059792285919e+10 -1.409072018328085307e-16 1.409075531440431790e-16
4.710000000000000000e+06 -5.456703117213076137e-10 -4.782106906699615479e+10 -1.410548500807013668e-16 1.410556286477410619e-16
4.725000000000000000e+06 -5.477872670290261119e-10 -4.782106751018936920e+10 -1.412058779586777831e-16 1.412062398629273984e-16
4.740000000000000000e+06 -5.499064880600680008e-10 -4.782106595338678741e+10 -1.413569044455768792e-16 1.413577219922264901e-16
4.755000000000000000e+06 -5.520280012063919368e-10 -4.782106437054886627e+10 -1.415115367989530448e-16 1.415119099650684820e-16
4.770000000000000000e+06 -5.541518341640365905e-10 -4.782106278772043610e+10 -1.416661684838106140e-16 1.416670301094114674e-16
4.785000000000000000e+06 -5.562780152822441726e-10 -4.782106117884049225e+10 -1.418246696803862520e-16 1.418250542514742254e-16
4.800000000000000000e+06 -5.584065742544481368e-10 -4.782105956997934723e+10 -1.419831719147620532e-16 1.419840814922582438e-16
4.815000000000000000e+06 -5.605375416794151936e-10 -4.782105793525430298e+10 -1.421458394462213327e-16 1.421462350693830677e-16
4.830000000000000000e+06 -5.626709494378347947e-10 -4.782105630056426239e+10 -1.423085113958885939e-16 1.423094695355413155e-16
4.845000000000000000e+06 -5.648068306162569796e-10 -4.782105464050309753e+10 -1.424756626742470400e-16 1.424760671837411941e-16
4.860000000000000000e+06 -5.669452193180621678e-10 -4.782105298049954987e+10 -1.426428247753227218e-16 1.426438264459146293e-16
4.875000000000000000e+06 -5.690861512450537079e-10 -4.782105129609816742e+10 -1.428147716146621712e-16 1.428151801019543571e-16
4.890000000000000000e+06 -5.712296624665020774e-10 -4.782104961180924225e+10 -1.429867410886739782e-16 1.429877699338503049e-16
4.905000000000000000e+06 -5.733757912294972754e-10 -4.782104790496804047e+10 -1.431637441337935109e-16 1.431641458531549537e-16
4.920000000000000000e+06 -5.755245747905158940e-10 -4.782104619836830139e+10 -1.433407895230037499e-16 1.433418133321015734e-16
4.935000000000000000e+06 -5.776760536338288296e-10 -4.782104447256208801e+10 -1.435229973977496892e-16 1.435233722657505372e-16
4.950000000000000000e+06 -5.798302647124483350e-10 -4.782104274715782166e+10 -1.437052803538973830e-16 1.437062408431576182e-16
4.965000000000000000e+06 -5.819872502074092577e-10 -4.782104100889036560e+10 -1.438926517051744907e-16 1.438929632635674768e-16
4.980000000000000000e+06 -5.841470442636035589e-10 -4.782103927136235046e+10 -1.440801478280124461e-16 1.440809540674348595e-16
4.995000000000000000e+06 -5.863096902027316070e-10 -4.782103753274803925e+10 -1.442723853484491703e-16 1.442725706133516365e-16
5.010000000000000000e+06 -5.884752158240570787e-10 -4.782103579540763855e+10 -1.444648195580492611e-16 1.444653439689986429e-16
5.025000000000000000e+06 -5.906436657637165545e-10 -4.782103407858950806e+10 -1.446613836667801198e-16 1.446613392369002579e-16
5.040000000000000000e+06 -5.928150573340604165e-10 -4.782103236387557983e+10 -1.448582375923232247e-16 1.448583261772512046e-16
5.055000000000000000e+06 -5.949894389554969313e-10 -4.782103070838578796e+10 -1.450585667193005471e-16 1.450581320873336967e-16
5.070000000000000000e+06 -5.971668143356394424e-10 -4.782102905618234253e+10 -1.452592866282424826e-16 1.452588028931911880e-16
5.085000000000000000e+06 -5.993472435873221666e-10 -4.782102753018527985e+10 -1.454634776009011928e-16 1.454624201302719073e-16
5.100000000000000000e+06 -6.015307186636665511e-10 -4.782102600897760010e+10 -1.456681265521416159e-16 1.456670607594717889e-16
5.115000000000000000e+06 -6.037173303358751953e-10 -4.782102472513579559e+10 -1.458785024352311565e-16 1.458765149622597379e-16
5.130000000000000000e+06 -6.059070737367234898e-10 -4.782102344762059021e+10 -1.460892721626054789e-16 1.460879723455020291e-16
5.145000000000000000e+06 -6.081001095415614840e-10 -4.782102258278352356e+10 -1.463135139977300956e-16 1.463102500062743624e-16
5.160000000000000000e+06 -6.102964791566553338e-10 -4.782102172500671387e+10 -1.465377568998869053e-16 1.465373622313685475e-16
5.175000000000000000e+06 -6.124964864639767777e-10 -4.782102153911293793e+10 -1.467945618578724808e-16 1.467897559837320162e-16
5.190000000000000000e+06 -6.147003160123915362e-10 -4.782102135831238556e+10 -1.470502851593639457e-16 1.470534712410456491e-16
5.205000000000000000e+06 -6.169085405066888665e-10 -4.782102219982714844e+10 -1.473787401850098429e-16 1.473724966529947562e-16
5.220000000000000000e+06 -6.191216782179418023e-10 -4.782102303797126770e+10 -1.477037354027692369e-16 1.477158847473696751e-16
5.235000000000000000e+06 -6.213407680010359151e-10 -4.782102530753324890e+10 -1.481774549223938743e-16 1.481708402552414889e-16
5.250000000000000000e+06 -6.235670018656136653e-10 -4.782102755185737610e+10 -1.486431318585509816e-16 1.486739677622768830e-16
5.265000000000000000e+06 -6.258021631935239592e-10 -4.782103156827156067e+10 -1.493889736922311589e-16 1.493851099499161979e-16
5.280000000000000000e+06 -6.280486710763805464e-10 -4.782103551270071411e+10 -1.501188799673178539e-16 1.501842645752395989e-16
5.295000000000000000e+06 -6.303093824780688131e-10 -4.782104117990910339e+10 -1.513358376457871849e-16 1.513417372276260437e-16
5.310000000000000000e+06 -6.325887462057541688e-10 -4.782104668697210693e+10 -1.525251232522000009e-16 1.526476262648469380e-16
5.325000000000000000e+06 -6.348909319102787815e-10 -4.782105279649283600e+10 -1.544871734778033354e-16 1.545164681003458920e-16
5.340000000000000000e+06 -6.372233614100882490e-10 -4.782105860025787354e+10 -1.564088705754147847e-16 1.566125847334511702e-16
5.355000000000000000e+06 -6.395912607948220198e-10 -4.782106154754882050e+10 -1.594056033104634310e-16 1.594817626835504872e-16
5.370000000000000000e+06 -6.420055295094021573e-10 -4.782106400106465149e+10 -1.623626041237736014e-16 1.626503754758907164e-16
5.385000000000000000e+06 -6.444707592770781861e-10 -4.782105580889703369e+10 -1.664689860761560661e-16 1.666265723403524093e-16
5.400000000000000000e+06 -6.469995990916868410e-10 -4.782104704910549927e+10 -1.705880270360135488e-16 1.708807024220149608e-16
5.415000000000000000e+06 -6.495913127618570843e-10 -4.782101352098303223e+10 -1.750954244889956870e-16 1.753705838622089520e-16
5.430000000000000000e+06 -6.522524618263567814e-10 -4.782098004657032013e+10 -1.797603990404212263e-16 1.798131778412712135e-16
5.445000000000000000e+06 -6.549691222988982618e-10 -4.782090340153862762e+10 -1.824250490356579646e-16 1.828082466010394560e-16
5.460000000000000000e+06 -6.577252132974264982e-10 -4.782082934060522461e+10 -1.852798032502029356e-16 1.848635618695501889e-16
5.475000000000000000e+06 -6.604939317358258934e-10 -4.782070666005689240e+10 -1.836566027209517855e-16 1.839437284231321128e-16
5.490000000000000000e+06 -6.632349113790549905e-10 -4.782058829039229584e+10 -1.817815093576732539e-16 1.817004003515727255e-16
5.505000000000000000e+06 -6.659455415109430436e-10 -4.782045610912371063e+10 -1.796616819126531568e-16 1.796033154987920363e-16
5.520000000000000000e+06 -6.686247618364346592e-10 -4.782032045379740906e+10 -1.773194984202196386e-16 1.788598485754106988e-16
5.535000000000000000e+06 -6.713350660064789570e-10 -4.782022000055407715e+10 -1.843025873183515480e-16 1.840628186652142282e-16
5.550000000000000000e+06 -6.741538394559851666e-10 -4.782010875996064758e+10 -1.912039662074467785e-16 1.924525147909873265e-16
5.565000000000000000e+06 -6.771213296583172950e-10 -4.781999429515351868e+10 -2.047913005118765408e-16 2.051669009617544207e-16
5.580000000000000000e+06 -6.802975784713414751e-10 -4.781987828512387085e+10 -2.190189720712990086e-16 2.185335602150211709e-16
5.595000000000000000e+06 -6.836171818668903048e-10 -4.781964500579462433e+10 -2.232843831552731793e-16 2.247944355999363512e-16
5.610000000000000000e+06 -6.869961099659996160e-10 -4.781944324200465393e+10 -2.284227412605675527e-16 2.253430376355386539e-16
5.625000000000000000e+06 -6.903345928268556310e-10 -4.781913506228012848e+10 -2.155249289856265397e-16 2.156022562831377105e-16
5.640000000000000000e+06 -6.934618578355684127e-10 -4.781882998752424622e+10 -2.025079243685836915e-16 2.052424646283804545e-16
5.655000000000000000e+06 -6.965212119071755406e-10 -4.781872521205895996e+10 -2.043417663198543834e-16 2.013001659885937634e-16
5.670000000000000000e+06 -6.995921108251641024e-10 -4.781856524700354004e+10 -2.053759341183439455e-16 2.049894805431789020e-16
5.685000000000000000e+06 -7.027585910022727103e-10 -4.781858693148921204e+10 -2.165569114564213086e-16 2.156001450756143307e-16
5.700000000000000000e+06 -7.060888181688567381e-10 -4.781862519540805054e+10 -2.255709322076841057e-16 2.247314660446777365e-16
5.715000000000000000e+06 -7.095187887484907603e-10 -4.781870815344603729e+10 -2.336609236239541931e-16 2.334916648911128091e-16
5.730000000000000000e+06 -7.130986458775753616e-10 -4.781879194764266968e+10 -2.379783151205721447e-16 2.412565764221745870e-16
5.745000000000000000e+06 -7.168030076497549011e-10 -4.781879249487097168e+10 -2.616116329701295717e-16 2.611467124603732129e-16
5.760000000000000000e+06 -7.209469948666791966e-10 -4.781879453837486267e+10 -2.961547265703536795e-16 3.010603767998761708e-16
5.775000000000000000e+06 -7.252291176802437255e-10 -4.781778496170252991e+10 -2.695602512876643021e-16 2.821902553278535106e-16
5.790000000000000000e+06 -7.290338024053091679e-10 -4.781700403912059021e+10 -2.425399795694596331e-16 2.441783480507320071e-16
5.805000000000000000e+06 -7.326170748692835403e-10 -4.781702824178117371e+10 -2.304207481120706373e-16 2.153668553911520811e-16
5.820000000000000000e+06 -7.359464248486712618e-10 -4.781659681033380127e+10 -2.150008525265577787e-16 2.095610552425488978e-16
5.835000000000000000e+06 -7.392358575154577578e-10 -4.781654444602266693e+10 -2.220818996580369867e-16 2.225047799763166146e-16
5.850000000000000000e+06 -7.426088818384123830e-10 -4.781672224036074829e+10 -2.243069778602767614e-16 2.197713498474753444e-16
5.865000000000000000e+06 -7.457438722878287780e-10 -4.781686488787424469e+10 -1.970394476042103438e-16 1.975348827889604256e-16
5.880000000000000000e+06 -7.485200652665386825e-10 -4.781704174745979309e+10 -1.748794314653954110e-16 1.709440486989369928e-16
5.895000000000000000e+06 -7.507751743365628700e-10 -4.781711360627063751e+10 -1.240419626295463254e-16 1.253245615849480727e-16
5.910000000000000000e+06 -7.522413241454251179e-10 -4.781743003850637054e+10 -6.748267994718297640e-17 6.717946662314170889e-17
5.925000000000000000e+06 -7.531884672434491152e-10 -4.781818764446308136e+10 -6.276506506091754839e-17 5.062054561178335417e-17
5.940000000000000000e+06 -7.541242760972525962e-10 -4.781793672059567261e+10 3.704151806285343651e-15 2.619913879986927883e-15
5.955000000000000000e+06 -6.265270281837830115e-10 -4.781730462622137451e+10 9.542653327112380921e-15 1.197286956995658042e-14
5.970000000000000000e+06 -4.678446762838812467e-10 -4.781733538483068848e+10 1.296421325134482433e-14 1.290912069551195504e-14
5.985000000000000000e+06 -2.435327603892975384e-10 -4.781728429809609222e+10 1.559482254279604095e-14 1.499943583676309208e-14
6.000000000000000000e+06 0.000000000000000000e+00 -4.781730903562102509e+10 1.687621217577696267e-14 1.589988763484780283e-14
