1.562500e-02 -1.594041e-03 
4.687500e-02 -1.456763e-03 
7.812500e-02 -1.194030e-03 
1.093750e-01 -8.284676e-04 
1.406250e-01 -3.915583e-04 
1.718750e-01 7.907171e-05 
2.031250e-01 5.428921e-04 
2.343750e-01 9.599590e-04 
2.656250e-01 1.294355e-03 
2.968750e-01 1.517282e-03 
3.281250e-01 1.609541e-03 
3.593750e-01 1.563188e-03 
3.906250e-01 1.382215e-03 
4.218750e-01 1.082206e-03 
4.531250e-01 6.889976e-04 
4.843750e-01 2.364536e-04 
5.156250e-01 -2.364536e-04 
5.468750e-01 -6.889976e-04 
5.781250e-01 -1.082206e-03 
6.093750e-01 -1.382215e-03 
6.406250e-01 -1.563188e-03 
6.718750e-01 -1.609541e-03 
7.031250e-01 -1.517282e-03 
7.343750e-01 -1.294355e-03 
7.656250e-01 -9.599590e-04 
7.968750e-01 -5.428921e-04 
8.281250e-01 -7.907168e-05 
8.593750e-01 3.915583e-04 
8.906250e-01 8.284676e-04 
9.218750e-01 1.194030e-03 
9.531250e-01 1.456763e-03 
9.843750e-01 1.594040e-03 
