-9.106789e-03 9.106789e-03 2.500000e-01 
-2.797027e-03 2.797027e-03 2.000000e-01 
-5.547362e-03 5.547362e-03 1.666667e-01 
-2.511841e-03 2.511841e-03 1.428571e-01 
-5.777047e-03 5.777047e-03 1.250000e-01 
-3.231334e-03 3.231334e-03 1.111111e-01 
-4.111520e-03 4.111520e-03 1.000000e-01 
-3.516742e-03 3.516742e-03 9.090909e-02 
-3.764210e-03 3.764210e-03 8.333333e-02 
-3.953876e-03 3.953876e-03 7.692308e-02 
-3.767574e-03 3.767574e-03 7.142857e-02 
-3.884900e-03 3.884900e-03 6.666667e-02 
-3.964935e-03 3.964935e-03 6.250000e-02 
-3.721868e-03 3.721868e-03 5.882353e-02 
-3.934058e-03 3.934058e-03 5.555556e-02 
-3.943494e-03 3.943494e-03 5.263158e-02 
-3.920102e-03 3.920102e-03 5.000000e-02 
-4.034279e-03 4.034279e-03 4.761905e-02 
-3.686373e-03 3.686373e-03 4.545455e-02 
-4.109775e-03 4.109775e-03 4.347826e-02 
