1.000000e-05 -2.533029e+00 2.533029e+00 -2.533029e+00 2.533029e+00 -0.000000e+00 8.075847e-01 0.000000e+00 1.592828e+01 0.000000 1.000000
2.000000e-05 -2.534169e+00 2.534169e+00 -2.533562e+00 2.533562e+00 -0.000000e+00 8.079484e-01 0.000000e+00 1.593680e+01 0.000000 1.000000
3.000000e-05 -2.540055e+00 2.540055e+00 -2.539430e+00 2.539430e+00 -0.000000e+00 8.098249e-01 0.000000e+00 1.597385e+01 0.000000 1.000000
4.000000e-05 -2.545954e+00 2.545954e+00 -2.545311e+00 2.545311e+00 -0.000000e+00 8.117057e-01 0.000000e+00 1.601099e+01 0.000000 1.000000
5.000000e-05 -2.551867e+00 2.551867e+00 -2.551206e+00 2.551206e+00 -0.000000e+00 8.135908e-01 0.000000e+00 1.604822e+01 0.000000 1.000000
6.000000e-05 -2.557794e+00 2.557794e+00 -2.557115e+00 2.557115e+00 -0.000000e+00 8.154804e-01 0.000000e+00 1.608553e+01 0.000000 1.000000
7.000000e-05 -2.563735e+00 2.563735e+00 -2.563037e+00 2.563037e+00 -0.000000e+00 8.173744e-01 0.000000e+00 1.612293e+01 0.000000 1.000000
8.000000e-05 -2.569689e+00 2.569689e+00 -2.568974e+00 2.568974e+00 -0.000000e+00 8.192728e-01 0.000000e+00 1.616042e+01 0.000000 1.000000
9.000000e-05 -2.575657e+00 2.575657e+00 -2.574925e+00 2.574925e+00 -0.000000e+00 8.211756e-01 0.000000e+00 1.619799e+01 0.000000 1.000000
1.000000e-04 -2.581639e+00 2.581639e+00 -2.580889e+00 2.580889e+00 -0.000000e+00 8.230829e-01 0.000000e+00 1.623565e+01 0.000000 1.000000
1.125000e-04 -2.587636e+00 2.587636e+00 -2.586868e+00 2.586868e+00 -0.000000e+00 8.249946e-01 0.000000e+00 1.627340e+01 0.000000 1.000000
1.281250e-04 -2.595148e+00 2.595148e+00 -2.594358e+00 2.594358e+00 -0.000000e+00 8.273898e-01 0.000000e+00 1.632070e+01 0.000000 1.000000
1.476563e-04 -2.604566e+00 2.604566e+00 -2.603748e+00 2.603748e+00 -0.000000e+00 8.303923e-01 0.000000e+00 1.637999e+01 0.000000 1.000000
1.720703e-04 -2.616380e+00 2.616380e+00 -2.615528e+00 2.615528e+00 -0.000000e+00 8.341590e-01 0.000000e+00 1.645437e+01 0.000000 1.000000
2.025879e-04 -2.631215e+00 2.631215e+00 -2.630320e+00 2.630320e+00 -0.000000e+00 8.388886e-01 0.000000e+00 1.654776e+01 0.000000 1.000000
2.407349e-04 -2.649863e+00 2.649863e+00 -2.648915e+00 2.648915e+00 -0.000000e+00 8.448338e-01 0.000000e+00 1.666516e+01 0.000000 1.000000
2.884186e-04 -2.673336e+00 2.673336e+00 -2.672322e+00 2.672322e+00 -0.000000e+00 8.523176e-01 0.000000e+00 1.681293e+01 0.000000 1.000000
3.480232e-04 -2.702935e+00 2.702935e+00 -2.701839e+00 2.701839e+00 -0.000000e+00 8.617545e-01 0.000000e+00 1.699927e+01 0.000000 1.000000
4.225290e-04 -2.740340e+00 2.740340e+00 -2.739143e+00 2.739143e+00 -0.000000e+00 8.736800e-01 0.000000e+00 1.723475e+01 0.000000 1.000000
5.156613e-04 -2.787738e+00 2.787738e+00 -2.786413e+00 2.786413e+00 -0.000000e+00 8.887912e-01 0.000000e+00 1.753314e+01 0.000000 1.000000
6.320766e-04 -2.848000e+00 2.848000e+00 -2.846517e+00 2.846517e+00 -0.000000e+00 9.080038e-01 0.000000e+00 1.791250e+01 0.000000 1.000000
7.775958e-04 -2.924939e+00 2.924939e+00 -2.923259e+00 2.923259e+00 -0.000000e+00 9.325334e-01 0.000000e+00 1.839685e+01 0.000000 1.000000
9.594947e-04 -3.023684e+00 3.023684e+00 -3.021756e+00 3.021756e+00 -0.000000e+00 9.640148e-01 0.000000e+00 1.901845e+01 0.000000 1.000000
1.186868e-03 -3.151236e+00 3.151236e+00 -3.148996e+00 3.148996e+00 -0.000000e+00 1.004680e+00 0.000000e+00 1.982140e+01 0.000000 1.000000
1.471085e-03 -3.317324e+00 3.317324e+00 -3.314688e+00 3.314688e+00 -0.000000e+00 1.057631e+00 0.000000e+00 2.086691e+01 0.000000 1.000000
1.826357e-03 -3.535745e+00 3.535745e+00 -3.532599e+00 3.532599e+00 -0.000000e+00 1.127266e+00 0.000000e+00 2.224184e+01 0.000000 1.000000
2.270446e-03 -3.826525e+00 3.826525e+00 -3.822711e+00 3.822711e+00 -0.000000e+00 1.219969e+00 0.000000e+00 2.407223e+01 0.000000 1.000000
2.825558e-03 -4.219502e+00 4.219502e+00 -4.214797e+00 4.214797e+00 -0.000000e+00 1.345250e+00 0.000000e+00 2.654586e+01 0.000000 1.000000
3.519447e-03 -4.760481e+00 4.760481e+00 -4.754556e+00 4.754556e+00 -0.000000e+00 1.517711e+00 0.000000e+00 2.995099e+01 0.000000 1.000000
4.386809e-03 -5.522143e+00 5.522143e+00 -5.514493e+00 5.514493e+00 -0.000000e+00 1.760514e+00 0.000000e+00 3.474491e+01 0.000000 1.000000
5.471011e-03 -6.624155e+00 6.624155e+00 -6.613957e+00 6.613957e+00 -0.000000e+00 2.111792e+00 0.000000e+00 4.168024e+01 0.000000 1.000000
6.826264e-03 -8.271727e+00 8.271727e+00 -8.257547e+00 8.257547e+00 -0.000000e+00 2.636914e+00 0.000000e+00 5.204690e+01 0.000000 1.000000
8.268651e-03 -1.083274e+01 1.083274e+01 -1.081181e+01 1.081181e+01 -0.000000e+00 3.452996e+00 0.000000e+00 6.815442e+01 0.000000 1.000000
9.354511e-03 -1.438952e+01 1.438952e+01 -1.435786e+01 1.435786e+01 -0.000000e+00 4.585929e+00 0.000000e+00 9.050685e+01 0.000000 1.000000
1.022524e-02 -1.794472e+01 1.794472e+01 -1.790045e+01 1.790045e+01 -0.000000e+00 5.717671e+00 0.000000e+00 1.128214e+02 0.000000 1.000000
1.095233e-02 -2.148971e+01 2.148971e+01 -2.143039e+01 2.143039e+01 -0.000000e+00 6.845301e+00 0.000000e+00 1.350371e+02 0.000000 1.000000
1.157688e-02 -2.501833e+01 2.501833e+01 -2.494108e+01 2.494108e+01 -0.000000e+00 7.966703e+00 0.000000e+00 1.571087e+02 0.000000 1.000000
1.212463e-02 -2.852556e+01 2.852556e+01 -2.842709e+01 2.842709e+01 -0.000000e+00 9.080124e+00 0.000000e+00 1.789984e+02 0.000000 1.000000
1.261280e-02 -3.200698e+01 3.200698e+01 -3.188366e+01 3.188366e+01 -0.000000e+00 1.018401e+01 0.000000e+00 2.006722e+02 0.000000 1.000000
1.305346e-02 -3.545851e+01 3.545851e+01 -3.530643e+01 3.530643e+01 -0.000000e+00 1.127693e+01 0.000000e+00 2.220988e+02 0.000000 1.000000
1.345538e-02 -3.887632e+01 3.887632e+01 -3.869134e+01 3.869134e+01 -0.000000e+00 1.235754e+01 0.000000e+00 2.432485e+02 0.000000 1.000000
1.382514e-02 -4.225677e+01 4.225677e+01 -4.203460e+01 4.203460e+01 -0.000000e+00 1.342457e+01 0.000000e+00 2.640932e+02 0.000000 1.000000
1.416782e-02 -4.559637e+01 4.559637e+01 -4.533261e+01 4.533261e+01 -0.000000e+00 1.447681e+01 0.000000e+00 2.846063e+02 0.000000 1.000000
1.448740e-02 -4.889174e+01 4.889174e+01 -4.858200e+01 4.858200e+01 -0.000000e+00 1.551310e+01 0.000000e+00 3.047622e+02 0.000000 1.000000
1.478708e-02 -5.213966e+01 5.213966e+01 -5.177958e+01 5.177958e+01 -0.000000e+00 1.653234e+01 0.000000e+00 3.245365e+02 0.000000 1.000000
1.506944e-02 -5.533698e+01 5.533698e+01 -5.492233e+01 5.492233e+01 -0.000000e+00 1.753347e+01 0.000000e+00 3.439059e+02 0.000000 1.000000
1.533662e-02 -5.848070e+01 5.848070e+01 -5.800744e+01 5.800744e+01 -0.000000e+00 1.851550e+01 0.000000e+00 3.628484e+02 0.000000 1.000000
1.559041e-02 -6.156791e+01 6.156791e+01 -6.103226e+01 6.103226e+01 -0.000000e+00 1.947747e+01 0.000000e+00 3.813430e+02 0.000000 1.000000
1.583230e-02 -6.459582e+01 6.459582e+01 -6.399434e+01 6.399434e+01 -0.000000e+00 2.041848e+01 0.000000e+00 3.993698e+02 0.000000 1.000000
1.606357e-02 -6.756174e+01 6.756174e+01 -6.689139e+01 6.689139e+01 -0.000000e+00 2.133767e+01 0.000000e+00 4.169104e+02 0.000000 1.000000
1.628531e-02 -7.046311e+01 7.046311e+01 -6.972131e+01 6.972131e+01 -0.000000e+00 2.223424e+01 0.000000e+00 4.339471e+02 0.000000 1.000000
1.649849e-02 -7.329747e+01 7.329747e+01 -7.248217e+01 7.248217e+01 -0.000000e+00 2.310745e+01 0.000000e+00 4.504638e+02 0.000000 1.000000
1.670391e-02 -7.606248e+01 7.606248e+01 -7.517219e+01 7.517219e+01 -0.000000e+00 2.395658e+01 0.000000e+00 4.664452e+02 0.000000 1.000000
1.690231e-02 -7.875592e+01 7.875592e+01 -7.778979e+01 7.778979e+01 -0.000000e+00 2.478100e+01 0.000000e+00 4.818775e+02 0.000000 1.000000
1.709432e-02 -8.137567e+01 8.137567e+01 -8.033353e+01 8.033353e+01 -0.000000e+00 2.558009e+01 0.000000e+00 4.967478e+02 0.000000 1.000000
1.728051e-02 -8.391975e+01 8.391975e+01 -8.280213e+01 8.280213e+01 -0.000000e+00 2.635331e+01 0.000000e+00 5.110447e+02 0.000000 1.000000
1.746138e-02 -8.638629e+01 8.638629e+01 -8.519448e+01 8.519448e+01 -0.000000e+00 2.710015e+01 0.000000e+00 5.247575e+02 0.000000 1.000000
1.763739e-02 -8.877353e+01 8.877353e+01 -8.750959e+01 8.750959e+01 -0.000000e+00 2.782017e+01 0.000000e+00 5.378771e+02 0.000000 1.000000
1.780894e-02 -9.107985e+01 9.107985e+01 -8.974664e+01 8.974664e+01 -0.000000e+00 2.851294e+01 0.000000e+00 5.503952e+02 0.000000 1.000000
1.797641e-02 -9.330371e+01 9.330371e+01 -9.190491e+01 9.190491e+01 -0.000000e+00 2.917812e+01 0.000000e+00 5.623049e+02 0.000000 1.000000
1.814012e-02 -9.544374e+01 9.544374e+01 -9.398385e+01 9.398385e+01 -0.000000e+00 2.981539e+01 0.000000e+00 5.736001e+02 0.000000 1.000000
1.830037e-02 -9.749864e+01 9.749864e+01 -9.598299e+01 9.598299e+01 -0.000000e+00 3.042448e+01 0.000000e+00 5.842761e+02 0.000000 1.000000
1.845746e-02 -9.946728e+01 9.946728e+01 -9.790201e+01 9.790201e+01 -0.000000e+00 3.100516e+01 0.000000e+00 5.943288e+02 0.000000 1.000000
1.861163e-02 -1.013486e+02 1.013486e+02 -9.974069e+01 9.974069e+01 -0.000000e+00 3.155724e+01 0.000000e+00 6.037556e+02 0.000000 1.000000
1.876312e-02 -1.031417e+02 1.031417e+02 -1.014989e+02 1.014989e+02 -0.000000e+00 3.208059e+01 0.000000e+00 6.125547e+02 0.000000 1.000000
1.891215e-02 -1.048458e+02 1.048458e+02 -1.031766e+02 1.031766e+02 -0.000000e+00 3.257510e+01 0.000000e+00 6.207252e+02 0.000000 1.000000
1.905892e-02 -1.064601e+02 1.064601e+02 -1.047739e+02 1.047739e+02 -0.000000e+00 3.304071e+01 0.000000e+00 6.282673e+02 0.000000 1.000000
1.920362e-02 -1.079841e+02 1.079841e+02 -1.062909e+02 1.062909e+02 -0.000000e+00 3.347738e+01 0.000000e+00 6.351819e+02 0.000000 1.000000
1.934642e-02 -1.094174e+02 1.094174e+02 -1.077278e+02 1.077278e+02 -0.000000e+00 3.388513e+01 0.000000e+00 6.414711e+02 0.000000 1.000000
1.948749e-02 -1.107597e+02 1.107597e+02 -1.090850e+02 1.090850e+02 -0.000000e+00 3.426399e+01 0.000000e+00 6.471375e+02 0.000000 1.000000
1.962699e-02 -1.120106e+02 1.120106e+02 -1.103627e+02 1.103627e+02 -0.000000e+00 3.461404e+01 0.000000e+00 6.521848e+02 0.000000 1.000000
1.976505e-02 -1.131701e+02 1.131701e+02 -1.115883e+02 1.115883e+02 -0.000000e+00 3.493539e+01 0.000000e+00 6.566173e+02 0.000000 1.000000
1.990183e-02 -1.142386e+02 1.142386e+02 -1.127383e+02 1.127383e+02 -0.000000e+00 3.522817e+01 0.000000e+00 6.604403e+02 0.000000 1.000000
2.003741e-02 -1.152466e+02 1.152466e+02 -1.138113e+02 1.138113e+02 -0.000000e+00 3.549254e+01 0.000000e+00 6.636595e+02 0.000000 1.000000
2.017191e-02 -1.161643e+02 1.161643e+02 -1.148076e+02 1.148076e+02 -0.000000e+00 3.572865e+01 0.000000e+00 6.662810e+02 0.000000 1.000000
2.030547e-02 -1.169919e+02 1.169919e+02 -1.157277e+02 1.157277e+02 -0.000000e+00 3.593674e+01 0.000000e+00 6.683125e+02 0.000000 1.000000
2.043819e-02 -1.177300e+02 1.177300e+02 -1.165723e+02 1.165723e+02 -0.000000e+00 3.611706e+01 0.000000e+00 6.697624e+02 0.000000 1.000000
2.057018e-02 -1.183789e+02 1.183789e+02 -1.173419e+02 1.173419e+02 -0.000000e+00 3.626992e+01 0.000000e+00 6.706395e+02 0.000000 1.000000
2.070155e-02 -1.189392e+02 1.189392e+02 -1.180372e+02 1.180372e+02 -0.000000e+00 3.639562e+01 0.000000e+00 6.709536e+02 0.000000 1.000000
2.083240e-02 -1.194116e+02 1.194116e+02 -1.186590e+02 1.186590e+02 -0.000000e+00 3.649451e+01 0.000000e+00 6.707145e+02 0.000000 1.000000
2.096283e-02 -1.197969e+02 1.197969e+02 -1.192079e+02 1.192079e+02 -0.000000e+00 3.656693e+01 0.000000e+00 6.699330e+02 0.000000 1.000000
2.109293e-02 -1.200959e+02 1.200959e+02 -1.196847e+02 1.196847e+02 -0.000000e+00 3.661327e+01 0.000000e+00 6.686201e+02 0.000000 1.000000
2.122281e-02 -1.203095e+02 1.203095e+02 -1.200901e+02 1.200901e+02 -0.000000e+00 3.663393e+01 0.000000e+00 6.667872e+02 0.000000 1.000000
2.135254e-02 -1.204388e+02 1.204388e+02 -1.204250e+02 1.204250e+02 -0.000000e+00 3.662931e+01 0.000000e+00 6.644464e+02 0.000000 1.000000
2.148200e-02 -1.204848e+02 1.204848e+02 -1.206900e+02 1.206900e+02 -0.000000e+00 3.659984e+01 0.000000e+00 6.616100e+02 0.000000 1.000000
2.161126e-02 -1.204490e+02 1.204490e+02 -1.208856e+02 1.208856e+02 -0.000000e+00 3.654609e+01 0.000000e+00 6.582967e+02 0.000000 1.000000
2.174038e-02 -1.203330e+02 1.203330e+02 -1.210131e+02 1.210131e+02 -0.000000e+00 3.646866e+01 0.000000e+00 6.545228e+02 0.000000 1.000000
2.186943e-02 -1.201386e+02 1.201386e+02 -1.210736e+02 1.210736e+02 -0.000000e+00 3.636816e+01 0.000000e+00 6.503045e+02 0.000000 1.000000
2.199849e-02 -1.198678e+02 1.198678e+02 -1.210683e+02 1.210683e+02 -0.000000e+00 3.624522e+01 0.000000e+00 6.456584e+02 0.000000 1.000000
2.212762e-02 -1.195225e+02 1.195225e+02 -1.209985e+02 1.209985e+02 -0.000000e+00 3.610049e+01 0.000000e+00 6.406014e+02 0.000000 1.000000
2.225690e-02 -1.191048e+02 1.191048e+02 -1.208653e+02 1.208653e+02 -0.000000e+00 3.593464e+01 0.000000e+00 6.351502e+02 0.000000 1.000000
2.238639e-02 -1.186167e+02 1.186167e+02 -1.206702e+02 1.206702e+02 -0.000000e+00 3.574833e+01 0.000000e+00 6.293222e+02 0.000000 1.000000
2.251615e-02 -1.180606e+02 1.180606e+02 -1.204143e+02 1.204143e+02 -0.000000e+00 3.554224e+01 0.000000e+00 6.231345e+02 0.000000 1.000000
2.264625e-02 -1.174386e+02 1.174386e+02 -1.200990e+02 1.200990e+02 -0.000000e+00 3.531706e+01 0.000000e+00 6.166043e+02 0.000000 1.000000
2.277675e-02 -1.167530e+02 1.167530e+02 -1.197257e+02 1.197257e+02 -0.000000e+00 3.507350e+01 0.000000e+00 6.097490e+02 0.000000 1.000000
2.290773e-02 -1.160061e+02 1.160061e+02 -1.192956e+02 1.192956e+02 -0.000000e+00 3.481224e+01 0.000000e+00 6.026458e+02 0.000000 1.000000
2.303924e-02 -1.152002e+02 1.152002e+02 -1.188101e+02 1.188101e+02 -0.000000e+00 3.453400e+01 0.000000e+00 5.956071e+02 0.000000 1.000000
2.317136e-02 -1.143378e+02 1.143378e+02 -1.182707e+02 1.182707e+02 -0.000000e+00 3.423949e+01 0.000000e+00 5.886902e+02 0.000000 1.000000
2.330413e-02 -1.134212e+02 1.134212e+02 -1.176787e+02 1.176787e+02 -0.000000e+00 3.392941e+01 0.000000e+00 5.819170e+02 0.000000 1.000000
2.343764e-02 -1.124528e+02 1.124528e+02 -1.170355e+02 1.170355e+02 -0.000000e+00 3.360448e+01 0.000000e+00 5.752605e+02 0.000000 1.000000
2.357194e-02 -1.114351e+02 1.114351e+02 -1.163426e+02 1.163426e+02 -0.000000e+00 3.326541e+01 0.000000e+00 5.683734e+02 0.000000 1.000000
2.370710e-02 -1.103777e+02 1.103777e+02 -1.156013e+02 1.156013e+02 -0.000000e+00 3.291290e+01 0.000000e+00 5.621431e+02 0.000000 1.000000
2.384319e-02 -1.093016e+02 1.093016e+02 -1.148131e+02 1.148131e+02 -0.000000e+00 3.254767e+01 0.000000e+00 5.556618e+02 0.000000 1.000000
2.398025e-02 -1.081822e+02 1.081822e+02 -1.140061e+02 1.140061e+02 -0.000000e+00 3.217042e+01 0.000000e+00 5.489432e+02 0.000000 1.000000
2.411833e-02 -1.070222e+02 1.070222e+02 -1.131593e+02 1.131593e+02 -0.000000e+00 3.178194e+01 0.000000e+00 5.426351e+02 0.000000 1.000000
2.425750e-02 -1.058240e+02 1.058240e+02 -1.122694e+02 1.122694e+02 -0.000000e+00 3.138296e+01 0.000000e+00 5.364012e+02 0.000000 1.000000
2.439784e-02 -1.045900e+02 1.045900e+02 -1.113380e+02 1.113380e+02 -0.000000e+00 3.097416e+01 0.000000e+00 5.299551e+02 0.000000 1.000000
2.453941e-02 -1.033226e+02 1.033226e+02 -1.103666e+02 1.103666e+02 -0.000000e+00 3.055625e+01 0.000000e+00 5.233096e+02 0.000000 1.000000
2.468229e-02 -1.020241e+02 1.020241e+02 -1.093567e+02 1.093567e+02 -0.000000e+00 3.012990e+01 0.000000e+00 5.175304e+02 0.000000 1.000000
2.482656e-02 -1.006968e+02 1.006968e+02 -1.083099e+02 1.083099e+02 -0.000000e+00 2.969579e+01 0.000000e+00 5.116677e+02 0.000000 1.000000
2.497227e-02 -9.934312e+01 9.934312e+01 -1.072278e+02 1.072278e+02 -0.000000e+00 2.925459e+01 0.000000e+00 5.056164e+02 0.000000 1.000000
2.511952e-02 -9.796522e+01 9.796522e+01 -1.061118e+02 1.061118e+02 -0.000000e+00 2.880696e+01 0.000000e+00 4.993892e+02 0.000000 1.000000
2.526839e-02 -9.656534e+01 9.656534e+01 -1.049637e+02 1.049637e+02 -0.000000e+00 2.835355e+01 0.000000e+00 4.929986e+02 0.000000 1.000000
2.541894e-02 -9.514570e+01 9.514570e+01 -1.037850e+02 1.037850e+02 -0.000000e+00 2.789500e+01 0.000000e+00 4.864573e+02 0.000000 1.000000
2.557126e-02 -9.370846e+01 9.370846e+01 -1.025774e+02 1.025774e+02 -0.000000e+00 2.743195e+01 0.000000e+00 4.805564e+02 0.000000 1.000000
2.572544e-02 -9.225574e+01 9.225574e+01 -1.013426e+02 1.013426e+02 -0.000000e+00 2.696502e+01 0.000000e+00 4.747529e+02 0.000000 1.000000
2.588156e-02 -9.078964e+01 9.078964e+01 -1.000821e+02 1.000821e+02 -0.000000e+00 2.649483e+01 0.000000e+00 4.688084e+02 0.000000 1.000000
2.603971e-02 -8.931221e+01 8.931221e+01 -9.879769e+01 9.879769e+01 -0.000000e+00 2.602198e+01 0.000000e+00 4.628069e+02 0.000000 1.000000
2.619999e-02 -8.782548e+01 8.782548e+01 -9.749109e+01 9.749109e+01 -0.000000e+00 2.554708e+01 0.000000e+00 4.567921e+02 0.000000 1.000000
2.636247e-02 -8.633141e+01 8.633141e+01 -9.616399e+01 9.616399e+01 -0.000000e+00 2.507071e+01 0.000000e+00 4.506689e+02 0.000000 1.000000
2.652726e-02 -8.483195e+01 8.483195e+01 -9.481812e+01 9.481812e+01 -0.000000e+00 2.459345e+01 0.000000e+00 4.444493e+02 0.000000 1.000000
2.669445e-02 -8.332901e+01 8.332901e+01 -9.345523e+01 9.345523e+01 -0.000000e+00 2.411587e+01 0.000000e+00 4.383189e+02 0.000000 1.000000
2.686414e-02 -8.182443e+01 8.182443e+01 -9.207709e+01 9.207709e+01 -0.000000e+00 2.363854e+01 0.000000e+00 4.328581e+02 0.000000 1.000000
2.703644e-02 -8.032005e+01 8.032005e+01 -9.068546e+01 9.068546e+01 -0.000000e+00 2.316199e+01 0.000000e+00 4.273031e+02 0.000000 1.000000
2.721145e-02 -7.881766e+01 7.881766e+01 -8.928214e+01 8.928214e+01 -0.000000e+00 2.268678e+01 0.000000e+00 4.216648e+02 0.000000 1.000000
2.738927e-02 -7.731898e+01 7.731898e+01 -8.786891e+01 8.786891e+01 -0.000000e+00 2.221344e+01 0.000000e+00 4.159544e+02 0.000000 1.000000
2.757002e-02 -7.582575e+01 7.582575e+01 -8.644759e+01 8.644759e+01 -0.000000e+00 2.174248e+01 0.000000e+00 4.101828e+02 0.000000 1.000000
2.775380e-02 -7.436110e+01 7.436110e+01 -8.501999e+01 8.501999e+01 -0.000000e+00 2.127443e+01 0.000000e+00 4.043607e+02 0.000000 1.000000
2.794073e-02 -7.290632e+01 7.290632e+01 -8.358794e+01 8.358794e+01 -0.000000e+00 2.080978e+01 0.000000e+00 3.984990e+02 0.000000 1.000000
2.813092e-02 -7.146102e+01 7.146102e+01 -8.215324e+01 8.215324e+01 -0.000000e+00 2.034903e+01 0.000000e+00 3.926082e+02 0.000000 1.000000
2.832450e-02 -7.002677e+01 7.002677e+01 -8.071773e+01 8.071773e+01 -0.000000e+00 1.989266e+01 0.000000e+00 3.866987e+02 0.000000 1.000000
2.852157e-02 -6.860511e+01 6.860511e+01 -7.928324e+01 7.928324e+01 -0.000000e+00 1.944114e+01 0.000000e+00 3.807806e+02 0.000000 1.000000
2.872228e-02 -6.719754e+01 6.719754e+01 -7.785159e+01 7.785159e+01 -0.000000e+00 1.899494e+01 0.000000e+00 3.748639e+02 0.000000 1.000000
2.892673e-02 -6.580550e+01 6.580550e+01 -7.642460e+01 7.642460e+01 -0.000000e+00 1.855450e+01 0.000000e+00 3.690283e+02 0.000000 1.000000
2.913505e-02 -6.443042e+01 6.443042e+01 -7.500407e+01 7.500407e+01 -0.000000e+00 1.812027e+01 0.000000e+00 3.633409e+02 0.000000 1.000000
2.934737e-02 -6.307367e+01 6.307367e+01 -7.359180e+01 7.359180e+01 -0.000000e+00 1.769268e+01 0.000000e+00 3.578639e+02 0.000000 1.000000
2.956381e-02 -6.173658e+01 6.173658e+01 -7.218959e+01 7.218959e+01 -0.000000e+00 1.727213e+01 0.000000e+00 3.527511e+02 0.000000 1.000000
2.978451e-02 -6.042044e+01 6.042044e+01 -7.079919e+01 7.079919e+01 -0.000000e+00 1.685903e+01 0.000000e+00 3.476443e+02 0.000000 1.000000
3.000958e-02 -5.912650e+01 5.912650e+01 -6.942250e+01 6.942250e+01 -0.000000e+00 1.645378e+01 0.000000e+00 3.425516e+02 0.000000 1.000000
3.023908e-02 -5.785597e+01 5.785597e+01 -6.808107e+01 6.808107e+01 -0.000000e+00 1.605676e+01 0.000000e+00 3.374812e+02 0.000000 1.000000
3.047314e-02 -5.661037e+01 5.661037e+01 -6.675645e+01 6.675645e+01 -0.000000e+00 1.566843e+01 0.000000e+00 3.324422e+02 0.000000 1.000000
3.071187e-02 -5.539079e+01 5.539079e+01 -6.545029e+01 6.545029e+01 -0.000000e+00 1.528915e+01 0.000000e+00 3.274421e+02 0.000000 1.000000
3.095539e-02 -5.419830e+01 5.419830e+01 -6.416419e+01 6.416419e+01 -0.000000e+00 1.491923e+01 0.000000e+00 3.224880e+02 0.000000 1.000000
3.120380e-02 -5.303389e+01 5.303389e+01 -6.289971e+01 6.289971e+01 -0.000000e+00 1.455900e+01 0.000000e+00 3.175867e+02 0.000000 1.000000
3.145721e-02 -5.189851e+01 5.189851e+01 -6.165837e+01 6.165837e+01 -0.000000e+00 1.420875e+01 0.000000e+00 3.127449e+02 0.000000 1.000000
3.171573e-02 -5.079756e+01 5.079756e+01 -6.044163e+01 6.044163e+01 -0.000000e+00 1.386875e+01 0.000000e+00 3.079688e+02 0.000000 1.000000
3.197944e-02 -4.974150e+01 4.974150e+01 -5.925092e+01 5.925092e+01 -0.000000e+00 1.353927e+01 0.000000e+00 3.032644e+02 0.000000 1.000000
3.224843e-02 -4.871598e+01 4.871598e+01 -5.808759e+01 5.808759e+01 -0.000000e+00 1.322055e+01 0.000000e+00 2.986372e+02 0.000000 1.000000
3.252278e-02 -4.772173e+01 4.772173e+01 -5.695296e+01 5.695296e+01 -0.000000e+00 1.291282e+01 0.000000e+00 2.940927e+02 0.000000 1.000000
3.280255e-02 -4.675945e+01 4.675945e+01 -5.584826e+01 5.584826e+01 -0.000000e+00 1.261628e+01 0.000000e+00 2.896360e+02 0.000000 1.000000
3.308781e-02 -4.582979e+01 4.582979e+01 -5.477469e+01 5.477469e+01 -0.000000e+00 1.233112e+01 0.000000e+00 2.852719e+02 0.000000 1.000000
3.337860e-02 -4.493335e+01 4.493335e+01 -5.373337e+01 5.373337e+01 -0.000000e+00 1.205751e+01 0.000000e+00 2.810049e+02 0.000000 1.000000
3.367495e-02 -4.407066e+01 4.407066e+01 -5.272535e+01 5.272535e+01 -0.000000e+00 1.179560e+01 0.000000e+00 2.768393e+02 0.000000 1.000000
3.397687e-02 -4.324221e+01 4.324221e+01 -5.175162e+01 5.175162e+01 -0.000000e+00 1.154552e+01 0.000000e+00 2.727791e+02 0.000000 1.000000
3.428437e-02 -4.244844e+01 4.244844e+01 -5.081310e+01 5.081310e+01 -0.000000e+00 1.130739e+01 0.000000e+00 2.688281e+02 0.000000 1.000000
3.459743e-02 -4.168973e+01 4.168973e+01 -4.991063e+01 4.991063e+01 -0.000000e+00 1.108130e+01 0.000000e+00 2.649898e+02 0.000000 1.000000
3.491601e-02 -4.096640e+01 4.096640e+01 -4.904499e+01 4.904499e+01 -0.000000e+00 1.086732e+01 0.000000e+00 2.612674e+02 0.000000 1.000000
3.524007e-02 -4.027874e+01 4.027874e+01 -4.821689e+01 4.821689e+01 -0.000000e+00 1.066550e+01 0.000000e+00 2.576641e+02 0.000000 1.000000
3.556952e-02 -3.962698e+01 3.962698e+01 -4.742696e+01 4.742696e+01 -0.000000e+00 1.047590e+01 0.000000e+00 2.542229e+02 0.000000 1.000000
3.590428e-02 -3.901129e+01 3.901129e+01 -4.667574e+01 4.667574e+01 -0.000000e+00 1.029851e+01 0.000000e+00 2.509098e+02 0.000000 1.000000
3.624422e-02 -3.843181e+01 3.843181e+01 -4.596373e+01 4.596373e+01 -0.000000e+00 1.013336e+01 0.000000e+00 2.477137e+02 0.000000 1.000000
3.658921e-02 -3.788861e+01 3.788861e+01 -4.529134e+01 4.529134e+01 -0.000000e+00 9.980418e+00 0.000000e+00 2.446367e+02 0.000000 1.000000
3.693909e-02 -3.738173e+01 3.738173e+01 -4.465890e+01 4.465890e+01 -0.000000e+00 9.839659e+00 0.000000e+00 2.416809e+02 0.000000 1.000000
3.729366e-02 -3.691116e+01 3.691116e+01 -4.406668e+01 4.406668e+01 -0.000000e+00 9.711038e+00 0.000000e+00 2.388480e+02 0.000000 1.000000
3.765273e-02 -3.647684e+01 3.647684e+01 -4.351487e+01 4.351487e+01 -0.000000e+00 9.594494e+00 0.000000e+00 2.361398e+02 0.000000 1.000000
3.801608e-02 -3.607868e+01 3.607868e+01 -4.300361e+01 4.300361e+01 -0.000000e+00 9.489951e+00 0.000000e+00 2.335575e+02 0.000000 1.000000
3.838344e-02 -3.571653e+01 3.571653e+01 -4.253293e+01 4.253293e+01 -0.000000e+00 9.397322e+00 0.000000e+00 2.311025e+02 0.000000 1.000000
3.875455e-02 -3.539022e+01 3.539022e+01 -4.210285e+01 4.210285e+01 -0.000000e+00 9.316507e+00 0.000000e+00 2.287758e+02 0.000000 1.000000
3.912913e-02 -3.509952e+01 3.509952e+01 -4.171326e+01 4.171326e+01 -0.000000e+00 9.247391e+00 0.000000e+00 2.265782e+02 0.000000 1.000000
3.950688e-02 -3.484419e+01 3.484419e+01 -4.136405e+01 4.136405e+01 -0.000000e+00 9.189853e+00 0.000000e+00 2.245228e+02 0.000000 1.000000
3.988747e-02 -3.462392e+01 3.462392e+01 -4.105499e+01 4.105499e+01 -0.000000e+00 9.143758e+00 0.000000e+00 2.226457e+02 0.000000 1.000000
4.027056e-02 -3.443839e+01 3.443839e+01 -4.078582e+01 4.078582e+01 -0.000000e+00 9.108960e+00 0.000000e+00 2.209074e+02 0.000000 1.000000
4.065583e-02 -3.428724e+01 3.428724e+01 -4.055623e+01 4.055623e+01 -0.000000e+00 9.085307e+00 0.000000e+00 2.193077e+02 0.000000 1.000000
4.104292e-02 -3.417006e+01 3.417006e+01 -4.036582e+01 4.036582e+01 -0.000000e+00 9.072636e+00 0.000000e+00 2.178461e+02 0.000000 1.000000
4.143146e-02 -3.408643e+01 3.408643e+01 -4.021417e+01 4.021417e+01 -0.000000e+00 9.070776e+00 0.000000e+00 2.165218e+02 0.000000 1.000000
4.182110e-02 -3.403590e+01 3.403590e+01 -4.010078e+01 4.010078e+01 -0.000000e+00 9.079547e+00 0.000000e+00 2.153338e+02 0.000000 1.000000
4.221148e-02 -3.401796e+01 3.401796e+01 -4.002510e+01 4.002510e+01 -0.000000e+00 9.098762e+00 0.000000e+00 2.144075e+02 0.000000 1.000000
4.260224e-02 -3.403211e+01 3.403211e+01 -3.998657e+01 3.998657e+01 -0.000000e+00 9.128226e+00 0.000000e+00 2.137504e+02 0.000000 1.000000
4.299302e-02 -3.407778e+01 3.407778e+01 -3.998452e+01 3.998452e+01 -0.000000e+00 9.167737e+00 0.000000e+00 2.132263e+02 0.000000 1.000000
4.338346e-02 -3.415440e+01 3.415440e+01 -4.001829e+01 4.001829e+01 -0.000000e+00 9.217085e+00 0.000000e+00 2.128332e+02 0.000000 1.000000
4.377324e-02 -3.426137e+01 3.426137e+01 -4.008714e+01 4.008714e+01 -0.000000e+00 9.276055e+00 0.000000e+00 2.125687e+02 0.000000 1.000000
4.416201e-02 -3.439805e+01 3.439805e+01 -4.019031e+01 4.019031e+01 -0.000000e+00 9.344422e+00 0.000000e+00 2.124305e+02 0.000000 1.000000
4.454947e-02 -3.456378e+01 3.456378e+01 -4.032700e+01 4.032700e+01 -0.000000e+00 9.421956e+00 0.000000e+00 2.124159e+02 0.000000 1.000000
4.493531e-02 -3.476580e+01 3.476580e+01 -4.049636e+01 4.049636e+01 -0.000000e+00 9.508420e+00 0.000000e+00 2.125222e+02 0.000000 1.000000
4.531924e-02 -3.500561e+01 3.500561e+01 -4.069752e+01 4.069752e+01 -0.000000e+00 9.603570e+00 0.000000e+00 2.127464e+02 0.000000 1.000000
4.570099e-02 -3.527305e+01 3.527305e+01 -4.092957e+01 4.092957e+01 -0.000000e+00 9.707156e+00 0.000000e+00 2.130856e+02 0.000000 1.000000
4.608032e-02 -3.556733e+01 3.556733e+01 -4.119157e+01 4.119157e+01 -0.000000e+00 9.818922e+00 0.000000e+00 2.135366e+02 0.000000 1.000000
4.645698e-02 -3.588766e+01 3.588766e+01 -4.148256e+01 4.148256e+01 -0.000000e+00 9.938604e+00 0.000000e+00 2.140960e+02 0.000000 1.000000
4.683077e-02 -3.623322e+01 3.623322e+01 -4.180154e+01 4.180154e+01 -0.000000e+00 1.006593e+01 0.000000e+00 2.147606e+02 0.000000 1.000000
4.720149e-02 -3.660315e+01 3.660315e+01 -4.214752e+01 4.214752e+01 -0.000000e+00 1.020064e+01 0.000000e+00 2.155269e+02 0.000000 1.000000
4.756897e-02 -3.699660e+01 3.699660e+01 -4.251945e+01 4.251945e+01 -0.000000e+00 1.034243e+01 0.000000e+00 2.163913e+02 0.000000 1.000000
4.793302e-02 -3.741270e+01 3.741270e+01 -4.292071e+01 4.292071e+01 -0.000000e+00 1.049103e+01 0.000000e+00 2.173502e+02 0.000000 1.000000
4.829336e-02 -3.785050e+01 3.785050e+01 -4.336101e+01 4.336101e+01 -0.000000e+00 1.064613e+01 0.000000e+00 2.185144e+02 0.000000 1.000000
4.864990e-02 -3.830892e+01 3.830892e+01 -4.382423e+01 4.382423e+01 -0.000000e+00 1.080738e+01 0.000000e+00 2.198412e+02 0.000000 1.000000
4.900254e-02 -3.878701e+01 3.878701e+01 -4.430923e+01 4.430923e+01 -0.000000e+00 1.097447e+01 0.000000e+00 2.212521e+02 0.000000 1.000000
4.935119e-02 -3.928383e+01 3.928383e+01 -4.481485e+01 4.481485e+01 -0.000000e+00 1.114709e+01 0.000000e+00 2.227430e+02 0.000000 1.000000
4.969581e-02 -3.979841e+01 3.979841e+01 -4.533994e+01 4.533994e+01 -0.000000e+00 1.132493e+01 0.000000e+00 2.243098e+02 0.000000 1.000000
5.003635e-02 -4.034882e+01 4.034882e+01 -4.588335e+01 4.588335e+01 -0.000000e+00 1.150767e+01 0.000000e+00 2.259482e+02 0.000000 1.000000
5.037278e-02 -4.091551e+01 4.091551e+01 -4.644394e+01 4.644394e+01 -0.000000e+00 1.169501e+01 0.000000e+00 2.276542e+02 0.000000 1.000000
5.070508e-02 -4.149722e+01 4.149722e+01 -4.702054e+01 4.702054e+01 -0.000000e+00 1.188662e+01 0.000000e+00 2.294238e+02 0.000000 1.000000
5.103325e-02 -4.209296e+01 4.209296e+01 -4.761203e+01 4.761203e+01 -0.000000e+00 1.208220e+01 0.000000e+00 2.312528e+02 0.000000 1.000000
5.135731e-02 -4.270173e+01 4.270173e+01 -4.821727e+01 4.821727e+01 -0.000000e+00 1.228141e+01 0.000000e+00 2.332147e+02 0.000000 1.000000
5.167726e-02 -4.332253e+01 4.332253e+01 -4.883514e+01 4.883514e+01 -0.000000e+00 1.248396e+01 0.000000e+00 2.354240e+02 0.000000 1.000000
5.199314e-02 -4.395438e+01 4.395438e+01 -4.946453e+01 4.946453e+01 -0.000000e+00 1.268953e+01 0.000000e+00 2.376802e+02 0.000000 1.000000
5.230499e-02 -4.459628e+01 4.459628e+01 -5.010434e+01 5.010434e+01 -0.000000e+00 1.289780e+01 0.000000e+00 2.399793e+02 0.000000 1.000000
5.261285e-02 -4.524725e+01 4.524725e+01 -5.075350e+01 5.075350e+01 -0.000000e+00 1.310847e+01 0.000000e+00 2.424882e+02 0.000000 1.000000
5.291678e-02 -4.590631e+01 4.590631e+01 -5.141093e+01 5.141093e+01 -0.000000e+00 1.332122e+01 0.000000e+00 2.450368e+02 0.000000 1.000000
5.321682e-02 -4.657250e+01 4.657250e+01 -5.207560e+01 5.207560e+01 -0.000000e+00 1.353575e+01 0.000000e+00 2.476150e+02 0.000000 1.000000
5.351305e-02 -4.724486e+01 4.724486e+01 -5.274646e+01 5.274646e+01 -0.000000e+00 1.375177e+01 0.000000e+00 2.502189e+02 0.000000 1.000000
5.380553e-02 -4.792244e+01 4.792244e+01 -5.342251e+01 5.342251e+01 -0.000000e+00 1.396896e+01 0.000000e+00 2.528449e+02 0.000000 1.000000
5.409433e-02 -4.860430e+01 4.860430e+01 -5.410277e+01 5.410277e+01 -0.000000e+00 1.418704e+01 0.000000e+00 2.554893e+02 0.000000 1.000000
5.437953e-02 -4.928953e+01 4.928953e+01 -5.478625e+01 5.478625e+01 -0.000000e+00 1.440572e+01 0.000000e+00 2.581486e+02 0.000000 1.000000
5.466120e-02 -4.997720e+01 4.997720e+01 -5.547202e+01 5.547202e+01 -0.000000e+00 1.462470e+01 0.000000e+00 2.608194e+02 0.000000 1.000000
5.493943e-02 -5.066641e+01 5.066641e+01 -5.615914e+01 5.615914e+01 -0.000000e+00 1.484371e+01 0.000000e+00 2.634983e+02 0.000000 1.000000
5.521429e-02 -5.135630e+01 5.135630e+01 -5.684673e+01 5.684673e+01 -0.000000e+00 1.506248e+01 0.000000e+00 2.661821e+02 0.000000 1.000000
5.548587e-02 -5.204598e+01 5.204598e+01 -5.753389e+01 5.753389e+01 -0.000000e+00 1.528072e+01 0.000000e+00 2.688676e+02 0.000000 1.000000
5.575425e-02 -5.273960e+01 5.273960e+01 -5.821978e+01 5.821978e+01 -0.000000e+00 1.549818e+01 0.000000e+00 2.715517e+02 0.000000 1.000000
5.601951e-02 -5.343792e+01 5.343792e+01 -5.890410e+01 5.890410e+01 -0.000000e+00 1.571459e+01 0.000000e+00 2.742314e+02 0.000000 1.000000
5.628169e-02 -5.413324e+01 5.413324e+01 -5.959793e+01 5.959793e+01 -0.000000e+00 1.592971e+01 0.000000e+00 2.769037e+02 0.000000 1.000000
5.654086e-02 -5.482459e+01 5.482459e+01 -6.028757e+01 6.028757e+01 -0.000000e+00 1.614323e+01 0.000000e+00 2.795654e+02 0.000000 1.000000
5.679713e-02 -5.551121e+01 5.551121e+01 -6.097227e+01 6.097227e+01 -0.000000e+00 1.635493e+01 0.000000e+00 2.825379e+02 0.000000 1.000000
5.705057e-02 -5.619230e+01 5.619230e+01 -6.165128e+01 6.165128e+01 -0.000000e+00 1.656456e+01 0.000000e+00 2.854871e+02 0.000000 1.000000
5.730127e-02 -5.686713e+01 5.686713e+01 -6.232390e+01 6.232390e+01 -0.000000e+00 1.677191e+01 0.000000e+00 2.884087e+02 0.000000 1.000000
5.754933e-02 -5.753497e+01 5.753497e+01 -6.298945e+01 6.298945e+01 -0.000000e+00 1.697677e+01 0.000000e+00 2.912997e+02 0.000000 1.000000
5.779482e-02 -5.819512e+01 5.819512e+01 -6.364726e+01 6.364726e+01 -0.000000e+00 1.717891e+01 0.000000e+00 2.941575e+02 0.000000 1.000000
5.803784e-02 -5.884689e+01 5.884689e+01 -6.429671e+01 6.429671e+01 -0.000000e+00 1.737814e+01 0.000000e+00 2.969795e+02 0.000000 1.000000
5.827846e-02 -5.948962e+01 5.948962e+01 -6.493720e+01 6.493720e+01 -0.000000e+00 1.757427e+01 0.000000e+00 2.997632e+02 0.000000 1.000000
5.851676e-02 -6.012267e+01 6.012267e+01 -6.556813e+01 6.556813e+01 -0.000000e+00 1.776710e+01 0.000000e+00 3.025061e+02 0.000000 1.000000
5.875282e-02 -6.074542e+01 6.074542e+01 -6.618897e+01 6.618897e+01 -0.000000e+00 1.795646e+01 0.000000e+00 3.052060e+02 0.000000 1.000000
5.898673e-02 -6.135728e+01 6.135728e+01 -6.679917e+01 6.679917e+01 -0.000000e+00 1.814217e+01 0.000000e+00 3.078604e+02 0.000000 1.000000
5.921857e-02 -6.195768e+01 6.195768e+01 -6.739823e+01 6.739823e+01 -0.000000e+00 1.832407e+01 0.000000e+00 3.104672e+02 0.000000 1.000000
5.944839e-02 -6.254606e+01 6.254606e+01 -6.798567e+01 6.798567e+01 -0.000000e+00 1.850199e+01 0.000000e+00 3.130243e+02 0.000000 1.000000
5.967629e-02 -6.312191e+01 6.312191e+01 -6.856103e+01 6.856103e+01 -0.000000e+00 1.867580e+01 0.000000e+00 3.155296e+02 0.000000 1.000000
5.990234e-02 -6.368472e+01 6.368472e+01 -6.912388e+01 6.912388e+01 -0.000000e+00 1.884535e+01 0.000000e+00 3.179812e+02 0.000000 1.000000
6.012659e-02 -6.423401e+01 6.423401e+01 -6.967381e+01 6.967381e+01 -0.000000e+00 1.901049e+01 0.000000e+00 3.203772e+02 0.000000 1.000000
6.034914e-02 -6.476934e+01 6.476934e+01 -7.021042e+01 7.021042e+01 -0.000000e+00 1.917111e+01 0.000000e+00 3.227158e+02 0.000000 1.000000
6.057004e-02 -6.529026e+01 6.529026e+01 -7.073335e+01 7.073335e+01 -0.000000e+00 1.932708e+01 0.000000e+00 3.249952e+02 0.000000 1.000000
6.078936e-02 -6.579638e+01 6.579638e+01 -7.124225e+01 7.124225e+01 -0.000000e+00 1.947829e+01 0.000000e+00 3.272137e+02 0.000000 1.000000
6.100717e-02 -6.628731e+01 6.628731e+01 -7.173681e+01 7.173681e+01 -0.000000e+00 1.962464e+01 0.000000e+00 3.293698e+02 0.000000 1.000000
6.122353e-02 -6.676270e+01 6.676270e+01 -7.221672e+01 7.221672e+01 -0.000000e+00 1.976603e+01 0.000000e+00 3.314620e+02 0.000000 1.000000
6.143851e-02 -6.722221e+01 6.722221e+01 -7.268170e+01 7.268170e+01 -0.000000e+00 1.990237e+01 0.000000e+00 3.334889e+02 0.000000 1.000000
6.165217e-02 -6.766554e+01 6.766554e+01 -7.313150e+01 7.313150e+01 -0.000000e+00 2.003357e+01 0.000000e+00 3.354490e+02 0.000000 1.000000
6.186456e-02 -6.809239e+01 6.809239e+01 -7.356587e+01 7.356587e+01 -0.000000e+00 2.015956e+01 0.000000e+00 3.373410e+02 0.000000 1.000000
6.207576e-02 -6.850252e+01 6.850252e+01 -7.398459e+01 7.398459e+01 -0.000000e+00 2.028028e+01 0.000000e+00 3.391639e+02 0.000000 1.000000
6.228581e-02 -6.889568e+01 6.889568e+01 -7.438747e+01 7.438747e+01 -0.000000e+00 2.039565e+01 0.000000e+00 3.409164e+02 0.000000 1.000000
6.249477e-02 -6.927167e+01 6.927167e+01 -7.477432e+01 7.477432e+01 -0.000000e+00 2.050564e+01 0.000000e+00 3.425976e+02 0.000000 1.000000
6.270270e-02 -6.963030e+01 6.963030e+01 -7.514499e+01 7.514499e+01 -0.000000e+00 2.061019e+01 0.000000e+00 3.442064e+02 0.000000 1.000000
6.290965e-02 -6.997140e+01 6.997140e+01 -7.549933e+01 7.549933e+01 -0.000000e+00 2.070927e+01 0.000000e+00 3.457420e+02 0.000000 1.000000
6.311569e-02 -7.029483e+01 7.029483e+01 -7.583722e+01 7.583722e+01 -0.000000e+00 2.080283e+01 0.000000e+00 3.472035e+02 0.000000 1.000000
6.332085e-02 -7.060049e+01 7.060049e+01 -7.615856e+01 7.615856e+01 -0.000000e+00 2.089086e+01 0.000000e+00 3.485903e+02 0.000000 1.000000
6.352520e-02 -7.088828e+01 7.088828e+01 -7.646326e+01 7.646326e+01 -0.000000e+00 2.097334e+01 0.000000e+00 3.499016e+02 0.000000 1.000000
6.372878e-02 -7.115813e+01 7.115813e+01 -7.675125e+01 7.675125e+01 -0.000000e+00 2.105026e+01 0.000000e+00 3.511370e+02 0.000000 1.000000
6.393164e-02 -7.140999e+01 7.140999e+01 -7.702247e+01 7.702247e+01 -0.000000e+00 2.112161e+01 0.000000e+00 3.522960e+02 0.000000 1.000000
6.413384e-02 -7.164385e+01 7.164385e+01 -7.727690e+01 7.727690e+01 -0.000000e+00 2.118739e+01 0.000000e+00 3.533782e+02 0.000000 1.000000
6.433541e-02 -7.185970e+01 7.185970e+01 -7.751451e+01 7.751451e+01 -0.000000e+00 2.124762e+01 0.000000e+00 3.543833e+02 0.000000 1.000000
6.453641e-02 -7.205757e+01 7.205757e+01 -7.773532e+01 7.773532e+01 -0.000000e+00 2.130230e+01 0.000000e+00 3.553111e+02 0.000000 1.000000
6.473689e-02 -7.223750e+01 7.223750e+01 -7.793932e+01 7.793932e+01 -0.000000e+00 2.135146e+01 0.000000e+00 3.561614e+02 0.000000 1.000000
6.493689e-02 -7.239956e+01 7.239956e+01 -7.812656e+01 7.812656e+01 -0.000000e+00 2.139512e+01 0.000000e+00 3.569343e+02 0.000000 1.000000
6.513645e-02 -7.254383e+01 7.254383e+01 -7.829709e+01 7.829709e+01 -0.000000e+00 2.143332e+01 0.000000e+00 3.576297e+02 0.000000 1.000000
6.533562e-02 -7.267041e+01 7.267041e+01 -7.845096e+01 7.845096e+01 -0.000000e+00 2.146610e+01 0.000000e+00 3.582479e+02 0.000000 1.000000
6.553444e-02 -7.277945e+01 7.277945e+01 -7.858827e+01 7.858827e+01 -0.000000e+00 2.149349e+01 0.000000e+00 3.587891e+02 0.000000 1.000000
6.573295e-02 -7.287107e+01 7.287107e+01 -7.870910e+01 7.870910e+01 -0.000000e+00 2.151556e+01 0.000000e+00 3.592534e+02 0.000000 1.000000
6.593121e-02 -7.294546e+01 7.294546e+01 -7.881357e+01 7.881357e+01 -0.000000e+00 2.153236e+01 0.000000e+00 3.596415e+02 0.000000 1.000000
6.612924e-02 -7.300279e+01 7.300279e+01 -7.890179e+01 7.890179e+01 -0.000000e+00 2.154394e+01 0.000000e+00 3.599538e+02 0.000000 1.000000
6.632709e-02 -7.304326e+01 7.304326e+01 -7.897392e+01 7.897392e+01 -0.000000e+00 2.155038e+01 0.000000e+00 3.601907e+02 0.000000 1.000000
6.652480e-02 -7.306710e+01 7.306710e+01 -7.903011e+01 7.903011e+01 -0.000000e+00 2.155174e+01 0.000000e+00 3.603531e+02 0.000000 1.000000
6.672240e-02 -7.307455e+01 7.307455e+01 -7.907053e+01 7.907053e+01 -0.000000e+00 2.154811e+01 0.000000e+00 3.604417e+02 0.000000 1.000000
6.691995e-02 -7.306585e+01 7.306585e+01 -7.909536e+01 7.909536e+01 -0.000000e+00 2.153956e+01 0.000000e+00 3.604572e+02 0.000000 1.000000
6.711747e-02 -7.304127e+01 7.304127e+01 -7.910480e+01 7.910480e+01 -0.000000e+00 2.152618e+01 0.000000e+00 3.604007e+02 0.000000 1.000000
6.731501e-02 -7.300111e+01 7.300111e+01 -7.909905e+01 7.909905e+01 -0.000000e+00 2.150805e+01 0.000000e+00 3.602731e+02 0.000000 1.000000
6.751260e-02 -7.294565e+01 7.294565e+01 -7.907835e+01 7.907835e+01 -0.000000e+00 2.148528e+01 0.000000e+00 3.600754e+02 0.000000 1.000000
6.771028e-02 -7.287521e+01 7.287521e+01 -7.904293e+01 7.904293e+01 -0.000000e+00 2.145797e+01 0.000000e+00 3.598090e+02 0.000000 1.000000
6.790808e-02 -7.279012e+01 7.279012e+01 -7.899303e+01 7.899303e+01 -0.000000e+00 2.142620e+01 0.000000e+00 3.594749e+02 0.000000 1.000000
6.810604e-02 -7.269072e+01 7.269072e+01 -7.892893e+01 7.892893e+01 -0.000000e+00 2.139010e+01 0.000000e+00 3.590745e+02 0.000000 1.000000
6.830420e-02 -7.257735e+01 7.257735e+01 -7.885089e+01 7.885089e+01 -0.000000e+00 2.134977e+01 0.000000e+00 3.586092e+02 0.000000 1.000000
6.850259e-02 -7.245038e+01 7.245038e+01 -7.875920e+01 7.875920e+01 -0.000000e+00 2.130532e+01 0.000000e+00 3.580804e+02 0.000000 1.000000
6.870124e-02 -7.231018e+01 7.231018e+01 -7.865416e+01 7.865416e+01 -0.000000e+00 2.125687e+01 0.000000e+00 3.574896e+02 0.000000 1.000000
6.890020e-02 -7.215714e+01 7.215714e+01 -7.853608e+01 7.853608e+01 -0.000000e+00 2.120454e+01 0.000000e+00 3.568385e+02 0.000000 1.000000
6.909948e-02 -7.199163e+01 7.199163e+01 -7.840526e+01 7.840526e+01 -0.000000e+00 2.114846e+01 0.000000e+00 3.561287e+02 0.000000 1.000000
6.929913e-02 -7.181408e+01 7.181408e+01 -7.826205e+01 7.826205e+01 -0.000000e+00 2.108874e+01 0.000000e+00 3.553619e+02 0.000000 1.000000
6.949918e-02 -7.162488e+01 7.162488e+01 -7.810679e+01 7.810679e+01 -0.000000e+00 2.102551e+01 0.000000e+00 3.545398e+02 0.000000 1.000000
6.969965e-02 -7.142445e+01 7.142445e+01 -7.793981e+01 7.793981e+01 -0.000000e+00 2.095892e+01 0.000000e+00 3.536644e+02 0.000000 1.000000
6.990059e-02 -7.121322e+01 7.121322e+01 -7.776147e+01 7.776147e+01 -0.000000e+00 2.088908e+01 0.000000e+00 3.527373e+02 0.000000 1.000000
7.010202e-02 -7.099162e+01 7.099162e+01 -7.757215e+01 7.757215e+01 -0.000000e+00 2.081613e+01 0.000000e+00 3.518784e+02 0.000000 1.000000
7.030396e-02 -7.076008e+01 7.076008e+01 -7.737222e+01 7.737222e+01 -0.000000e+00 2.074022e+01 0.000000e+00 3.510867e+02 0.000000 1.000000
7.050646e-02 -7.051903e+01 7.051903e+01 -7.716206e+01 7.716206e+01 -0.000000e+00 2.066146e+01 0.000000e+00 3.502498e+02 0.000000 1.000000
7.070953e-02 -7.026987e+01 7.026987e+01 -7.694206e+01 7.694206e+01 -0.000000e+00 2.058002e+01 0.000000e+00 3.493695e+02 0.000000 1.000000
7.091321e-02 -7.001727e+01 7.001727e+01 -7.671354e+01 7.671354e+01 -0.000000e+00 2.049602e+01 0.000000e+00 3.484474e+02 0.000000 1.000000
7.111751e-02 -6.975646e+01 6.975646e+01 -7.648196e+01 7.648196e+01 -0.000000e+00 2.040961e+01 0.000000e+00 3.474855e+02 0.000000 1.000000
7.132245e-02 -6.948793e+01 6.948793e+01 -7.624174e+01 7.624174e+01 -0.000000e+00 2.032093e+01 0.000000e+00 3.464856e+02 0.000000 1.000000
7.152806e-02 -6.921212e+01 6.921212e+01 -7.599327e+01 7.599327e+01 -0.000000e+00 2.023014e+01 0.000000e+00 3.454496e+02 0.000000 1.000000
7.173436e-02 -6.892948e+01 6.892948e+01 -7.573698e+01 7.573698e+01 -0.000000e+00 2.013738e+01 0.000000e+00 3.443794e+02 0.000000 1.000000
7.194139e-02 -6.864049e+01 6.864049e+01 -7.547329e+01 7.547329e+01 -0.000000e+00 2.004279e+01 0.000000e+00 3.432769e+02 0.000000 1.000000
7.214916e-02 -6.834558e+01 6.834558e+01 -7.520262e+01 7.520262e+01 -0.000000e+00 1.994651e+01 0.000000e+00 3.421441e+02 0.000000 1.000000
7.235770e-02 -6.804523e+01 6.804523e+01 -7.492539e+01 7.492539e+01 -0.000000e+00 1.984869e+01 0.000000e+00 3.409829e+02 0.000000 1.000000
7.256704e-02 -6.773988e+01 6.773988e+01 -7.464203e+01 7.464203e+01 -0.000000e+00 1.974948e+01 0.000000e+00 3.397952e+02 0.000000 1.000000
7.277718e-02 -6.742999e+01 6.742999e+01 -7.435299e+01 7.435299e+01 -0.000000e+00 1.964901e+01 0.000000e+00 3.385831e+02 0.000000 1.000000
7.298816e-02 -6.711601e+01 6.711601e+01 -7.405868e+01 7.405868e+01 -0.000000e+00 1.954743e+01 0.000000e+00 3.373485e+02 0.000000 1.000000
7.320000e-02 -6.679840e+01 6.679840e+01 -7.375956e+01 7.375956e+01 -0.000000e+00 1.944489e+01 0.000000e+00 3.360934e+02 0.000000 1.000000
7.341271e-02 -6.647760e+01 6.647760e+01 -7.345604e+01 7.345604e+01 -0.000000e+00 1.934152e+01 0.000000e+00 3.348197e+02 0.000000 1.000000
7.362632e-02 -6.615405e+01 6.615405e+01 -7.314858e+01 7.314858e+01 -0.000000e+00 1.923747e+01 0.000000e+00 3.335295e+02 0.000000 1.000000
7.384084e-02 -6.582820e+01 6.582820e+01 -7.283760e+01 7.283760e+01 -0.000000e+00 1.913287e+01 0.000000e+00 3.322247e+02 0.000000 1.000000
7.405629e-02 -6.550049e+01 6.550049e+01 -7.252354e+01 7.252354e+01 -0.000000e+00 1.902786e+01 0.000000e+00 3.309072e+02 0.000000 1.000000
7.427268e-02 -6.517133e+01 6.517133e+01 -7.220684e+01 7.220684e+01 -0.000000e+00 1.892258e+01 0.000000e+00 3.295789e+02 0.000000 1.000000
7.449003e-02 -6.484117e+01 6.484117e+01 -7.188792e+01 7.188792e+01 -0.000000e+00 1.881716e+01 0.000000e+00 3.282419e+02 0.000000 1.000000
7.470836e-02 -6.451042e+01 6.451042e+01 -7.156721e+01 7.156721e+01 -0.000000e+00 1.871174e+01 0.000000e+00 3.268980e+02 0.000000 1.000000
7.492767e-02 -6.417949e+01 6.417949e+01 -7.124513e+01 7.124513e+01 -0.000000e+00 1.860644e+01 0.000000e+00 3.255490e+02 0.000000 1.000000
7.514798e-02 -6.384880e+01 6.384880e+01 -7.092212e+01 7.092212e+01 -0.000000e+00 1.850139e+01 0.000000e+00 3.241968e+02 0.000000 1.000000
7.536930e-02 -6.351874e+01 6.351874e+01 -7.059858e+01 7.059858e+01 -0.000000e+00 1.839672e+01 0.000000e+00 3.228432e+02 0.000000 1.000000
7.559164e-02 -6.318972e+01 6.318972e+01 -7.027493e+01 7.027493e+01 -0.000000e+00 1.829255e+01 0.000000e+00 3.214901e+02 0.000000 1.000000
7.581501e-02 -6.286211e+01 6.286211e+01 -6.995157e+01 6.995157e+01 -0.000000e+00 1.818901e+01 0.000000e+00 3.201391e+02 0.000000 1.000000
7.603942e-02 -6.253630e+01 6.253630e+01 -6.962890e+01 6.962890e+01 -0.000000e+00 1.808621e+01 0.000000e+00 3.187920e+02 0.000000 1.000000
7.626486e-02 -6.221265e+01 6.221265e+01 -6.930733e+01 6.930733e+01 -0.000000e+00 1.798426e+01 0.000000e+00 3.174505e+02 0.000000 1.000000
7.649135e-02 -6.189154e+01 6.189154e+01 -6.898723e+01 6.898723e+01 -0.000000e+00 1.788329e+01 0.000000e+00 3.161163e+02 0.000000 1.000000
7.671889e-02 -6.157330e+01 6.157330e+01 -6.866899e+01 6.866899e+01 -0.000000e+00 1.778339e+01 0.000000e+00 3.147908e+02 0.000000 1.000000
7.694749e-02 -6.125829e+01 6.125829e+01 -6.835299e+01 6.835299e+01 -0.000000e+00 1.768468e+01 0.000000e+00 3.136097e+02 0.000000 1.000000
7.717713e-02 -6.094684e+01 6.094684e+01 -6.803957e+01 6.803957e+01 -0.000000e+00 1.758726e+01 0.000000e+00 3.124544e+02 0.000000 1.000000
7.740783e-02 -6.063928e+01 6.063928e+01 -6.772911e+01 6.772911e+01 -0.000000e+00 1.749123e+01 0.000000e+00 3.113062e+02 0.000000 1.000000
7.763958e-02 -6.033592e+01 6.033592e+01 -6.742195e+01 6.742195e+01 -0.000000e+00 1.739668e+01 0.000000e+00 3.101663e+02 0.000000 1.000000
7.787238e-02 -6.003706e+01 6.003706e+01 -6.711843e+01 6.711843e+01 -0.000000e+00 1.730371e+01 0.000000e+00 3.090362e+02 0.000000 1.000000
7.810622e-02 -5.974299e+01 5.974299e+01 -6.681887e+01 6.681887e+01 -0.000000e+00 1.721241e+01 0.000000e+00 3.079171e+02 0.000000 1.000000
7.834110e-02 -5.945401e+01 5.945401e+01 -6.652360e+01 6.652360e+01 -0.000000e+00 1.712287e+01 0.000000e+00 3.068103e+02 0.000000 1.000000
7.857701e-02 -5.917039e+01 5.917039e+01 -6.623292e+01 6.623292e+01 -0.000000e+00 1.703516e+01 0.000000e+00 3.057170e+02 0.000000 1.000000
7.881394e-02 -5.889237e+01 5.889237e+01 -6.594713e+01 6.594713e+01 -0.000000e+00 1.694937e+01 0.000000e+00 3.046384e+02 0.000000 1.000000
7.905189e-02 -5.862023e+01 5.862023e+01 -6.566651e+01 6.566651e+01 -0.000000e+00 1.686558e+01 0.000000e+00 3.035756e+02 0.000000 1.000000
7.929083e-02 -5.835419e+01 5.835419e+01 -6.539135e+01 6.539135e+01 -0.000000e+00 1.678384e+01 0.000000e+00 3.025296e+02 0.000000 1.000000
7.953077e-02 -5.809449e+01 5.809449e+01 -6.512191e+01 6.512191e+01 -0.000000e+00 1.670424e+01 0.000000e+00 3.015016e+02 0.000000 1.000000
7.977168e-02 -5.784133e+01 5.784133e+01 -6.485843e+01 6.485843e+01 -0.000000e+00 1.662683e+01 0.000000e+00 3.004926e+02 0.000000 1.000000
8.001354e-02 -5.759493e+01 5.759493e+01 -6.460116e+01 6.460116e+01 -0.000000e+00 1.655167e+01 0.000000e+00 2.995034e+02 0.000000 1.000000
8.025636e-02 -5.735547e+01 5.735547e+01 -6.435034e+01 6.435034e+01 -0.000000e+00 1.647883e+01 0.000000e+00 2.985350e+02 0.000000 1.000000
8.050009e-02 -5.712315e+01 5.712315e+01 -6.410617e+01 6.410617e+01 -0.000000e+00 1.640835e+01 0.000000e+00 2.975883e+02 0.000000 1.000000
8.074473e-02 -5.689812e+01 5.689812e+01 -6.386886e+01 6.386886e+01 -0.000000e+00 1.634029e+01 0.000000e+00 2.966641e+02 0.000000 1.000000
8.099026e-02 -5.668055e+01 5.668055e+01 -6.363860e+01 6.363860e+01 -0.000000e+00 1.627468e+01 0.000000e+00 2.957632e+02 0.000000 1.000000
8.123665e-02 -5.647058e+01 5.647058e+01 -6.341558e+01 6.341558e+01 -0.000000e+00 1.621157e+01 0.000000e+00 2.948862e+02 0.000000 1.000000
8.148388e-02 -5.626835e+01 5.626835e+01 -6.319996e+01 6.319996e+01 -0.000000e+00 1.615099e+01 0.000000e+00 2.940339e+02 0.000000 1.000000
8.173193e-02 -5.607398e+01 5.607398e+01 -6.299189e+01 6.299189e+01 -0.000000e+00 1.609298e+01 0.000000e+00 2.932069e+02 0.000000 1.000000
8.198077e-02 -5.588758e+01 5.588758e+01 -6.279153e+01 6.279153e+01 -0.000000e+00 1.603757e+01 0.000000e+00 2.924058e+02 0.000000 1.000000
8.223037e-02 -5.570925e+01 5.570925e+01 -6.259900e+01 6.259900e+01 -0.000000e+00 1.598478e+01 0.000000e+00 2.916311e+02 0.000000 1.000000
8.248072e-02 -5.553907e+01 5.553907e+01 -6.241441e+01 6.241441e+01 -0.000000e+00 1.593464e+01 0.000000e+00 2.908834e+02 0.000000 1.000000
8.273177e-02 -5.537713e+01 5.537713e+01 -6.223788e+01 6.223788e+01 -0.000000e+00 1.588716e+01 0.000000e+00 2.901632e+02 0.000000 1.000000
8.298350e-02 -5.522349e+01 5.522349e+01 -6.206950e+01 6.206950e+01 -0.000000e+00 1.584236e+01 0.000000e+00 2.894707e+02 0.000000 1.000000
8.323589e-02 -5.507820e+01 5.507820e+01 -6.190934e+01 6.190934e+01 -0.000000e+00 1.580025e+01 0.000000e+00 2.888065e+02 0.000000 1.000000
8.348889e-02 -5.494131e+01 5.494131e+01 -6.175748e+01 6.175748e+01 -0.000000e+00 1.576083e+01 0.000000e+00 2.881708e+02 0.000000 1.000000
8.374249e-02 -5.481284e+01 5.481284e+01 -6.161398e+01 6.161398e+01 -0.000000e+00 1.572412e+01 0.000000e+00 2.875639e+02 0.000000 1.000000
8.399664e-02 -5.469282e+01 5.469282e+01 -6.147887e+01 6.147887e+01 -0.000000e+00 1.569011e+01 0.000000e+00 2.869861e+02 0.000000 1.000000
8.425132e-02 -5.458125e+01 5.458125e+01 -6.135220e+01 6.135220e+01 -0.000000e+00 1.565880e+01 0.000000e+00 2.864375e+02 0.000000 1.000000
8.450649e-02 -5.447814e+01 5.447814e+01 -6.123398e+01 6.123398e+01 -0.000000e+00 1.563018e+01 0.000000e+00 2.859184e+02 0.000000 1.000000
8.476212e-02 -5.438348e+01 5.438348e+01 -6.112423e+01 6.112423e+01 -0.000000e+00 1.560424e+01 0.000000e+00 2.854288e+02 0.000000 1.000000
8.501817e-02 -5.429723e+01 5.429723e+01 -6.102294e+01 6.102294e+01 -0.000000e+00 1.558098e+01 0.000000e+00 2.849689e+02 0.000000 1.000000
8.527461e-02 -5.421938e+01 5.421938e+01 -6.093010e+01 6.093010e+01 -0.000000e+00 1.556037e+01 0.000000e+00 2.845386e+02 0.000000 1.000000
8.553140e-02 -5.414988e+01 5.414988e+01 -6.084569e+01 6.084569e+01 -0.000000e+00 1.554240e+01 0.000000e+00 2.841380e+02 0.000000 1.000000
8.578852e-02 -5.408868e+01 5.408868e+01 -6.076968e+01 6.076968e+01 -0.000000e+00 1.552705e+01 0.000000e+00 2.837671e+02 0.000000 1.000000
8.604593e-02 -5.403572e+01 5.403572e+01 -6.070201e+01 6.070201e+01 -0.000000e+00 1.551429e+01 0.000000e+00 2.834258e+02 0.000000 1.000000
8.630359e-02 -5.399093e+01 5.399093e+01 -6.064265e+01 6.064265e+01 -0.000000e+00 1.550409e+01 0.000000e+00 2.831139e+02 0.000000 1.000000
8.656146e-02 -5.395423e+01 5.395423e+01 -6.059152e+01 6.059152e+01 -0.000000e+00 1.549642e+01 0.000000e+00 2.828314e+02 0.000000 1.000000
8.681952e-02 -5.392554e+01 5.392554e+01 -6.054855e+01 6.054855e+01 -0.000000e+00 1.549126e+01 0.000000e+00 2.825781e+02 0.000000 1.000000
8.707772e-02 -5.390476e+01 5.390476e+01 -6.051366e+01 6.051366e+01 -0.000000e+00 1.548857e+01 0.000000e+00 2.823538e+02 0.000000 1.000000
8.733604e-02 -5.389179e+01 5.389179e+01 -6.048675e+01 6.048675e+01 -0.000000e+00 1.548831e+01 0.000000e+00 2.821582e+02 0.000000 1.000000
8.759445e-02 -5.388652e+01 5.388652e+01 -6.046774e+01 6.046774e+01 -0.000000e+00 1.549044e+01 0.000000e+00 2.819910e+02 0.000000 1.000000
8.785290e-02 -5.388882e+01 5.388882e+01 -6.045650e+01 6.045650e+01 -0.000000e+00 1.549491e+01 0.000000e+00 2.818521e+02 0.000000 1.000000
8.811136e-02 -5.389858e+01 5.389858e+01 -6.045292e+01 6.045292e+01 -0.000000e+00 1.550170e+01 0.000000e+00 2.817410e+02 0.000000 1.000000
8.836981e-02 -5.391565e+01 5.391565e+01 -6.045688e+01 6.045688e+01 -0.000000e+00 1.551074e+01 0.000000e+00 2.816573e+02 0.000000 1.000000
8.862821e-02 -5.393991e+01 5.393991e+01 -6.046824e+01 6.046824e+01 -0.000000e+00 1.552199e+01 0.000000e+00 2.816008e+02 0.000000 1.000000
8.888653e-02 -5.397120e+01 5.397120e+01 -6.048687e+01 6.048687e+01 -0.000000e+00 1.553540e+01 0.000000e+00 2.815710e+02 0.000000 1.000000
8.914474e-02 -5.400937e+01 5.400937e+01 -6.051261e+01 6.051261e+01 -0.000000e+00 1.555092e+01 0.000000e+00 2.815675e+02 0.000000 1.000000
8.940281e-02 -5.405426e+01 5.405426e+01 -6.054533e+01 6.054533e+01 -0.000000e+00 1.556849e+01 0.000000e+00 2.815898e+02 0.000000 1.000000
8.966072e-02 -5.410571e+01 5.410571e+01 -6.058485e+01 6.058485e+01 -0.000000e+00 1.558807e+01 0.000000e+00 2.816374e+02 0.000000 1.000000
8.991842e-02 -5.416355e+01 5.416355e+01 -6.063101e+01 6.063101e+01 -0.000000e+00 1.560958e+01 0.000000e+00 2.817098e+02 0.000000 1.000000
9.017591e-02 -5.422761e+01 5.422761e+01 -6.068364e+01 6.068364e+01 -0.000000e+00 1.563299e+01 0.000000e+00 2.818066e+02 0.000000 1.000000
9.043314e-02 -5.429770e+01 5.429770e+01 -6.074258e+01 6.074258e+01 -0.000000e+00 1.565821e+01 0.000000e+00 2.819762e+02 0.000000 1.000000
9.069010e-02 -5.437364e+01 5.437364e+01 -6.080763e+01 6.080763e+01 -0.000000e+00 1.568521e+01 0.000000e+00 2.822288e+02 0.000000 1.000000
9.094675e-02 -5.445525e+01 5.445525e+01 -6.087861e+01 6.087861e+01 -0.000000e+00 1.571390e+01 0.000000e+00 2.825053e+02 0.000000 1.000000
9.120309e-02 -5.454233e+01 5.454233e+01 -6.095533e+01 6.095533e+01 -0.000000e+00 1.574424e+01 0.000000e+00 2.828049e+02 0.000000 1.000000
9.145908e-02 -5.463469e+01 5.463469e+01 -6.103760e+01 6.103760e+01 -0.000000e+00 1.577615e+01 0.000000e+00 2.831269e+02 0.000000 1.000000
9.171470e-02 -5.473213e+01 5.473213e+01 -6.112522e+01 6.112522e+01 -0.000000e+00 1.580958e+01 0.000000e+00 2.834704e+02 0.000000 1.000000
9.196994e-02 -5.483445e+01 5.483445e+01 -6.121800e+01 6.121800e+01 -0.000000e+00 1.584445e+01 0.000000e+00 2.838348e+02 0.000000 1.000000
9.222477e-02 -5.494144e+01 5.494144e+01 -6.131573e+01 6.131573e+01 -0.000000e+00 1.588070e+01 0.000000e+00 2.842192e+02 0.000000 1.000000
9.247917e-02 -5.505290e+01 5.505290e+01 -6.141820e+01 6.141820e+01 -0.000000e+00 1.591827e+01 0.000000e+00 2.846229e+02 0.000000 1.000000
9.273313e-02 -5.516861e+01 5.516861e+01 -6.152521e+01 6.152521e+01 -0.000000e+00 1.595708e+01 0.000000e+00 2.850449e+02 0.000000 1.000000
9.298663e-02 -5.528838e+01 5.528838e+01 -6.163655e+01 6.163655e+01 -0.000000e+00 1.599707e+01 0.000000e+00 2.854846e+02 0.000000 1.000000
9.323966e-02 -5.541198e+01 5.541198e+01 -6.175200e+01 6.175200e+01 -0.000000e+00 1.603817e+01 0.000000e+00 2.859410e+02 0.000000 1.000000
9.349220e-02 -5.553921e+01 5.553921e+01 -6.187135e+01 6.187135e+01 -0.000000e+00 1.608031e+01 0.000000e+00 2.864134e+02 0.000000 1.000000
9.374424e-02 -5.566985e+01 5.566985e+01 -6.199440e+01 6.199440e+01 -0.000000e+00 1.612343e+01 0.000000e+00 2.869009e+02 0.000000 1.000000
9.399577e-02 -5.580368e+01 5.580368e+01 -6.212091e+01 6.212091e+01 -0.000000e+00 1.616745e+01 0.000000e+00 2.874026e+02 0.000000 1.000000
9.424677e-02 -5.594049e+01 5.594049e+01 -6.225069e+01 6.225069e+01 -0.000000e+00 1.621232e+01 0.000000e+00 2.879178e+02 0.000000 1.000000
9.449723e-02 -5.608007e+01 5.608007e+01 -6.238351e+01 6.238351e+01 -0.000000e+00 1.625795e+01 0.000000e+00 2.884456e+02 0.000000 1.000000
9.474716e-02 -5.622219e+01 5.622219e+01 -6.251916e+01 6.251916e+01 -0.000000e+00 1.630428e+01 0.000000e+00 2.889851e+02 0.000000 1.000000
9.499653e-02 -5.636665e+01 5.636665e+01 -6.265743e+01 6.265743e+01 -0.000000e+00 1.635124e+01 0.000000e+00 2.895355e+02 0.000000 1.000000
9.524534e-02 -5.651323e+01 5.651323e+01 -6.279809e+01 6.279809e+01 -0.000000e+00 1.639877e+01 0.000000e+00 2.900960e+02 0.000000 1.000000
9.549359e-02 -5.666172e+01 5.666172e+01 -6.294094e+01 6.294094e+01 -0.000000e+00 1.644680e+01 0.000000e+00 2.906658e+02 0.000000 1.000000
9.574127e-02 -5.681190e+01 5.681190e+01 -6.308577e+01 6.308577e+01 -0.000000e+00 1.649526e+01 0.000000e+00 2.912439e+02 0.000000 1.000000
9.598837e-02 -5.696356e+01 5.696356e+01 -6.323235e+01 6.323235e+01 -0.000000e+00 1.654409e+01 0.000000e+00 2.918296e+02 0.000000 1.000000
9.623490e-02 -5.711650e+01 5.711650e+01 -6.338049e+01 6.338049e+01 -0.000000e+00 1.659322e+01 0.000000e+00 2.924220e+02 0.000000 1.000000
9.648085e-02 -5.727050e+01 5.727050e+01 -6.352998e+01 6.352998e+01 -0.000000e+00 1.664258e+01 0.000000e+00 2.930203e+02 0.000000 1.000000
9.672621e-02 -5.742537e+01 5.742537e+01 -6.368060e+01 6.368060e+01 -0.000000e+00 1.669211e+01 0.000000e+00 2.936238e+02 0.000000 1.000000
9.697100e-02 -5.758089e+01 5.758089e+01 -6.383217e+01 6.383217e+01 -0.000000e+00 1.674176e+01 0.000000e+00 2.942315e+02 0.000000 1.000000
9.721520e-02 -5.773687e+01 5.773687e+01 -6.398446e+01 6.398446e+01 -0.000000e+00 1.679144e+01 0.000000e+00 2.948428e+02 0.000000 1.000000
9.745881e-02 -5.789310e+01 5.789310e+01 -6.413729e+01 6.413729e+01 -0.000000e+00 1.684111e+01 0.000000e+00 2.954567e+02 0.000000 1.000000
9.770185e-02 -5.804940e+01 5.804940e+01 -6.429047e+01 6.429047e+01 -0.000000e+00 1.689071e+01 0.000000e+00 2.960726e+02 0.000000 1.000000
9.794431e-02 -5.820557e+01 5.820557e+01 -6.444379e+01 6.444379e+01 -0.000000e+00 1.694017e+01 0.000000e+00 2.966897e+02 0.000000 1.000000
9.818619e-02 -5.836143e+01 5.836143e+01 -6.459707e+01 6.459707e+01 -0.000000e+00 1.698944e+01 0.000000e+00 2.973071e+02 0.000000 1.000000
9.842751e-02 -5.851678e+01 5.851678e+01 -6.475013e+01 6.475013e+01 -0.000000e+00 1.703846e+01 0.000000e+00 2.979242e+02 0.000000 1.000000
9.866825e-02 -5.867144e+01 5.867144e+01 -6.490277e+01 6.490277e+01 -0.000000e+00 1.708717e+01 0.000000e+00 2.985403e+02 0.000000 1.000000
9.890843e-02 -5.882524e+01 5.882524e+01 -6.505483e+01 6.505483e+01 -0.000000e+00 1.713552e+01 0.000000e+00 2.991545e+02 0.000000 1.000000
9.914806e-02 -5.897800e+01 5.897800e+01 -6.520612e+01 6.520612e+01 -0.000000e+00 1.718345e+01 0.000000e+00 2.997663e+02 0.000000 1.000000
9.938713e-02 -5.912955e+01 5.912955e+01 -6.535648e+01 6.535648e+01 -0.000000e+00 1.723092e+01 0.000000e+00 3.003748e+02 0.000000 1.000000
9.962566e-02 -5.927972e+01 5.927972e+01 -6.550573e+01 6.550573e+01 -0.000000e+00 1.727787e+01 0.000000e+00 3.009795e+02 0.000000 1.000000
9.986365e-02 -5.942836e+01 5.942836e+01 -6.565372e+01 6.565372e+01 -0.000000e+00 1.732426e+01 0.000000e+00 3.015796e+02 0.000000 1.000000
1.001011e-01 -5.957531e+01 5.957531e+01 -6.580029e+01 6.580029e+01 -0.000000e+00 1.737004e+01 0.000000e+00 3.021746e+02 0.000000 1.000000
1.003381e-01 -5.972041e+01 5.972041e+01 -6.594528e+01 6.594528e+01 -0.000000e+00 1.741515e+01 0.000000e+00 3.027637e+02 0.000000 1.000000
1.005745e-01 -5.986351e+01 5.986351e+01 -6.608854e+01 6.608854e+01 -0.000000e+00 1.745956e+01 0.000000e+00 3.033464e+02 0.000000 1.000000
1.008104e-01 -6.000447e+01 6.000447e+01 -6.622993e+01 6.622993e+01 -0.000000e+00 1.750322e+01 0.000000e+00 3.039221e+02 0.000000 1.000000
1.010458e-01 -6.014316e+01 6.014316e+01 -6.636931e+01 6.636931e+01 -0.000000e+00 1.754610e+01 0.000000e+00 3.044902e+02 0.000000 1.000000
1.012808e-01 -6.027944e+01 6.027944e+01 -6.650653e+01 6.650653e+01 -0.000000e+00 1.758815e+01 0.000000e+00 3.050500e+02 0.000000 1.000000
1.015152e-01 -6.041318e+01 6.041318e+01 -6.664148e+01 6.664148e+01 -0.000000e+00 1.762933e+01 0.000000e+00 3.056012e+02 0.000000 1.000000
1.017492e-01 -6.054425e+01 6.054425e+01 -6.677403e+01 6.677403e+01 -0.000000e+00 1.766961e+01 0.000000e+00 3.061431e+02 0.000000 1.000000
1.019828e-01 -6.067255e+01 6.067255e+01 -6.690404e+01 6.690404e+01 -0.000000e+00 1.770895e+01 0.000000e+00 3.066753e+02 0.000000 1.000000
1.022159e-01 -6.079795e+01 6.079795e+01 -6.703142e+01 6.703142e+01 -0.000000e+00 1.774732e+01 0.000000e+00 3.071972e+02 0.000000 1.000000
1.024485e-01 -6.092035e+01 6.092035e+01 -6.715604e+01 6.715604e+01 -0.000000e+00 1.778469e+01 0.000000e+00 3.077084e+02 0.000000 1.000000
1.026808e-01 -6.103965e+01 6.103965e+01 -6.727781e+01 6.727781e+01 -0.000000e+00 1.782102e+01 0.000000e+00 3.082084e+02 0.000000 1.000000
1.029126e-01 -6.115576e+01 6.115576e+01 -6.739661e+01 6.739661e+01 -0.000000e+00 1.785630e+01 0.000000e+00 3.086969e+02 0.000000 1.000000
1.031441e-01 -6.126857e+01 6.126857e+01 -6.751237e+01 6.751237e+01 -0.000000e+00 1.789049e+01 0.000000e+00 3.091733e+02 0.000000 1.000000
1.033751e-01 -6.137800e+01 6.137800e+01 -6.762497e+01 6.762497e+01 -0.000000e+00 1.792357e+01 0.000000e+00 3.096374e+02 0.000000 1.000000
1.036058e-01 -6.148398e+01 6.148398e+01 -6.773435e+01 6.773435e+01 -0.000000e+00 1.795552e+01 0.000000e+00 3.100887e+02 0.000000 1.000000
1.038361e-01 -6.158643e+01 6.158643e+01 -6.784042e+01 6.784042e+01 -0.000000e+00 1.798631e+01 0.000000e+00 3.105268e+02 0.000000 1.000000
1.040661e-01 -6.168528e+01 6.168528e+01 -6.794311e+01 6.794311e+01 -0.000000e+00 1.801593e+01 0.000000e+00 3.109516e+02 0.000000 1.000000
1.042957e-01 -6.178047e+01 6.178047e+01 -6.804234e+01 6.804234e+01 -0.000000e+00 1.804436e+01 0.000000e+00 3.113626e+02 0.000000 1.000000
1.045250e-01 -6.187193e+01 6.187193e+01 -6.813806e+01 6.813806e+01 -0.000000e+00 1.807158e+01 0.000000e+00 3.117596e+02 0.000000 1.000000
1.047540e-01 -6.195962e+01 6.195962e+01 -6.823020e+01 6.823020e+01 -0.000000e+00 1.809758e+01 0.000000e+00 3.121422e+02 0.000000 1.000000
1.049827e-01 -6.204349e+01 6.204349e+01 -6.831871e+01 6.831871e+01 -0.000000e+00 1.812235e+01 0.000000e+00 3.125104e+02 0.000000 1.000000
1.052112e-01 -6.212349e+01 6.212349e+01 -6.840355e+01 6.840355e+01 -0.000000e+00 1.814587e+01 0.000000e+00 3.128637e+02 0.000000 1.000000
1.054393e-01 -6.219960e+01 6.219960e+01 -6.848466e+01 6.848466e+01 -0.000000e+00 1.816814e+01 0.000000e+00 3.132022e+02 0.000000 1.000000
1.056672e-01 -6.227177e+01 6.227177e+01 -6.856202e+01 6.856202e+01 -0.000000e+00 1.818915e+01 0.000000e+00 3.135254e+02 0.000000 1.000000
1.058949e-01 -6.233998e+01 6.233998e+01 -6.863558e+01 6.863558e+01 -0.000000e+00 1.820889e+01 0.000000e+00 3.138334e+02 0.000000 1.000000
1.061223e-01 -6.240422e+01 6.240422e+01 -6.870532e+01 6.870532e+01 -0.000000e+00 1.822736e+01 0.000000e+00 3.141259e+02 0.000000 1.000000
1.063495e-01 -6.246447e+01 6.246447e+01 -6.877122e+01 6.877122e+01 -0.000000e+00 1.824456e+01 0.000000e+00 3.144028e+02 0.000000 1.000000
1.065765e-01 -6.252071e+01 6.252071e+01 -6.883326e+01 6.883326e+01 -0.000000e+00 1.826049e+01 0.000000e+00 3.146641e+02 0.000000 1.000000
1.068033e-01 -6.257294e+01 6.257294e+01 -6.889142e+01 6.889142e+01 -0.000000e+00 1.827515e+01 0.000000e+00 3.149097e+02 0.000000 1.000000
1.070299e-01 -6.262117e+01 6.262117e+01 -6.894570e+01 6.894570e+01 -0.000000e+00 1.828853e+01 0.000000e+00 3.151394e+02 0.000000 1.000000
1.072564e-01 -6.266539e+01 6.266539e+01 -6.899609e+01 6.899609e+01 -0.000000e+00 1.830065e+01 0.000000e+00 3.153533e+02 0.000000 1.000000
1.074827e-01 -6.270562e+01 6.270562e+01 -6.904260e+01 6.904260e+01 -0.000000e+00 1.831150e+01 0.000000e+00 3.155513e+02 0.000000 1.000000
1.077089e-01 -6.274187e+01 6.274187e+01 -6.908522e+01 6.908522e+01 -0.000000e+00 1.832110e+01 0.000000e+00 3.157335e+02 0.000000 1.000000
1.079349e-01 -6.277416e+01 6.277416e+01 -6.912397e+01 6.912397e+01 -0.000000e+00 1.832946e+01 0.000000e+00 3.158999e+02 0.000000 1.000000
1.081608e-01 -6.280251e+01 6.280251e+01 -6.915887e+01 6.915887e+01 -0.000000e+00 1.833658e+01 0.000000e+00 3.160504e+02 0.000000 1.000000
1.083867e-01 -6.282695e+01 6.282695e+01 -6.918992e+01 6.918992e+01 -0.000000e+00 1.834247e+01 0.000000e+00 3.161853e+02 0.000000 1.000000
1.086124e-01 -6.284752e+01 6.284752e+01 -6.921717e+01 6.921717e+01 -0.000000e+00 1.834715e+01 0.000000e+00 3.163044e+02 0.000000 1.000000
1.088381e-01 -6.286425e+01 6.286425e+01 -6.924062e+01 6.924062e+01 -0.000000e+00 1.835063e+01 0.000000e+00 3.164080e+02 0.000000 1.000000
1.090637e-01 -6.287718e+01 6.287718e+01 -6.926032e+01 6.926032e+01 -0.000000e+00 1.835292e+01 0.000000e+00 3.164961e+02 0.000000 1.000000
1.092892e-01 -6.288635e+01 6.288635e+01 -6.927630e+01 6.927630e+01 -0.000000e+00 1.835404e+01 0.000000e+00 3.165689e+02 0.000000 1.000000
1.095147e-01 -6.289182e+01 6.289182e+01 -6.928859e+01 6.928859e+01 -0.000000e+00 1.835402e+01 0.000000e+00 3.166266e+02 0.000000 1.000000
1.097402e-01 -6.289364e+01 6.289364e+01 -6.929725e+01 6.929725e+01 -0.000000e+00 1.835285e+01 0.000000e+00 3.166692e+02 0.000000 1.000000
1.099657e-01 -6.289185e+01 6.289185e+01 -6.930232e+01 6.930232e+01 -0.000000e+00 1.835058e+01 0.000000e+00 3.166969e+02 0.000000 1.000000
1.101911e-01 -6.288653e+01 6.288653e+01 -6.930384e+01 6.930384e+01 -0.000000e+00 1.834721e+01 0.000000e+00 3.167100e+02 0.000000 1.000000
1.104166e-01 -6.287774e+01 6.287774e+01 -6.930188e+01 6.930188e+01 -0.000000e+00 1.834277e+01 0.000000e+00 3.167087e+02 0.000000 1.000000
1.106421e-01 -6.286554e+01 6.286554e+01 -6.929648e+01 6.929648e+01 -0.000000e+00 1.833727e+01 0.000000e+00 3.166932e+02 0.000000 1.000000
1.108676e-01 -6.285000e+01 6.285000e+01 -6.928772e+01 6.928772e+01 -0.000000e+00 1.833075e+01 0.000000e+00 3.166637e+02 0.000000 1.000000
1.110931e-01 -6.283119e+01 6.283119e+01 -6.927564e+01 6.927564e+01 -0.000000e+00 1.832323e+01 0.000000e+00 3.166205e+02 0.000000 1.000000
1.113187e-01 -6.280919e+01 6.280919e+01 -6.926033e+01 6.926033e+01 -0.000000e+00 1.831473e+01 0.000000e+00 3.165638e+02 0.000000 1.000000
1.115444e-01 -6.278408e+01 6.278408e+01 -6.924184e+01 6.924184e+01 -0.000000e+00 1.830528e+01 0.000000e+00 3.164940e+02 0.000000 1.000000
1.117701e-01 -6.275594e+01 6.275594e+01 -6.922026e+01 6.922026e+01 -0.000000e+00 1.829491e+01 0.000000e+00 3.164112e+02 0.000000 1.000000
1.119959e-01 -6.272484e+01 6.272484e+01 -6.919565e+01 6.919565e+01 -0.000000e+00 1.828364e+01 0.000000e+00 3.163159e+02 0.000000 1.000000
1.122218e-01 -6.269088e+01 6.269088e+01 -6.916809e+01 6.916809e+01 -0.000000e+00 1.827150e+01 0.000000e+00 3.162083e+02 0.000000 1.000000
1.124478e-01 -6.265415e+01 6.265415e+01 -6.913767e+01 6.913767e+01 -0.000000e+00 1.825852e+01 0.000000e+00 3.160888e+02 0.000000 1.000000
1.126739e-01 -6.261472e+01 6.261472e+01 -6.910445e+01 6.910445e+01 -0.000000e+00 1.824473e+01 0.000000e+00 3.159576e+02 0.000000 1.000000
1.129001e-01 -6.257270e+01 6.257270e+01 -6.906854e+01 6.906854e+01 -0.000000e+00 1.823015e+01 0.000000e+00 3.158152e+02 0.000000 1.000000
1.131265e-01 -6.252817e+01 6.252817e+01 -6.903001e+01 6.903001e+01 -0.000000e+00 1.821483e+01 0.000000e+00 3.156618e+02 0.000000 1.000000
1.133530e-01 -6.248124e+01 6.248124e+01 -6.898895e+01 6.898895e+01 -0.000000e+00 1.819879e+01 0.000000e+00 3.154979e+02 0.000000 1.000000
1.135796e-01 -6.243199e+01 6.243199e+01 -6.894545e+01 6.894545e+01 -0.000000e+00 1.818205e+01 0.000000e+00 3.153238e+02 0.000000 1.000000
1.138064e-01 -6.238053e+01 6.238053e+01 -6.889960e+01 6.889960e+01 -0.000000e+00 1.816466e+01 0.000000e+00 3.151399e+02 0.000000 1.000000
1.140333e-01 -6.232695e+01 6.232695e+01 -6.885150e+01 6.885150e+01 -0.000000e+00 1.814664e+01 0.000000e+00 3.149465e+02 0.000000 1.000000
1.142604e-01 -6.227135e+01 6.227135e+01 -6.880123e+01 6.880123e+01 -0.000000e+00 1.812803e+01 0.000000e+00 3.147441e+02 0.000000 1.000000
1.144877e-01 -6.221384e+01 6.221384e+01 -6.874889e+01 6.874889e+01 -0.000000e+00 1.810886e+01 0.000000e+00 3.145330e+02 0.000000 1.000000
1.147152e-01 -6.215451e+01 6.215451e+01 -6.869459e+01 6.869459e+01 -0.000000e+00 1.808916e+01 0.000000e+00 3.143137e+02 0.000000 1.000000
1.149428e-01 -6.209346e+01 6.209346e+01 -6.863841e+01 6.863841e+01 -0.000000e+00 1.806896e+01 0.000000e+00 3.140865e+02 0.000000 1.000000
1.151706e-01 -6.203080e+01 6.203080e+01 -6.858045e+01 6.858045e+01 -0.000000e+00 1.804830e+01 0.000000e+00 3.138518e+02 0.000000 1.000000
1.153987e-01 -6.196663e+01 6.196663e+01 -6.852082e+01 6.852082e+01 -0.000000e+00 1.802721e+01 0.000000e+00 3.136101e+02 0.000000 1.000000
1.156269e-01 -6.190106e+01 6.190106e+01 -6.845960e+01 6.845960e+01 -0.000000e+00 1.800572e+01 0.000000e+00 3.133618e+02 0.000000 1.000000
1.158553e-01 -6.183418e+01 6.183418e+01 -6.839691e+01 6.839691e+01 -0.000000e+00 1.798386e+01 0.000000e+00 3.131072e+02 0.000000 1.000000
1.160840e-01 -6.176610e+01 6.176610e+01 -6.833283e+01 6.833283e+01 -0.000000e+00 1.796167e+01 0.000000e+00 3.128468e+02 0.000000 1.000000
1.163129e-01 -6.169692e+01 6.169692e+01 -6.826748e+01 6.826748e+01 -0.000000e+00 1.793918e+01 0.000000e+00 3.125811e+02 0.000000 1.000000
1.165420e-01 -6.162674e+01 6.162674e+01 -6.820094e+01 6.820094e+01 -0.000000e+00 1.791643e+01 0.000000e+00 3.123103e+02 0.000000 1.000000
1.167713e-01 -6.155567e+01 6.155567e+01 -6.813333e+01 6.813333e+01 -0.000000e+00 1.789343e+01 0.000000e+00 3.120350e+02 0.000000 1.000000
1.170009e-01 -6.148381e+01 6.148381e+01 -6.806473e+01 6.806473e+01 -0.000000e+00 1.787024e+01 0.000000e+00 3.117555e+02 0.000000 1.000000
1.172307e-01 -6.141125e+01 6.141125e+01 -6.799525e+01 6.799525e+01 -0.000000e+00 1.784686e+01 0.000000e+00 3.114723e+02 0.000000 1.000000
1.174607e-01 -6.133811e+01 6.133811e+01 -6.792499e+01 6.792499e+01 -0.000000e+00 1.782335e+01 0.000000e+00 3.111857e+02 0.000000 1.000000
1.176910e-01 -6.126447e+01 6.126447e+01 -6.785405e+01 6.785405e+01 -0.000000e+00 1.779973e+01 0.000000e+00 3.108962e+02 0.000000 1.000000
1.179215e-01 -6.119043e+01 6.119043e+01 -6.778251e+01 6.778251e+01 -0.000000e+00 1.777603e+01 0.000000e+00 3.106042e+02 0.000000 1.000000
1.181523e-01 -6.111609e+01 6.111609e+01 -6.771049e+01 6.771049e+01 -0.000000e+00 1.775228e+01 0.000000e+00 3.103101e+02 0.000000 1.000000
1.183833e-01 -6.104156e+01 6.104156e+01 -6.763807e+01 6.763807e+01 -0.000000e+00 1.772852e+01 0.000000e+00 3.100142e+02 0.000000 1.000000
1.186145e-01 -6.096691e+01 6.096691e+01 -6.756535e+01 6.756535e+01 -0.000000e+00 1.770476e+01 0.000000e+00 3.097171e+02 0.000000 1.000000
1.188460e-01 -6.089225e+01 6.089225e+01 -6.749243e+01 6.749243e+01 -0.000000e+00 1.768104e+01 0.000000e+00 3.094190e+02 0.000000 1.000000
1.190778e-01 -6.081767e+01 6.081767e+01 -6.741939e+01 6.741939e+01 -0.000000e+00 1.765739e+01 0.000000e+00 3.091203e+02 0.000000 1.000000
1.193098e-01 -6.074325e+01 6.074325e+01 -6.734634e+01 6.734634e+01 -0.000000e+00 1.763384e+01 0.000000e+00 3.088215e+02 0.000000 1.000000
1.195421e-01 -6.066909e+01 6.066909e+01 -6.727335e+01 6.727335e+01 -0.000000e+00 1.761041e+01 0.000000e+00 3.085228e+02 0.000000 1.000000
1.197746e-01 -6.059528e+01 6.059528e+01 -6.720052e+01 6.720052e+01 -0.000000e+00 1.758713e+01 0.000000e+00 3.082247e+02 0.000000 1.000000
1.200073e-01 -6.052188e+01 6.052188e+01 -6.712793e+01 6.712793e+01 -0.000000e+00 1.756402e+01 0.000000e+00 3.079276e+02 0.000000 1.000000
1.202404e-01 -6.044900e+01 6.044900e+01 -6.705567e+01 6.705567e+01 -0.000000e+00 1.754112e+01 0.000000e+00 3.076317e+02 0.000000 1.000000
1.204736e-01 -6.037671e+01 6.037671e+01 -6.698382e+01 6.698382e+01 -0.000000e+00 1.751844e+01 0.000000e+00 3.073374e+02 0.000000 1.000000
1.207071e-01 -6.030509e+01 6.030509e+01 -6.691247e+01 6.691247e+01 -0.000000e+00 1.749602e+01 0.000000e+00 3.070451e+02 0.000000 1.000000
1.209409e-01 -6.023422e+01 6.023422e+01 -6.684170e+01 6.684170e+01 -0.000000e+00 1.747386e+01 0.000000e+00 3.067551e+02 0.000000 1.000000
