# # x,T_minus
0.000000000000000000e+00 1.000000000000000000e+00
2.000000000000000042e-02 1.000000000000000000e+00
4.000000000000000083e-02 1.000000000000000000e+00
5.999999999999999778e-02 1.000000000000000000e+00
8.000000000000000167e-02 1.000000000000000000e+00
1.000000000000000056e-01 1.000000000000000000e+00
1.199999999999999956e-01 1.000000000000000000e+00
1.400000000000000133e-01 1.000000000000000000e+00
1.600000000000000033e-01 1.000000000000000000e+00
1.799999999999999933e-01 1.000000000000000000e+00
2.000000000000000111e-01 1.000000000000000000e+00
2.200000000000000011e-01 1.000000000000000000e+00
2.399999999999999911e-01 1.000000000000000000e+00
2.600000000000000089e-01 1.000000000000000056e-01
2.800000000000000266e-01 -2.000000000000000389e-02
2.999999999999999889e-01 4.000000000000000951e-03
3.200000000000000067e-01 -8.000000000000002552e-04
3.400000000000000244e-01 1.600000000000000673e-04
3.599999999999999867e-01 -3.200000000000001210e-05
3.800000000000000044e-01 6.400000000000003099e-06
4.000000000000000222e-01 -1.280000000000000662e-06
4.199999999999999845e-01 2.560000000000001218e-07
4.400000000000000022e-01 -5.120000000000002834e-08
4.600000000000000200e-01 1.024000000000000600e-08
4.799999999999999822e-01 -2.048000000000001200e-09
5.000000000000000000e-01 4.096000000000002709e-10
5.200000000000000178e-01 -8.192000000000006453e-11
5.400000000000000355e-01 1.638400000000001420e-11
5.600000000000000533e-01 -3.276800000000003163e-12
5.799999999999999600e-01 6.553600000000006527e-13
5.999999999999999778e-01 -1.310720000000001356e-13
6.199999999999999956e-01 2.621440000000002775e-14
6.400000000000000133e-01 -5.242880000000006023e-15
6.600000000000000311e-01 1.048576000000001284e-15
6.800000000000000488e-01 -2.097152000000002567e-16
7.000000000000000666e-01 4.194304000000005381e-17
7.199999999999999734e-01 -8.388608000000011686e-18
7.399999999999999911e-01 1.677721600000002376e-18
7.600000000000000089e-01 -3.355443200000004944e-19
7.800000000000000266e-01 6.710886400000009888e-20
8.000000000000000444e-01 -1.342177280000002068e-20
8.200000000000000622e-01 2.684354560000004361e-21
8.399999999999999689e-01 -5.368709120000008911e-22
8.599999999999999867e-01 1.073741824000001735e-22
8.800000000000000044e-01 -2.147483648000003647e-23
9.000000000000000222e-01 4.294967296000007587e-24
9.200000000000000400e-01 -8.589934592000015909e-25
9.400000000000000577e-01 1.717986918400003228e-25
9.599999999999999645e-01 -3.435973836800006685e-26
9.799999999999999822e-01 6.871947673600013370e-27
1.000000000000000000e+00 -1.374389534720002818e-27
