# # x,T_plus
0.000000000000000000e+00 1.000000000000000000e+00
2.000000000000000042e-02 1.000000000000000000e+00
4.000000000000000083e-02 1.000000000000000000e+00
5.999999999999999778e-02 1.000000000000000000e+00
8.000000000000000167e-02 1.000000000000000000e+00
1.000000000000000056e-01 1.000000000000000000e+00
1.199999999999999956e-01 1.000000000000000000e+00
1.400000000000000133e-01 1.000000000000000000e+00
1.600000000000000033e-01 1.000000000000000000e+00
1.799999999999999933e-01 1.000000000000000000e+00
2.000000000000000111e-01 1.000000000000000000e+00
2.200000000000000011e-01 1.000000000000000000e+00
2.399999999999999911e-01 1.000008504587817981e+00
2.600000000000000089e-01 1.000262622901483267e+00
2.800000000000000266e-01 9.973950727909727254e-01
2.999999999999999889e-01 9.881545409960986737e-01
3.200000000000000067e-01 1.067416028688596086e+00
3.400000000000000244e-01 1.193670306648115575e+00
3.599999999999999867e-01 7.165205584632114988e-01
3.800000000000000044e-01 -1.461529650434426064e-01
4.000000000000000222e-01 -1.836780592083815389e-01
4.199999999999999845e-01 9.343838104085612495e-02
4.400000000000000022e-01 5.721703056466628107e-04
4.600000000000000200e-01 -2.017708832353031292e-02
4.799999999999999822e-01 1.167147918595691850e-02
5.000000000000000000e-01 -3.459704228426853899e-03
5.200000000000000178e-01 1.607136829245441089e-04
5.400000000000000355e-01 4.742924054681355397e-04
5.600000000000000533e-01 -3.407142927155672706e-04
5.799999999999999600e-01 1.552960897043429648e-04
5.999999999999999778e-01 -5.407551056495733002e-05
6.199999999999999956e-01 1.427763202553162405e-05
6.400000000000000133e-01 -2.161648024049367531e-06
6.600000000000000311e-01 -4.475949779539372416e-07
6.800000000000000488e-01 5.743063092975935549e-07
7.000000000000000666e-01 -3.232611426733152886e-07
7.199999999999999734e-01 1.424514159432354085e-07
7.399999999999999911e-01 -5.467967847147711414e-08
7.600000000000000089e-01 1.899463016831324548e-08
7.800000000000000266e-01 -6.063023987277776529e-09
8.000000000000000444e-01 1.782512182536067383e-09
8.200000000000000622e-01 -4.776531443596608239e-10
8.399999999999999689e-01 1.127915049693778661e-10
8.599999999999999867e-01 -2.113439701594657928e-11
8.800000000000000044e-01 1.675093661523701077e-12
9.000000000000000222e-01 1.075739871881947474e-12
9.200000000000000400e-01 -8.245986805263448845e-13
9.400000000000000577e-01 3.989539746387136748e-13
9.599999999999999645e-01 -1.633847802068708628e-13
9.799999999999999822e-01 6.105754449984398632e-14
1.000000000000000000e+00 0.000000000000000000e+00
