0.000000e+00 0.000000e+00 -5.128353e-13 0.000000e+00 8.017617e-01
4.424779e-03 0.000000e+00 -5.131280e-13 -2.708356e-05 7.973398e-01
8.849558e-03 0.000000e+00 -5.140594e-13 -5.417791e-05 7.929178e-01
8.849558e-03 0.000000e+00 -5.140594e-13 -5.417791e-05 7.929178e-01
1.327434e-02 0.000000e+00 -5.155879e-13 -8.129387e-05 7.885015e-01
1.769912e-02 0.000000e+00 -5.179124e-13 -1.084422e-04 7.840853e-01
1.769912e-02 0.000000e+00 -5.179124e-13 -1.084422e-04 7.840853e-01
2.212389e-02 0.000000e+00 -5.198411e-13 -1.356338e-04 7.796747e-01
2.654867e-02 0.000000e+00 -5.226728e-13 -1.628794e-04 7.752642e-01
2.654867e-02 0.000000e+00 -5.226728e-13 -1.628794e-04 7.752642e-01
3.097345e-02 0.000000e+00 -5.260498e-13 -1.901899e-04 7.708594e-01
3.539823e-02 0.000000e+00 -5.300602e-13 -2.175761e-04 7.664546e-01
3.539823e-02 0.000000e+00 -5.300602e-13 -2.175761e-04 7.664546e-01
3.982301e-02 0.000000e+00 -5.346210e-13 -2.450488e-04 7.620556e-01
4.424779e-02 0.000000e+00 -5.396751e-13 -2.726189e-04 7.576567e-01
4.424779e-02 0.000000e+00 -5.396751e-13 -2.726189e-04 7.576567e-01
4.867257e-02 0.000000e+00 -5.451382e-13 -3.002973e-04 7.532637e-01
5.309735e-02 0.000000e+00 -5.510809e-13 -3.280949e-04 7.488707e-01
5.309735e-02 0.000000e+00 -5.510809e-13 -3.280949e-04 7.488707e-01
5.752212e-02 0.000000e+00 -5.576764e-13 -3.560225e-04 7.444837e-01
6.194690e-02 0.000000e+00 -5.646871e-13 -3.840912e-04 7.400968e-01
6.194690e-02 0.000000e+00 -5.646871e-13 -3.840912e-04 7.400968e-01
6.637168e-02 0.000000e+00 -5.720797e-13 -4.123119e-04 7.357161e-01
7.079646e-02 0.000000e+00 -5.800516e-13 -4.406955e-04 7.313354e-01
7.079646e-02 0.000000e+00 -5.800516e-13 -4.406955e-04 7.313354e-01
7.522124e-02 0.000000e+00 -5.885101e-13 -4.692530e-04 7.269611e-01
7.964602e-02 0.000000e+00 -5.975541e-13 -4.979956e-04 7.225868e-01
7.964602e-02 0.000000e+00 -5.975541e-13 -4.979956e-04 7.225868e-01
8.407080e-02 0.000000e+00 -6.070418e-13 -5.269341e-04 7.182191e-01
8.849558e-02 0.000000e+00 -6.171509e-13 -5.560798e-04 7.138514e-01
8.849558e-02 0.000000e+00 -6.171509e-13 -5.560798e-04 7.138514e-01
9.292035e-02 0.000000e+00 -6.277448e-13 -5.854436e-04 7.094905e-01
9.734513e-02 0.000000e+00 -6.389383e-13 -6.150368e-04 7.051296e-01
9.734513e-02 0.000000e+00 -6.389383e-13 -6.150368e-04 7.051296e-01
1.017699e-01 0.000000e+00 -6.506403e-13 -6.448704e-04 7.007758e-01
1.061947e-01 0.000000e+00 -6.629232e-13 -6.749557e-04 6.964220e-01
1.061947e-01 0.000000e+00 -6.629232e-13 -6.749557e-04 6.964220e-01
1.106195e-01 0.000000e+00 -6.758162e-13 -7.053039e-04 6.920756e-01
1.150442e-01 0.000000e+00 -6.892931e-13 -7.359263e-04 6.877292e-01
1.150442e-01 0.000000e+00 -6.892931e-13 -7.359263e-04 6.877292e-01
1.194690e-01 0.000000e+00 -7.033586e-13 -7.668340e-04 6.833905e-01
1.238938e-01 0.000000e+00 -7.180243e-13 -7.980385e-04 6.790518e-01
1.238938e-01 0.000000e+00 -7.180243e-13 -7.980385e-04 6.790518e-01
1.283186e-01 0.000000e+00 -7.333005e-13 -8.295510e-04 6.747212e-01
1.327434e-01 0.000000e+00 -7.491989e-13 -8.613830e-04 6.703906e-01
1.327434e-01 0.000000e+00 -7.491989e-13 -8.613830e-04 6.703906e-01
1.371681e-01 0.000000e+00 -7.657305e-13 -8.935456e-04 6.660684e-01
1.415929e-01 0.000000e+00 -7.829143e-13 -9.260505e-04 6.617463e-01
1.415929e-01 0.000000e+00 -7.829143e-13 -9.260505e-04 6.617463e-01
1.460177e-01 0.000000e+00 -8.007273e-13 -9.589089e-04 6.574330e-01
1.504425e-01 0.000000e+00 -8.192173e-13 -9.921325e-04 6.531198e-01
1.504425e-01 0.000000e+00 -8.192173e-13 -9.921325e-04 6.531198e-01
1.548673e-01 0.000000e+00 -8.383966e-13 -1.025732e-03 6.488159e-01
1.592920e-01 0.000000e+00 -8.582654e-13 -1.059720e-03 6.445120e-01
1.592920e-01 0.000000e+00 -8.582654e-13 -1.059720e-03 6.445120e-01
1.637168e-01 0.000000e+00 -8.788322e-13 -1.094108e-03 6.402181e-01
1.681416e-01 0.000000e+00 -9.001133e-13 -1.128906e-03 6.359241e-01
1.681416e-01 0.000000e+00 -9.001133e-13 -1.128906e-03 6.359241e-01
1.725664e-01 0.000000e+00 -9.221297e-13 -1.164127e-03 6.316407e-01
1.769912e-01 0.000000e+00 -9.448994e-13 -1.199782e-03 6.273573e-01
1.769912e-01 0.000000e+00 -9.448994e-13 -1.199782e-03 6.273573e-01
1.814159e-01 0.000000e+00 -9.684270e-13 -1.235882e-03 6.230850e-01
1.858407e-01 0.000000e+00 -9.927213e-13 -1.272439e-03 6.188127e-01
1.858407e-01 0.000000e+00 -9.927213e-13 -1.272439e-03 6.188127e-01
1.902655e-01 0.000000e+00 -1.017816e-12 -1.309464e-03 6.145523e-01
1.946903e-01 0.000000e+00 -1.043752e-12 -1.346968e-03 6.102918e-01
1.946903e-01 0.000000e+00 -1.043752e-12 -1.346968e-03 6.102918e-01
1.991150e-01 0.000000e+00 -1.070551e-12 -1.384964e-03 6.060440e-01
2.035398e-01 0.000000e+00 -1.098333e-12 -1.423461e-03 6.017962e-01
2.035398e-01 0.000000e+00 -1.098333e-12 -1.423461e-03 6.017962e-01
2.079646e-01 0.000000e+00 -1.126627e-12 -1.462472e-03 5.975619e-01
2.123894e-01 0.000000e+00 -1.155858e-12 -1.502007e-03 5.933276e-01
2.123894e-01 0.000000e+00 -1.155858e-12 -1.502007e-03 5.933276e-01
2.168142e-01 0.000000e+00 -1.186025e-12 -1.542078e-03 5.891077e-01
2.212389e-01 0.000000e+00 -1.217131e-12 -1.582695e-03 5.848878e-01
2.212389e-01 0.000000e+00 -1.217131e-12 -1.582695e-03 5.848878e-01
2.256637e-01 0.000000e+00 -1.249203e-12 -1.623868e-03 5.806833e-01
2.300885e-01 0.000000e+00 -1.282242e-12 -1.665609e-03 5.764788e-01
2.300885e-01 0.000000e+00 -1.282242e-12 -1.665609e-03 5.764788e-01
2.345133e-01 0.000000e+00 -1.316279e-12 -1.707928e-03 5.722909e-01
2.389381e-01 0.000000e+00 -1.351350e-12 -1.750835e-03 5.681030e-01
2.389381e-01 0.000000e+00 -1.351350e-12 -1.750835e-03 5.681030e-01
2.433628e-01 0.000000e+00 -1.387482e-12 -1.794339e-03 5.639329e-01
2.477876e-01 0.000000e+00 -1.424683e-12 -1.838451e-03 5.597628e-01
2.477876e-01 0.000000e+00 -1.424683e-12 -1.838451e-03 5.597628e-01
2.522124e-01 0.000000e+00 -1.462992e-12 -1.883179e-03 5.556119e-01
2.566372e-01 0.000000e+00 -1.502445e-12 -1.928533e-03 5.514610e-01
2.566372e-01 0.000000e+00 -1.502445e-12 -1.928533e-03 5.514610e-01
2.610619e-01 0.000000e+00 -1.543080e-12 -1.974520e-03 5.473307e-01
2.654867e-01 0.000000e+00 -1.584904e-12 -2.021149e-03 5.432005e-01
2.654867e-01 0.000000e+00 -1.584904e-12 -2.021149e-03 5.432005e-01
2.699115e-01 0.000000e+00 -1.627961e-12 -2.068427e-03 5.390927e-01
2.743363e-01 0.000000e+00 -1.672350e-12 -2.116360e-03 5.349848e-01
2.743363e-01 0.000000e+00 -1.672350e-12 -2.116360e-03 5.349848e-01
2.787611e-01 0.000000e+00 -1.717948e-12 -2.164956e-03 5.309012e-01
2.831858e-01 0.000000e+00 -1.765039e-12 -2.214218e-03 5.268176e-01
2.831858e-01 0.000000e+00 -1.765039e-12 -2.214218e-03 5.268176e-01
2.876106e-01 0.000000e+00 -1.813424e-12 -2.264152e-03 5.227603e-01
2.920354e-01 0.000000e+00 -1.863319e-12 -2.314761e-03 5.187029e-01
2.920354e-01 0.000000e+00 -1.863319e-12 -2.314761e-03 5.187029e-01
2.964602e-01 0.000000e+00 -1.914986e-12 -2.366047e-03 5.146742e-01
3.008850e-01 0.000000e+00 -1.969223e-12 -2.418012e-03 5.106455e-01
3.008850e-01 0.000000e+00 -1.969223e-12 -2.418012e-03 5.106455e-01
3.053097e-01 0.000000e+00 -2.023408e-12 -2.470654e-03 5.066479e-01
3.097345e-01 0.000000e+00 -2.079559e-12 -2.523973e-03 5.026504e-01
3.097345e-01 0.000000e+00 -2.079559e-12 -2.523973e-03 5.026504e-01
3.141593e-01 0.000000e+00 -2.137880e-12 -2.577965e-03 4.986869e-01
3.185841e-01 0.000000e+00 -2.197876e-12 -2.632624e-03 4.947233e-01
3.185841e-01 0.000000e+00 -2.197876e-12 -2.632624e-03 4.947233e-01
3.230088e-01 0.000000e+00 -2.259811e-12 -2.687942e-03 4.907970e-01
3.274336e-01 0.000000e+00 -2.323713e-12 -2.743910e-03 4.868708e-01
3.274336e-01 0.000000e+00 -2.323713e-12 -2.743910e-03 4.868708e-01
3.318584e-01 0.000000e+00 -2.389725e-12 -2.800514e-03 4.829853e-01
3.362832e-01 0.000000e+00 -2.457927e-12 -2.857739e-03 4.790998e-01
3.362832e-01 0.000000e+00 -2.457927e-12 -2.857739e-03 4.790998e-01
3.407080e-01 0.000000e+00 -2.528424e-12 -2.915564e-03 4.752593e-01
3.451327e-01 0.000000e+00 -2.601318e-12 -2.973967e-03 4.714187e-01
3.451327e-01 0.000000e+00 -2.601318e-12 -2.973967e-03 4.714187e-01
3.495575e-01 0.000000e+00 -2.676724e-12 -3.032920e-03 4.676276e-01
3.539823e-01 0.000000e+00 -2.754760e-12 -3.092390e-03 4.638365e-01
3.539823e-01 0.000000e+00 -2.754760e-12 -3.092390e-03 4.638365e-01
3.584071e-01 0.000000e+00 -2.835562e-12 -3.152339e-03 4.601001e-01
3.628319e-01 0.000000e+00 -2.919212e-12 -3.212723e-03 4.563636e-01
3.628319e-01 0.000000e+00 -2.919212e-12 -3.212723e-03 4.563636e-01
3.672566e-01 0.000000e+00 -3.005916e-12 -3.273489e-03 4.526877e-01
3.716814e-01 0.000000e+00 -3.095883e-12 -3.334579e-03 4.490117e-01
3.716814e-01 0.000000e+00 -3.095883e-12 -3.334579e-03 4.490117e-01
3.761062e-01 0.000000e+00 -3.188907e-12 -3.395924e-03 4.454028e-01
3.805310e-01 0.000000e+00 -3.285757e-12 -3.457445e-03 4.417940e-01
3.805310e-01 0.000000e+00 -3.285757e-12 -3.457445e-03 4.417940e-01
3.849558e-01 0.000000e+00 -3.386319e-12 -3.519052e-03 4.382598e-01
3.893805e-01 0.000000e+00 -3.490831e-12 -3.580643e-03 4.347257e-01
3.893805e-01 0.000000e+00 -3.490831e-12 -3.580643e-03 4.347257e-01
3.938053e-01 0.000000e+00 -3.599581e-12 -3.642099e-03 4.312748e-01
3.982301e-01 0.000000e+00 -3.712450e-12 -3.703288e-03 4.278240e-01
3.982301e-01 0.000000e+00 -3.712450e-12 -3.703288e-03 4.278240e-01
4.026549e-01 0.000000e+00 -3.831361e-12 -3.764055e-03 4.244662e-01
4.070796e-01 0.000000e+00 -3.954722e-12 -3.824228e-03 4.211085e-01
4.070796e-01 0.000000e+00 -3.954722e-12 -3.824228e-03 4.211085e-01
4.115044e-01 0.000000e+00 -4.083657e-12 -3.883611e-03 4.178557e-01
4.159292e-01 0.000000e+00 -4.218407e-12 -3.941980e-03 4.146029e-01
4.159292e-01 0.000000e+00 -4.218407e-12 -3.941980e-03 4.146029e-01
4.203540e-01 0.000000e+00 -4.359539e-12 -3.999084e-03 4.114679e-01
4.247788e-01 0.000000e+00 -4.507408e-12 -4.054644e-03 4.083329e-01
4.247788e-01 0.000000e+00 -4.507408e-12 -4.054644e-03 4.083329e-01
4.292035e-01 0.000000e+00 -4.662980e-12 -4.108339e-03 4.053392e-01
4.336283e-01 0.000000e+00 -4.826522e-12 -4.159818e-03 4.023454e-01
4.336283e-01 0.000000e+00 -4.826522e-12 -4.159818e-03 4.023454e-01
4.380531e-01 0.000000e+00 -5.000130e-12 -4.208700e-03 3.995094e-01
4.424779e-01 0.000000e+00 -5.184101e-12 -4.254595e-03 3.966734e-01
4.424779e-01 0.000000e+00 -5.184101e-12 -4.254595e-03 3.966734e-01
4.469027e-01 0.000000e+00 -5.381137e-12 -4.296990e-03 3.941320e-01
4.513274e-01 0.000000e+00 -5.594269e-12 -4.335308e-03 3.915907e-01
4.513274e-01 0.000000e+00 -5.594269e-12 -4.335308e-03 3.915907e-01
4.557522e-01 0.000000e+00 -5.828158e-12 -4.368942e-03 3.893844e-01
4.601770e-01 0.000000e+00 -6.092783e-12 -4.397040e-03 3.871781e-01
4.601770e-01 0.000000e+00 -6.092783e-12 -4.397040e-03 3.871781e-01
4.646018e-01 0.000000e+00 -6.403026e-12 -4.416543e-03 3.870320e-01
4.690265e-01 0.000000e+00 -6.717077e-12 -4.422267e-03 3.868860e-01
4.690265e-01 0.000000e+00 -6.717077e-12 -4.422267e-03 3.868860e-01
4.734513e-01 0.000000e+00 -6.594179e-12 -4.422423e-03 3.591942e-01
4.778761e-01 0.000000e+00 -6.469067e-12 -4.422581e-03 3.315023e-01
4.778761e-01 0.000000e+00 -6.469067e-12 -4.422581e-03 3.315023e-01
4.823009e-01 0.000000e+00 -6.341115e-12 -4.422693e-03 3.019896e-01
4.867257e-01 0.000000e+00 -6.212657e-12 -4.422867e-03 2.724769e-01
4.867257e-01 0.000000e+00 -6.212657e-12 -4.422867e-03 2.724769e-01
4.911504e-01 0.000000e+00 -6.083837e-12 -4.423066e-03 2.726055e-01
4.955752e-01 0.000000e+00 -5.954872e-12 -4.423249e-03 2.727341e-01
4.955752e-01 0.000000e+00 -5.954872e-12 -4.423249e-03 2.727341e-01
5.000000e-01 0.000000e+00 -5.825876e-12 -4.423420e-03 2.672782e-01
5.044248e-01 0.000000e+00 -5.696888e-12 -4.423589e-03 2.618224e-01
5.044248e-01 0.000000e+00 -5.696888e-12 -4.423589e-03 2.618224e-01
5.088496e-01 0.000000e+00 -5.567889e-12 -4.423753e-03 2.584264e-01
5.132743e-01 0.000000e+00 -5.438923e-12 -4.423911e-03 2.550305e-01
5.132743e-01 0.000000e+00 -5.438923e-12 -4.423911e-03 2.550305e-01
5.176991e-01 0.000000e+00 -5.310058e-12 -4.424063e-03 2.512879e-01
5.221239e-01 0.000000e+00 -5.181264e-12 -4.424211e-03 2.475453e-01
5.221239e-01 0.000000e+00 -5.181264e-12 -4.424211e-03 2.475453e-01
5.265487e-01 0.000000e+00 -5.053047e-12 -4.424354e-03 2.439912e-01
5.309735e-01 0.000000e+00 -4.926204e-12 -4.424492e-03 2.404370e-01
5.309735e-01 0.000000e+00 -4.926204e-12 -4.424492e-03 2.404370e-01
5.353982e-01 0.000000e+00 -4.795955e-12 -4.424626e-03 2.369097e-01
5.398230e-01 0.000000e+00 -4.669201e-12 -4.424754e-03 2.333824e-01
5.398230e-01 0.000000e+00 -4.669201e-12 -4.424754e-03 2.333824e-01
5.442478e-01 0.000000e+00 -4.538370e-12 -4.424877e-03 2.299236e-01
5.486726e-01 0.000000e+00 -4.407932e-12 -4.424995e-03 2.264649e-01
5.486726e-01 0.000000e+00 -4.407932e-12 -4.424995e-03 2.264649e-01
5.530973e-01 0.000000e+00 -4.277769e-12 -4.425108e-03 2.230648e-01
5.575221e-01 0.000000e+00 -4.148706e-12 -4.425216e-03 2.196647e-01
5.575221e-01 0.000000e+00 -4.148706e-12 -4.425216e-03 2.196647e-01
5.619469e-01 0.000000e+00 -4.018585e-12 -4.425318e-03 2.163249e-01
5.663717e-01 0.000000e+00 -3.889793e-12 -4.425414e-03 2.129851e-01
5.663717e-01 0.000000e+00 -3.889793e-12 -4.425414e-03 2.129851e-01
5.707965e-01 0.000000e+00 -3.759676e-12 -4.425505e-03 2.097006e-01
5.752212e-01 0.000000e+00 -3.630057e-12 -4.425589e-03 2.064162e-01
5.752212e-01 0.000000e+00 -3.630057e-12 -4.425589e-03 2.064162e-01
5.796460e-01 0.000000e+00 -3.500541e-12 -4.425667e-03 2.031799e-01
5.840708e-01 0.000000e+00 -3.371004e-12 -4.425740e-03 1.999436e-01
5.840708e-01 0.000000e+00 -3.371004e-12 -4.425740e-03 1.999436e-01
5.884956e-01 0.000000e+00 -3.241502e-12 -4.425805e-03 1.967452e-01
5.929204e-01 0.000000e+00 -3.112001e-12 -4.425865e-03 1.935469e-01
5.929204e-01 0.000000e+00 -3.112001e-12 -4.425865e-03 1.935469e-01
5.973451e-01 0.000000e+00 -2.982503e-12 -4.425917e-03 1.903746e-01
6.017699e-01 0.000000e+00 -2.853000e-12 -4.425964e-03 1.872024e-01
6.017699e-01 0.000000e+00 -2.853000e-12 -4.425964e-03 1.872024e-01
6.061947e-01 0.000000e+00 -2.723484e-12 -4.426003e-03 1.840441e-01
6.106195e-01 0.000000e+00 -2.593965e-12 -4.426036e-03 1.808857e-01
6.106195e-01 0.000000e+00 -2.593965e-12 -4.426036e-03 1.808857e-01
6.150442e-01 0.000000e+00 -2.464442e-12 -4.426062e-03 1.777304e-01
6.194690e-01 0.000000e+00 -2.334923e-12 -4.426082e-03 1.745750e-01
6.194690e-01 0.000000e+00 -2.334923e-12 -4.426082e-03 1.745750e-01
6.238938e-01 0.000000e+00 -2.205412e-12 -4.426096e-03 1.714147e-01
6.283186e-01 0.000000e+00 -2.075911e-12 -4.426102e-03 1.682543e-01
6.283186e-01 0.000000e+00 -2.075911e-12 -4.426102e-03 1.682543e-01
6.327434e-01 0.000000e+00 -1.946415e-12 -4.426103e-03 1.650848e-01
6.371681e-01 0.000000e+00 -1.816926e-12 -4.426097e-03 1.619153e-01
6.371681e-01 0.000000e+00 -1.816926e-12 -4.426097e-03 1.619153e-01
6.415929e-01 0.000000e+00 -1.687449e-12 -4.426085e-03 1.587382e-01
6.460177e-01 0.000000e+00 -1.557953e-12 -4.426066e-03 1.555611e-01
6.460177e-01 0.000000e+00 -1.557953e-12 -4.426066e-03 1.555611e-01
6.504425e-01 0.000000e+00 -1.428443e-12 -4.426042e-03 1.523818e-01
6.548673e-01 0.000000e+00 -1.298904e-12 -4.426011e-03 1.492026e-01
6.548673e-01 0.000000e+00 -1.298904e-12 -4.426011e-03 1.492026e-01
6.592920e-01 0.000000e+00 -1.169322e-12 -4.425975e-03 1.460399e-01
6.637168e-01 0.000000e+00 -1.039376e-12 -4.425932e-03 1.428772e-01
6.637168e-01 0.000000e+00 -1.039376e-12 -4.425932e-03 1.428772e-01
6.681416e-01 0.000000e+00 -9.100338e-13 -4.425883e-03 1.397338e-01
6.725664e-01 0.000000e+00 -7.797774e-13 -4.425828e-03 1.365903e-01
6.725664e-01 0.000000e+00 -7.797774e-13 -4.425828e-03 1.365903e-01
6.769912e-01 0.000000e+00 -6.493950e-13 -4.425766e-03 1.335721e-01
6.814159e-01 0.000000e+00 -5.232155e-13 -4.425698e-03 1.305540e-01
6.814159e-01 0.000000e+00 -5.232155e-13 -4.425698e-03 1.305540e-01
6.858407e-01 0.000000e+00 -3.924422e-13 -4.425624e-03 1.274487e-01
6.902655e-01 0.000000e+00 -2.630331e-13 -4.425543e-03 1.243434e-01
6.902655e-01 0.000000e+00 -2.630331e-13 -4.425543e-03 1.243434e-01
6.946903e-01 0.000000e+00 -1.334278e-13 -4.425455e-03 1.222179e-01
6.991150e-01 0.000000e+00 -3.953543e-15 -4.425357e-03 1.200925e-01
6.991150e-01 0.000000e+00 -3.953543e-15 -4.425357e-03 1.200925e-01
7.035398e-01 0.000000e+00 1.255276e-13 -4.425253e-03 1.152663e-01
7.079646e-01 0.000000e+00 2.549888e-13 -4.425143e-03 1.104401e-01
7.079646e-01 0.000000e+00 2.549888e-13 -4.425143e-03 1.104401e-01
7.123894e-01 0.000000e+00 3.844635e-13 -4.425016e-03 1.163141e-01
7.168142e-01 0.000000e+00 5.139543e-13 -4.424860e-03 1.221881e-01
7.168142e-01 0.000000e+00 5.139543e-13 -4.424860e-03 1.221881e-01
7.212389e-01 0.000000e+00 6.434801e-13 -4.424720e-03 7.657076e-02
7.256637e-01 0.000000e+00 7.730149e-13 -4.424661e-03 3.095342e-02
7.256637e-01 0.000000e+00 7.730149e-13 -4.424661e-03 3.095342e-02
7.300885e-01 0.000000e+00 8.694972e-13 -4.420864e-03 2.736032e-02
7.345133e-01 0.000000e+00 9.689225e-13 -4.412055e-03 2.376723e-02
7.345133e-01 0.000000e+00 9.689225e-13 -4.412055e-03 2.376723e-02
7.389381e-01 0.000000e+00 1.072181e-12 -4.396083e-03 2.229485e-02
7.433628e-01 0.000000e+00 1.180850e-12 -4.371201e-03 2.082246e-02
7.433628e-01 0.000000e+00 1.180850e-12 -4.371201e-03 2.082246e-02
7.477876e-01 0.000000e+00 1.295054e-12 -4.346168e-03 1.038789e-02
7.522124e-01 0.000000e+00 1.414424e-12 -4.334766e-03 -4.667566e-05
7.522124e-01 0.000000e+00 1.414424e-12 -4.334766e-03 -4.667566e-05
7.566372e-01 0.000000e+00 1.703128e-12 -4.284141e-03 -5.143685e-05
7.610619e-01 0.000000e+00 2.003620e-12 -4.241613e-03 -5.619804e-05
7.610619e-01 0.000000e+00 2.003620e-12 -4.241613e-03 -5.619804e-05
7.654867e-01 0.000000e+00 2.276082e-12 -4.198624e-03 -5.229955e-05
7.699115e-01 0.000000e+00 2.546034e-12 -4.146180e-03 -4.840106e-05
7.699115e-01 0.000000e+00 2.546034e-12 -4.146180e-03 -4.840106e-05
7.743363e-01 0.000000e+00 2.806192e-12 -4.087728e-03 -4.716487e-05
7.787611e-01 0.000000e+00 3.071604e-12 -4.026614e-03 -4.592868e-05
7.787611e-01 0.000000e+00 3.071604e-12 -4.026614e-03 -4.592868e-05
7.831858e-01 0.000000e+00 3.323865e-12 -3.962679e-03 -4.425835e-05
7.876106e-01 0.000000e+00 3.571421e-12 -3.895666e-03 -4.258802e-05
7.876106e-01 0.000000e+00 3.571421e-12 -3.895666e-03 -4.258802e-05
7.920354e-01 0.000000e+00 3.808690e-12 -3.826144e-03 -4.126223e-05
7.964602e-01 0.000000e+00 4.032548e-12 -3.754634e-03 -3.993645e-05
7.964602e-01 0.000000e+00 4.032548e-12 -3.754634e-03 -3.993645e-05
8.008850e-01 0.000000e+00 4.264799e-12 -3.681359e-03 -3.870879e-05
8.053097e-01 0.000000e+00 4.483656e-12 -3.606513e-03 -3.748112e-05
8.053097e-01 0.000000e+00 4.483656e-12 -3.606513e-03 -3.748112e-05
8.097345e-01 0.000000e+00 4.695768e-12 -3.530312e-03 -3.638868e-05
8.141593e-01 0.000000e+00 4.921767e-12 -3.452955e-03 -3.529624e-05
8.141593e-01 0.000000e+00 4.921767e-12 -3.452955e-03 -3.529624e-05
8.185841e-01 0.000000e+00 5.134121e-12 -3.374594e-03 -3.430677e-05
8.230088e-01 0.000000e+00 5.326078e-12 -3.295365e-03 -3.331729e-05
8.230088e-01 0.000000e+00 5.326078e-12 -3.295365e-03 -3.331729e-05
8.274336e-01 0.000000e+00 5.514607e-12 -3.215389e-03 -3.242186e-05
8.318584e-01 0.000000e+00 5.703519e-12 -3.134777e-03 -3.152644e-05
8.318584e-01 0.000000e+00 5.703519e-12 -3.134777e-03 -3.152644e-05
8.362832e-01 0.000000e+00 5.884405e-12 -3.053621e-03 -3.071343e-05
8.407080e-01 0.000000e+00 6.035527e-12 -2.972006e-03 -2.990042e-05
8.407080e-01 0.000000e+00 6.035527e-12 -2.972006e-03 -2.990042e-05
8.451327e-01 0.000000e+00 6.198705e-12 -2.890005e-03 -2.916160e-05
8.495575e-01 0.000000e+00 6.354659e-12 -2.807684e-03 -2.842277e-05
8.495575e-01 0.000000e+00 6.354659e-12 -2.807684e-03 -2.842277e-05
8.539823e-01 0.000000e+00 6.509101e-12 -2.725101e-03 -2.775102e-05
8.584071e-01 0.000000e+00 6.661928e-12 -2.642308e-03 -2.707926e-05
8.584071e-01 0.000000e+00 6.661928e-12 -2.642308e-03 -2.707926e-05
8.628319e-01 0.000000e+00 6.814873e-12 -2.559348e-03 -2.646875e-05
8.672566e-01 0.000000e+00 6.952470e-12 -2.476263e-03 -2.585823e-05
8.672566e-01 0.000000e+00 6.952470e-12 -2.476263e-03 -2.585823e-05
8.716814e-01 0.000000e+00 7.106481e-12 -2.393086e-03 -2.530403e-05
8.761062e-01 0.000000e+00 7.250289e-12 -2.309850e-03 -2.474982e-05
8.761062e-01 0.000000e+00 7.250289e-12 -2.309850e-03 -2.474982e-05
8.805310e-01 0.000000e+00 7.380253e-12 -2.226580e-03 -2.424777e-05
8.849558e-01 0.000000e+00 7.503655e-12 -2.143301e-03 -2.374572e-05
8.849558e-01 0.000000e+00 7.503655e-12 -2.143301e-03 -2.374572e-05
8.893805e-01 0.000000e+00 7.633144e-12 -2.060031e-03 -2.329226e-05
8.938053e-01 0.000000e+00 7.764226e-12 -1.976789e-03 -2.283880e-05
8.938053e-01 0.000000e+00 7.764226e-12 -1.976789e-03 -2.283880e-05
8.982301e-01 0.000000e+00 7.880223e-12 -1.893588e-03 -2.243090e-05
9.026549e-01 0.000000e+00 7.995548e-12 -1.810442e-03 -2.202299e-05
9.026549e-01 0.000000e+00 7.995548e-12 -1.810442e-03 -2.202299e-05
9.070796e-01 0.000000e+00 8.095647e-12 -1.727360e-03 -2.165804e-05
9.115044e-01 0.000000e+00 8.192692e-12 -1.644350e-03 -2.129308e-05
9.115044e-01 0.000000e+00 8.192692e-12 -1.644350e-03 -2.129308e-05
9.159292e-01 0.000000e+00 8.277778e-12 -1.561418e-03 -2.096882e-05
9.203540e-01 0.000000e+00 8.373684e-12 -1.478569e-03 -2.064457e-05
9.203540e-01 0.000000e+00 8.373684e-12 -1.478569e-03 -2.064457e-05
9.247788e-01 0.000000e+00 8.454901e-12 -1.395806e-03 -2.035909e-05
9.292035e-01 0.000000e+00 8.527017e-12 -1.313131e-03 -2.007361e-05
9.292035e-01 0.000000e+00 8.527017e-12 -1.313131e-03 -2.007361e-05
9.336283e-01 0.000000e+00 8.599675e-12 -1.230544e-03 -1.982528e-05
9.380531e-01 0.000000e+00 8.662913e-12 -1.148045e-03 -1.957694e-05
9.380531e-01 0.000000e+00 8.662913e-12 -1.148045e-03 -1.957694e-05
9.424779e-01 0.000000e+00 8.726650e-12 -1.065632e-03 -1.936435e-05
9.469027e-01 0.000000e+00 8.788647e-12 -9.833028e-04 -1.915176e-05
9.469027e-01 0.000000e+00 8.788647e-12 -9.833028e-04 -1.915176e-05
9.513274e-01 0.000000e+00 8.847411e-12 -9.010532e-04 -1.897375e-05
9.557522e-01 0.000000e+00 8.936272e-12 -8.188796e-04 -1.879574e-05
9.557522e-01 0.000000e+00 8.936272e-12 -8.188796e-04 -1.879574e-05
9.601770e-01 0.000000e+00 8.984591e-12 -7.367768e-04 -1.865135e-05
9.646018e-01 0.000000e+00 9.034374e-12 -6.547397e-04 -1.850697e-05
9.646018e-01 0.000000e+00 9.034374e-12 -6.547397e-04 -1.850697e-05
9.690265e-01 0.000000e+00 9.044781e-12 -5.727620e-04 -1.839544e-05
9.734513e-01 0.000000e+00 9.071434e-12 -4.908374e-04 -1.828392e-05
9.734513e-01 0.000000e+00 9.071434e-12 -4.908374e-04 -1.828392e-05
9.778761e-01 0.000000e+00 9.090542e-12 -4.089590e-04 -1.820467e-05
9.823009e-01 0.000000e+00 9.113413e-12 -3.271197e-04 -1.812541e-05
9.823009e-01 0.000000e+00 9.113413e-12 -3.271197e-04 -1.812541e-05
9.867257e-01 0.000000e+00 9.138122e-12 -2.453118e-04 -1.807803e-05
9.911504e-01 0.000000e+00 9.118154e-12 -1.635279e-04 -1.803064e-05
9.911504e-01 0.000000e+00 9.118154e-12 -1.635279e-04 -1.803064e-05
9.955752e-01 0.000000e+00 9.129560e-12 -8.175994e-05 -1.801487e-05
1.000000e+00 0.000000e+00 9.135526e-12 0.000000e+00 -1.799910e-05
