# # t/year,min(v),max(v)
1.128589192295497812e+00 -2.893148146053168886e-12 2.893148146060839694e-12
1.986832382550203224e+00 -8.429916608785550461e-12 8.281718161519785042e-12
2.462583739565764152e+00 -1.116498346384660554e-11 1.103353203883784681e-11
2.821969486661820348e+00 -1.133361211991433186e-11 1.112385164578264857e-11
3.134099309175867099e+00 -1.100513082025533447e-11 1.076291583481220460e-11
3.425254390503492452e+00 -1.067225161853141895e-11 1.052322050971782038e-11
3.707384911778679903e+00 -1.042909376678564991e-11 1.024108324934911233e-11
3.986166393633843619e+00 -1.026328389537980298e-11 9.980031270198223173e-12
4.264249975003806981e+00 -1.015121008010686605e-11 9.816021196679815259e-12
4.542776689792281886e+00 -1.006515392345545874e-11 9.724744424535784615e-12
4.822158681954198833e+00 -9.974446081663384857e-12 9.631714268558085417e-12
5.102485883385484478e+00 -9.874885761048052172e-12 9.526597389210219267e-12
5.383726063115553018e+00 -9.767790111298966858e-12 9.414252399598255552e-12
5.665814028784624590e+00 -9.656547998785684060e-12 9.299981762684181708e-12
5.948686119726586341e+00 -9.544541008499886046e-12 9.187724726875189624e-12
6.232290511619380524e+00 -9.434298580173913640e-12 9.079786406918644029e-12
6.516588195102022141e+00 -9.327389583341823712e-12 8.977199532672816579e-12
6.801551018292956385e+00 -9.224621016771311586e-12 8.880197603582251343e-12
7.087159170959576038e+00 -9.126295464349968643e-12 8.788590524533009002e-12
7.373398845137806745e+00 -9.032423525952513837e-12 8.702004935631294691e-12
7.660260243693389093e+00 -8.942867914835498665e-12 8.620017154854978509e-12
7.947735956682603131e+00 -8.857429262813492699e-12 8.542217764710146471e-12
8.235819694324458595e+00 -8.775891774273036170e-12 8.468238177046634697e-12
8.524505354237346566e+00 -8.698044634109674864e-12 8.397758006418337933e-12
8.813786387744604767e+00 -8.623690231601064574e-12 8.330503513025619666e-12
9.103655418001100230e+00 -8.552645932158822074e-12 8.266242292570257114e-12
9.394104056171817874e+00 -8.484743106529648065e-12 8.204776746708846499e-12
9.685122862281259515e+00 -8.419825286209703041e-12 8.145937579396643212e-12
9.976701403200465279e+00 -8.357746292720781822e-12 8.089577927596139434e-12
1.026882836904864504e+01 -8.298368664470133734e-12 8.035568391952577667e-12
1.056149171880150384e+01 -8.241562454759144147e-12 7.983793030959035771e-12
1.085467883461873484e+01 -8.187204366927766335e-12 7.934146261938936413e-12
1.114837667159707735e+01 -8.135177155114630643e-12 7.886530548180078489e-12
1.144257189514637929e+01 -8.085369214645418792e-12 7.840854727135541597e-12
1.173725100211424177e+01 -8.037674295981200023e-12 7.797032836110346234e-12
1.203240042442724800e+01 -7.991991290818660829e-12 7.754983307739066296e-12
1.232800661567388012e+01 -7.948224054078814422e-12 7.714628429653833353e-12
1.262405612199895089e+01 -7.906281238172768469e-12 7.675893985523188385e-12
1.292053563913248837e+01 -7.866076126251653641e-12 7.638709015343878963e-12
1.321743205750897054e+01 -7.827526458225071067e-12 7.603005650197065932e-12
1.351473249737008686e+01 -7.790554248128576353e-12 7.568718990399961443e-12
1.381242433557394911e+01 -7.755085594239805940e-12 7.535787006439838588e-12
1.411049522561560998e+01 -7.721050484560538954e-12 7.504150449669680231e-12
1.440893311213496908e+01 -7.688382600897098264e-12 7.473752765204158956e-12
1.470772624097174308e+01 -7.657019124404127765e-12 7.444540003063503084e-12
1.500686316563399281e+01 -7.626900545163083643e-12 7.416460726021490609e-12
1.530633275088191247e+01 -7.597970477669840596e-12 7.389465914066519813e-12
1.560612417399143581e+01 -7.570175483708752746e-12 7.363508866191993177e-12
1.590622692415149153e+01 -7.543464903342939627e-12 7.338545100582558976e-12
1.620663080035977188e+01 -7.517790694617142781e-12 7.314532254413526384e-12
1.650732590811181666e+01 -7.493107282018053367e-12 7.291429984361922481e-12
1.680830265512297572e+01 -7.469371413663405011e-12 7.269199868817765691e-12
1.710955174627923370e+01 -7.446542026962476968e-12 7.247805312592152395e-12
1.741106417797861994e+01 -7.424580122409173716e-12 7.227211454714274258e-12
1.771283123199744480e+01 -7.403448645088261654e-12 7.207385079734674019e-12
1.801484446899355163e+01 -7.383112373524237680e-12 7.188294532835679233e-12
1.831709572174063894e+01 -7.363537815407789354e-12 7.169909638875919915e-12
1.861957708817292811e+01 -7.344693109779508037e-12 7.152201625411429749e-12
1.892228092430677222e+01 -7.326547935303152220e-12 7.135143049691487453e-12
1.922519983709534586e+01 -7.309073424216977456e-12 7.118707729511618318e-12
1.952832667726341853e+01 -7.292242081621736729e-12 7.102870677834026187e-12
1.983165453216158980e+01 -7.276027709733299298e-12 7.087608040990607679e-12
2.013517671867258230e+01 -7.260405336828738382e-12 7.072897040337739410e-12
2.043888677619650807e+01 -7.245351150558104452e-12 7.058715917172790233e-12
2.074277845973709589e+01 -7.230842435335988190e-12 7.045043880740399447e-12
2.104684573310658635e+01 -7.216857513564062224e-12 7.031861059165513878e-12
2.135108276226340607e+01 -7.203375690441654473e-12 7.019148453140437996e-12
2.165548390879365570e+01 -7.190377202098352340e-12 7.006887892207881328e-12
2.196004372354473588e+01 -7.177843166879522138e-12 6.995061993490272985e-12
2.226475694041726427e+01 -7.165755539546275807e-12 6.983654122718348289e-12
2.256961847031954704e+01 -7.154097068206528711e-12 6.972648357425876662e-12
2.287462339528729771e+01 -7.142851253803110205e-12 6.962029452175650263e-12
2.317976696276995341e+01 -7.132002311982462843e-12 6.951782805703720608e-12
2.348504458008382301e+01 -7.121535137219643111e-12 6.941894429866478581e-12
2.379045180903148449e+01 -7.111435268982757773e-12 6.932350920274759599e-12
2.409598436068598915e+01 -7.101688859905745468e-12 6.923139428530993307e-12
2.440163809033787956e+01 -7.092282645735627127e-12 6.914247635958101610e-12
2.470740899260255574e+01 -7.083203917007618750e-12 6.905663728743878028e-12
2.501329319668508688e+01 -7.074440492318028359e-12 6.897376374411732582e-12
2.531928696179923222e+01 -7.065980693090638041e-12 6.889374699540895417e-12
2.562538667273727810e+01 -7.057813319737079200e-12 6.881648268667255963e-12
2.593158883558702144e+01 -7.049927629138472930e-12 6.874187064285879040e-12
2.623789007359217962e+01 -7.042313313337793811e-12 6.866981467899612011e-12
2.654428712315237249e+01 -7.034960479403690282e-12 6.860022242048762078e-12
2.685077682995869708e+01 -7.027859630377111089e-12 6.853300513273015007e-12
2.715735614526101216e+01 -7.021001647220516647e-12 6.846807755935882708e-12
2.746402212226307782e+01 -7.014377771712558643e-12 6.840535776875509089e-12
2.777077191264142897e+01 -7.007979590276108565e-12 6.834476700834506380e-12
2.807760276318431991e+01 -7.001799018588765971e-12 6.828622956611276310e-12
2.838451201254673961e+01 -6.995828287058272134e-12 6.822967263914737737e-12
2.869149708811778865e+01 -6.990059926969966739e-12 6.817502620852154397e-12
