# # t/year,min(w),max(w)
1.128589192295497812e+00 -8.500648115070468857e-12 8.500648115079684166e-12
1.986832382550203224e+00 -2.692002966171245919e-11 2.682506877136420539e-11
2.462583739565764152e+00 -4.064533814130287632e-11 4.050221153592525796e-11
2.821969486661820348e+00 -4.638102651855999457e-11 4.531017701038926751e-11
3.134099309175867099e+00 -4.853223871892730369e-11 4.664384827322574850e-11
3.425254390503492452e+00 -4.902787211479383484e-11 4.676252434830550137e-11
3.707384911778679903e+00 -4.887974036245370545e-11 4.658159534383903025e-11
3.986166393633843619e+00 -4.854931732191023711e-11 4.637904953627868409e-11
4.264249975003806981e+00 -4.822059953598876371e-11 4.620449346199391888e-11
4.542776689792281886e+00 -4.794713181858228138e-11 4.604986723571967465e-11
4.822158681954198833e+00 -4.772962729904628752e-11 4.590526656377367758e-11
5.102485883385484478e+00 -4.755378141629864254e-11 4.576850345803556314e-11
5.383726063115553018e+00 -4.740542040685845859e-11 4.564155761502593402e-11
5.665814028784624590e+00 -4.727444118231054887e-11 4.552653794574618818e-11
5.948686119726586341e+00 -4.715449551498114612e-11 4.542396849617939806e-11
6.232290511619380524e+00 -4.704174107785934130e-11 4.533280609777135687e-11
6.516588195102022141e+00 -4.693381054758296273e-11 4.525111642205312333e-11
6.801551018292956385e+00 -4.682918886624606316e-11 4.517674143528147498e-11
7.087159170959576038e+00 -4.672689017945484130e-11 4.510772229853808114e-11
7.373398845137806745e+00 -4.662629641598543264e-11 4.504248166046799961e-11
7.660260243693389093e+00 -4.652706509297287005e-11 4.497984886169162056e-11
7.947735956682603131e+00 -4.642906110328899846e-11 4.491900883462348770e-11
8.235819694324458595e+00 -4.633229705989681163e-11 4.485942732390923847e-11
8.524505354237346566e+00 -4.623688049091237313e-11 4.480077874529068806e-11
8.813786387744604767e+00 -4.614297000817722686e-11 4.474288624920904333e-11
9.103655418001100230e+00 -4.605074198201684193e-11 4.468567527743433598e-11
9.394104056171817874e+00 -4.596036756958036291e-11 4.462913881633390815e-11
9.685122862281259515e+00 -4.587199863692996557e-11 4.457331193453339139e-11
9.976701403200465279e+00 -4.578576053372437619e-11 4.451825346026872679e-11
1.026882836904864504e+01 -4.570174967805485296e-11 4.446403309227627786e-11
1.056149171880150384e+01 -4.562003422286888815e-11 4.441072261799368117e-11
1.085467883461873484e+01 -4.554065649171601189e-11 4.435839020141667331e-11
1.114837667159707735e+01 -4.546363626533427520e-11 4.430709692385820352e-11
1.144257189514637929e+01 -4.538897432014108886e-11 4.425689493755966573e-11
1.173725100211424177e+01 -4.531665585643146994e-11 4.420782673796327081e-11
1.203240042442724800e+01 -4.524665361858197201e-11 4.415992518116993259e-11
1.232800661567388012e+01 -4.517893061857390361e-11 4.411321397103253308e-11
1.262405612199895089e+01 -4.511344244226668348e-11 4.406770841819256906e-11
1.292053563913248837e+01 -4.505013915817867727e-11 4.402341633305584144e-11
1.321743205750897054e+01 -4.498896686944456142e-11 4.398033895979796383e-11
1.351473249737008686e+01 -4.492986895831028020e-11 4.393847189144673170e-11
1.381242433557394911e+01 -4.487278707344755951e-11 4.389780592973494096e-11
1.411049522561560998e+01 -4.481766190675405671e-11 4.385832787005856132e-11
1.440893311213496908e+01 -4.476443380078046056e-11 4.382002120300771555e-11
1.470772624097174308e+01 -4.471304322133355559e-11 4.378286673144171037e-11
1.500686316563399281e+01 -4.466343112365627730e-11 4.374684310655039883e-11
1.530633275088191247e+01 -4.461553923485746239e-11 4.371192728907132971e-11
1.560612417399143581e+01 -4.456931027055092285e-11 4.367809494296318600e-11
1.590622692415149153e+01 -4.452468809953506663e-11 4.364532076943071906e-11
1.620663080035977188e+01 -4.448161786741613878e-11 4.361357878879469775e-11
1.650732590811181666e+01 -4.444004608743780960e-11 4.358284257738953413e-11
1.680830265512297572e+01 -4.439992070502902477e-11 4.355308546586056459e-11
1.710955174627923370e+01 -4.436119114111447774e-11 4.352428070457455558e-11
1.741106417797861994e+01 -4.432380831817167148e-11 4.349640160107847110e-11
1.771283123199744480e+01 -4.428772467220945017e-11 4.346942163389775335e-11
1.801484446899355163e+01 -4.425289415329088722e-11 4.344331454625838057e-11
1.831709572174063894e+01 -4.421927221668995548e-11 4.341805442284908574e-11
1.861957708817292811e+01 -4.418681580644633658e-11 4.339361575222849546e-11
1.892228092430677222e+01 -4.415548333281990892e-11 4.336997347704435065e-11
1.922519983709534586e+01 -4.412523464486940664e-11 4.334710303394238614e-11
1.952832667726341853e+01 -4.409603099921930108e-11 4.332498038470679854e-11
1.983165453216158980e+01 -4.406783502589004888e-11 4.330358203998962817e-11
2.013517671867258230e+01 -4.404061069197199656e-11 4.328288507670258039e-11
2.043888677619650807e+01 -4.401432326376019277e-11 4.326286715005255524e-11
2.074277845973709589e+01 -4.398893926787351323e-11 4.324350650104685097e-11
2.104684573310658635e+01 -4.396442645181658261e-11 4.322478196014127615e-11
2.135108276226340607e+01 -4.394075374434699871e-11 4.320667294763640147e-11
2.165548390879365570e+01 -4.391789121592313578e-11 4.318915947136045884e-11
2.196004372354473588e+01 -4.389581003951349025e-11 4.317222212204448408e-11
2.226475694041726427e+01 -4.387448245193697313e-11 4.315584206680463780e-11
2.256961847031954704e+01 -4.385388171588543246e-11 4.314000104105129977e-11
2.287462339528729771e+01 -4.383398208276143990e-11 4.312468133911256310e-11
2.317976696276995341e+01 -4.381475875641036286e-11 4.310986580382142616e-11
2.348504458008382301e+01 -4.379618785784251370e-11 4.309553781525791620e-11
2.379045180903148449e+01 -4.377824639092313259e-11 4.308168127888550340e-11
2.409598436068598915e+01 -4.376091220917021720e-11 4.306828061315291721e-11
2.440163809033787956e+01 -4.374416398356473100e-11 4.305532073678377304e-11
2.470740899260255574e+01 -4.372798117145650922e-11 4.304278705581370213e-11
2.501329319668508688e+01 -4.371234398654107936e-11 4.303066545048450191e-11
2.531928696179923222e+01 -4.369723336989726974e-11 4.301894226208398970e-11
2.562538667273727810e+01 -4.368263096206656158e-11 4.300760427980534691e-11
2.593158883558702144e+01 -4.366851907617578724e-11 4.299663872766854697e-11
2.623789007359217962e+01 -4.365488067204637700e-11 4.298603325157923744e-11
2.654428712315237249e+01 -4.364169933130979363e-11 4.297577590653338038e-11
2.685077682995869708e+01 -4.362895923347556224e-11 4.296585514401693283e-11
2.715735614526101216e+01 -4.361664513292060491e-11 4.295625979963663391e-11
2.746402212226307782e+01 -4.360474233677739754e-11 4.294697908100235160e-11
2.777077191264142897e+01 -4.359323668371719426e-11 4.293800255583816449e-11
2.807760276318431991e+01 -4.358211452353279299e-11 4.292932014041384020e-11
2.838451201254673961e+01 -4.357136269758951753e-11 4.292092208820785338e-11
2.869149708811778865e+01 -4.356096852000372437e-11 4.291279897890794502e-11
