# # t/year,min(v),max(v)
1.128589192295497812e+00 -2.887481867906495696e-12 2.887481970059728476e-12
1.370451882363463492e+00 -1.708022083877383166e-11 1.708022073735469341e-11
1.657377591955990548e+00 -1.018078958995462418e-11 1.018078962663611808e-11
1.928712132011737523e+00 -1.190794363211004420e-11 1.190794364270143925e-11
2.214995290782743709e+00 -1.009160549885898541e-11 1.009160570180565328e-11
2.499048332743645684e+00 -1.021065451594411562e-11 1.021065459704996631e-11
2.786623487762047269e+00 -9.560728561221951603e-12 9.560728583940890411e-12
3.074745879222690270e+00 -9.375569276924000890e-12 9.375569282380024434e-12
3.364634735122481235e+00 -9.032775249193091263e-12 9.032775137998410073e-12
3.655867024347413619e+00 -8.829675941405968737e-12 8.829675921228304870e-12
3.948527185236465620e+00 -8.599385738636094744e-12 8.599385660266171386e-12
4.242527988802803129e+00 -8.430499760412894813e-12 8.430500104749123122e-12
4.537748412922455010e+00 -8.264283084635485016e-12 8.264282934847624445e-12
4.834128449523289461e+00 -8.131911659123863927e-12 8.131911535725087611e-12
5.131534504309772871e+00 -8.008053023788004022e-12 8.008053026654701832e-12
5.429900933164081067e+00 -7.905337710636558990e-12 7.905337725678379603e-12
5.729114241070885072e+00 -7.811308816773372448e-12 7.811308830396289120e-12
6.029109000006526387e+00 -7.731489563317928505e-12 7.731489559573806938e-12
6.329794152315254330e+00 -7.659194832992292346e-12 7.659194842633300489e-12
6.631110193888815729e+00 -7.596896387106679260e-12 7.596896479762688728e-12
6.932985129123631296e+00 -7.540781156985070907e-12 7.540781150279023977e-12
7.235367582922473062e+00 -7.491924152042421035e-12 7.491924157412960632e-12
7.538200769620847730e+00 -7.448044907109315088e-12 7.448044967055667613e-12
7.841441588168678756e+00 -7.409559973538603462e-12 7.409560106327160891e-12
8.145045191526119055e+00 -7.375049458056491828e-12 7.375049445547100817e-12
8.448976011769319783e+00 -7.344618901922200966e-12 7.344619013923132837e-12
8.753198540588558174e+00 -7.317352328477885172e-12 7.317352287117702631e-12
9.057683710521388321e+00 -7.293213610923839499e-12 7.293213520137351920e-12
9.362403335976685170e+00 -7.271591617295054777e-12 7.271591608460919316e-12
9.667333800225081930e+00 -7.252392810111001787e-12 7.252392900527630580e-12
9.972452674116079052e+00 -7.235197740356062011e-12 7.235197824353908999e-12
1.027774084122664533e+01 -7.219895075879389469e-12 7.219895082465252064e-12
1.058318041579172508e+01 -7.206189176879627327e-12 7.206189007065935768e-12
1.088875595974552724e+01 -7.193970104815378569e-12 7.193970074875314573e-12
1.119445318699105485e+01 -7.183024862049120935e-12 7.183024964448939163e-12
1.150025964689534774e+01 -7.173254342446454875e-12 7.173254395215093846e-12
1.180616391132996945e+01 -7.164501090510299513e-12 7.164501177076841994e-12
1.211215594901043602e+01 -7.156679200541500478e-12 7.156679322947463764e-12
1.241822660763972941e+01 -7.149670881313236980e-12 7.149670859953249290e-12
1.272436781080588375e+01 -7.143403065480916778e-12 7.143403066782996805e-12
1.303057222113195301e+01 -7.137786404110303240e-12 7.137786414291349656e-12
1.333683333820112793e+01 -7.132760146801158556e-12 7.132760130109043959e-12
1.364314527651710840e+01 -7.128255374174716811e-12 7.128255423548592815e-12
1.394950280438715851e+01 -7.124222336971254123e-12 7.124222253312755558e-12
1.425590119777468701e+01 -7.120607299245795807e-12 7.120607156881241461e-12
1.456233624880039024e+01 -7.117369353207410216e-12 7.117369418650314096e-12
1.486880416175107555e+01 -7.114466942881456044e-12 7.114466889125610940e-12
1.517530155265822245e+01 -7.111866419408566852e-12 7.111866304803955565e-12
1.548182537256546709e+01 -7.109535098773807347e-12 7.109535054296868034e-12
1.578837289842027403e+01 -7.107445879659821021e-12 7.107445945548000909e-12
1.609494168026212080e+01 -7.105572792533318072e-12 7.105572772921516830e-12
1.640152952737901160e+01 -7.103893902250417320e-12 7.103893913980220493e-12
1.670813447069113877e+01 -7.102388593983795035e-12 7.102388612442790038e-12
1.701475474827932288e+01 -7.101039127700989968e-12 7.101039162553108513e-12
1.732138877651364695e+01 -7.099829212779559178e-12 7.099829151015630738e-12
1.762803513936662725e+01 -7.098744269717377975e-12 7.098744330810294109e-12
1.793469256421469282e+01 -7.097771364758075376e-12 7.097771708695986332e-12
1.824135991002397361e+01 -7.096899254281386839e-12 7.096899272618919578e-12
1.854803615261150185e+01 -7.096116959563111111e-12 7.096117082710377668e-12
1.885472037601836703e+01 -7.095415753297303523e-12 7.095415753210129672e-12
1.916141175561156018e+01 -7.094786738390279022e-12 7.094786780439473933e-12
1.946810955456357917e+01 -7.094222814049240670e-12 7.094222773526357164e-12
1.977481311053645285e+01 -7.093716940404295389e-12 7.093716972486622270e-12
2.008152182998974666e+01 -7.093263310765834731e-12 7.093263412261369258e-12
2.038823517934113738e+01 -7.092856624421019819e-12 7.092856858179611363e-12
2.069495268097785612e+01 -7.092492038573234703e-12 7.092491942195627376e-12
2.100167390894045738e+01 -7.092164736022067607e-12 7.092164831200734797e-12
2.130839847762872097e+01 -7.091871335865434278e-12 7.091871233581288857e-12
2.161512604493953305e+01 -7.091608108641362822e-12 7.091608116590069292e-12
2.192185629979907802e+01 -7.091372095937781751e-12 7.091372090236762496e-12
2.222858896507874249e+01 -7.091160254285394139e-12 7.091160630595776077e-12
2.253532379104095540e+01 -7.090970526737078808e-12 7.090970729077130871e-12
2.284206055761274001e+01 -7.090800296884145341e-12 7.090800351247502906e-12
2.314879906445766977e+01 -7.090647500815822685e-12 7.090647689389644189e-12
2.345553913085734621e+01 -7.090510668632166373e-12 7.090510714714258550e-12
2.376228059656271441e+01 -7.090387738718512519e-12 7.090387820567447673e-12
2.406902331775523507e+01 -7.090277587687508048e-12 7.090277664322176925e-12
2.437576716488720763e+01 -7.090178836391490052e-12 7.090178794454448392e-12
2.468251202140605116e+01 -7.090090138805558196e-12 7.090090221126252064e-12
2.498925778421704891e+01 -7.090010615372988854e-12 7.090010621678506692e-12
2.529600435955899584e+01 -7.089939427945407247e-12 7.089939357298424174e-12
2.560275166287425463e+01 -7.089875437624352821e-12 7.089875449816066895e-12
2.590949961930237322e+01 -7.089818044998264070e-12 7.089818058159944347e-12
2.621624816220521126e+01 -7.089766528483992656e-12 7.089766663413182842e-12
2.652299722998154863e+01 -7.089720675160082260e-12 7.089720582047644386e-12
2.682974676746350440e+01 -7.089679274387078274e-12 7.089679312497988741e-12
2.713649672851171246e+01 -7.089642264846384811e-12 7.089642200462142868e-12
2.744324706935003633e+01 -7.089608711141919465e-12 7.089608850976507172e-12
2.774999774908718919e+01 -7.089579055682806767e-12 7.089578927283920750e-12
2.805674873524013790e+01 -7.089552107906105677e-12 7.089552090149537263e-12
