0.000000e+00 2.986813e-08 0.000000e+00 9.419214e+01 0.000000e+00
1.616353e+11 3.025980e-08 5.125421e+03 9.542730e+01 1.235168e+00
3.208780e+11 3.063426e-08 1.017497e+04 9.660821e+01 2.416078e+00
4.778976e+11 3.099015e-08 1.515403e+04 9.773054e+01 3.538402e+00
6.328357e+11 3.132612e-08 2.006709e+04 9.879007e+01 4.597932e+00
7.858135e+11 3.164093e-08 2.491798e+04 9.978283e+01 5.590694e+00
9.369879e+11 3.193350e-08 2.971169e+04 1.007055e+02 6.513341e+00
1.086510e+12 3.220288e-08 3.445300e+04 1.015550e+02 7.362873e+00
1.234525e+12 3.244825e-08 3.914654e+04 1.023288e+02 8.136659e+00
1.381176e+12 3.266888e-08 4.379679e+04 1.030246e+02 8.832455e+00
1.526597e+12 3.286420e-08 4.840808e+04 1.036405e+02 9.448413e+00
1.670908e+12 3.303373e-08 5.298413e+04 1.041752e+02 9.983040e+00
1.814234e+12 3.317715e-08 5.752898e+04 1.046275e+02 1.043532e+01
1.956708e+12 3.329427e-08 6.204680e+04 1.049968e+02 1.080468e+01
2.098459e+12 3.338504e-08 6.654171e+04 1.052831e+02 1.109093e+01
2.239615e+12 3.344951e-08 7.101772e+04 1.054864e+02 1.129425e+01
2.380300e+12 3.348787e-08 7.547881e+04 1.056073e+02 1.141520e+01
2.520638e+12 3.350038e-08 7.992890e+04 1.056468e+02 1.145467e+01
2.660751e+12 3.348746e-08 8.437187e+04 1.056060e+02 1.141391e+01
2.800763e+12 3.344957e-08 8.881161e+04 1.054866e+02 1.129443e+01
2.940777e+12 3.338731e-08 9.325142e+04 1.052902e+02 1.109809e+01
3.080901e+12 3.330135e-08 9.769473e+04 1.050191e+02 1.082700e+01
3.221254e+12 3.319244e-08 1.021453e+05 1.046757e+02 1.048353e+01
3.361952e+12 3.306138e-08 1.066068e+05 1.042624e+02 1.007023e+01
3.503117e+12 3.290904e-08 1.110831e+05 1.037820e+02 9.589823e+00
3.644868e+12 3.273634e-08 1.155780e+05 1.032373e+02 9.045194e+00
3.787312e+12 3.254425e-08 1.200949e+05 1.026316e+02 8.439417e+00
3.930527e+12 3.233382e-08 1.246362e+05 1.019679e+02 7.775810e+00
4.074637e+12 3.210608e-08 1.292059e+05 1.012497e+02 7.057600e+00
4.219771e+12 3.186205e-08 1.338080e+05 1.004802e+02 6.288036e+00
4.366000e+12 3.160288e-08 1.384450e+05 9.966284e+01 5.470702e+00
4.513428e+12 3.132966e-08 1.431198e+05 9.880120e+01 4.609069e+00
4.662186e+12 3.104342e-08 1.478370e+05 9.789854e+01 3.706408e+00
4.812324e+12 3.074538e-08 1.525978e+05 9.695864e+01 2.766506e+00
4.963963e+12 3.043657e-08 1.574062e+05 9.598477e+01 1.792631e+00
5.117185e+12 3.011809e-08 1.622649e+05 9.498041e+01 7.882743e-01
5.272075e+12 2.979101e-08 1.671764e+05 9.394894e+01 -2.431938e-01
5.428720e+12 2.945638e-08 1.721436e+05 9.289364e+01 -1.298493e+00
5.587196e+12 2.911521e-08 1.771688e+05 9.181773e+01 -2.374410e+00
5.747571e+12 2.876850e-08 1.822543e+05 9.072436e+01 -3.467779e+00
5.909940e+12 2.841715e-08 1.874030e+05 8.961633e+01 -4.575803e+00
6.074325e+12 2.806216e-08 1.926156e+05 8.849682e+01 -5.695319e+00
6.240828e+12 2.770428e-08 1.978953e+05 8.736823e+01 -6.823908e+00
6.409485e+12 2.734439e-08 2.032434e+05 8.623326e+01 -7.958879e+00
6.580344e+12 2.698323e-08 2.086613e+05 8.509431e+01 -9.097828e+00
6.753491e+12 2.662143e-08 2.141518e+05 8.395333e+01 -1.023880e+01
6.928942e+12 2.625969e-08 2.197153e+05 8.281255e+01 -1.137959e+01
7.106744e+12 2.589857e-08 2.253534e+05 8.167374e+01 -1.251840e+01
7.286976e+12 2.553853e-08 2.310685e+05 8.053830e+01 -1.365383e+01
7.469661e+12 2.518004e-08 2.368614e+05 7.940777e+01 -1.478437e+01
7.654831e+12 2.482352e-08 2.427331e+05 7.828344e+01 -1.590870e+01
7.842562e+12 2.446922e-08 2.486860e+05 7.716613e+01 -1.702600e+01
8.032909e+12 2.411741e-08 2.547219e+05 7.605665e+01 -1.813548e+01
8.225876e+12 2.376837e-08 2.608408e+05 7.495593e+01 -1.923620e+01
8.421544e+12 2.342221e-08 2.670454e+05 7.386429e+01 -2.032784e+01
8.620001e+12 2.307899e-08 2.733384e+05 7.278191e+01 -2.141022e+01
8.821239e+12 2.273889e-08 2.797196e+05 7.170936e+01 -2.248277e+01
9.025338e+12 2.240190e-08 2.861916e+05 7.064662e+01 -2.354551e+01
9.232395e+12 2.206796e-08 2.927573e+05 6.959352e+01 -2.459861e+01
9.442455e+12 2.173709e-08 2.994183e+05 6.855007e+01 -2.564206e+01
9.655562e+12 2.140925e-08 3.061759e+05 6.751621e+01 -2.667592e+01
9.871824e+12 2.108432e-08 3.130335e+05 6.649153e+01 -2.770061e+01
1.009135e+13 2.076217e-08 3.199946e+05 6.547557e+01 -2.871657e+01
1.031414e+13 2.044278e-08 3.270593e+05 6.446835e+01 -2.972378e+01
1.054032e+13 2.012600e-08 3.342314e+05 6.346935e+01 -3.072278e+01
1.077001e+13 1.981164e-08 3.415148e+05 6.247798e+01 -3.171415e+01
1.100328e+13 1.949960e-08 3.489117e+05 6.149394e+01 -3.269820e+01
1.124020e+13 1.918978e-08 3.564244e+05 6.051690e+01 -3.367523e+01
1.148091e+13 1.888201e-08 3.640572e+05 5.954629e+01 -3.464584e+01
1.172555e+13 1.857608e-08 3.718148e+05 5.858154e+01 -3.561059e+01
1.197418e+13 1.827196e-08 3.796986e+05 5.762247e+01 -3.656967e+01
1.222691e+13 1.796951e-08 3.877127e+05 5.666864e+01 -3.752350e+01
1.248391e+13 1.766855e-08 3.958620e+05 5.571955e+01 -3.847259e+01
1.274533e+13 1.736894e-08 4.041519e+05 5.477468e+01 -3.941746e+01
1.301125e+13 1.707064e-08 4.125841e+05 5.383397e+01 -4.035816e+01
1.328182e+13 1.677355e-08 4.211636e+05 5.289707e+01 -4.129506e+01
1.355721e+13 1.647753e-08 4.298962e+05 5.196354e+01 -4.222859e+01
1.383762e+13 1.618246e-08 4.387880e+05 5.103301e+01 -4.315913e+01
1.412315e+13 1.588833e-08 4.478422e+05 5.010545e+01 -4.408669e+01
1.441397e+13 1.559509e-08 4.570640e+05 4.918066e+01 -4.501147e+01
1.471029e+13 1.530262e-08 4.664602e+05 4.825835e+01 -4.593378e+01
1.501234e+13 1.501085e-08 4.760382e+05 4.733823e+01 -4.685391e+01
1.532029e+13 1.471977e-08 4.858032e+05 4.642025e+01 -4.777188e+01
1.563430e+13 1.442937e-08 4.957604e+05 4.550447e+01 -4.868767e+01
1.595463e+13 1.413960e-08 5.059181e+05 4.459064e+01 -4.960150e+01
1.628157e+13 1.385038e-08 5.162851e+05 4.367856e+01 -5.051357e+01
1.661537e+13 1.356168e-08 5.268699e+05 4.276811e+01 -5.142402e+01
1.695620e+13 1.327357e-08 5.376775e+05 4.185952e+01 -5.233262e+01
1.730438e+13 1.298598e-08 5.487183e+05 4.095259e+01 -5.323954e+01
1.766027e+13 1.269885e-08 5.600036e+05 4.004710e+01 -5.414503e+01
1.802426e+13 1.241211e-08 5.715455e+05 3.914284e+01 -5.504929e+01
1.839653e+13 1.212587e-08 5.833500e+05 3.824013e+01 -5.595201e+01
1.877751e+13 1.184002e-08 5.954311e+05 3.733867e+01 -5.685346e+01
1.916773e+13 1.155445e-08 6.078046e+05 3.643812e+01 -5.775401e+01
1.956762e+13 1.126912e-08 6.204851e+05 3.553829e+01 -5.865385e+01
1.997756e+13 1.098403e-08 6.334842e+05 3.463924e+01 -5.955290e+01
2.039821e+13 1.069902e-08 6.468229e+05 3.374043e+01 -6.045171e+01
2.083034e+13 1.041387e-08 6.605257e+05 3.284118e+01 -6.135096e+01
2.127435e+13 1.012864e-08 6.746053e+05 3.194167e+01 -6.225046e+01
2.173120e+13 9.843050e-09 6.890917e+05 3.104104e+01 -6.315110e+01
