0.000000e+00 2.982969e-11 0.000000e+00 9.407091e-02 0.000000e+00
3.153600e+13 2.985311e-11 1.000000e+06 9.414475e-02 7.384299e-05
6.307200e+13 2.984949e-11 2.000000e+06 9.413334e-02 6.242650e-05
9.460800e+13 2.982192e-11 3.000000e+06 9.404642e-02 -2.449178e-05
1.261440e+14 2.977315e-11 4.000000e+06 9.389260e-02 -1.783066e-04
1.576800e+14 2.970553e-11 5.000000e+06 9.367937e-02 -3.915391e-04
1.892160e+14 2.962102e-11 6.000000e+06 9.341285e-02 -6.580607e-04
2.207520e+14 2.952124e-11 7.000000e+06 9.309818e-02 -9.727271e-04
2.522880e+14 2.940760e-11 8.000000e+06 9.273981e-02 -1.331102e-03
2.838240e+14 2.928135e-11 9.000000e+06 9.234165e-02 -1.729256e-03
3.153600e+14 2.914361e-11 1.000000e+07 9.190729e-02 -2.163618e-03
3.468960e+14 2.899545e-11 1.100000e+07 9.144005e-02 -2.630865e-03
3.784320e+14 2.883786e-11 1.200000e+07 9.094307e-02 -3.127843e-03
4.099680e+14 2.867181e-11 1.300000e+07 9.041941e-02 -3.651503e-03
4.415040e+14 2.849824e-11 1.400000e+07 8.987206e-02 -4.198850e-03
4.730400e+14 2.831812e-11 1.500000e+07 8.930401e-02 -4.766899e-03
5.045760e+14 2.813238e-11 1.600000e+07 8.871827e-02 -5.352635e-03
5.361120e+14 2.794201e-11 1.700000e+07 8.811793e-02 -5.952978e-03
5.676480e+14 2.774802e-11 1.800000e+07 8.750617e-02 -6.564744e-03
5.991840e+14 2.755146e-11 1.900000e+07 8.688630e-02 -7.184611e-03
6.307200e+14 2.735345e-11 2.000000e+07 8.626183e-02 -7.809078e-03
6.622560e+14 2.715515e-11 2.100000e+07 8.563648e-02 -8.434429e-03
6.937920e+14 2.695783e-11 2.200000e+07 8.501422e-02 -9.056691e-03
7.253280e+14 2.676285e-11 2.300000e+07 8.439933e-02 -9.671584e-03
7.568640e+14 2.657167e-11 2.400000e+07 8.379643e-02 -1.027448e-02
7.884000e+14 2.638590e-11 2.500000e+07 8.321056e-02 -1.086035e-02
8.199360e+14 2.620726e-11 2.600000e+07 8.264721e-02 -1.142370e-02
8.514720e+14 2.603766e-11 2.700000e+07 8.211236e-02 -1.195855e-02
8.830080e+14 2.587918e-11 2.800000e+07 8.161259e-02 -1.245832e-02
9.145440e+14 2.573410e-11 2.900000e+07 8.115507e-02 -1.291584e-02
9.460800e+14 2.560492e-11 3.000000e+07 8.074767e-02 -1.332324e-02
9.776160e+14 2.549435e-11 3.100000e+07 8.039899e-02 -1.367192e-02
1.009152e+15 2.540538e-11 3.200000e+07 8.011840e-02 -1.395252e-02
1.040688e+15 2.534122e-11 3.300000e+07 7.991607e-02 -1.415484e-02
