0.000000e+00 5.932256e-10 0.000000e+00 1.870796e+00 0.000000e+00
8.145717e+12 6.007165e-10 2.582990e+05 1.894420e+00 2.362318e-02
1.617488e+13 6.077029e-10 5.129021e+05 1.916452e+00 4.565553e-02
2.409837e+13 6.141722e-10 7.641544e+05 1.936853e+00 6.605696e-02
3.192319e+13 6.200904e-10 1.012278e+06 1.955517e+00 8.472090e-02
3.965933e+13 6.254177e-10 1.257589e+06 1.972317e+00 1.015210e-01
4.731674e+13 6.301070e-10 1.500404e+06 1.987105e+00 1.163089e-01
5.490541e+13 6.341028e-10 1.741039e+06 1.999707e+00 1.289102e-01
6.243550e+13 6.373390e-10 1.979817e+06 2.009912e+00 1.391159e-01
6.991599e+13 6.397354e-10 2.217022e+06 2.017470e+00 1.466733e-01
7.735768e+13 6.411967e-10 2.452996e+06 2.022078e+00 1.512815e-01
8.477287e+13 6.416089e-10 2.688130e+06 2.023378e+00 1.525816e-01
9.217510e+13 6.408390e-10 2.922853e+06 2.020950e+00 1.501536e-01
9.957956e+13 6.387440e-10 3.157647e+06 2.014343e+00 1.435468e-01
1.070036e+14 6.352017e-10 3.393061e+06 2.003172e+00 1.323758e-01
1.144667e+14 6.301554e-10 3.629716e+06 1.987258e+00 1.164616e-01
1.219905e+14 6.236224e-10 3.868294e+06 1.966655e+00 9.585910e-02
1.295960e+14 6.156329e-10 4.109463e+06 1.941460e+00 7.066344e-02
1.373074e+14 6.062036e-10 4.353989e+06 1.911724e+00 4.092735e-02
1.451520e+14 5.955097e-10 4.602740e+06 1.877999e+00 7.203080e-03
1.531588e+14 5.840085e-10 4.856635e+06 1.841729e+00 -2.906705e-02
1.613534e+14 5.720669e-10 5.116484e+06 1.804070e+00 -6.672624e-02
1.697588e+14 5.595837e-10 5.383017e+06 1.764703e+00 -1.060930e-01
1.784048e+14 5.464940e-10 5.657180e+06 1.723423e+00 -1.473730e-01
1.872789e+14 5.332108e-10 5.938575e+06 1.681534e+00 -1.892627e-01
1.959419e+14 5.204344e-10 6.213278e+06 1.641242e+00 -2.295544e-01
2.044450e+14 5.079330e-10 6.482908e+06 1.601817e+00 -2.689790e-01
2.127789e+14 4.962597e-10 6.747175e+06 1.565005e+00 -3.057918e-01
2.209439e+14 4.860642e-10 7.006084e+06 1.532852e+00 -3.379443e-01
2.289669e+14 4.778185e-10 7.260493e+06 1.506848e+00 -3.639479e-01
2.368641e+14 4.724260e-10 7.510910e+06 1.489843e+00 -3.809537e-01
2.444239e+14 4.707990e-10 7.750631e+06 1.484712e+00 -3.860846e-01
2.514055e+14 4.734792e-10 7.972015e+06 1.493164e+00 -3.776324e-01
2.579499e+14 4.805272e-10 8.179537e+06 1.515390e+00 -3.554059e-01
2.640657e+14 4.916139e-10 8.373469e+06 1.550354e+00 -3.204426e-01
2.697916e+14 5.065543e-10 8.555034e+06 1.597470e+00 -2.733266e-01
2.751965e+14 5.247081e-10 8.726423e+06 1.654719e+00 -2.160769e-01
2.802642e+14 5.454012e-10 8.887120e+06 1.719977e+00 -1.508192e-01
2.850576e+14 5.681740e-10 9.039116e+06 1.791793e+00 -7.900292e-02
2.896219e+14 5.922745e-10 9.183850e+06 1.867797e+00 -2.999349e-03
2.939596e+14 6.172208e-10 9.321398e+06 1.946468e+00 7.567131e-02
2.981004e+14 6.423301e-10 9.452702e+06 2.025652e+00 1.548559e-01
3.020793e+14 6.673238e-10 9.578870e+06 2.104472e+00 2.336760e-01
3.059238e+14 6.919862e-10 9.700781e+06 2.182248e+00 3.114514e-01
3.096171e+14 7.155391e-10 9.817894e+06 2.256524e+00 3.857276e-01
3.131926e+14 7.380189e-10 9.931271e+06 2.327416e+00 4.566202e-01
3.166921e+14 7.591428e-10 1.004224e+07 2.394033e+00 5.232365e-01
3.201245e+14 7.786706e-10 1.015108e+07 2.455615e+00 5.848191e-01
3.234676e+14 7.963889e-10 1.025709e+07 2.511492e+00 6.406958e-01
3.267517e+14 8.120146e-10 1.036123e+07 2.560769e+00 6.899728e-01
3.300073e+14 8.257734e-10 1.046446e+07 2.604159e+00 7.333628e-01
3.332508e+14 8.374844e-10 1.056732e+07 2.641091e+00 7.702945e-01
3.364906e+14 8.469400e-10 1.067005e+07 2.670910e+00 8.001137e-01
3.397107e+14 8.542975e-10 1.077216e+07 2.694113e+00 8.233163e-01
3.429287e+14 8.593679e-10 1.087420e+07 2.710103e+00 8.393064e-01
3.461591e+14 8.622819e-10 1.097663e+07 2.719292e+00 8.484960e-01
3.494171e+14 8.633291e-10 1.107994e+07 2.722595e+00 8.517983e-01
3.527104e+14 8.624183e-10 1.118437e+07 2.719722e+00 8.489259e-01
3.560593e+14 8.598750e-10 1.129057e+07 2.711702e+00 8.409055e-01
3.594857e+14 8.561138e-10 1.139922e+07 2.699841e+00 8.290442e-01
3.629569e+14 8.513326e-10 1.150929e+07 2.684762e+00 8.139660e-01
3.664728e+14 8.460115e-10 1.162078e+07 2.667982e+00 7.971857e-01
3.700338e+14 8.407846e-10 1.173370e+07 2.651498e+00 7.807020e-01
3.736425e+14 8.360541e-10 1.184813e+07 2.636580e+00 7.657839e-01
3.772957e+14 8.321668e-10 1.196397e+07 2.624321e+00 7.535248e-01
3.809863e+14 8.294999e-10 1.208100e+07 2.615911e+00 7.451147e-01
3.847003e+14 8.283463e-10 1.219877e+07 2.612273e+00 7.414765e-01
3.884244e+14 8.288387e-10 1.231686e+07 2.613826e+00 7.430295e-01
3.921493e+14 8.309659e-10 1.243497e+07 2.620534e+00 7.497377e-01
3.958593e+14 8.346117e-10 1.255262e+07 2.632032e+00 7.612352e-01
3.995426e+14 8.395944e-10 1.266941e+07 2.647745e+00 7.769486e-01
4.031949e+14 8.456989e-10 1.278522e+07 2.666996e+00 7.961997e-01
4.068121e+14 8.526898e-10 1.289993e+07 2.689043e+00 8.182463e-01
4.103906e+14 8.603279e-10 1.301340e+07 2.713130e+00 8.423336e-01
4.139289e+14 8.683858e-10 1.312560e+07 2.738541e+00 8.677450e-01
4.174279e+14 8.766564e-10 1.323655e+07 2.764624e+00 8.938272e-01
4.208894e+14 8.849546e-10 1.334632e+07 2.790793e+00 9.199964e-01
4.243157e+14 8.931196e-10 1.345496e+07 2.816542e+00 9.457456e-01
4.277086e+14 9.010144e-10 1.356255e+07 2.841439e+00 9.706425e-01
4.310680e+14 9.085245e-10 1.366908e+07 2.865123e+00 9.943264e-01
4.343982e+14 9.155735e-10 1.377468e+07 2.887353e+00 1.016556e+00
4.377033e+14 9.221142e-10 1.387948e+07 2.907979e+00 1.037183e+00
4.409879e+14 9.281290e-10 1.398364e+07 2.926948e+00 1.056151e+00
4.442563e+14 9.336311e-10 1.408728e+07 2.944299e+00 1.073503e+00
4.475125e+14 9.386681e-10 1.419053e+07 2.960184e+00 1.089387e+00
4.507590e+14 9.433282e-10 1.429348e+07 2.974880e+00 1.104084e+00
4.539963e+14 9.477515e-10 1.439613e+07 2.988829e+00 1.118033e+00
4.572276e+14 9.521601e-10 1.449859e+07 3.002732e+00 1.131936e+00
4.604557e+14 9.568974e-10 1.460095e+07 3.017672e+00 1.146875e+00
4.636834e+14 9.625119e-10 1.470330e+07 3.035377e+00 1.164581e+00
4.669133e+14 9.699155e-10 1.480572e+07 3.058726e+00 1.187929e+00
4.701482e+14 9.806790e-10 1.490830e+07 3.092669e+00 1.221873e+00
4.733911e+14 9.975518e-10 1.501113e+07 3.145879e+00 1.275083e+00
4.760247e+14 1.019310e-09 1.509464e+07 3.214496e+00 1.343700e+00
4.782391e+14 1.046496e-09 1.516486e+07 3.300228e+00 1.429432e+00
4.801480e+14 1.079148e-09 1.522539e+07 3.403203e+00 1.532406e+00
4.818437e+14 1.117309e-09 1.527916e+07 3.523546e+00 1.652750e+00
4.833770e+14 1.160573e-09 1.532778e+07 3.659984e+00 1.789188e+00
4.847889e+14 1.208501e-09 1.537256e+07 3.811128e+00 1.940331e+00
4.860963e+14 1.260046e-09 1.541401e+07 3.973682e+00 2.102886e+00
