0.000000e+00 1.000000e+00 8.939988e-14 0.000000e+00 8.026841e-01
1.219512e-02 1.000000e+00 8.913561e-14 -6.910384e-05 7.905099e-01
2.439024e-02 1.000000e+00 8.941012e-14 -1.383995e-04 7.783357e-01
2.439024e-02 1.000000e+00 8.941012e-14 -1.383995e-04 7.783357e-01
3.658537e-02 1.000000e+00 8.989545e-14 -2.080779e-04 7.662041e-01
4.878049e-02 1.000000e+00 9.003909e-14 -2.783315e-04 7.540725e-01
4.878049e-02 1.000000e+00 9.003909e-14 -2.783315e-04 7.540725e-01
6.097561e-02 1.000000e+00 9.031664e-14 -3.493496e-04 7.419853e-01
7.317073e-02 1.000000e+00 9.025419e-14 -4.213251e-04 7.298981e-01
7.317073e-02 1.000000e+00 9.025419e-14 -4.213251e-04 7.298981e-01
8.536585e-02 1.000000e+00 9.015011e-14 -4.944450e-04 7.178585e-01
9.756098e-02 1.000000e+00 9.071056e-14 -5.689014e-04 7.058190e-01
9.756098e-02 1.000000e+00 9.071056e-14 -5.689014e-04 7.058190e-01
1.097561e-01 1.000000e+00 9.114931e-14 -6.448777e-04 6.938318e-01
1.219512e-01 1.000000e+00 9.145636e-14 -7.225639e-04 6.818447e-01
1.219512e-01 1.000000e+00 9.145636e-14 -7.225639e-04 6.818447e-01
1.341463e-01 1.000000e+00 9.164891e-14 -8.021372e-04 6.699165e-01
1.463415e-01 1.000000e+00 9.223525e-14 -8.837827e-04 6.579882e-01
1.463415e-01 1.000000e+00 9.223525e-14 -8.837827e-04 6.579882e-01
1.585366e-01 1.000000e+00 9.280771e-14 -9.676674e-04 6.461275e-01
1.707317e-01 1.000000e+00 9.337670e-14 -1.053967e-03 6.342667e-01
1.707317e-01 1.000000e+00 9.337670e-14 -1.053967e-03 6.342667e-01
1.829268e-01 1.000000e+00 9.382772e-14 -1.142831e-03 6.224846e-01
1.951220e-01 1.000000e+00 9.431171e-14 -1.234417e-03 6.107025e-01
1.951220e-01 1.000000e+00 9.431171e-14 -1.234417e-03 6.107025e-01
2.073171e-01 1.000000e+00 9.496570e-14 -1.328849e-03 5.990133e-01
2.195122e-01 1.000000e+00 9.560755e-14 -1.426254e-03 5.873241e-01
2.195122e-01 1.000000e+00 9.560755e-14 -1.426254e-03 5.873241e-01
2.317073e-01 1.000000e+00 9.636736e-14 -1.526710e-03 5.757463e-01
2.439024e-01 1.000000e+00 9.729283e-14 -1.630292e-03 5.641686e-01
2.439024e-01 1.000000e+00 9.729283e-14 -1.630292e-03 5.641686e-01
2.560976e-01 1.000000e+00 9.830331e-14 -1.737006e-03 5.527262e-01
2.682927e-01 1.000000e+00 9.943869e-14 -1.846840e-03 5.412838e-01
2.682927e-01 1.000000e+00 9.943869e-14 -1.846840e-03 5.412838e-01
2.804878e-01 1.000000e+00 1.006625e-13 -1.959681e-03 5.300079e-01
2.926829e-01 1.000000e+00 1.019341e-13 -2.075372e-03 5.187320e-01
2.926829e-01 1.000000e+00 1.019341e-13 -2.075372e-03 5.187320e-01
3.048780e-01 1.000000e+00 1.034381e-13 -2.193600e-03 5.076644e-01
3.170732e-01 1.000000e+00 1.050462e-13 -2.313957e-03 4.965968e-01
3.170732e-01 1.000000e+00 1.050462e-13 -2.313957e-03 4.965968e-01
3.292683e-01 1.000000e+00 1.068590e-13 -2.435806e-03 4.857908e-01
3.414634e-01 1.000000e+00 1.089406e-13 -2.558313e-03 4.749848e-01
3.414634e-01 1.000000e+00 1.089406e-13 -2.558313e-03 4.749848e-01
3.536585e-01 1.000000e+00 1.110778e-13 -2.680232e-03 4.645244e-01
3.658537e-01 1.000000e+00 1.133538e-13 -2.799933e-03 4.540640e-01
3.658537e-01 1.000000e+00 1.133538e-13 -2.799933e-03 4.540640e-01
3.780488e-01 1.000000e+00 1.161571e-13 -2.915235e-03 4.440215e-01
3.902439e-01 1.000000e+00 1.189049e-13 -3.023100e-03 4.339789e-01
3.902439e-01 1.000000e+00 1.189049e-13 -3.023100e-03 4.339789e-01
4.024390e-01 1.000000e+00 1.222356e-13 -3.118947e-03 4.245975e-01
4.146341e-01 1.000000e+00 1.257050e-13 -3.196678e-03 4.152160e-01
4.146341e-01 1.000000e+00 1.257050e-13 -3.196678e-03 4.152160e-01
4.268293e-01 1.000000e+00 1.294798e-13 -3.250720e-03 4.059490e-01
4.390244e-01 1.000000e+00 1.331157e-13 -3.274629e-03 3.966819e-01
4.390244e-01 1.000000e+00 1.331157e-13 -3.274629e-03 3.966819e-01
4.512195e-01 1.000000e+00 1.210143e-13 -3.277061e-03 3.672285e-01
4.634146e-01 1.000000e+00 1.086405e-13 -3.279126e-03 3.377751e-01
4.634146e-01 4.006000e+02 1.086405e-13 -3.279126e-03 3.377751e-01
4.756098e-01 4.006000e+02 9.561102e-14 -3.280144e-03 2.910826e-01
4.878049e-01 4.006000e+02 8.346449e-14 -3.280857e-03 2.443901e-01
4.878049e-01 1.000000e+03 8.346449e-14 -3.280857e-03 2.443901e-01
5.000000e-01 1.000000e+03 7.102131e-14 -3.281464e-03 2.317821e-01
5.121951e-01 1.000000e+03 5.861978e-14 -3.281999e-03 2.191742e-01
5.121951e-01 1.000000e+03 5.861978e-14 -3.281999e-03 2.191742e-01
5.243902e-01 1.000000e+03 4.601181e-14 -3.282479e-03 2.145378e-01
5.365854e-01 1.000000e+03 3.382017e-14 -3.282899e-03 2.099014e-01
5.365854e-01 1.000000e+03 3.382017e-14 -3.282899e-03 2.099014e-01
5.487805e-01 1.000000e+03 2.087219e-14 -3.283256e-03 2.051931e-01
5.609756e-01 1.000000e+03 8.146261e-15 -3.283551e-03 2.004847e-01
5.609756e-01 1.000000e+03 8.146261e-15 -3.283551e-03 2.004847e-01
5.731707e-01 1.000000e+03 -3.663736e-15 -3.283781e-03 1.957542e-01
5.853659e-01 1.000000e+03 -1.659783e-14 -3.283948e-03 1.910236e-01
5.853659e-01 1.000000e+03 -1.659783e-14 -3.283948e-03 1.910236e-01
5.975610e-01 1.000000e+03 -2.928040e-14 -3.284051e-03 1.859830e-01
6.097561e-01 1.000000e+03 -4.202194e-14 -3.284090e-03 1.809423e-01
6.097561e-01 1.000000e+03 -4.202194e-14 -3.284090e-03 1.809423e-01
6.219512e-01 1.000000e+03 -5.452068e-14 -3.284068e-03 1.752728e-01
6.341463e-01 1.000000e+03 -6.716155e-14 -3.283986e-03 1.696032e-01
6.341463e-01 1.000000e+03 -6.716155e-14 -3.283986e-03 1.696032e-01
6.463415e-01 1.000000e+03 -7.953360e-14 -3.283846e-03 1.632512e-01
6.585366e-01 1.000000e+03 -9.210981e-14 -3.283651e-03 1.568991e-01
6.585366e-01 1.000000e+03 -9.210981e-14 -3.283651e-03 1.568991e-01
6.707317e-01 1.000000e+03 -1.046314e-13 -3.283403e-03 1.494249e-01
6.829268e-01 1.000000e+03 -1.168566e-13 -3.283106e-03 1.419508e-01
6.829268e-01 1.000000e+03 -1.168566e-13 -3.283106e-03 1.419508e-01
6.951220e-01 1.000000e+03 -1.292022e-13 -3.282757e-03 1.329596e-01
7.073171e-01 1.000000e+03 -1.409567e-13 -3.282345e-03 1.239684e-01
7.073171e-01 6.004000e+02 -1.409567e-13 -3.282345e-03 1.239684e-01
7.195122e-01 6.004000e+02 -1.536549e-13 -3.281867e-03 8.384779e-02
7.317073e-01 6.004000e+02 -1.657069e-13 -3.281280e-03 4.372720e-02
7.317073e-01 8.002000e-01 -1.657069e-13 -3.281280e-03 4.372720e-02
7.439024e-01 8.002000e-01 -1.779132e-13 -3.280476e-03 2.219677e-02
7.560976e-01 8.002000e-01 -1.900518e-13 -3.279534e-03 6.663393e-04
7.560976e-01 1.000000e-03 -1.900518e-13 -3.279534e-03 6.663393e-04
7.682927e-01 1.000000e-03 -2.007873e-13 -3.269649e-03 3.081823e-04
7.804878e-01 1.000000e-03 -2.118472e-13 -3.256485e-03 -4.997474e-05
7.804878e-01 1.000000e-03 -2.118472e-13 -3.256485e-03 -4.997474e-05
7.926829e-01 1.000000e-03 -2.016904e-13 -3.196529e-03 -4.577733e-05
8.048780e-01 1.000000e-03 -1.902037e-13 -3.093942e-03 -4.157993e-05
8.048780e-01 1.000000e-03 -1.902037e-13 -3.093942e-03 -4.157993e-05
8.170732e-01 1.000000e-03 -1.823561e-13 -2.959507e-03 -3.754741e-05
8.292683e-01 1.000000e-03 -1.793350e-13 -2.799534e-03 -3.351490e-05
8.292683e-01 1.000000e-03 -1.793350e-13 -2.799534e-03 -3.351490e-05
8.414634e-01 1.000000e-03 -1.756247e-13 -2.622443e-03 -3.085478e-05
8.536585e-01 1.000000e-03 -1.639217e-13 -2.434777e-03 -2.819465e-05
8.536585e-01 1.000000e-03 -1.639217e-13 -2.434777e-03 -2.819465e-05
8.658537e-01 1.000000e-03 -1.413918e-13 -2.239986e-03 -2.618644e-05
8.780488e-01 1.000000e-03 -1.256402e-13 -2.040484e-03 -2.417822e-05
8.780488e-01 1.000000e-03 -1.256402e-13 -2.040484e-03 -2.417822e-05
8.902439e-01 1.000000e-03 -1.242427e-13 -1.838081e-03 -2.273851e-05
9.024390e-01 1.000000e-03 -1.239341e-13 -1.634160e-03 -2.129881e-05
9.024390e-01 1.000000e-03 -1.239341e-13 -1.634160e-03 -2.129881e-05
9.146341e-01 1.000000e-03 -1.172381e-13 -1.429480e-03 -2.027195e-05
9.268293e-01 1.000000e-03 -9.970833e-14 -1.224598e-03 -1.924510e-05
9.268293e-01 1.000000e-03 -9.970833e-14 -1.224598e-03 -1.924510e-05
9.390244e-01 1.000000e-03 -9.850779e-14 -1.019800e-03 -1.855965e-05
9.512195e-01 1.000000e-03 -8.912719e-14 -8.152869e-04 -1.787419e-05
9.512195e-01 1.000000e-03 -8.912719e-14 -8.152869e-04 -1.787419e-05
9.634146e-01 1.000000e-03 -8.902814e-14 -6.110893e-04 -1.747979e-05
9.756098e-01 1.000000e-03 -9.036868e-14 -4.072021e-04 -1.708540e-05
9.756098e-01 1.000000e-03 -9.036868e-14 -4.072021e-04 -1.708540e-05
9.878049e-01 1.000000e-03 -9.841954e-14 -2.035386e-04 -1.695672e-05
1.000000e+00 1.000000e-03 -9.663152e-14 0.000000e+00 -1.682805e-05
