0.000000e+00 -1.666266e-01 
7.812500e-03 -1.589359e-01 
1.562500e-02 -1.512452e-01 
1.562500e-02 -1.512451e-01 
2.343750e-02 -1.437987e-01 
3.125000e-02 -1.363524e-01 
3.125000e-02 -1.363524e-01 
3.906250e-02 -1.291503e-01 
4.687500e-02 -1.219481e-01 
4.687500e-02 -1.219481e-01 
5.468750e-02 -1.149901e-01 
6.250000e-02 -1.080320e-01 
6.250000e-02 -1.080321e-01 
7.031250e-02 -1.013182e-01 
7.812500e-02 -9.460429e-02 
7.812500e-02 -9.460431e-02 
8.593750e-02 -8.813456e-02 
9.375000e-02 -8.166481e-02 
9.375000e-02 -8.166484e-02 
1.015625e-01 -7.543923e-02 
1.093750e-01 -6.921362e-02 
1.093750e-01 -6.921366e-02 
1.171875e-01 -6.323219e-02 
1.250000e-01 -5.725072e-02 
1.250000e-01 -5.725076e-02 
1.328125e-01 -5.151343e-02 
1.406250e-01 -4.577610e-02 
1.406250e-01 -4.577615e-02 
1.484375e-01 -4.028296e-02 
1.562500e-01 -3.478977e-02 
1.562500e-01 -3.478982e-02 
1.640625e-01 -2.954077e-02 
1.718750e-01 -2.429172e-02 
1.718750e-01 -2.429178e-02 
1.796875e-01 -1.928687e-02 
1.875000e-01 -1.428195e-02 
1.875000e-01 -1.428202e-02 
1.953125e-01 -9.521245e-03 
2.031250e-01 -4.760472e-03 
2.031250e-01 -4.760544e-03 
2.109375e-01 -2.439095e-04 
2.187500e-01 4.272725e-03 
2.187500e-01 4.272647e-03 
2.265625e-01 8.545143e-03 
2.343750e-01 1.281764e-02 
2.343750e-01 1.281755e-02 
2.421875e-01 1.684591e-02 
2.500000e-01 2.087427e-02 
2.500000e-01 2.087418e-02 
2.578125e-01 2.465840e-02 
2.656250e-01 2.844261e-02 
2.656250e-01 2.844252e-02 
2.734375e-01 3.198260e-02 
2.812500e-01 3.552268e-02 
2.812500e-01 3.552258e-02 
2.890625e-01 3.881852e-02 
2.968750e-01 4.211446e-02 
2.968750e-01 4.211435e-02 
3.046875e-01 4.516616e-02 
3.125000e-01 4.821796e-02 
3.125000e-01 4.821785e-02 
3.203125e-01 5.102551e-02 
3.281250e-01 5.383317e-02 
3.281250e-01 5.383306e-02 
3.359375e-01 5.639658e-02 
3.437500e-01 5.896011e-02 
3.437500e-01 5.895999e-02 
3.515625e-01 6.127938e-02 
3.593750e-01 6.359876e-02 
3.593750e-01 6.359864e-02 
3.671875e-01 6.567389e-02 
3.750000e-01 6.774913e-02 
3.750000e-01 6.774901e-02 
3.828125e-01 6.958012e-02 
3.906250e-01 7.141123e-02 
3.906250e-01 7.141109e-02 
3.984375e-01 7.299806e-02 
4.062500e-01 7.458504e-02 
4.062500e-01 7.458490e-02 
4.140625e-01 7.592773e-02 
4.218750e-01 7.727056e-02 
4.218750e-01 7.727042e-02 
4.296875e-01 7.836912e-02 
4.375000e-01 7.946781e-02 
4.375000e-01 7.946766e-02 
4.453125e-01 8.032222e-02 
4.531250e-01 8.117678e-02 
4.531250e-01 8.117663e-02 
4.609375e-01 8.178705e-02 
4.687500e-01 8.239747e-02 
4.687500e-01 8.239731e-02 
4.765625e-01 8.276359e-02 
4.843750e-01 8.312988e-02 
4.843750e-01 8.312972e-02 
4.921875e-01 8.325186e-02 
5.000000e-01 8.337400e-02 
5.000000e-01 8.337384e-02 
5.078125e-01 8.325184e-02 
5.156250e-01 8.312985e-02 
5.156250e-01 8.312968e-02 
5.234375e-01 8.276355e-02 
5.312500e-01 8.239742e-02 
5.312500e-01 8.239725e-02 
5.390625e-01 8.178697e-02 
5.468750e-01 8.117670e-02 
5.468750e-01 8.117653e-02 
5.546875e-01 8.032212e-02 
5.625000e-01 7.946771e-02 
5.625000e-01 7.946753e-02 
5.703125e-01 7.836898e-02 
5.781250e-01 7.727043e-02 
5.781250e-01 7.727026e-02 
5.859375e-01 7.592757e-02 
5.937500e-01 7.458488e-02 
5.937500e-01 7.458470e-02 
6.015625e-01 7.299787e-02 
6.093750e-01 7.141104e-02 
6.093750e-01 7.141087e-02 
6.171875e-01 6.957990e-02 
6.250000e-01 6.774893e-02 
6.250000e-01 6.774875e-02 
6.328125e-01 6.567364e-02 
6.406250e-01 6.359853e-02 
6.406250e-01 6.359836e-02 
6.484375e-01 6.127911e-02 
6.562500e-01 5.895986e-02 
6.562500e-01 5.895969e-02 
6.640625e-01 5.639629e-02 
6.718750e-01 5.383290e-02 
6.718750e-01 5.383273e-02 
6.796875e-01 5.102520e-02 
6.875000e-01 4.821766e-02 
6.875000e-01 4.821750e-02 
6.953125e-01 4.516582e-02 
7.031250e-01 4.211415e-02 
7.031250e-01 4.211399e-02 
7.109375e-01 3.881817e-02 
7.187500e-01 3.552235e-02 
7.187500e-01 3.552219e-02 
7.265625e-01 3.198223e-02 
7.343750e-01 2.844227e-02 
7.343750e-01 2.844212e-02 
7.421875e-01 2.465801e-02 
7.500000e-01 2.087391e-02 
7.500000e-01 2.087376e-02 
7.578125e-01 1.684552e-02 
7.656250e-01 1.281727e-02 
7.656250e-01 1.281713e-02 
7.734375e-01 8.544741e-03 
7.812500e-01 4.272351e-03 
7.812500e-01 4.272217e-03 
7.890625e-01 -2.443166e-04 
7.968750e-01 -4.760850e-03 
7.968750e-01 -4.760978e-03 
8.046875e-01 -9.521655e-03 
8.125000e-01 -1.428233e-02 
8.125000e-01 -1.428245e-02 
8.203125e-01 -1.928727e-02 
8.281250e-01 -2.429209e-02 
8.281250e-01 -2.429221e-02 
8.359375e-01 -2.954117e-02 
8.437500e-01 -3.479014e-02 
8.437500e-01 -3.479024e-02 
8.515625e-01 -4.028335e-02 
8.593750e-01 -4.577646e-02 
8.593750e-01 -4.577656e-02 
8.671875e-01 -5.151381e-02 
8.750000e-01 -5.725107e-02 
8.750000e-01 -5.725115e-02 
8.828125e-01 -6.323255e-02 
8.906250e-01 -6.921395e-02 
8.906250e-01 -6.921403e-02 
8.984375e-01 -7.543957e-02 
9.062500e-01 -8.166512e-02 
9.062500e-01 -8.166519e-02 
9.140625e-01 -8.813488e-02 
9.218750e-01 -9.460456e-02 
9.218750e-01 -9.460463e-02 
9.296875e-01 -1.013185e-01 
9.375000e-01 -1.080323e-01 
9.375000e-01 -1.080323e-01 
9.453125e-01 -1.149903e-01 
9.531250e-01 -1.219483e-01 
9.531250e-01 -1.219484e-01 
9.609375e-01 -1.291505e-01 
9.687500e-01 -1.363526e-01 
9.687500e-01 -1.363527e-01 
9.765625e-01 -1.437989e-01 
9.843750e-01 -1.512452e-01 
9.843750e-01 -1.512454e-01 
9.921875e-01 -1.589357e-01 
1.000000e+00 -1.666261e-01 
