0 1.178944e+00 1.292533e-01 2.286717e+00 
1 2.824135e-01 1.762112e-02 2.964398e+00 
2 1.043128e-01 8.182271e-03 2.740843e+00 
3 6.222969e-02 2.728614e-03 3.085887e+00 
4 2.882436e-02 1.575710e-03 2.821586e+00 
5 1.701332e-02 6.174426e-04 3.129210e+00 
6 7.448477e-03 3.570886e-04 2.834350e+00 
7 4.250710e-03 1.463430e-04 3.134269e+00 
8 1.814977e-03 8.376646e-05 2.835654e+00 
9 1.024281e-03 3.474916e-05 3.134764e+00 
10 4.339223e-04 1.980171e-05 2.835780e+00 
11 2.440538e-04 8.243748e-06 3.134812e+00 
12 1.031356e-04 4.690564e-06 2.835792e+00 
13 5.794892e-05 1.954883e-06 3.134816e+00 
14 2.446929e-05 1.111754e-06 2.835793e+00 
15 1.374481e-05 4.635042e-07 3.134817e+00 
16 5.802195e-06 2.635556e-07 2.835793e+00 
17 3.259023e-06 1.098921e-07 3.134817e+00 
18 1.375591e-06 6.248275e-08 2.835793e+00 
19 7.726641e-07 2.605390e-08 3.134817e+00 
20 3.261097e-07 1.481343e-08 2.835793e+00 
21 1.831806e-07 6.176992e-09 3.134817e+00 
22 7.730936e-08 3.511992e-09 2.835793e+00 
