pblock: 0.001 -3906564507.521166 -4096664586.687457 8
pblock: 0.001 -3906564507.5211687 -4096664586.687457 8
pblock: 0.001 -4286764665.8537464 -4096664586.687457 8
pblock: 0.001 -4286764665.8537483 -4096664586.687457 8
pblock: 0.01 -3906564629.082588 -4096668123.870673 8
pblock: 0.01 -3906564629.082447 -4096668123.870673 8
pblock: 0.01 -4286771618.6588364 -4096668123.870673 8
pblock: 0.01 -4286771618.658821 -4096668123.870673 8
pblock: 0.1 -3906567076.369623 -4096693661.3311706 8
pblock: 0.1 -3906567076.3696337 -4096693661.3311706 8
pblock: 0.1 -4286820246.2927036 -4096693661.3311706 8
pblock: 0.1 -4286820246.2927227 -4096693661.3311706 8
pblock: 1 -3906613156.657772 -4096753766.930724 8
pblock: 1 -3906613156.6593456 -4096753766.930724 8
pblock: 1 -4286894377.2027683 -4096753766.930724 8
pblock: 1 -4286894377.2030106 -4096753766.930724 8
pblock: 10 -3906849823.12457 -4096803689.5864353 8
pblock: 10 -3906849823.1245985 -4096803689.5864353 8
pblock: 10 -4286757556.049073 -4096803689.5864353 8
pblock: 10 -4286757556.0474997 -4096803689.5864353 8
pblock: 100 -3907037818.9039764 -4096829795.6403904 8
pblock: 100 -3907037818.8872986 -4096829795.6403904 8
pblock: 100 -4286621772.3743668 -4096829795.6403904 8
pblock: 100 -4286621772.39592 -4096829795.6403904 8
pblock: 1000 -3907069650.2426453 -4096834160.2243767 8
pblock: 1000 -3907069648.0740967 -4096834160.2243767 8
pblock: 1000 -4286598670.908661 -4096834160.2243767 8
pblock: 1000 -4286598671.672104 -4096834160.2243767 8
