pblock: 0.001 -3915174935.0968065 -4096715927.9733777 8
pblock: 0.001 -4005910419.2588034 -4096715927.9733777 8
pblock: 0.001 -3998796718.778739 -4096715927.9733777 8
pblock: 0.001 -4194635136.4088717 -4096715927.9733777 8
pblock: 0.001 -4187521443.1015806 -4096715927.9733777 8
pblock: 0.001 -4278256915.195466 -4096715927.9733777 8
pblock: 0.01 -3915176948.9305754 -4096717444.342811 8
pblock: 0.01 -4005912194.983081 -4096717444.342811 8
pblock: 0.01 -3998797889.3484583 -4096717444.342811 8
pblock: 0.01 -4194636990.728202 -4096717444.342811 8
pblock: 0.01 -4187522758.5147715 -4096717444.342811 8
pblock: 0.01 -4278257883.551778 -4096717444.342811 8
pblock: 0.1 -3915198626.370668 -4096727855.842953 8
pblock: 0.1 -4005924376.9938426 -4096727855.842953 8
pblock: 0.1 -3998806898.519181 -4096727855.842953 8
pblock: 0.1 -4194648656.1194777 -4096727855.842953 8
pblock: 0.1 -4187531997.2846236 -4096727855.842953 8
pblock: 0.1 -4278256579.7699265 -4096727855.842953 8
pblock: 1 -3915360711.315933 -4096754921.1405907 8
pblock: 1 -4005969629.750475 -4096754921.1405907 8
pblock: 1 -3998851995.620388 -4096754921.1405907 8
pblock: 1 -4194655372.115906 -4096754921.1405907 8
pblock: 1 -4187542747.959036 -4096754921.1405907 8
pblock: 1 -4278149070.0818043 -4096754921.1405907 8
pblock: 10 -3915651245.221513 -4096794036.3084984 8
pblock: 10 -4006071638.526531 -4096794036.3084984 8
pblock: 10 -3998972721.336647 -4096794036.3084984 8
pblock: 10 -4194606963.733939 -4096794036.3084984 8
pblock: 10 -4187499074.3476515 -4096794036.3084984 8
pblock: 10 -4277962574.6847086 -4096794036.3084984 8
pblock: 100 -3915764203.794925 -4096813734.1666617 8
pblock: 100 -4006115241.92615 -4096813734.1666617 8
pblock: 100 -3999037631.9184527 -4096813734.1666617 8
pblock: 100 -4194579237.4836936 -4096813734.1666617 8
pblock: 100 -4187472969.8885036 -4096813734.1666617 8
pblock: 100 -4277913119.9882417 -4096813734.1666617 8
pblock: 1000 -3915780175.53778 -4096816809.6926255 8
pblock: 1000 -4006121230.930707 -4096816809.6926255 8
pblock: 1000 -3999047515.448167 -4096816809.6926255 8
pblock: 1000 -4194575210.3287573 -4096816809.6926255 8
pblock: 1000 -4187469168.2937174 -4096816809.6926255 8
pblock: 1000 -4277907557.6166277 -4096816809.6926255 8
