3.125000000000000000e-02 -2.885010308439355242e+01
9.375000000000000000e-02 3.492019376319631885e+00
1.562500000000000000e-01 -5.516972673573614649e+00
2.187500000000000000e-01 2.328587802455296618e+00
2.812500000000000000e-01 -3.053284735145957107e+00
3.437500000000000000e-01 1.956721129077910071e+00
4.062500000000000000e-01 -2.250467506715607691e+00
4.687500000000000000e-01 1.951526745470718360e+00
5.312500000000000000e-01 -1.951526745470422375e+00
5.937500000000000000e-01 2.250467506715677857e+00
6.562500000000000000e-01 -1.956721129078048405e+00
7.187500000000000000e-01 3.053284735145943785e+00
7.812500000000000000e-01 -2.328587802455365008e+00
8.437500000000000000e-01 5.516972673573591557e+00
9.062500000000000000e-01 -3.492019376319654533e+00
9.687500000000000000e-01 2.885010308439355597e+01
