1.222200e+00 1.000000e+00 1.000000e+00
1.230012e+00 9.977350e-01 1.005643e+00
1.237825e+00 9.954985e-01 1.011270e+00
1.245637e+00 9.932807e-01 1.016903e+00
1.253450e+00 9.910783e-01 1.022551e+00
1.261262e+00 9.888926e-01 1.028211e+00
1.269075e+00 9.867203e-01 1.033889e+00
1.276887e+00 9.845635e-01 1.039580e+00
1.284700e+00 9.824193e-01 1.045292e+00
1.292512e+00 9.802892e-01 1.051020e+00
1.300325e+00 9.781714e-01 1.056769e+00
1.308137e+00 9.760671e-01 1.062535e+00
1.315950e+00 9.739751e-01 1.068321e+00
1.323762e+00 9.718963e-01 1.074124e+00
1.331575e+00 9.698299e-01 1.079946e+00
1.339387e+00 9.677764e-01 1.085786e+00
1.347200e+00 9.657353e-01 1.091644e+00
1.355012e+00 9.637072e-01 1.097519e+00
1.362825e+00 9.616913e-01 1.103412e+00
1.370637e+00 9.596883e-01 1.109321e+00
1.378450e+00 9.576975e-01 1.115248e+00
1.386262e+00 9.557195e-01 1.121191e+00
1.394075e+00 9.537537e-01 1.127150e+00
1.401887e+00 9.518005e-01 1.133125e+00
1.409700e+00 9.498595e-01 1.139116e+00
1.417512e+00 9.479310e-01 1.145122e+00
1.425325e+00 9.460147e-01 1.151143e+00
1.433137e+00 9.441108e-01 1.157179e+00
1.440950e+00 9.422190e-01 1.163230e+00
1.448762e+00 9.403396e-01 1.169295e+00
1.456575e+00 9.384722e-01 1.175374e+00
1.464387e+00 9.366170e-01 1.181467e+00
1.472200e+00 9.347738e-01 1.187573e+00
1.480012e+00 9.329428e-01 1.193692e+00
1.487825e+00 9.311238e-01 1.199823e+00
1.495637e+00 9.293168e-01 1.205967e+00
1.503450e+00 9.275217e-01 1.212123e+00
1.511262e+00 9.257385e-01 1.218291e+00
1.519075e+00 9.239672e-01 1.224471e+00
1.526887e+00 9.222079e-01 1.230661e+00
1.534700e+00 9.204602e-01 1.236862e+00
1.542512e+00 9.187244e-01 1.243073e+00
1.550325e+00 9.170003e-01 1.249294e+00
1.558137e+00 9.152879e-01 1.255525e+00
1.565950e+00 9.135872e-01 1.261766e+00
1.573762e+00 9.118981e-01 1.268015e+00
1.581575e+00 9.102205e-01 1.274273e+00
1.589387e+00 9.085545e-01 1.280539e+00
1.597200e+00 9.068999e-01 1.286814e+00
1.605012e+00 9.052569e-01 1.293096e+00
1.612825e+00 9.036251e-01 1.299385e+00
1.620637e+00 9.020048e-01 1.305681e+00
1.628450e+00 9.003957e-01 1.311984e+00
1.636262e+00 8.987980e-01 1.318293e+00
1.644075e+00 8.972113e-01 1.324608e+00
1.651887e+00 8.956359e-01 1.330929e+00
1.659700e+00 8.940715e-01 1.337255e+00
1.667512e+00 8.925182e-01 1.343585e+00
1.675325e+00 8.909759e-01 1.349921e+00
1.683137e+00 8.894445e-01 1.356261e+00
1.690950e+00 8.879240e-01 1.362605e+00
1.698762e+00 8.864143e-01 1.368952e+00
1.706575e+00 8.849154e-01 1.375303e+00
1.714387e+00 8.834272e-01 1.381657e+00
1.722200e+00 8.819496e-01 1.388014e+00
1.730012e+00 8.804826e-01 1.394373e+00
1.737825e+00 8.790261e-01 1.400735e+00
1.745637e+00 8.775802e-01 1.407098e+00
1.753450e+00 8.761446e-01 1.413463e+00
1.761262e+00 8.747194e-01 1.419829e+00
1.769075e+00 8.733045e-01 1.426196e+00
1.776887e+00 8.718998e-01 1.432563e+00
1.784700e+00 8.705052e-01 1.438931e+00
1.792512e+00 8.691208e-01 1.445300e+00
1.800325e+00 8.677463e-01 1.451668e+00
1.808137e+00 8.663819e-01 1.458035e+00
1.815950e+00 8.650274e-01 1.464403e+00
1.823762e+00 8.636827e-01 1.470769e+00
1.831575e+00 8.623478e-01 1.477133e+00
1.839387e+00 8.610226e-01 1.483497e+00
1.847200e+00 8.597071e-01 1.489858e+00
1.855012e+00 8.584012e-01 1.496218e+00
1.862825e+00 8.571047e-01 1.502575e+00
1.870637e+00 8.558178e-01 1.508930e+00
1.878450e+00 8.545402e-01 1.515282e+00
1.886262e+00 8.532720e-01 1.521631e+00
1.894075e+00 8.520131e-01 1.527977e+00
1.901887e+00 8.507634e-01 1.534319e+00
1.909700e+00 8.495229e-01 1.540657e+00
1.917512e+00 8.482914e-01 1.546991e+00
1.925325e+00 8.470690e-01 1.553321e+00
1.933137e+00 8.458556e-01 1.559646e+00
1.940950e+00 8.446512e-01 1.565966e+00
1.948762e+00 8.434556e-01 1.572281e+00
1.956575e+00 8.422689e-01 1.578590e+00
1.964387e+00 8.410910e-01 1.584893e+00
1.972200e+00 8.399220e-01 1.591189e+00
1.980012e+00 8.387616e-01 1.597479e+00
1.987825e+00 8.376101e-01 1.603761e+00
1.995637e+00 8.364673e-01 1.610035e+00
2.003450e+00 8.353333e-01 1.616301e+00
2.011262e+00 8.342081e-01 1.622557e+00
2.019075e+00 8.330918e-01 1.628803e+00
2.026887e+00 8.319844e-01 1.635037e+00
2.034700e+00 8.308859e-01 1.641260e+00
2.042512e+00 8.297967e-01 1.647467e+00
2.050325e+00 8.287165e-01 1.653661e+00
2.058137e+00 8.276463e-01 1.659836e+00
2.065950e+00 8.265851e-01 1.665995e+00
2.073762e+00 8.255351e-01 1.672126e+00
2.081575e+00 8.244938e-01 1.678241e+00
2.089387e+00 8.234660e-01 1.684313e+00
2.097200e+00 8.224454e-01 1.690378e+00
2.105012e+00 8.214439e-01 1.696364e+00
2.112825e+00 8.204422e-01 1.702385e+00
2.120637e+00 8.194767e-01 1.708221e+00
2.128450e+00 8.184735e-01 1.714320e+00
2.136262e+00 8.175739e-01 1.719818e+00
2.144075e+00 8.163599e-01 1.727284e+00
2.151887e+00 8.151772e-01 1.734607e+00
2.159700e+00 8.101649e-01 1.766205e+00
2.167512e+00 7.952039e-01 1.866228e+00
2.175325e+00 7.566895e-01 2.169679e+00
2.183137e+00 6.866490e-01 2.963504e+00
2.190950e+00 5.858447e-01 5.190839e+00
2.198762e+00 4.587483e-01 1.403945e+01
2.206575e+00 3.145190e-01 9.092463e+01
2.214387e+00 1.601495e-01 1.000000e+03
2.222200e+00 0.000000e+00 1.000000e+03
