# # t/year,q
6.600674766460002214e+07 1.352216602145913384e+02
8.073913297704344988e+07 5.094133252678696522e+02
8.918672372209502757e+07 1.103923468360092784e+03
9.517547252958165109e+07 1.901713709575108851e+03
9.986252691730320454e+07 2.878504390289302137e+03
1.037516548312891722e+08 4.000926677119448414e+03
1.070958889922350049e+08 5.220974177468638118e+03
1.100452687070441693e+08 6.479859677584243400e+03
1.127054536399590224e+08 7.715153323791822913e+03
1.151481902388249338e+08 8.859255844226801855e+03
1.174246755288885087e+08 9.842416772142421905e+03
1.195729720366505235e+08 1.059643772786369664e+04
1.216223970038470328e+08 1.105872749519239005e+04
1.235962612517528981e+08 1.117630362516962305e+04
1.255136562317470014e+08 1.090932712672508569e+04
1.273906668681471199e+08 1.023381050481292004e+04
1.292410382875313312e+08 9.143385681790601666e+03
1.310766723688901067e+08 7.650022294101356238e+03
1.329088701150628030e+08 5.782524723414015170e+03
1.347482332746212780e+08 3.584651445457382579e+03
1.366049703250434101e+08 1.112130219988591307e+03
1.384891611597489417e+08 -1.571037827401747563e+03
1.404109989048904479e+08 -4.396715279874151747e+03
1.423588522000133693e+08 -7.264691534656651129e+03
1.443356108422309458e+08 -1.010399460847959926e+04
1.463501936263309121e+08 -1.286430204497732848e+04
1.484107360688557625e+08 -1.550671044986547713e+04
1.505262523634741306e+08 -1.800560859769324088e+04
1.527074700277643800e+08 -2.034775553071390823e+04
1.549661510900639296e+08 -2.252869012130278861e+04
1.573153778887222111e+08 -2.455000122907040350e+04
1.597698929192213118e+08 -2.641645066527558083e+04
1.623465111502870917e+08 -2.813323005057829141e+04
1.650646283870764375e+08 -2.970358891219141515e+04
1.679468563475509584e+08 -3.112700570547825191e+04
1.710198247107948661e+08 -3.239799472246270670e+04
1.743152031615392268e+08 -3.350556141546343861e+04
1.778710130286802053e+08 -3.443324789481634798e+04
1.817333187445071042e+08 -3.515965856755644199e+04
1.859584130413401127e+08 -3.565932939350110246e+04
1.906156324436049759e+08 -3.590380712544034759e+04
1.957909501965303123e+08 -3.586284159616694524e+04
2.015892548185921609e+08 -3.550584580343679409e+04
2.081395846156283915e+08 -3.480391854259826505e+04
2.156031459895785153e+08 -3.373178296531575324e+04
2.241633040061023831e+08 -3.227339912443116918e+04
2.340380523886066973e+08 -3.042628302154388803e+04
2.454498493885391951e+08 -2.821330439738862333e+04
2.586059097355192900e+08 -2.569162016914781270e+04
2.731165972612053752e+08 -2.305141265182040661e+04
2.889294456093354821e+08 -2.041219953348719719e+04
3.061033268561022282e+08 -1.785696937274590164e+04
3.247455392591746449e+08 -1.544563808649896237e+04
3.449599488260169029e+08 -1.322402596486007678e+04
3.668829497085011005e+08 -1.122018715551915375e+04
3.906292673767001033e+08 -9.450576398772864195e+03
4.161900060005838275e+08 -7.924226423380230699e+03
4.434536522817128897e+08 -6.636368342741334345e+03
4.722450404301016927e+08 -5.567716500271919358e+03
5.022999716480457783e+08 -4.690590465233581199e+03
5.332038261389860511e+08 -3.975385289555382769e+03
5.646514893576259613e+08 -3.389371475661278964e+03
5.963707782151573896e+08 -2.904600757667350990e+03
6.281383311825200319e+08 -2.499044596175353945e+03
6.597830921213667393e+08 -2.156229300976148807e+03
6.911819249421550035e+08 -1.864097222638676612e+03
7.222517593522993326e+08 -1.613727107267783140e+03
7.529411537116450071e+08 -1.398307258208616986e+03
7.832227149042038918e+08 -1.212546139929841956e+03
8.130868652720937729e+08 -1.052571030442704796e+03
8.425369650378172398e+08 -9.162826762233689806e+02
8.715856177851543427e+08 -8.040612585339695215e+02
9.002519590445023775e+08 -7.196203654579676368e+02
9.285597593569486141e+08 -6.706626325760917098e+02
9.565288479555208683e+08 -6.688205674097589508e+02
9.841653898113669157e+08 -7.281506969143447350e+02
1.011504162678422451e+09 -8.619055326754896669e+02
1.038582560042342901e+09 -1.077793505464895134e+03
1.065375554542271852e+09 -1.371831995133517921e+03
1.091499463409587145e+09 -1.720268000853859121e+03
1.117127226923987627e+09 -2.091064385836718429e+03
1.142447659363790274e+09 -2.445351320732552267e+03
1.167660470080766201e+09 -2.742598414513642638e+03
1.192970856092884302e+09 -2.945888985258436151e+03
1.218584118980014086e+09 -3.026285113983027259e+03
1.244699995082444906e+09 -2.965733749665920186e+03
1.271506126701032400e+09 -2.758385737348424300e+03
1.298644493624575615e+09 -2.417577114606749092e+03
1.326082591903479338e+09 -1.967640321154627600e+03
1.353865280875549555e+09 -1.437071441311734816e+03
1.382030747176471472e+09 -8.550892428988663596e+02
1.410609432634149551e+09 -2.490900807348662056e+02
1.439623141543709040e+09 3.566017674860668194e+02
1.469084436383078575e+09 9.407312193279285566e+02
1.498996445874117851e+09 1.483755534742853342e+03
1.529353200798841953e+09 1.964634751256962772e+03
1.560140586430998087e+09 2.354562848396522895e+03
1.591337978781099319e+09 2.605508078972176008e+03
1.622920658719034195e+09 2.631216048915306601e+03
1.654863226360344172e+09 2.282118956796382918e+03
1.687144450759583235e+09 1.330000324500990246e+03
1.719753913513352394e+09 -4.948490366435144097e+02
1.752699137669744492e+09 -3.363444421625128598e+03
1.786006738242915630e+09 -7.138295982259980519e+03
1.818548721620015621e+09 -1.117625539154183389e+04
1.846707348817633629e+09 -1.451487543448994620e+04
1.872392062778244257e+09 -1.701311066625577951e+04
1.897125243322440386e+09 -1.868183230334627297e+04
1.921870366615982294e+09 -1.955586956218054183e+04
1.947077208185470581e+09 -1.969103843417402823e+04
1.973398032773979187e+09 -1.917486184554217471e+04
2.001368686308282614e+09 -1.812162266763767911e+04
2.031396378215865612e+09 -1.668771049425909587e+04
2.063758569264863968e+09 -1.507053009441698305e+04
2.096065130941637993e+09 -1.356832329003853556e+04
2.126959365669885397e+09 -1.233151778035286225e+04
2.157283085965273380e+09 -1.134246120485337269e+04
2.187368580627237797e+09 -1.057065265707617073e+04
2.217948921282202721e+09 -9.972708151294129493e+03
2.249413968181287766e+09 -9.522386721926759492e+03
2.282409302251322746e+09 -9.202311676869332587e+03
2.317385636471827984e+09 -9.008625161480262250e+03
2.354669150618741989e+09 -8.943846247526109437e+03
2.394543337863279819e+09 -9.010667239275750035e+03
2.434666805011218548e+09 -9.197461439149332364e+03
2.473999629824132442e+09 -9.474008222579079302e+03
2.512524506210443974e+09 -9.812007094449383658e+03
2.550266478646697044e+09 -1.018903141223413331e+04
2.587271125343414307e+09 -1.058869702697127832e+04
2.623588959997842789e+09 -1.100009114692229377e+04
2.659266051599351883e+09 -1.141669217360130642e+04
2.694308142864858150e+09 -1.183484344025336577e+04
2.728666757071674824e+09 -1.225239366497055562e+04
2.762371766719138622e+09 -1.266870887399895400e+04
2.795443735321638107e+09 -1.308325045943922669e+04
2.827896370427949905e+09 -1.349502821265518833e+04
2.859739044983683109e+09 -1.390239540900613792e+04
2.890979192313853741e+09 -1.430330226926679461e+04
2.921624433346590042e+09 -1.469613240309449975e+04
2.951675033632616043e+09 -1.508099341621095300e+04
2.981081987888929367e+09 -1.546085744164448442e+04
3.009868943779485703e+09 -1.584339403955483431e+04
3.038060999240568638e+09 -1.624042881405600929e+04
3.065682883627413750e+09 -1.666649935295438991e+04
3.092757174428270817e+09 -1.713640936330497789e+04
3.119303216692252636e+09 -1.766252834727530717e+04
3.145318631220720291e+09 -1.825233505388723643e+04
3.170791996408196926e+09 -1.890752573218590624e+04
3.195739729598367691e+09 -1.962536544044703987e+04
3.220174919207971096e+09 -2.039992399117587775e+04
3.244106555353997231e+09 -2.122418298963290363e+04
3.267538532698577404e+09 -2.209202531624714175e+04
3.290469114575705051e+09 -2.299961498472155654e+04
3.312891446767792225e+09 -2.394590841555342922e+04
3.334795335462083817e+09 -2.493230933184952664e+04
3.356170042291068077e+09 -2.596170675012781430e+04
3.376989978568202972e+09 -2.703644621533705504e+04
3.397249249556868553e+09 -2.815847194744463195e+04
3.416952619373695374e+09 -2.932828223580842314e+04
3.436112341481436253e+09 -3.054454894614053410e+04
3.454747968000851631e+09 -3.180430182311414319e+04
3.472885769525607586e+09 -3.310334571925718046e+04
3.490538280774655342e+09 -3.443540600146465295e+04
3.507729455193675995e+09 -3.579413892319088336e+04
3.524503053669303894e+09 -3.717446521249030775e+04
3.540900033514996529e+09 -3.857154921148373978e+04
3.556936519893672466e+09 -3.997899448272165318e+04
3.572661633575971127e+09 -4.139248043936977774e+04
3.588099272568256855e+09 -4.280402300869440660e+04
3.603278942630156040e+09 -4.420225287761754589e+04
3.618243148207751751e+09 -4.556937769314177422e+04
3.633000628339899063e+09 -4.687077786762033065e+04
3.647588572013107777e+09 -4.805128680517239263e+04
3.662037749287062645e+09 -4.902748534487263532e+04
3.676355968838332176e+09 -4.969558613057283219e+04
3.690570160384327888e+09 -4.995930925088067306e+04
3.704703324808686733e+09 -4.976388037355504639e+04
3.718775045173151016e+09 -4.912474250957206823e+04
3.732801698059696674e+09 -4.813275049011422379e+04
3.746796891601830959e+09 -4.693238556572848029e+04
3.760772266860003471e+09 -4.568432778350482113e+04
3.774738448149383545e+09 -4.452953334123620880e+04
3.788705890909086227e+09 -4.356718940854501852e+04
3.802685521145419598e+09 -4.284948282381604076e+04
3.816689184695814133e+09 -4.238869008897332242e+04
3.830729959268507957e+09 -4.216959773031248915e+04
3.844822364523207188e+09 -4.216168550325160322e+04
3.858976382567993641e+09 -4.232818365566482680e+04
3.873210914477126122e+09 -4.263194680002640234e+04
3.887546739395142555e+09 -4.303852418227805174e+04
3.902006180982921124e+09 -4.351737335315179371e+04
3.916612910580868721e+09 -4.404218277543119621e+04
3.931391736722586155e+09 -4.459081005343413563e+04
3.946368386958226681e+09 -4.514505455872270250e+04
3.961569282807134151e+09 -4.569030433206187445e+04
3.977021304487977028e+09 -4.621502685654573725e+04
3.992746017475659370e+09 -4.670992299464941607e+04
4.008768578935020447e+09 -4.716742384198022773e+04
4.025114940687714577e+09 -4.758070491487949039e+04
4.041810502240656376e+09 -4.794285414153877355e+04
4.058879698698416233e+09 -4.824630616771330824e+04
4.076345516996394157e+09 -4.848262450041837292e+04
4.094228930898143768e+09 -4.864269080919363478e+04
4.112542780782903194e+09 -4.871728181103800307e+04
4.131302150539501667e+09 -4.869804462732675893e+04
4.150518880914896488e+09 -4.857842439579266647e+04
4.170199922892914295e+09 -4.835461615048243402e+04
4.190346386600450516e+09 -4.802627814836609468e+04
4.210952578964340210e+09 -4.759686018611015606e+04
4.232005089450517654e+09 -4.707350985044977278e+04
4.253482006911472797e+09 -4.646663850983821612e+04
4.275352374867069721e+09 -4.578931405196593550e+04
4.297566307099733353e+09 -4.505695427160864347e+04
4.320037808694542885e+09 -4.428740565115424397e+04
4.342453142636174202e+09 -4.350659353647821990e+04
4.364796609170562744e+09 -4.273081373170454754e+04
4.387056211334404945e+09 -4.197519721470573131e+04
4.409222837570026398e+09 -4.125354959623040486e+04
4.431290991993918419e+09 -4.057811815056904015e+04
4.453259011505434036e+09 -3.995939871628662513e+04
4.475128769683957100e+09 -3.940602313221794611e+04
4.496904966730278969e+09 -3.892473733079411613e+04
4.518594155873408318e+09 -3.852045170492297621e+04
4.540192974787988663e+09 -3.819645303973158298e+04
4.561603692468796730e+09 -3.795498397358013608e+04
4.582630457781233788e+09 -3.779571761189999233e+04
4.603265800479417801e+09 -3.771390315885063319e+04
4.623509301002227783e+09 -3.770348975041909580e+04
4.643366475120955467e+09 -3.775747065440447477e+04
4.662847684026130676e+09 -3.786817161736707203e+04
4.681967113427499771e+09 -3.802749165147707390e+04
4.700741847615509033e+09 -3.822710733885519585e+04
4.719191051945379257e+09 -3.845865123830102675e+04
4.737335268716162682e+09 -3.871387259053735761e+04
4.755195825722384453e+09 -3.898478536517179600e+04
4.772794352866877556e+09 -3.926380560990051890e+04
4.790152399473028183e+09 -3.954387756630185322e+04
4.807286720233838081e+09 -3.981852499275494483e+04
4.824213183546277046e+09 -4.008201612714149815e+04
4.840951917162937164e+09 -4.032951755922625307e+04
4.857522296480730057e+09 -4.055707267308424343e+04
4.873942875487728119e+09 -4.076162283958562330e+04
4.890231358962966919e+09 -4.094100181515906297e+04
4.906404605256589890e+09 -4.109390371866118949e+04
4.922478649889611244e+09 -4.121982641044945922e+04
4.938468294769519806e+09 -4.131899197432171059e+04
4.954381948402035713e+09 -4.139224325751678407e+04
4.970233806034286499e+09 -4.144098884069237101e+04
4.986037372482058525e+09 -4.146704979834459664e+04
5.001805499051940918e+09 -4.147255334527579544e+04
5.017550412859610558e+09 -4.145983527195268834e+04
5.033283737373025894e+09 -4.143135525512437744e+04
5.049016504019386292e+09 -4.138962740709742502e+04
5.064759155522686005e+09 -4.133716659794019506e+04
5.080521542283388138e+09 -4.127644937196865067e+04
5.096312913601753235e+09 -4.120988686916055303e+04
5.112141905893299103e+09 -4.113980617967924627e+04
5.128016530268532753e+09 -4.106843607849640830e+04
5.143944161958362579e+09 -4.099789312058429641e+04
5.159931534064354897e+09 -4.093016460059827659e+04
5.175984737988262177e+09 -4.086708582515921444e+04
5.192109232634380341e+09 -4.081031041030332563e+04
5.208309864056795120e+09 -4.076127376663069299e+04
5.224590896624965668e+09 -4.072115141121198394e+04
5.240956055991840363e+09 -4.069081507274919568e+04
5.257408583185750008e+09 -4.067079056730498269e+04
5.273951298045716286e+09 -4.066122197009541560e+04
5.290586669058727264e+09 -4.066184660532505950e+04
5.307316885543581963e+09 -4.067198479996519018e+04
5.324143927191339493e+09 -4.069054725911233982e+04
5.341069625354216576e+09 -4.071606146038736915e+04
5.358095710295761108e+09 -4.074671682425307517e+04
5.375223838954781532e+09 -4.078042681433323014e+04
5.392455598661064148e+09 -4.081490476127089642e+04
5.409792483631140709e+09 -4.084774923561594187e+04
5.427235842871390343e+09 -4.087653430203374592e+04
5.444786800167763710e+09 -4.089889996692237037e+04
5.462446148988635063e+09 -4.091263851470153895e+04
5.480214227175269127e+09 -4.091577309656338184e+04
5.498090778091263771e+09 -4.090662575516408106e+04
5.516074806302769661e+09 -4.088387291351967724e+04
5.534164436753781319e+09 -4.084658713258287025e+04
5.552356786720047951e+09 -4.079426459430910472e+04
5.570647859522246361e+09 -4.072683828259645816e+04
5.589032468065674782e+09 -4.064467722675704135e+04
5.607504194789552689e+09 -4.054857247836912575e+04
5.626055392645412445e+09 -4.043971074551092170e+04
5.644677229424698830e+09 -4.031963684225076577e+04
5.663359775291474342e+09 -4.019020633688308590e+04
5.682092130952880859e+09 -4.005353000397105643e+04
5.700862591718832016e+09 -3.991191188804667036e+04
5.719658840937935829e+09 -3.976778295457921922e+04
5.738468165078367233e+09 -3.962363241607898090e+04
5.757277682105378151e+09 -3.948193886554841447e+04
5.776074574774575233e+09 -3.934510331597576442e+04
5.794843226504864693e+09 -3.921540521905454079e+04
5.813570859368025780e+09 -3.909490644182090182e+04
5.832246394809100151e+09 -3.898541244488162192e+04
5.850859738588149071e+09 -3.888843786700785859e+04
5.869401930462311745e+09 -3.880517546389667405e+04
5.887865264917064667e+09 -3.873647507715473330e+04
5.906243381856895447e+09 -3.868283278497791616e+04
5.924531326966882706e+09 -3.864439006595877436e+04
5.942725582125605583e+09 -3.862094251817592158e+04
5.960824066842362404e+09 -3.861195742544528912e+04
5.978826112203301430e+09 -3.861659925553442736e+04
5.996732409287655830e+09 -3.863376201313563797e+04
6.014544934444116592e+09 -3.866210725257179729e+04
6.032266854193614960e+09 -3.870010647892755514e+04
6.049902412837046623e+09 -3.874608662801938044e+04
6.067456806072753906e+09 -3.879827731032183510e+04
6.084936044061970711e+09 -3.885485852843835164e+04
6.102346807412433624e+09 -3.891400762786690029e+04
6.119696299485585213e+09 -3.897394431162595720e+04
6.136992098282169342e+09 -3.903297264052499668e+04
6.154242010938494682e+09 -3.908951904671404918e+04
6.171453933588479042e+09 -3.914216551204213465e+04
6.188633753725193024e+09 -3.918967314616584918e+04
6.205787939029595375e+09 -3.923101186997909099e+04
6.222924027914184570e+09 -3.926537547126170830e+04
6.240049224797730446e+09 -3.929218596510312636e+04
6.257170311418890953e+09 -3.931109466655729193e+04
6.274293572754717827e+09 -3.932197680657741148e+04
6.291424737961281776e+09 -3.932492010876912536e+04
6.308568936398395538e+09 -3.932020792117407109e+04
6.325730668456635475e+09 -3.930829765348232468e+04
6.342913790581661224e+09 -3.928979539838818891e+04
6.360121513592202187e+09 -3.926542770715508959e+04
6.377356413127333641e+09 -3.923601154044926079e+04
6.394620450843523026e+09 -3.920242342277041462e+04
6.411915004821512222e+09 -3.916556879481489159e+04
6.429240907545437813e+09 -3.912635248597136524e+04
6.446598489786137581e+09 -3.908565112753367430e+04
6.463987628750351906e+09 -3.904428820289715077e+04
6.481407798952889442e+09 -3.900301229432559921e+04
6.498858124407323837e+09 -3.896247894311282289e+04
6.516337430904630661e+09 -3.892323640151988366e+04
6.533844297346968651e+09 -3.888571542186719307e+04
6.551377105297827721e+09 -3.885022310905466293e+04
6.568934086098320961e+09 -3.881694075451210665e+04
6.586513365061803818e+09 -3.878592547720028961e+04
6.604113002393224716e+09 -3.875711541708466393e+04
6.621731030581538200e+09 -3.873033815940206114e+04
6.639365488083442688e+09 -3.870532201237521804e+04
6.657014449164241791e+09 -3.868170971629822452e+04
6.674676049791344643e+09 -3.865907412691603531e+04
6.692348509497000694e+09 -3.863693539128727571e+04
6.710030149152674675e+09 -3.861477911924588261e+04
6.727719404629909515e+09 -3.859207504806380166e+04
6.745414836369550705e+09 -3.856829570244623756e+04
6.763115134944362640e+09 -3.854293456518835592e+04
6.780819122775289536e+09 -3.851552329806840135e+04
6.798525752251939774e+09 -3.848564758283715491e+04
6.816234100597004890e+09 -3.845296119315960095e+04
6.833943361904281616e+09 -3.841719795514662110e+04
6.851652836860096931e+09 -3.837818130887729058e+04
6.869361920721549034e+09 -3.833583124265287915e+04
6.887070090164576530e+09 -3.829016843787713151e+04
6.904776889636710167e+09 -3.824131553129178792e+04
6.922481917835576057e+09 -3.818949547390882071e+04
6.940184814905538559e+09 -3.813502704019139492e+04
6.957885250883986473e+09 -3.807831761478669068e+04
6.975582915854266167e+09 -3.801985345675750432e+04
6.993277512169198990e+09 -3.796018770984134608e+04
7.010968749008922577e+09 -3.789992649048792373e+04
7.028656339426878929e+09 -3.783971344071057683e+04
7.046339999930291176e+09 -3.778021317841822747e+04
7.064019452535840034e+09 -3.772209411253481812e+04
7.081694429139285088e+09 -3.766601111087981553e+04
7.099364677948773384e+09 -3.761258851611654973e+04
7.117029971647622108e+09 -3.756240399659692775e+04
7.134690116884736061e+09 -3.751597369463269570e+04
7.152344964633130074e+09 -3.747373909688583080e+04
7.169994420916416168e+09 -3.743605599634324608e+04
7.187638457373640060e+09 -3.740318585076039744e+04
7.205277121123960495e+09 -3.737528976480307756e+04
7.222910543398959160e+09 -3.735242523947833979e+04
7.240538946433610916e+09 -3.733454574368857720e+04
7.258162648151901245e+09 -3.732150307455611619e+04
7.275782064243209839e+09 -3.731305238722595095e+04
7.293397707305472374e+09 -3.730885969613307680e+04
7.311010182825032234e+09 -3.730851158093424601e+04
7.328620181872445107e+09 -3.731152677220816258e+04
7.346228470509632111e+09 -3.731736924900515442e+04
7.363835876027926445e+09 -3.732546244974898582e+04
7.381443270260684967e+09 -3.733520418226569745e+04
7.399051550332988739e+09 -3.734598181571291934e+04
7.416661617323099136e+09 -3.735718734596991271e+04
7.434274353407092094e+09 -3.736823194583844452e+04
7.451890598137523651e+09 -3.737855963906297984e+04
7.469511124565847397e+09 -3.738765977320047386e+04
7.487136615952311516e+09 -3.739507800719523948e+04
7.504767643816647530e+09 -3.740042557648726506e+04
7.522404648064622879e+09 -3.740338664712369791e+04
7.540047919883316994e+09 -3.740372362387250178e+04
7.557697588026961327e+09 -3.740128033079550369e+04
7.575353609026767731e+09 -3.739598303808263154e+04
7.593015761743526459e+09 -3.738783936383167747e+04
7.610683646555818558e+09 -3.737693513344315579e+04
7.628356689336134911e+09 -3.736342932972708513e+04
7.646034150221173286e+09 -3.734754731508220721e+04
7.663715137033919334e+09 -3.732957254871881014e+04
7.681398623071719170e+09 -3.730983705813184497e+04
7.699083468839882851e+09 -3.728871095207196777e+04
7.716768447188699722e+09 -3.726659128254489042e+04
7.734452271210052490e+09 -3.724389057378281723e+04
7.752133624171596527e+09 -3.722102533778795623e+04
7.769811190706447601e+09 -3.719840488816086145e+04
7.787483688450282097e+09 -3.717642074661085644e+04
7.805149899311426163e+09 -3.715543691202440823e+04
7.822808699580820084e+09 -3.713578122883939068e+04
7.840459088134666443e+09 -3.711773805367988825e+04
7.858100212045331955e+09 -3.710154237551902042e+04
7.875731389001481056e+09 -3.708737549877261335e+04
7.893352126033824921e+09 -3.707536235052703705e+04
7.910962134151668549e+09 -3.706557042530574836e+04
7.928561338605900764e+09 -3.705801033394847036e+04
7.946149884614336014e+09 -3.705263787922082702e+04
7.963728138495947838e+09 -3.704935754075403383e+04
7.981296684274208069e+09 -3.704802721618947544e+04
7.998856315911960602e+09 -3.704846403670309519e+04
8.016408025433604240e+09 -3.705045105094307655e+04
8.033952987275300026e+09 -3.705374455546687386e+04
8.051492539271649361e+09 -3.705808183996149455e+04
8.069028160744292259e+09 -3.706318911300092441e+04
8.086561448201057434e+09 -3.706878937738942477e+04
8.104094089181241035e+09 -3.707461003534636984e+04
8.121627834797790527e+09 -3.708039001875996473e+04
8.139164471528996468e+09 -3.708588626148197363e+04
8.156705792800975800e+09 -3.709087935573044524e+04
8.174253570882718086e+09 -3.709517826378023892e+04
8.191809529582480431e+09 -3.709862398750952707e+04
8.209375318198043823e+09 -3.710109213183184329e+04
8.226952487127056122e+09 -3.710249433210445568e+04
8.244542465493521690e+09 -3.710277854917079094e+04
8.262146541094151497e+09 -3.710192826877145126e+04
8.279765842910786629e+09 -3.709996067325236072e+04
8.297401326381093025e+09 -3.709692388038606441e+04
8.315053761562183380e+09 -3.709289337044177955e+04
8.332723724269164085e+09 -3.708796774127791286e+04
8.350411590217718124e+09 -3.708226394879857253e+04
8.368117532153018951e+09 -3.707591219939583243e+04
8.385841519901776314e+09 -3.706905066773422004e+04
8.403583323244862556e+09 -3.706182021266048832e+04
8.421342517471756935e+09 -3.705435925934014813e+04
8.439118491447875023e+09 -3.704679900517594069e+04
8.456910457997614861e+09 -3.703925909248033713e+04
8.474717466384840965e+09 -3.703184387199718185e+04
8.492538416653324127e+09 -3.702463935807831149e+04
8.510372075575658798e+09 -3.701771095215162495e+04
8.528217093946887970e+09 -3.701110198358271737e+04
8.546072024953073502e+09 -3.700483308887971361e+04
8.563935343340312958e+09 -3.699890242332281923e+04
8.581805465109221458e+09 -3.699328667135452270e+04
8.599680767462963104e+09 -3.698794279809080763e+04
8.617559608743618011e+09 -3.698281046162144776e+04
8.635440348102903366e+09 -3.697781498698583164e+04
8.653321364666175842e+09 -3.697287078846052464e+04
8.671201075968183517e+09 -3.696788511489893426e+04
8.689077955458398819e+09 -3.696276198762386048e+04
8.706950548900085449e+09 -3.695740619746013544e+04
8.724817489511482239e+09 -3.695172723054080416e+04
8.742677511728010178e+09 -3.694564299793379905e+04
8.760529463490753174e+09 -3.693908325465930102e+04
8.778372316996667862e+09 -3.693199260622977454e+04
8.796205177873033524e+09 -3.692433301629657217e+04
8.814027292763242722e+09 -3.691608574669372319e+04
8.831838055333957672e+09 -3.690725267970967980e+04
8.849637010733072281e+09 -3.689785699206427671e+04
8.867423858541572571e+09 -3.688794317020494054e+04
8.885198454274637222e+09 -3.687757637448188325e+04
8.902960809493993759e+09 -3.686684117936313123e+04
8.920711090596271515e+09 -3.685583973272495496e+04
8.938449616341157913e+09 -3.684468939223307825e+04
8.956176854181167603e+09 -3.683351990937990195e+04
8.973893415448892593e+09 -3.682247024243237684e+04
8.991600049449155807e+09 -3.681168508639511128e+04
9.009297636498598099e+09 -3.680131121383335267e+04
9.026987179944854736e+09 -3.679149372233232862e+04
9.044669797192489624e+09 -3.678237228477529425e+04
9.062346709756254196e+09 -3.677407749572413013e+04
9.080019232358631134e+09 -3.676672740296918346e+04
9.097688761088113785e+09 -3.676042430670960312e+04
9.115356760635776520e+09 -3.675525190111230040e+04
9.133024750631227493e+09 -3.675127282273564924e+04
9.150694291107984543e+09 -3.674852666052732093e+04
9.168366967138309479e+09 -3.674702847048491822e+04
9.186044372691406250e+09 -3.674676782567628106e+04
9.203728093786193848e+09 -3.674770842105022166e+04
9.221419691028888702e+09 -3.674978823974685656e+04
9.239120681649070740e+09 -3.675292027604090254e+04
9.256832521170829773e+09 -3.675699379881691129e+04
9.274556584882642746e+09 -3.676187612919102685e+04
9.292294149296312332e+09 -3.676741489572729188e+04
9.310046373812585831e+09 -3.677344072358147241e+04
9.327814282837421417e+09 -3.677977030454044871e+04
9.345598748618022919e+09 -3.678620979023593827e+04
9.363400475090606689e+09 -3.679255844493259065e+04
9.381219983049463272e+09 -3.679861248927363340e+04
9.399057596961277008e+09 -3.680416906368501805e+04
9.416913433753484726e+09 -3.680903023669410322e+04
9.434787393907682419e+09 -3.681300698120606830e+04
9.452679155174535751e+09 -3.681592304016788694e+04
9.470588169210601807e+09 -3.681761860338431143e+04
9.488513661404825211e+09 -3.681795371612840245e+04
9.506454634119548798e+09 -3.681681134389930230e+04
9.524409873519058228e+09 -3.681410002059036196e+04
9.542377960094396591e+09 -3.680975601355290564e+04
9.560357282918218613e+09 -3.680374494808934105e+04
9.578346057585554123e+09 -3.679606284420373413e+04
9.596342347705703735e+09 -3.678673653281588486e+04
9.614344089724153519e+09 -3.677582343361831590e+04
9.632349120763525009e+09 -3.676341069343586423e+04
9.650355209086807251e+09 -3.674961370204689592e+04
9.668360086707843781e+09 -3.673457401795235637e+04
9.686361483608449936e+09 -3.671845675281874719e+04
9.704357162964128494e+09 -3.670144747545945575e+04
9.722344956743492126e+09 -3.668374870685591304e+04
9.740322801023185730e+09 -3.666557608442868514e+04
9.758288770357564926e+09 -3.664715427834759612e+04
9.776241110553642273e+09 -3.662871274434626685e+04
9.794178269235116959e+09 -3.661048139862530661e+04
9.812098923623653412e+09 -3.659268629900702945e+04
9.830002005024854660e+09 -3.657554541679874092e+04
9.847886719576932907e+09 -3.655926458166888915e+04
9.865752564897199631e+09 -3.654403368127836438e+04
9.883599342342975616e+09 -3.653002319548334344e+04
9.901427164689605713e+09 -3.651738114102114923e+04
9.919236459109453201e+09 -3.650623049750638893e+04
9.937027965419321060e+09 -3.649666717748756491e+04
9.954802729637704849e+09 -3.648875859058291826e+04
9.972562092965635300e+09 -3.648254283746156580e+04
9.990307676365734100e+09 -3.647802855011096835e+04
1.000804136097376251e+10 -3.647519537413202488e+04
1.002576526462294579e+10 -3.647399506548303179e+04
1.004348171480483437e+10 -3.647435315166193323e+04
1.006119321842510223e+10 -3.647617108427640778e+04
1.007890242874400902e+10 -3.647932879156708077e+04
1.009661210991345978e+10 -3.648368752258078894e+04
1.011432509954468155e+10 -3.648909286501395400e+04
1.013204426975922775e+10 -3.649537781281197385e+04
1.014977248718871307e+10 -3.650236576200128184e+04
1.016751257240486717e+10 -3.650987332108130795e+04
1.018526725927126884e+10 -3.651771283734005556e+04
1.020303915472391891e+10 -3.652569456204622111e+04
1.022083069949419594e+10 -3.653362840411595971e+04
1.023864413030046654e+10 -3.654132525395878474e+04
1.025648144404249763e+10 -3.654859789390736842e+04
1.027434436453735733e+10 -3.655526154838369257e+04
1.029223431233724403e+10 -3.656113416286090069e+04
1.031015237816463280e+10 -3.656603653342013422e+04
1.032809930048745728e+10 -3.656979243627729011e+04
1.034607544773472595e+10 -3.657222892377308744e+04
1.036408080561649323e+10 -3.657317696065375640e+04
1.038211496996208382e+10 -3.657247256462779478e+04
1.040017714542460442e+10 -3.656995858995438903e+04
1.041826615031373024e+10 -3.656548724960274558e+04
1.043638042771803856e+10 -3.655892340978704306e+04
1.045451806295782661e+10 -3.655014861545310123e+04
1.047267680727473259e+10 -3.653906571959334542e+04
1.049085410752213860e+10 -3.652560390121558157e+04
1.050904714146707153e+10 -3.650972377542198956e+04
1.052725285816575241e+10 -3.649142223477754305e+04
1.054546802273481178e+10 -3.647073662319884897e+04
1.056368926471158218e+10 -3.644774784143157740e+04
1.058191312909368134e+10 -3.642258201954746619e+04
1.060013612907406425e+10 -3.639541046924373222e+04
1.061835479944189072e+10 -3.636644773845811869e+04
1.063656574961037064e+10 -3.633594772558657860e+04
1.065476571525968170e+10 -3.630419795445979980e+04
1.067295160763397408e+10 -3.627151224821807409e+04
1.069112055961502457e+10 -3.623822215742440312e+04
1.070926996779743958e+10 -3.620466758052724617e+04
1.072739752990094185e+10 -3.617118705861775379e+04
1.074550127698159599e+10 -3.613810822882775392e+04
1.076357960002388191e+10 -3.610573888586209796e+04
1.078163127061534309e+10 -3.607435903673998837e+04
1.079965545551959419e+10 -3.604421424956664850e+04
1.081765172506595421e+10 -3.601551050525826577e+04
1.083562005537174225e+10 -3.598841066689469153e+04
1.085356082449682808e+10 -3.596303259621995676e+04
1.087147480271288490e+10 -3.593944887097216269e+04
1.088936313713711929e+10 -3.591768799532208504e+04
1.090722733105015182e+10 -3.589773694624450582e+04
1.092506921827530289e+10 -3.587954486178805382e+04
1.094289093305285835e+10 -3.586302765192093648e+04
1.096069487589246368e+10 -3.584807329453557759e+04
1.097848367593125534e+10 -3.583454757236532168e+04
1.099626015036212540e+10 -3.582230000460134761e+04
1.101402726152823067e+10 -3.581116973495022103e+04
1.103178807230393600e+10 -3.580099115145187534e+04
1.104954570039627838e+10 -3.579159903493749880e+04
1.106730327221178436e+10 -3.578283306177936902e+04
1.108506387693103600e+10 -3.577454152054231963e+04
1.110283052142805481e+10 -3.576658414245107269e+04
1.112060608665471268e+10 -3.575883398904543719e+04
1.113839328608927345e+10 -3.575117838694795500e+04
1.115619462681897736e+10 -3.574351894538092165e+04
1.117401237378999329e+10 -3.573577073782427760e+04
1.119184851771757698e+10 -3.572786076940079511e+04
1.120970474709892082e+10 -3.571972588731252472e+04
1.122758242472048759e+10 -3.571131031896926288e+04
1.124548256898642159e+10 -3.570256303976008348e+04
1.126340584033605385e+10 -3.569343517994222202e+04
1.128135253294092369e+10 -3.568387767448189697e+04
1.129932257180300713e+10 -3.567383934296977532e+04
1.131731551529221153e+10 -3.566326555792108411e+04
1.133533056308246994e+10 -3.565209762067769771e+04
1.135336656936078072e+10 -3.564027291724315728e+04
1.137142206109989738e+10 -3.562772587338610901e+04
1.138949526110396004e+10 -3.561438967461411812e+04
1.140758411545655441e+10 -3.560019866323182941e+04
1.142568632492788887e+10 -3.558509127837521373e+04
1.144379937983089447e+10 -3.556901336663227266e+04
1.146192059776129532e+10 -3.555192166452012316e+04
1.148004716360879707e+10 -3.553378724171734211e+04
1.149817617119586372e+10 -3.551459869482787326e+04
1.151630466588096809e+10 -3.549436489701698883e+04
1.153442968745562935e+10 -3.547311713533650618e+04
1.155254831267734909e+10 -3.545091050446162262e+04
1.157065769679645538e+10 -3.542782446905958932e+04
1.158875511347309494e+10 -3.540396255285394727e+04
1.160683799252000427e+10 -3.537945115981048730e+04
1.162490395496004677e+10 -3.535443757604892744e+04
1.164295084494559288e+10 -3.532908724034497573e+04
1.166097675814705849e+10 -3.530358040189917665e+04
1.167898006628605652e+10 -3.527810830795613583e+04
1.169695943755162048e+10 -3.525286907767900266e+04
1.171491385270698547e+10 -3.522806342476680584e+04
1.173284261675966835e+10 -3.520389038772236381e+04
1.175074536613087463e+10 -3.518054321692068334e+04
1.176862207132382774e+10 -3.515820554986814386e+04
1.178647303515007973e+10 -3.513704798494296119e+04
1.180429888663070679e+10 -3.511722513763337338e+04
1.182210057074263000e+10 -3.509887323702765570e+04
1.183987933423093224e+10 -3.508210829225329508e+04
1.185763670775451469e+10 -3.506702483306229260e+04
1.187537448467378426e+10 -3.505369520467997791e+04
1.189309469682316017e+10 -3.504216937777515705e+04
1.191079958764474106e+10 -3.503247521870186029e+04
1.192849158307861519e+10 -3.502461915383701853e+04
1.194617326062765121e+10 -3.501858715644708718e+04
1.196384731701916885e+10 -3.501434598199121683e+04
1.198151653489471054e+10 -3.501184458002621977e+04
1.199918374895329094e+10 -3.501101561659000436e+04
1.201685181196569443e+10 -3.501177704779260966e+04
1.203452356106309319e+10 -3.501403369580049184e+04
1.205220178468418121e+10 -3.501767878777311125e+04
1.206988919054337692e+10 -3.502259542985365988e+04
1.208758837495343971e+10 -3.502865799867623718e+04
1.210530179381173325e+10 -3.503573344279947923e+04
1.212303173552688789e+10 -3.504368249665285839e+04
1.214078029613376808e+10 -3.505236081685003592e+04
1.215854935681567574e+10 -3.506162005894894537e+04
1.217634056402293968e+10 -3.507130891791345493e+04
1.219415531235037613e+10 -3.508127415974003088e+04
1.221199473031190300e+10 -3.509136167397163808e+04
1.222985966912525177e+10 -3.510141757697823778e+04
1.224775069460015678e+10 -3.511128939339841600e+04
1.226566808220219421e+10 -3.512082733912582626e+04
1.228361181534543037e+10 -3.512988572163092613e+04
1.230158158694808197e+10 -3.513832446521635575e+04
1.231957680426595497e+10 -3.514601075727550779e+04
1.233759659699496651e+10 -3.515282080009501078e+04
1.235563982861286736e+10 -3.515864164039228490e+04
1.237370511089858627e+10 -3.516337303658218298e+04
1.239179082153909111e+10 -3.516692931261649937e+04
1.240989512469467545e+10 -3.516924113906009006e+04
1.242801599435591316e+10 -3.517025717497391452e+04
1.244615124027895164e+10 -3.516994550190852897e+04
1.246429853624094391e+10 -3.516829478154950630e+04
1.248245545031018257e+10 -3.516531507298821089e+04
1.250061947677715111e+10 -3.516103825392200815e+04
1.251878806935037422e+10 -3.515551800073045888e+04
1.253695867518183708e+10 -3.514882929708193842e+04
1.255512876925166702e+10 -3.514106745687953662e+04
1.257329588862375832e+10 -3.513234666511146497e+04
1.259145766606546593e+10 -3.512279805892820150e+04
1.260961186252621078e+10 -3.511256738967576530e+04
1.262775639797940826e+10 -3.510181232368003111e+04
1.264588938015365791e+10 -3.509069945574596932e+04
1.266400913071285820e+10 -3.507940112176181719e+04
1.268211420849096489e+10 -3.506809210634562623e+04
1.270020342943687057e+10 -3.505694634787957330e+04
1.271827588298728561e+10 -3.504613374275765818e+04
1.273633094464930534e+10 -3.503581714865403774e+04
1.275436828464305878e+10 -3.502614967711227655e+04
1.277238787252304840e+10 -3.501727235321667104e+04
1.279038997776429367e+10 -3.500931220294944069e+04
1.280837516636389351e+10 -3.500238080853189604e+04
1.282634429356697845e+10 -3.499657334941715817e+04
1.284429849288119698e+10 -3.499196812308526569e+04
1.286223916158948135e+10 -3.498862651654515503e+04
1.288016794300940704e+10 -3.498659337777674227e+04
1.289808670577894402e+10 -3.498589771807767102e+04
1.291599752047199249e+10 -3.498655366206461622e+04
1.293390263386363983e+10 -3.498856155305666471e+04
1.295180444117319679e+10 -3.499190911867133400e+04
1.296970545661794853e+10 -3.499657260457056691e+04
1.298760828260928154e+10 -3.500251779313285806e+04
1.300551557791818428e+10 -3.500970083888992667e+04
1.302343002512911415e+10 -3.501806887065119372e+04
1.304135429769464493e+10 -3.502756033313284570e+04
1.305929102689228821e+10 -3.503810506451975380e+04
1.307724276897962189e+10 -3.504962413057603408e+04
1.309521197283525467e+10 -3.506202945868837560e+04
1.311320094837105179e+10 -3.507522333546299342e+04
1.313121183599922562e+10 -3.508909784772894636e+04
1.314924657743911171e+10 -3.510353435784527392e+04
1.316730688815413284e+10 -3.511840311097295489e+04
1.318539423171476173e+10 -3.513356307124356681e+04
1.320350979639218330e+10 -3.514886207944139460e+04
1.322165447429572296e+10 -3.516413741344621667e+04
1.323982884337585449e+10 -3.517921681703829381e+04
1.325803315261635590e+10 -3.519392004332822398e+04
1.327626731074376106e+10 -3.520806093536164553e+04
1.329453087877280998e+10 -3.522145004090227303e+04
1.331282306669321823e+10 -3.523389773120389145e+04
1.333114273457851028e+10 -3.524521776646695798e+04
1.334948839835811424e+10 -3.525523122381455323e+04
1.336785824044692612e+10 -3.526377067943429574e+04
1.338625012535937881e+10 -3.527068451612329227e+04
1.340466162035770226e+10 -3.527584121082829370e+04
1.342309002109592628e+10 -3.527913344724452327e+04
1.344153238211679459e+10 -3.528048189414611261e+04
1.345998555195272827e+10 -3.527983849478758930e+04
1.347844621246700287e+10 -3.527718912275841285e+04
1.349691092196023178e+10 -3.527255547925794963e+04
1.351537616145779800e+10 -3.526599613027225132e+04
1.353383838349569511e+10 -3.525760661341579544e+04
1.355229406263917732e+10 -3.524751857739032857e+04
1.357073974690082550e+10 -3.523589795408686041e+04
1.358917210918091393e+10 -3.522294219856349810e+04
1.360758799783273506e+10 -3.520887666826350323e+04
1.362598448545859528e+10 -3.519395024311367888e+04
1.364435891507137299e+10 -3.517843031588575832e+04
1.366270894280889702e+10 -3.516259730158891762e+04
1.368103257646036720e+10 -3.514673883085885609e+04
1.369932820915549278e+10 -3.513114379790422390e+04
1.371759464767102432e+10 -3.511609643593910732e+04
1.373583113491983986e+10 -3.510187058658459136e+04
1.375403736631114197e+10 -3.508872431941454124e+04
1.377221349978207970e+10 -3.507689504078431492e+04
1.379036015942114830e+10 -3.506659521146915358e+04
1.380847843270782852e+10 -3.505800876840618730e+04
1.382656986149178505e+10 -3.505128831931696914e+04
1.384463642692080307e+10 -3.504655315145993518e+04
1.386268052859851456e+10 -3.504388806630433101e+04
1.388070495831104088e+10 -3.504334302461844345e+04
1.389871286870590019e+10 -3.504493355811840593e+04
1.391670773733888245e+10 -3.504864188091214601e+04
1.393469332652291107e+10 -3.505441861163472640e+04
1.395267363942243195e+10 -3.506218500152713386e+04
1.397065287283907890e+10 -3.507183555174404319e+04
1.398863536712866592e+10 -3.508324089719443145e+04
1.400662555368413734e+10 -3.509625083422148600e+04
1.402462790041036797e+10 -3.511069737581424852e+04
1.404264685561231041e+10 -3.512639772916755464e+04
1.406068679071887016e+10 -3.514315710834313359e+04
1.407875194227050400e+10 -3.516077131690041278e+04
1.409684635361919212e+10 -3.517902906194400566e+04
1.411497381681667519e+10 -3.519771398983277322e+04
1.413313781521033096e+10 -3.521660646453809750e+04
1.415134146732328606e+10 -3.523548513831580931e+04
1.416958747266419220e+10 -3.525412838850316621e+04
1.418787806019620514e+10 -3.527231571049964987e+04
1.420621494028478432e+10 -3.528982916056890099e+04
1.422459926104176140e+10 -3.530645492891358299e+04
1.424303157007620430e+10 -3.532198509080894291e+04
1.426151178274909782e+10 -3.533621953081109677e+04
1.428003915808949661e+10 -3.534896796591888415e+04
1.429861228356416893e+10 -3.536005191659840784e+04
1.431722906987592125e+10 -3.536930640763475094e+04
1.433588675689726448e+10 -3.537658114279785514e+04
1.435458193170496941e+10 -3.538174091533851606e+04
1.437331055946898460e+10 -3.538466511278868711e+04
1.439206802765671730e+10 -3.538524635759019293e+04
1.441084920364881516e+10 -3.538338858903220535e+04
1.442964850543523598e+10 -3.537900519552635524e+04
1.444845998458787918e+10 -3.537201808420599264e+04
1.446727742021379662e+10 -3.536235873911445378e+04
1.448609442211251068e+10 -3.534997227952659159e+04
1.450490454092404366e+10 -3.533482522632768087e+04
1.452370138269444656e+10 -3.531691711165186280e+04
1.454247872503043747e+10 -3.529629529428864771e+04
1.456123063189367676e+10 -3.527307151620999502e+04
1.457995156409998894e+10 -3.524743803677271353e+04
1.459863648275036240e+10 -3.521968079507001676e+04
1.461728094311202049e+10 -3.519018709999157727e+04
1.463588117686501312e+10 -3.515944585519102111e+04
1.465443416110097313e+10 -3.512803921152188559e+04
1.467293767296918869e+10 -3.509662562947417609e+04
1.469139032936543465e+10 -3.506591542164377461e+04
1.470979161152714348e+10 -3.503664073789201211e+04
1.472814187479537010e+10 -3.500952252070631221e+04
1.474644213409015083e+10 -3.498523737110105867e+04
1.476469460867952538e+10 -3.496438569558892050e+04
1.478290238071041107e+10 -3.494746556611380947e+04
1.480106917235930061e+10 -3.493485202912898967e+04
1.481919922579980469e+10 -3.492678291025176441e+04
1.483729761046957016e+10 -3.492335165348965529e+04
1.485536999084294128e+10 -3.492450751378962013e+04
1.487342254865611076e+10 -3.493006189431065286e+04
1.489146189842161751e+10 -3.493970010855099099e+04
1.490949499703977966e+10 -3.495299749386694748e+04
1.492752904828967476e+10 -3.496943870737341058e+04
1.494557140297854042e+10 -3.498843900789560576e+04
1.496362945555027771e+10 -3.500936635398957878e+04
1.498171053799640465e+10 -3.503156321957847103e+04
1.499982181198036575e+10 -3.505436713752555079e+04
1.501797016017374039e+10 -3.507712912496403442e+04
1.503616207791638565e+10 -3.509922932074540586e+04
1.505440356644094658e+10 -3.512008936942783475e+04
1.507270002905005074e+10 -3.513918131554675347e+04
1.509105617179236031e+10 -3.515603301321638719e+04
1.510947591034561539e+10 -3.517023029903630231e+04
1.512796228496795654e+10 -3.518141639907520585e+04
1.514651738551756859e+10 -3.518928922451011749e+04
1.516514228863329124e+10 -3.519359733219376358e+04
1.518383700920968246e+10 -3.519413536883841880e+04
1.520260046825868034e+10 -3.519073977074032882e+04
1.522143047910602379e+10 -3.518328535938280402e+04
1.524032375360731888e+10 -3.517168327508886432e+04
1.525927592967116737e+10 -3.515588045976655849e+04
1.527828162084833527e+10 -3.513586067625918076e+04
1.529733448809260559e+10 -3.511164687551841780e+04
1.531642733305499649e+10 -3.508330461833673326e+04
1.533555221147653389e+10 -3.505094622697486193e+04
1.535470056445108795e+10 -3.501473535737764905e+04
1.537386336460076332e+10 -3.497489169978462451e+04
1.539303127359359932e+10 -3.493169548616097018e+04
1.541219480699183846e+10 -3.488549138023704290e+04
1.543134401296041679e+10 -3.483669222170398280e+04
1.545046765901266479e+10 -3.478578212626549794e+04
1.546955691523797798e+10 -3.473330635406376678e+04
1.548860349560959816e+10 -3.467986935813586751e+04
1.550759979448219681e+10 -3.462612435523074237e+04
1.552653900697189331e+10 -3.457275829643128964e+04
1.554541523115920639e+10 -3.452047254419395904e+04
1.556422355066173363e+10 -3.446996014440231374e+04
1.558296009670478249e+10 -3.442188109092941158e+04
1.560162208934895897e+10 -3.437683731856312806e+04
1.562020785801755905e+10 -3.433534927901667834e+04
1.563871684189426422e+10 -3.429783584246363898e+04
1.565714957113425636e+10 -3.426459896139810007e+04
1.567550763015268326e+10 -3.423581409685302788e+04
1.569379360452511597e+10 -3.421152690808240732e+04
1.571201101325151825e+10 -3.419165621567098424e+04
1.573016422830417252e+10 -3.417600281120726868e+04
1.574825838349313927e+10 -3.416426333697731752e+04
1.576629927475126457e+10 -3.415604821069608442e+04
1.578429325395365334e+10 -3.415090241943011642e+04
1.580224711836093903e+10 -3.414832794668564748e+04
1.582016799770487595e+10 -3.414780660964990238e+04
1.583806324083631516e+10 -3.414882215758645179e+04
1.585594030372496223e+10 -3.415088059950093884e+04
1.587380531367078400e+10 -3.415352774351609696e+04
1.589166495099446297e+10 -3.415636380795761943e+04
1.590952645318015671e+10 -3.415905398374749348e+04
1.592739678973702621e+10 -3.416133454524897388e+04
1.594528257532392502e+10 -3.416301477693539346e+04
1.596318999120695686e+10 -3.416397476329958590e+04
1.598112471571073723e+10 -3.416415937152630067e+04
