0 -2.104685e-12 4.457504e-11 
1 -2.587028e-12 1.101700e-12 
2 -6.583034e-13 1.105257e-12 
3 -7.342890e-13 8.593108e-13 
4 -5.714955e-13 6.666419e-13 
5 -3.415561e-13 5.155046e-13 
6 -1.801495e-13 3.974294e-13 
7 -1.345515e-13 3.058587e-13 
8 -1.046166e-13 2.351872e-13 
9 -8.112859e-14 1.807896e-13 
10 -6.280214e-14 1.389759e-13 
11 -4.855383e-14 1.068561e-13 
12 -3.750280e-14 8.218850e-14 
13 -2.894618e-14 6.324285e-14 
14 -2.232921e-14 4.868826e-14 
15 -1.721700e-14 3.750277e-14 
16 -1.327020e-14 2.890250e-14 
17 -1.022485e-14 2.228652e-14 
18 -7.876133e-15 1.719459e-14 
19 -6.065355e-15 1.330568e-14 
20 -4.669748e-15 1.030122e-14 
21 -3.594416e-15 7.978850e-15 
22 -2.766061e-15 6.182800e-15 
23 -2.128104e-15 4.793103e-15 
24 -1.636887e-15 3.717306e-15 
25 -1.258739e-15 2.884120e-15 
26 -9.676944e-16 2.238543e-15 
27 -7.437397e-16 1.738115e-15 
28 -5.714483e-16 1.350041e-15 
29 -4.389338e-16 1.048976e-15 
30 -3.370382e-16 8.153208e-16 
31 -2.587074e-16 6.339159e-16 
32 -1.985085e-16 4.930264e-16 
33 -1.522581e-16 3.835659e-16 
34 -1.167354e-16 2.984950e-16 
35 -8.946119e-17 2.325308e-16 
36 -6.852759e-17 1.814965e-16 
37 -5.246658e-17 1.416980e-16 
38 -4.014890e-17 1.106533e-16 
39 -3.070608e-17 8.643069e-17 
40 -2.347039e-17 6.752619e-17 
41 -1.792857e-17 5.276855e-17 
42 -1.368622e-17 4.124532e-17 
43 -1.044036e-17 3.224548e-17 
44 -7.958335e-18 2.521484e-17 
45 -6.061522e-18 1.972126e-17 
46 -4.612874e-18 1.542776e-17 
47 -3.507240e-18 1.207145e-17 
48 -2.664012e-18 9.447187e-18 
49 -2.021405e-18 7.394879e-18 
