1.185672e+00
1.859776e+00
2.535749e+00
3.029302e+00
3.337719e+00
3.509274e+00
3.594842e+00
3.632795e+00
3.647390e+00
3.651902e+00
3.652593e+00
3.651930e+00
3.650655e+00
3.648895e+00
3.646647e+00
3.643941e+00
3.640854e+00
3.637490e+00
3.633956e+00
3.630342e+00
3.626721e+00
3.623146e+00
3.619653e+00
3.616268e+00
3.613003e+00
3.609868e+00
3.606864e+00
3.603991e+00
3.601247e+00
3.598629e+00
3.596131e+00
3.593750e+00
3.591479e+00
3.589313e+00
3.587248e+00
3.585279e+00
3.583400e+00
3.581607e+00
3.579896e+00
3.578262e+00
3.576702e+00
3.575212e+00
