0 -4.630331e-02 2.500000e-01 
1 -3.353963e-02 2.500000e-01 
2 -2.727180e-02 2.500000e-01 
3 -2.389612e-02 2.500000e-01 
4 -2.184227e-02 2.500000e-01 
5 -2.049390e-02 2.500000e-01 
6 -1.956503e-02 2.500000e-01 
7 -1.890375e-02 2.500000e-01 
8 -1.842182e-02 2.500000e-01 
9 -1.806470e-02 2.500000e-01 
10 -1.779687e-02 2.500000e-01 
11 -1.759418e-02 2.500000e-01 
12 -1.743973e-02 2.500000e-01 
13 -1.732142e-02 2.500000e-01 
14 -1.723042e-02 2.500000e-01 
15 -1.716021e-02 2.500000e-01 
16 -1.710589e-02 2.500000e-01 
17 -1.706380e-02 2.500000e-01 
18 -1.703112e-02 2.500000e-01 
19 -1.700573e-02 2.500000e-01 
20 -1.698598e-02 2.500000e-01 
21 -1.697060e-02 2.500000e-01 
22 -1.695863e-02 2.500000e-01 
23 -1.694929e-02 2.500000e-01 
24 -1.694213e-02 2.500000e-01 
25 -1.693684e-02 2.500000e-01 
26 -1.693272e-02 2.500000e-01 
27 -1.692952e-02 2.500000e-01 
28 -1.692703e-02 2.500000e-01 
29 -1.692509e-02 2.500000e-01 
30 -1.692358e-02 2.500000e-01 
31 -1.692241e-02 2.500000e-01 
32 -1.692149e-02 2.500000e-01 
33 -1.692078e-02 2.500000e-01 
34 -1.692023e-02 2.500000e-01 
35 -1.691979e-02 2.500000e-01 
36 -1.691946e-02 2.500000e-01 
37 -1.691919e-02 2.500000e-01 
38 -1.691899e-02 2.500000e-01 
39 -1.691883e-02 2.500000e-01 
40 -1.691871e-02 2.500000e-01 
41 -1.691861e-02 2.500000e-01 
42 -1.691853e-02 2.500000e-01 
43 -1.691847e-02 2.500000e-01 
44 -1.691843e-02 2.500000e-01 
45 -1.691839e-02 2.500000e-01 
46 -1.691836e-02 2.500000e-01 
47 -1.691834e-02 2.500000e-01 
48 -1.691833e-02 2.500000e-01 
49 -1.691831e-02 2.500000e-01 
50 -1.691830e-02 2.500000e-01 
51 -1.691829e-02 2.500000e-01 
52 -1.691829e-02 2.500000e-01 
53 -1.691828e-02 2.500000e-01 
54 -1.691828e-02 2.500000e-01 
55 -1.691828e-02 2.500000e-01 
56 -1.691827e-02 2.500000e-01 
57 -1.691827e-02 2.500000e-01 
58 -1.691827e-02 2.500000e-01 
59 -1.691827e-02 2.500000e-01 
60 -1.691827e-02 2.500000e-01 
61 -1.691827e-02 2.500000e-01 
62 -1.691827e-02 2.500000e-01 
63 -1.691827e-02 2.500000e-01 
64 -1.691827e-02 2.500000e-01 
65 -1.691827e-02 2.500000e-01 
66 -1.691827e-02 2.500000e-01 
