  0 1.000000e+00 9.881476e-01 1.000000e+00 1.000000e-08
  1 4.093148e-02 3.544368e-01 2.194716e+06 1.000000e-08
  2 1.973600e-08 1.824486e-01 1.561101e-01 1.000000e-08
  3 1.558757e-08 1.032289e-01 7.225346e-02 1.000000e-08
  4 1.171606e-08 6.793235e-02 3.783403e-02 1.000000e-08
  5 8.884194e-09 6.599785e-02 3.032415e-02 1.000000e-08
  6 1.751714e-08 6.426220e-02 2.577612e-02 1.000000e-08
  7 2.939891e-08 2.833098e-02 2.164371e-02 1.000000e-08
  8 8.158755e-09 2.522457e-02 1.156328e-02 1.000000e-08
  9 6.148401e-09 4.259322e-02 1.189623e-02 1.000000e-08
 10 2.712616e-08 4.624613e-02 4.158116e-02 1.000000e-08
 11 3.417070e-08 1.494884e-02 4.239280e-02 1.000000e-08
 12 1.131237e-08 1.390824e-02 2.408318e-02 1.000000e-08
 13 7.499092e-09 1.777197e-02 1.412380e-02 1.000000e-08
 14 4.034032e-09 2.414485e-02 1.299146e-02 1.000000e-08
 15 3.365099e-09 3.808934e-02 1.728570e-02 1.000000e-08
 16 2.820066e-08 3.493349e-02 1.128938e-01 1.000000e-08
 17 3.816224e-08 6.029875e-03 1.064848e-01 1.000000e-08
 18 9.533786e-09 5.728691e-03 2.332653e-02 1.000000e-08
 19 5.624876e-09 8.844868e-03 1.352411e-02 1.000000e-08
 20 4.031694e-09 1.366762e-02 1.414615e-02 1.000000e-08
 21 3.966949e-09 1.651419e-02 1.907109e-02 1.000000e-08
 22 1.384510e-08 1.408614e-02 2.322321e-02 1.000000e-08
 23 3.015180e-09 3.549046e-03 8.026707e-03 1.000000e-08
 24 1.663829e-09 1.486132e-02 8.168539e-03 1.000000e-08
 25 1.906513e-09 2.110299e-02 1.318466e-02 1.000000e-08
 26 2.447266e-08 1.341698e-02 1.017450e-01 1.000000e-08
 27 2.615488e-08 1.409713e-03 9.391171e-02 1.000000e-08
 28 5.815957e-09 1.369782e-03 1.531911e-02 1.000000e-08
 29 3.302074e-09 3.501095e-03 1.109699e-02 1.000000e-08
 30 2.284384e-09 5.624272e-03 7.953629e-03 1.000000e-08
 31 1.359111e-09 7.066392e-03 5.002139e-03 1.000000e-08
 32 1.407760e-09 9.630285e-03 1.846563e-02 1.000000e-08
 33 2.120930e-09 7.270644e-03 2.226007e-02 1.000000e-08
 34 3.361606e-09 4.038314e-03 2.740586e-02 1.000000e-08
 35 3.086699e-09 2.293203e-03 3.278701e-02 1.000000e-08
 36 2.639402e-09 2.288845e-03 2.281452e-02 1.000000e-08
 37 2.783747e-09 2.429857e-03 2.512377e-02 1.000000e-08
 38 2.905245e-09 2.092975e-03 3.401703e-02 1.000000e-08
 39 3.028157e-09 1.834426e-03 4.007674e-02 1.000000e-08
 40 3.562939e-09 1.618888e-03 4.520709e-02 1.000000e-08
 41 3.408008e-09 1.280086e-03 4.232897e-02 1.000000e-08
 42 3.957908e-09 1.248053e-03 3.017149e-02 1.000000e-08
 43 3.864786e-09 1.009680e-03 2.256526e-02 1.000000e-08
 44 4.302905e-09 9.735807e-04 1.157187e-02 1.000000e-08
 45 3.699471e-09 8.276022e-04 1.595747e-02 1.000000e-08
 46 4.521950e-09 9.067909e-04 2.519949e-02 1.000000e-08
 47 4.424349e-09 7.040596e-04 3.540555e-02 1.000000e-08
 48 4.492733e-09 6.841950e-04 2.297225e-02 1.000000e-08
 49 4.354596e-09 6.413536e-04 2.417433e-02 1.000000e-08
