  0 1.000000e+00 9.985079e-01 1.000000e+00 1.000000e-08
  1 6.551070e-03 4.854967e-02 2.630724e+02 1.000000e-08
  2 1.568186e-05 2.817734e-02 1.653809e-01 1.000000e-08
  3 4.807605e-06 1.247460e-02 3.336606e-02 1.000000e-08
  4 2.708232e-06 6.731980e-03 1.364542e-02 1.000000e-08
  5 1.801708e-06 5.195190e-03 8.110635e-03 1.000000e-08
  6 1.217650e-06 3.809146e-03 5.698330e-03 1.000000e-08
  7 8.170583e-07 2.682084e-03 3.899706e-03 1.000000e-08
  8 5.100233e-07 1.762608e-03 2.439401e-03 1.000000e-08
  9 2.737043e-07 1.075840e-03 1.279161e-03 1.000000e-08
 10 1.348247e-07 5.971229e-04 6.317680e-04 1.000000e-08
 11 5.674352e-08 2.766180e-04 2.672403e-04 1.000000e-08
 12 1.898514e-08 1.016069e-04 9.119811e-05 1.000000e-08
 13 4.675723e-09 2.693067e-05 2.279812e-05 1.000000e-08
 14 7.471166e-10 4.476926e-06 3.623425e-06 1.000000e-08
 15 6.465022e-11 3.888753e-07 3.040867e-07 1.000000e-08
 16 2.359167e-12 1.385390e-08 1.055010e-08 1.000000e-08
 17 2.613757e-14 1.464066e-10 1.097390e-10 1.000000e-08
