           1   501702.86780000001        4171113.2119999998        1626.4000000000001        58.784367050000000       -6.6450005230000002        45.750638230000000        0.0000000000000000     
           2   501703.13209999999        4171114.4989999998        1625.2000000000000        57.271576730000000       0.19378670500000000        43.405865560000002        1.3138582457855095     
           3   501701.90610000002        4171116.5510000000        1623.0999999999999        53.184176630000003       0.27475050299999998        42.071286120000003        3.7042096844860231     
           4   501701.90610000002        4171116.5510000000        1623.0999999999999        53.083269059999999        1.1259194820000000        42.067647020000003        3.7042096844860231     
           5   501703.24609999999        4171117.1620000000        1622.3000000000000        53.050783099999997       0.24877161700000000        44.653569120000000        5.1769353887343099     
           6   501705.52080000000        4171117.7609999999        1622.3000000000000        54.280434339999999       -1.9349204470000001        43.928617639999999        7.5291813558806675     
           7   501706.48160000000        4171118.9040000001        1622.0000000000000        53.227587589999999      -0.20899076999999999        43.518507900000003        9.0223610638726779     
           8   501707.60989999998        4171119.9810000001        1621.8000000000000        54.325151650000002       -1.0351709019999999        44.200091329999999        10.582165503558617     
           9   501709.17910000001        4171120.9350000001        1621.5000000000000        53.284600359999999       -3.5035039939999999        42.933075760000001        12.418603534071696     
          10   501710.75709999999        4171122.3780000000        1620.0000000000000        50.921309160000000       0.46349876099999998        43.120046420000001        14.556904962741033     
          11   501711.66470000002        4171124.6189999999        1618.9000000000001        51.257183040000001       0.45291604800000002        41.653101159999999        16.974717767677124     
          12   501714.75079999998        4171123.8429999999        1620.0000000000000        52.019690439999998        1.7477136670000000        43.075156139999997        20.156885143828656     
          13   501717.06089999998        4171123.5989999999        1620.2000000000000        52.194726359999997        1.7786803899999999        43.218752850000001        22.479835425256507     
          14   501718.51539999997        4171124.8760000002        1620.5000000000000        50.659174559999997        1.8884265970000000        43.952168239999999        24.415371333106769     
          15   501720.52549999999        4171125.6420000000        1620.0999999999999        50.481281969999998        5.0138352609999997        43.381943839999998        26.566477562420889     
          16   501721.23090000002        4171125.4750000001        1620.9000000000001        52.620136850000002        3.2161988070000000        45.881991390000003        27.291376286392868     
          17   501722.84440000000        4171125.3199999998        1620.7000000000000        53.151047439999999        1.2529280350000001        46.138037910000001        28.912304184236788     
          18   501724.60739999998        4171126.9290000000        1620.8000000000000        52.556298580000004       -3.0371298379999998        45.516271320000001        31.299153572126816     
          19   501725.28619999997        4171127.4509999999        1620.7000000000000        51.791739919999998       -2.3363562180000002        44.307712160000001        32.155455761699926     
          20   501726.54690000002        4171128.2059999998        1621.0000000000000        52.400626430000003      -0.80999910300000000        44.626520759999998        33.624941892950766     
          21   501727.97489999997        4171129.6150000002        1620.9000000000001        52.525868719999998      -0.66094931899999998        44.624218720000002        35.631048819598803     
          22   501728.37130000000        4171131.3569999998        1621.0999999999999        53.038648389999999       -3.0000566210000001        44.972592290000001        37.417580923619745     
          23   501728.08010000002        4171132.4440000001        1621.7000000000000        54.211601770000001       -2.2066970320000001        44.970521519999998        38.542910404535796     
          24   501728.16810000001        4171133.5869999998        1621.4000000000001        53.939676210000002       -1.4300569460000001        43.847914469999999        39.689292975622429     
          25   501730.68079999997        4171133.9649999999        1621.3000000000000        52.278768470000003      -0.14276734899999999        45.211164189999998        42.230266271395813     
          26   501729.82470000000        4171137.9360000002        1622.7000000000000        53.341927550000001       -2.8979976590000001        46.240732420000001        46.292500658144924     
          27   501731.29680000001        4171139.4120000000        1622.5999999999999        54.703620229999999       -3.6095585170000000        45.018636309999998        48.377123983694219     
          28   501732.90999999997        4171140.7990000001        1621.0000000000000        51.439082710000001        137.14971739999999        41.227633590000003        50.504606825028375     
          29   501734.16200000001        4171141.0109999999        1621.3000000000000        52.696401299999998        142.52577900000000        43.427081309999998        51.774428859810364     
          30   501735.04359999998        4171141.4320000000        1622.0000000000000        51.672437219999999        97.846284659999995        45.971805009999997        52.751393321811015     
          31   501736.23369999998        4171142.2310000001        1622.2000000000000        54.562003630000000        150.16144800000001        46.026802040000000        54.184829406957959     
          32   501736.98269999999        4171143.9509999999        1622.5000000000000        53.696432119999997        143.11750630000000        46.027199830000001        56.060836069824326     
          33   501737.53790000000        4171145.2599999998        1622.5999999999999        53.531606949999997        175.67163160000001        44.155598660000003        57.482710902473094     
          34   501737.89039999997        4171146.4029999999        1622.7000000000000        52.024300810000000       -143.69382890000000        43.246878150000001        58.678831820416967     
          35   501739.53889999999        4171147.3130000001        1624.0999999999999        51.932130520000001       -160.41537080000001        46.898315840000002        60.561822062108348     
          36   501739.98839999997        4171148.1790000000        1625.2000000000000        53.578009729999998       -173.73187469999999        47.344033750000001        61.537530138252855     
          37   501740.72899999999        4171148.4559999998        1625.4000000000001        53.856502350000000        1.9092605560000000        47.369981469999999        62.328237011816292     
          38   501741.88380000001        4171149.1110000000        1625.5000000000000        54.703413699999999        1.1801700340000001        47.460659640000003        63.655861974064365     
          39   501743.99979999999        4171149.3670000001        1625.5999999999999        55.814634949999999       0.47099002299999998        46.576302020000000        65.787291541266143     
