           1   507122.52080000000        4188572.6609999998        882.29999999999995        55.790304870000000        3.3599354510000001        46.092390969999997        0.0000000000000000     
           2   507120.95309999998        4188574.5789999999        881.79999999999995        53.019078550000003       0.96138842199999996        43.850610240000002        2.4771772827731402     
           3   507119.85259999998        4188575.3440000000        881.70000000000005        54.195748150000000        2.4219597909999999        44.246732760000000        3.8174478711994153     
           4   507119.17469999997        4188575.8530000001        881.39999999999998        53.778986310000001        2.1119006229999999        43.942365680000002        4.6651679960594841     
           5   507118.36489999999        4188576.3410000000        881.20000000000005        52.388769420000003        3.0400759810000002        43.270608390000000        5.6106414435338374     
           6   507117.56349999999        4188577.1499999999        880.39999999999998        49.398275570000003       -2.6640159560000001        44.898138130000000        6.7493788846587996     
           7   507116.50589999999        4188579.2570000002        880.79999999999995        55.870126270000000        1.1179430280000000        45.651048260000003        9.1069129271072136     
           8   507115.54609999998        4188580.2330000000        880.79999999999995        56.426913880000001        2.5425739140000001        44.631706520000002        10.475778165037804     
           9   507114.79749999999        4188581.0860000001        880.29999999999995        54.908594590000000        5.2533579140000004        42.567499120000001        11.610683870456082     
          10   507114.21610000002        4188581.8289999999        879.70000000000005        53.759721499999998        3.7732570449999998        42.085517500000002        12.554121711354904     
          11   507112.85220000002        4188582.0499999998        878.70000000000005        52.342010199999997        2.6026779690000001        41.793739340000002        13.935810609026172     
          12   507111.82260000001        4188582.2710000002        878.00000000000000        50.914778869999999       0.61233255200000003        41.861239380000001        14.988861965884622     
          13   507110.57250000001        4188583.2239999999        877.39999999999998        50.475097650000002       -1.4141381090000000        42.143935440000000        16.560790402401071     
          14   507109.03249999997        4188583.6000000001        877.10000000000002        51.008030650000002       -1.8778456040000000        43.580339189999997        18.146027293290885     
          15   507107.37800000003        4188584.0980000002        877.39999999999998        52.676462579999999       -2.6902900399999998        43.981597090000001        19.873850851979256     
          16   507106.60330000002        4188584.5410000002        877.29999999999995        53.287947889999998      -0.46371529400000000        44.081737240000002        20.766268405587201     
          17   507104.84299999999        4188585.2940000002        877.70000000000005        51.924691320000001       -1.7422955290000000        44.817682499999997        22.680861075092185     
          18   507103.83029999997        4188586.3470000001        878.29999999999995        53.844941480000003      -0.53232606000000005        44.742749879999998        24.141809496394409     
          19   507102.33380000002        4188587.3110000002        878.89999999999998        52.904003090000003        1.1881929860000000        44.107191589999999        25.921924169707719     
          20   507100.49469999998        4188587.5980000002        879.50000000000000        52.193825869999998      -0.75834531900000002        42.303061990000003        27.783283299525895     
          21   507098.99839999998        4188588.3730000001        879.60000000000002        51.293886610000001        1.2840383680000000        41.216945039999999        29.468376379997210     
          22   507097.71330000000        4188588.9160000002        879.60000000000002        50.864525569999998       -2.1902245090000001        41.989965810000001        30.863486056694764     
          23   507096.48989999999        4188589.5359999998        879.39999999999998        54.243589890000003      -0.97426023500000003        43.254569210000000        32.235020802737708     
          24   507095.46850000002        4188590.3890000000        879.60000000000002        50.319574789999997       -15.199302400000001        43.977591019999998        33.565760055987361     
          25   507094.70299999998        4188590.4660000000        880.50000000000000        54.027873739999997       -3.6928356259999999        44.974286739999997        34.335122941799519     
          26   507093.58519999997        4188590.9980000001        881.29999999999995        53.699037859999997       -2.5777159500000000        44.441695439999997        35.573065121445659     
          27   507092.32650000002        4188591.6630000002        881.70000000000005        54.604168840000000       -3.0130970229999998        43.894614869999998        36.996634821150437     
          28   507091.22570000001        4188592.7930000001        882.60000000000002        54.775148180000002       -1.1036380219999999        44.240597749999999        38.574183755345452     
          29   507089.46539999999        4188593.5680000000        883.79999999999995        54.267501500000002       -2.9343107730000000        44.273076140000001        40.497535280662291     
          30   507088.47930000001        4188594.3440000000        884.00000000000000        54.145459500000001       -2.5593220919999999        44.786003909999998        41.752353677909696     
          31   507087.32620000001        4188595.0200000000        884.60000000000002        54.329941970000000       -3.9917290580000002        45.419151810000002        43.088997089579514     
          32   507086.27870000002        4188595.6179999998        885.29999999999995        54.695439729999997       -2.3453600460000001        45.005904100000002        44.295172968002738     
          33   507085.19610000000        4188596.0720000002        885.60000000000002        54.565525450000003       -1.5226456970000000        45.025595070000001        45.469114516970258     
          34   507083.85840000003        4188596.5150000001        886.00000000000000        53.363391430000000       -1.7011738660000000        44.747833300000003        46.878259750757593     
          35   507082.96970000002        4188596.6250000000        885.89999999999998        54.826854609999998       -2.0069454570000000        44.428132789999999        47.773741570779563     
          36   507081.86969999998        4188596.8900000001        885.89999999999998        54.922397380000000       -1.5979906559999999        44.876842820000000        48.905211853264234     
          37   507080.77879999997        4188596.7779999999        885.70000000000005        54.206076269999997       -3.2747498000000000E-002   44.557628129999998        50.001846163354145     
          38   507079.19439999998        4188597.6200000001        886.00000000000000        56.365819160000001      -0.66586790500000004        45.095637119999999        51.796083427563431     
          39   507077.97989999998        4188598.0520000001        886.29999999999995        56.628701909999997       0.58092369899999996        45.776625840000001        53.085127356229279     
