           1   499392.75109999999        4171910.0740000000        1828.3000000000000        55.504108619999997       -4.5609318800000000        46.620775909999999        0.0000000000000000     
           2   499393.28009999997        4171910.4290000000        1827.7000000000000        55.513533639999999       -5.2065737299999997        46.177838170000001       0.63707613357124204     
           3   499393.85320000001        4171910.4070000001        1827.0999999999999        55.083289059999998       -5.4519788140000003        45.204524159999998        1.2105982430300619     
           4   499394.48790000001        4171910.4290000000        1826.8000000000000        54.698652780000003       -6.2659112480000001        44.919439900000000        1.8456794110617467     
           5   499395.33429999999        4171910.6839999999        1826.5000000000000        54.240000850000001       -4.0951336459999998        45.126744129999999        2.7296578949117429     
           6   499396.30410000001        4171910.9619999998        1826.0999999999999        54.078013169999998       -3.0616658399999999        45.318084620000000        3.7385166759128303     
           7   499397.11520000000        4171910.9619999998        1825.3000000000000        53.024442739999998       -2.3912171739999999        45.767032010000001        4.5496166759045416     
           8   499397.70580000000        4171910.8289999999        1824.9000000000001        53.333954540000001       -1.1379179280000000        46.740617000000000        5.1550069301805488     
           9   499398.81660000002        4171910.7730000000        1824.2000000000000        51.917752620000002       -2.5933605700000002        47.608899620000003        6.2672176296608049     
          10   499399.87449999998        4171910.2069999999        1824.0000000000000        52.250605440000001       -4.2820332490000004        46.540710990000001        7.4670127830221960     
          11   499400.81780000002        4171910.2400000002        1823.8000000000000        53.498366150000003       -4.8656725820000002        45.318854330000001        8.4108898354497903     
          12   499402.20199999999        4171910.5729999999        1823.0000000000000        53.679501160000001       -4.7988819200000004        44.481799500000001        9.8345817402091900     
          13   499402.53700000001        4171910.8730000001        1822.8000000000000        53.842629539999997       -5.3767833200000004        44.028588370000001        10.284276081047139     
          14   499402.86320000002        4171910.8280000002        1822.4000000000001        54.156207410000000       -6.0318514810000003        43.402999749999999        10.613565376348550     
          15   499403.57730000000        4171911.1280000000        1822.2000000000000        53.740106160000003       -4.0388123650000001        42.254932259999997        11.388122546519847     
          16   499404.23849999998        4171911.1609999998        1821.7000000000000        53.321225630000001       -2.5781386789999998        41.094400170000000        12.050145537021482     
          17   499404.98790000001        4171910.9939999999        1819.9000000000001        52.274167120000001       -1.3061018270000000        40.186948839999999        12.817927641534823     
          18   499406.19569999998        4171911.2379999999        1819.4000000000001        52.152322390000002        2.1740274149999999        40.191593009999998        14.050127641499664     
          19   499407.20950000000        4171911.1499999999        1819.5999999999999        52.175544670000001        3.3586540660000002        41.325036359999999        15.067739768013894     
          20   499407.84430000000        4171911.6600000001        1820.0999999999999        51.582008590000001        4.9523621999999996        41.856112299999999        15.882031509496485     
          21   499408.53200000001        4171911.9819999998        1820.9000000000001        51.801556020000000        5.7550030730000001        42.715801640000002        16.641383397501212     
          22   499409.56349999999        4171911.8820000002        1821.2000000000000        51.265389140000003        6.2657385420000002        43.423872660000001        17.677719370962496     
          23   499410.38339999999        4171911.9589999998        1822.0999999999999        52.166158510000002        5.7414005840000000        44.382254670000002        18.501227118308815     
          24   499410.75370000000        4171912.4920000001        1823.3000000000000        51.609617659999998        6.9235380240000000        45.124425899999999        19.150234892000999     
          25   499411.42369999998        4171912.3700000001        1825.5000000000000        52.844992189999999        5.4631186500000002        45.711489770000000        19.831251778701908     
          26   499412.45520000003        4171912.7910000002        1826.8000000000000        53.461757910000003        4.6181254310000002        46.451748899999998        20.945358259322060     
          27   499412.95770000003        4171913.2020000000        1828.8000000000000        53.703083730000003        1.7923328030000001        46.121814790000002        21.594532542451628     
