1.615100e+03 -8.175565e+09 
3.718234e+03 -8.175565e+09 
6.948433e+03 -8.175566e+09 
9.051567e+03 -8.175568e+09 
1.228177e+04 -8.175570e+09 
1.438490e+04 -8.175572e+09 
1.761510e+04 -8.175575e+09 
1.971823e+04 -8.175578e+09 
2.294843e+04 -8.175582e+09 
2.505157e+04 -8.175586e+09 
2.828177e+04 -8.175591e+09 
3.038490e+04 -8.175596e+09 
3.361510e+04 -8.175602e+09 
3.571823e+04 -8.175608e+09 
3.894843e+04 -8.175615e+09 
4.105157e+04 -8.175623e+09 
4.428177e+04 -8.175630e+09 
4.638490e+04 -8.175639e+09 
4.961510e+04 -8.175648e+09 
5.171823e+04 -8.175658e+09 
5.494843e+04 -8.175668e+09 
5.705157e+04 -8.175679e+09 
6.028177e+04 -8.175690e+09 
6.238490e+04 -8.175703e+09 
6.561510e+04 -8.175716e+09 
6.771823e+04 -8.175730e+09 
7.094843e+04 -8.175744e+09 
7.305157e+04 -8.175760e+09 
7.628177e+04 -8.175775e+09 
7.838490e+04 -8.175793e+09 
8.161510e+04 -8.175810e+09 
8.371823e+04 -8.175829e+09 
8.694843e+04 -8.175849e+09 
8.905157e+04 -8.175870e+09 
9.228177e+04 -8.175891e+09 
9.438490e+04 -8.175914e+09 
9.761510e+04 -8.175938e+09 
9.971823e+04 -8.175964e+09 
1.029484e+05 -8.175990e+09 
1.050516e+05 -8.176018e+09 
1.082818e+05 -8.176047e+09 
1.103849e+05 -8.176078e+09 
1.136151e+05 -8.176110e+09 
1.157182e+05 -8.176144e+09 
1.189484e+05 -8.176180e+09 
1.210516e+05 -8.176217e+09 
1.242818e+05 -8.176257e+09 
1.263849e+05 -8.176297e+09 
1.296151e+05 -8.176342e+09 
1.317182e+05 -8.176385e+09 
1.349484e+05 -8.176435e+09 
1.370516e+05 -8.176483e+09 
1.402818e+05 -8.176538e+09 
1.423849e+05 -8.176589e+09 
1.456151e+05 -8.176651e+09 
1.477182e+05 -8.176706e+09 
1.509484e+05 -8.176775e+09 
1.530516e+05 -8.176833e+09 
1.562818e+05 -8.176909e+09 
1.583849e+05 -8.176971e+09 
1.616151e+05 -8.177054e+09 
1.637182e+05 -8.177119e+09 
1.669484e+05 -8.177209e+09 
1.690516e+05 -8.177277e+09 
1.722818e+05 -8.177373e+09 
1.743849e+05 -8.177443e+09 
1.776151e+05 -8.177543e+09 
1.797182e+05 -8.177615e+09 
1.829484e+05 -8.177718e+09 
1.850516e+05 -8.177790e+09 
1.882818e+05 -8.177894e+09 
1.903849e+05 -8.177965e+09 
1.936151e+05 -8.178068e+09 
1.957182e+05 -8.178138e+09 
1.989484e+05 -8.178235e+09 
2.010516e+05 -8.178303e+09 
2.042818e+05 -8.178394e+09 
2.063849e+05 -8.178458e+09 
2.096151e+05 -8.178541e+09 
2.117182e+05 -8.178601e+09 
2.149484e+05 -8.178675e+09 
2.170516e+05 -8.178729e+09 
2.202818e+05 -8.178793e+09 
2.223849e+05 -8.178841e+09 
2.256151e+05 -8.178895e+09 
2.277182e+05 -8.178936e+09 
2.309484e+05 -8.178981e+09 
2.330516e+05 -8.179015e+09 
2.362818e+05 -8.179050e+09 
2.383849e+05 -8.179077e+09 
2.416151e+05 -8.179103e+09 
2.437182e+05 -8.179122e+09 
2.469484e+05 -8.179139e+09 
2.490516e+05 -8.179151e+09 
2.522818e+05 -8.179159e+09 
2.543849e+05 -8.179163e+09 
2.576151e+05 -8.179163e+09 
2.597182e+05 -8.179159e+09 
2.629484e+05 -8.179151e+09 
2.650516e+05 -8.179139e+09 
2.682818e+05 -8.179122e+09 
2.703849e+05 -8.179103e+09 
2.736151e+05 -8.179077e+09 
2.757182e+05 -8.179050e+09 
2.789484e+05 -8.179015e+09 
2.810516e+05 -8.178981e+09 
2.842818e+05 -8.178936e+09 
2.863849e+05 -8.178895e+09 
2.896151e+05 -8.178841e+09 
2.917182e+05 -8.178793e+09 
2.949484e+05 -8.178729e+09 
2.970516e+05 -8.178675e+09 
3.002818e+05 -8.178601e+09 
3.023849e+05 -8.178541e+09 
3.056151e+05 -8.178458e+09 
3.077182e+05 -8.178394e+09 
3.109484e+05 -8.178303e+09 
3.130516e+05 -8.178235e+09 
3.162818e+05 -8.178138e+09 
3.183849e+05 -8.178068e+09 
3.216151e+05 -8.177965e+09 
3.237182e+05 -8.177894e+09 
3.269484e+05 -8.177790e+09 
3.290516e+05 -8.177718e+09 
3.322818e+05 -8.177615e+09 
3.343849e+05 -8.177543e+09 
3.376151e+05 -8.177443e+09 
3.397182e+05 -8.177373e+09 
3.429484e+05 -8.177277e+09 
3.450516e+05 -8.177209e+09 
3.482818e+05 -8.177119e+09 
3.503849e+05 -8.177054e+09 
3.536151e+05 -8.176971e+09 
3.557182e+05 -8.176909e+09 
3.589484e+05 -8.176833e+09 
3.610516e+05 -8.176775e+09 
3.642818e+05 -8.176706e+09 
3.663849e+05 -8.176651e+09 
3.696151e+05 -8.176589e+09 
3.717182e+05 -8.176538e+09 
3.749484e+05 -8.176483e+09 
3.770516e+05 -8.176435e+09 
3.802818e+05 -8.176385e+09 
3.823849e+05 -8.176342e+09 
3.856151e+05 -8.176297e+09 
3.877182e+05 -8.176257e+09 
3.909484e+05 -8.176217e+09 
3.930516e+05 -8.176180e+09 
3.962818e+05 -8.176144e+09 
3.983849e+05 -8.176110e+09 
4.016151e+05 -8.176078e+09 
4.037182e+05 -8.176047e+09 
4.069484e+05 -8.176018e+09 
4.090516e+05 -8.175990e+09 
4.122818e+05 -8.175964e+09 
4.143849e+05 -8.175938e+09 
4.176151e+05 -8.175914e+09 
4.197182e+05 -8.175891e+09 
4.229484e+05 -8.175870e+09 
4.250516e+05 -8.175849e+09 
4.282818e+05 -8.175829e+09 
4.303849e+05 -8.175810e+09 
4.336151e+05 -8.175793e+09 
4.357182e+05 -8.175775e+09 
4.389484e+05 -8.175760e+09 
4.410516e+05 -8.175744e+09 
4.442818e+05 -8.175730e+09 
4.463849e+05 -8.175716e+09 
4.496151e+05 -8.175703e+09 
4.517182e+05 -8.175690e+09 
4.549484e+05 -8.175679e+09 
4.570516e+05 -8.175668e+09 
4.602818e+05 -8.175658e+09 
4.623849e+05 -8.175648e+09 
4.656151e+05 -8.175639e+09 
4.677182e+05 -8.175630e+09 
4.709484e+05 -8.175623e+09 
4.730516e+05 -8.175615e+09 
4.762818e+05 -8.175608e+09 
4.783849e+05 -8.175602e+09 
4.816151e+05 -8.175596e+09 
4.837182e+05 -8.175591e+09 
4.869484e+05 -8.175586e+09 
4.890516e+05 -8.175582e+09 
4.922818e+05 -8.175578e+09 
4.943849e+05 -8.175575e+09 
4.976151e+05 -8.175572e+09 
4.997182e+05 -8.175570e+09 
5.029484e+05 -8.175568e+09 
5.050516e+05 -8.175566e+09 
5.082818e+05 -8.175565e+09 
5.103849e+05 -8.175565e+09 
