0.000000e+00 3.082773e-12 0.000000e+00
5.333333e+03 2.868920e-12 -1.179599e-12
1.066667e+04 2.862260e-12 -1.555322e-12
1.600000e+04 2.861318e-12 -1.932659e-12
2.133333e+04 2.860752e-12 -2.312557e-12
2.666667e+04 2.860088e-12 -2.696032e-12
3.200000e+04 2.859284e-12 -3.083998e-12
3.733333e+04 2.858336e-12 -3.477367e-12
4.266667e+04 2.857242e-12 -3.877055e-12
4.800000e+04 2.856000e-12 -4.283986e-12
5.333333e+04 2.854608e-12 -4.699094e-12
5.866667e+04 2.853065e-12 -5.123320e-12
6.400000e+04 2.851367e-12 -5.557616e-12
6.933333e+04 2.849511e-12 -6.002944e-12
7.466667e+04 2.847494e-12 -6.460278e-12
8.000000e+04 2.845313e-12 -6.930602e-12
8.533333e+04 2.842962e-12 -7.414913e-12
9.066667e+04 2.840436e-12 -7.914219e-12
9.600000e+04 2.837729e-12 -8.429542e-12
1.013333e+05 2.834836e-12 -8.961912e-12
1.066667e+05 2.831747e-12 -9.512370e-12
1.120000e+05 2.828453e-12 -1.008197e-11
1.173333e+05 2.824944e-12 -1.067176e-11
1.226667e+05 2.821208e-12 -1.128281e-11
1.280000e+05 2.817228e-12 -1.191619e-11
1.333333e+05 2.812989e-12 -1.257296e-11
1.386667e+05 2.808468e-12 -1.325416e-11
1.440000e+05 2.803644e-12 -1.396085e-11
1.493333e+05 2.798485e-12 -1.469405e-11
1.546667e+05 2.792959e-12 -1.545474e-11
1.600000e+05 2.787023e-12 -1.624387e-11
1.653333e+05 2.780630e-12 -1.706233e-11
1.706667e+05 2.773719e-12 -1.791093e-11
1.760000e+05 2.766221e-12 -1.879039e-11
1.813333e+05 2.758049e-12 -1.970130e-11
1.866667e+05 2.749100e-12 -2.064407e-11
1.920000e+05 2.739249e-12 -2.161894e-11
1.973333e+05 2.728343e-12 -2.262588e-11
2.026667e+05 2.716196e-12 -2.366454e-11
2.080000e+05 2.702582e-12 -2.473420e-11
2.133333e+05 2.687224e-12 -2.583365e-11
2.186667e+05 2.669785e-12 -2.696108e-11
2.240000e+05 2.649849e-12 -2.811399e-11
2.293333e+05 2.626909e-12 -2.928899e-11
2.346667e+05 2.600347e-12 -3.048165e-11
2.400000e+05 2.569405e-12 -3.168630e-11
2.453333e+05 2.533167e-12 -3.289582e-11
2.506667e+05 2.490525e-12 -3.410141e-11
2.560000e+05 2.440156e-12 -3.529239e-11
2.613333e+05 2.380501e-12 -3.645609e-11
2.666667e+05 2.309757e-12 -3.757777e-11
2.720000e+05 2.225901e-12 -3.864082e-11
2.773333e+05 2.126746e-12 -3.962721e-11
2.826667e+05 2.010067e-12 -4.051839e-11
2.880000e+05 1.873798e-12 -4.129665e-11
2.933333e+05 1.716321e-12 -4.194708e-11
2.986667e+05 1.536834e-12 -4.245991e-11
3.040000e+05 1.335849e-12 -4.283296e-11
3.093333e+05 1.117020e-12 -4.307330e-11
3.146667e+05 9.048248e-13 -4.319524e-11
3.200000e+05 1.079476e-12 -4.243712e-11
3.253333e+05 1.065532e-12 -4.244453e-11
3.306667e+05 1.051182e-12 -4.245115e-11
3.360000e+05 1.036810e-12 -4.245632e-11
3.413333e+05 1.022445e-12 -4.246016e-11
3.466667e+05 1.008094e-12 -4.246287e-11
3.520000e+05 9.937617e-13 -4.246462e-11
3.573333e+05 9.794512e-13 -4.246559e-11
3.626667e+05 9.651640e-13 -4.246595e-11
3.680000e+05 9.509006e-13 -4.246582e-11
3.733333e+05 9.366611e-13 -4.246531e-11
3.786667e+05 9.224450e-13 -4.246448e-11
3.840000e+05 9.082521e-13 -4.246334e-11
3.893333e+05 8.940817e-13 -4.246185e-11
3.946667e+05 8.799337e-13 -4.245993e-11
4.000000e+05 8.658077e-13 -4.245744e-11
4.053333e+05 8.517036e-13 -4.245419e-11
4.106667e+05 8.376210e-13 -4.244992e-11
4.160000e+05 8.235595e-13 -4.244434e-11
4.213333e+05 8.095182e-13 -4.243711e-11
4.266667e+05 7.954953e-13 -4.242789e-11
4.320000e+05 7.814879e-13 -4.241638e-11
4.373333e+05 7.674900e-13 -4.240232e-11
4.426667e+05 7.534748e-13 -4.238560e-11
4.480000e+05 7.390593e-13 -4.236700e-11
4.533333e+05 5.971467e-13 -4.275138e-11
4.586667e+05 8.334592e-13 -4.155599e-11
4.640000e+05 1.068218e-12 -3.962577e-11
4.693333e+05 1.277880e-12 -3.702065e-11
4.746667e+05 1.459360e-12 -3.380718e-11
4.800000e+05 1.612464e-12 -3.005980e-11
4.853333e+05 1.738105e-12 -2.585791e-11
4.906667e+05 1.837795e-12 -2.128257e-11
4.960000e+05 1.913297e-12 -1.641378e-11
5.013333e+05 1.966712e-12 -1.132881e-11
5.066667e+05 2.004695e-12 -6.101851e-12
5.120000e+05 2.229728e-12 0.000000e+00
2.666667e+03 -2.607627e-12 -2.023298e-12
8.000000e+03 -2.519067e-12 -2.460047e-12
1.333333e+04 -2.517623e-12 -2.834410e-12
1.866667e+04 -2.517891e-12 -3.212655e-12
2.400000e+04 -2.518444e-12 -3.594164e-12
2.933333e+04 -2.519152e-12 -3.979723e-12
3.466667e+04 -2.520005e-12 -4.370229e-12
4.000000e+04 -2.521002e-12 -4.766594e-12
4.533333e+04 -2.522147e-12 -5.169739e-12
5.066667e+04 -2.523439e-12 -5.580591e-12
5.600000e+04 -2.524882e-12 -6.000088e-12
6.133333e+04 -2.526478e-12 -6.429177e-12
6.666667e+04 -2.528230e-12 -6.868814e-12
7.200000e+04 -2.530140e-12 -7.319966e-12
7.733333e+04 -2.532213e-12 -7.783613e-12
8.266667e+04 -2.534452e-12 -8.260746e-12
8.800000e+04 -2.536863e-12 -8.752366e-12
9.333333e+04 -2.539450e-12 -9.259488e-12
9.866667e+04 -2.542221e-12 -9.783138e-12
1.040000e+05 -2.545182e-12 -1.032435e-11
1.093333e+05 -2.548342e-12 -1.088418e-11
1.146667e+05 -2.551712e-12 -1.146366e-11
1.200000e+05 -2.555302e-12 -1.206388e-11
1.253333e+05 -2.559126e-12 -1.268588e-11
1.306667e+05 -2.563201e-12 -1.333073e-11
1.360000e+05 -2.567545e-12 -1.399950e-11
1.413333e+05 -2.572181e-12 -1.469322e-11
1.466667e+05 -2.577135e-12 -1.541295e-11
1.520000e+05 -2.582439e-12 -1.615967e-11
1.573333e+05 -2.588130e-12 -1.693436e-11
1.626667e+05 -2.594254e-12 -1.773794e-11
1.680000e+05 -2.600864e-12 -1.857126e-11
1.733333e+05 -2.608026e-12 -1.943510e-11
1.786667e+05 -2.615819e-12 -2.033009e-11
1.840000e+05 -2.624336e-12 -2.125677e-11
1.893333e+05 -2.633692e-12 -2.221545e-11
1.946667e+05 -2.644028e-12 -2.320625e-11
2.000000e+05 -2.655512e-12 -2.422898e-11
2.053333e+05 -2.668351e-12 -2.528314e-11
2.106667e+05 -2.682797e-12 -2.636775e-11
2.160000e+05 -2.699158e-12 -2.748134e-11
2.213333e+05 -2.717812e-12 -2.862177e-11
2.266667e+05 -2.739221e-12 -2.978612e-11
2.320000e+05 -2.763948e-12 -3.097050e-11
2.373333e+05 -2.792683e-12 -3.216991e-11
2.426667e+05 -2.826264e-12 -3.337797e-11
2.480000e+05 -2.865705e-12 -3.458678e-11
2.533333e+05 -2.912223e-12 -3.578661e-11
2.586667e+05 -2.967259e-12 -3.696583e-11
2.640000e+05 -3.032495e-12 -3.811071e-11
2.693333e+05 -3.109845e-12 -3.920556e-11
2.746667e+05 -3.201413e-12 -4.023297e-11
2.800000e+05 -3.309407e-12 -4.117451e-11
2.853333e+05 -3.435974e-12 -4.201181e-11
2.906667e+05 -3.582958e-12 -4.272825e-11
2.960000e+05 -3.751585e-12 -4.331115e-11
3.013333e+05 -3.942131e-12 -4.375424e-11
3.066667e+05 -4.153996e-12 -4.406040e-11
3.120000e+05 -4.390291e-12 -4.424784e-11
3.173333e+05 -4.778058e-12 -4.432650e-11
3.226667e+05 1.067491e-12 -4.244168e-11
3.280000e+05 1.052976e-12 -4.244908e-11
3.333333e+05 1.038596e-12 -4.245497e-11
3.386667e+05 1.024227e-12 -4.245945e-11
3.440000e+05 1.009871e-12 -4.246270e-11
3.493333e+05 9.955321e-13 -4.246491e-11
3.546667e+05 9.812133e-13 -4.246624e-11
3.600000e+05 9.669169e-13 -4.246688e-11
3.653333e+05 9.526435e-13 -4.246698e-11
3.706667e+05 9.383935e-13 -4.246665e-11
3.760000e+05 9.241666e-13 -4.246598e-11
3.813333e+05 9.099623e-13 -4.246499e-11
3.866667e+05 8.957800e-13 -4.246368e-11
3.920000e+05 8.816194e-13 -4.246199e-11
3.973333e+05 8.674801e-13 -4.245981e-11
4.026667e+05 8.533618e-13 -4.245697e-11
4.080000e+05 8.392643e-13 -4.245324e-11
4.133333e+05 8.251875e-13 -4.244836e-11
4.186667e+05 8.111310e-13 -4.244200e-11
4.240000e+05 7.970940e-13 -4.243382e-11
4.293333e+05 7.830750e-13 -4.242350e-11
4.346667e+05 7.690716e-13 -4.241074e-11
4.400000e+05 7.550851e-13 -4.239535e-11
4.453333e+05 7.412406e-13 -4.237728e-11
4.506667e+05 -5.111918e-12 -4.416720e-11
4.560000e+05 -4.694024e-12 -4.335228e-11
4.613333e+05 -4.436880e-12 -4.177360e-11
4.666667e+05 -4.211800e-12 -3.949692e-11
4.720000e+05 -4.014997e-12 -3.657809e-11
4.773333e+05 -3.846654e-12 -3.308733e-11
4.826667e+05 -3.706302e-12 -2.910201e-11
4.880000e+05 -3.592724e-12 -2.470281e-11
4.933333e+05 -3.504307e-12 -1.997059e-11
4.986667e+05 -3.439490e-12 -1.498427e-11
5.040000e+05 -3.398220e-12 -9.821168e-12
5.093333e+05 -3.464865e-12 -4.488761e-12
