0.000000e+00 1.405547e-17 0.000000e+00
2.666667e+03 1.405418e-17 1.014294e-12
5.333333e+03 1.405023e-17 -1.972608e-12
8.000000e+03 1.405249e-17 4.934449e-13
1.066667e+04 1.405580e-17 -2.322713e-12
1.333333e+04 1.405879e-17 1.210283e-13
1.600000e+04 1.405911e-17 -2.698693e-12
1.866667e+04 1.405345e-17 -2.558395e-13
2.133333e+04 1.405481e-17 -3.076991e-12
2.400000e+04 1.405952e-17 -6.357982e-13
2.666667e+04 1.406919e-17 -3.458867e-12
2.933333e+04 1.407429e-17 -1.019780e-12
3.200000e+04 1.413244e-17 -3.845218e-12
3.466667e+04 1.411030e-17 -1.408689e-12
3.733333e+04 1.409771e-17 -4.236950e-12
4.000000e+04 1.408700e-17 -1.803435e-12
4.266667e+04 1.408731e-17 -4.634977e-12
4.533333e+04 1.409401e-17 -2.204934e-12
4.800000e+04 1.407447e-17 -5.040218e-12
5.066667e+04 1.406471e-17 -2.614110e-12
5.333333e+04 1.404609e-17 -5.453603e-12
5.600000e+04 1.401870e-17 -3.031897e-12
5.866667e+04 1.398929e-17 -5.876069e-12
6.133333e+04 1.395395e-17 -3.459237e-12
6.400000e+04 1.392003e-17 -6.308564e-12
6.666667e+04 1.390909e-17 -3.897082e-12
6.933333e+04 1.388001e-17 -6.752045e-12
7.200000e+04 1.384859e-17 -4.346395e-12
7.466667e+04 1.380965e-17 -7.207481e-12
7.733333e+04 1.377166e-17 -4.808151e-12
8.000000e+04 1.373293e-17 -7.675852e-12
8.266667e+04 1.368347e-17 -5.283335e-12
8.533333e+04 1.364295e-17 -8.158149e-12
8.800000e+04 1.358545e-17 -5.772944e-12
9.066667e+04 1.353704e-17 -8.655377e-12
9.333333e+04 1.347781e-17 -6.277988e-12
9.600000e+04 1.342586e-17 -9.168548e-12
9.866667e+04 1.335814e-17 -6.799486e-12
1.013333e+05 1.329069e-17 -9.698689e-12
1.040000e+05 1.321370e-17 -7.338469e-12
1.066667e+05 1.315245e-17 -1.024684e-11
1.093333e+05 1.308115e-17 -7.895975e-12
1.120000e+05 1.300425e-17 -1.081403e-11
1.146667e+05 1.291687e-17 -8.473053e-12
1.173333e+05 1.283585e-17 -1.140132e-11
1.200000e+05 1.274914e-17 -9.070756e-12
1.226667e+05 1.265782e-17 -1.200977e-11
1.253333e+05 1.255796e-17 -9.690140e-12
1.280000e+05 1.245515e-17 -1.264043e-11
1.306667e+05 1.232772e-17 -1.033226e-11
1.333333e+05 1.221290e-17 -1.329436e-11
1.360000e+05 1.209923e-17 -1.099817e-11
1.386667e+05 1.197112e-17 -1.397260e-11
1.413333e+05 1.184235e-17 -1.168892e-11
1.440000e+05 1.170712e-17 -1.467619e-11
1.466667e+05 1.156337e-17 -1.240551e-11
1.493333e+05 1.141200e-17 -1.540614e-11
1.520000e+05 1.124963e-17 -1.314896e-11
1.546667e+05 1.108371e-17 -1.616343e-11
1.573333e+05 1.091222e-17 -1.392022e-11
1.600000e+05 1.073627e-17 -1.694900e-11
1.626667e+05 1.055162e-17 -1.472020e-11
1.653333e+05 1.035551e-17 -1.776373e-11
1.680000e+05 1.015620e-17 -1.554976e-11
1.706667e+05 9.959429e-18 -1.860842e-11
1.733333e+05 9.748622e-18 -1.640963e-11
1.760000e+05 9.526917e-18 -1.948378e-11
1.786667e+05 9.294013e-18 -1.730048e-11
1.813333e+05 9.018195e-18 -2.039039e-11
1.840000e+05 8.808167e-18 -1.822281e-11
1.866667e+05 8.644283e-18 -2.132867e-11
1.893333e+05 8.434139e-18 -1.917695e-11
1.920000e+05 8.203223e-18 -2.229885e-11
1.946667e+05 7.956343e-18 -2.016300e-11
1.973333e+05 7.701183e-18 -2.330089e-11
2.000000e+05 7.435685e-18 -2.118078e-11
2.026667e+05 7.157188e-18 -2.433446e-11
2.053333e+05 6.865979e-18 -2.222978e-11
2.080000e+05 6.572420e-18 -2.539884e-11
2.106667e+05 6.248620e-18 -2.330905e-11
2.133333e+05 5.930972e-18 -2.649284e-11
2.160000e+05 5.593520e-18 -2.441714e-11
2.186667e+05 5.227197e-18 -2.761469e-11
2.213333e+05 4.867104e-18 -2.555192e-11
2.240000e+05 4.491324e-18 -2.876191e-11
2.266667e+05 4.104892e-18 -2.671053e-11
2.293333e+05 3.710272e-18 -2.993116e-11
2.320000e+05 3.290503e-18 -2.788914e-11
2.346667e+05 2.845843e-18 -3.111810e-11
2.373333e+05 2.396427e-18 -2.908280e-11
2.400000e+05 1.926450e-18 -3.231715e-11
2.426667e+05 1.448305e-18 -3.028526e-11
2.453333e+05 9.414771e-19 -3.352129e-11
2.480000e+05 4.218626e-19 -3.148872e-11
2.506667e+05 -1.252488e-19 -3.472186e-11
2.533333e+05 -6.871023e-19 -3.268361e-11
2.560000e+05 -1.265331e-18 -3.590837e-11
2.586667e+05 -1.857814e-18 -3.385846e-11
2.613333e+05 -2.475308e-18 -3.706831e-11
2.640000e+05 -3.107786e-18 -3.499974e-11
2.666667e+05 -3.758250e-18 -3.818716e-11
2.693333e+05 -4.481298e-18 -3.609196e-11
2.720000e+05 -5.164165e-18 -3.924847e-11
2.746667e+05 -5.859551e-18 -3.711790e-11
2.773333e+05 -6.571919e-18 -4.023441e-11
2.800000e+05 -7.283588e-18 -3.805926e-11
2.826667e+05 -8.044726e-18 -4.112648e-11
2.853333e+05 -8.782920e-18 -3.889775e-11
2.880000e+05 -9.565764e-18 -4.190697e-11
2.906667e+05 -1.035092e-17 -3.961670e-11
2.933333e+05 -1.112715e-17 -4.256077e-11
2.960000e+05 -1.191197e-17 -4.020317e-11
2.986667e+05 -1.267861e-17 -4.307777e-11
3.013333e+05 -1.346062e-17 -4.065044e-11
3.040000e+05 -1.423101e-17 -4.345524e-11
3.066667e+05 -1.498974e-17 -4.096032e-11
3.093333e+05 -1.573950e-17 -4.369964e-11
3.120000e+05 -1.647044e-17 -4.114711e-11
3.146667e+05 -1.718468e-17 -4.385275e-11
3.173333e+05 -1.787850e-17 -4.108164e-11
3.200000e+05 -1.854581e-17 -4.229699e-11
3.226667e+05 -1.838828e-17 -4.229720e-11
3.253333e+05 -1.823137e-17 -4.230361e-11
3.280000e+05 -1.807494e-17 -4.230447e-11
3.306667e+05 -1.791904e-17 -4.231027e-11
3.333333e+05 -1.776352e-17 -4.231036e-11
3.360000e+05 -1.759778e-17 -4.231545e-11
3.386667e+05 -1.744121e-17 -4.231485e-11
3.413333e+05 -1.728586e-17 -4.231930e-11
3.440000e+05 -1.713380e-17 -4.231811e-11
3.466667e+05 -1.697501e-17 -4.232201e-11
3.493333e+05 -1.682072e-17 -4.232032e-11
3.520000e+05 -1.666327e-17 -4.232376e-11
3.546667e+05 -1.650363e-17 -4.232166e-11
3.573333e+05 -1.634503e-17 -4.232473e-11
3.600000e+05 -1.618646e-17 -4.232230e-11
3.626667e+05 -1.602799e-17 -4.232509e-11
3.653333e+05 -1.586959e-17 -4.232241e-11
3.680000e+05 -1.571132e-17 -4.232497e-11
3.706667e+05 -1.555297e-17 -4.232208e-11
3.733333e+05 -1.539443e-17 -4.232446e-11
3.760000e+05 -1.523583e-17 -4.232141e-11
3.786667e+05 -1.507689e-17 -4.232363e-11
3.813333e+05 -1.491873e-17 -4.232042e-11
3.840000e+05 -1.475982e-17 -4.232249e-11
3.866667e+05 -1.460079e-17 -4.231911e-11
3.893333e+05 -1.444153e-17 -4.232100e-11
3.920000e+05 -1.428247e-17 -4.231742e-11
3.946667e+05 -1.412318e-17 -4.231909e-11
3.973333e+05 -1.396396e-17 -4.231524e-11
4.000000e+05 -1.380484e-17 -4.231660e-11
4.026667e+05 -1.364553e-17 -4.231241e-11
4.053333e+05 -1.348647e-17 -4.231336e-11
4.080000e+05 -1.332738e-17 -4.230869e-11
4.106667e+05 -1.316751e-17 -4.230910e-11
4.133333e+05 -1.300924e-17 -4.230382e-11
4.160000e+05 -1.285044e-17 -4.230354e-11
4.186667e+05 -1.269158e-17 -4.229748e-11
4.213333e+05 -1.253277e-17 -4.229634e-11
4.240000e+05 -1.237405e-17 -4.228933e-11
4.266667e+05 -1.221538e-17 -4.228716e-11
4.293333e+05 -1.205687e-17 -4.227904e-11
4.320000e+05 -1.189823e-17 -4.227570e-11
4.346667e+05 -1.173982e-17 -4.226633e-11
4.373333e+05 -1.158158e-17 -4.226170e-11
4.400000e+05 -1.142369e-17 -4.225100e-11
4.426667e+05 -1.126575e-17 -4.224500e-11
4.453333e+05 -1.110773e-17 -4.223314e-11
4.480000e+05 -1.095020e-17 -4.222727e-11
4.506667e+05 -9.914997e-18 -4.091611e-11
4.533333e+05 -8.941808e-18 -4.341454e-11
4.560000e+05 -8.016441e-18 -4.024909e-11
4.586667e+05 -7.149079e-18 -4.219209e-11
4.613333e+05 -6.329539e-18 -3.867785e-11
4.640000e+05 -5.564545e-18 -4.026491e-11
4.666667e+05 -4.847370e-18 -3.640685e-11
4.693333e+05 -4.179282e-18 -3.766484e-11
4.720000e+05 -3.557680e-18 -3.349543e-11
4.746667e+05 -2.983756e-18 -3.445880e-11
4.773333e+05 -2.454091e-18 -3.001464e-11
4.800000e+05 -1.968989e-18 -3.072149e-11
4.826667e+05 -1.526516e-18 -2.604203e-11
4.853333e+05 -1.127448e-18 -2.653243e-11
4.880000e+05 -7.690514e-19 -2.165825e-11
4.906667e+05 -4.499480e-19 -2.197260e-11
4.933333e+05 -1.700153e-19 -1.694391e-11
4.960000e+05 7.221029e-20 -1.712173e-11
4.986667e+05 2.743656e-19 -1.197740e-11
5.013333e+05 4.401618e-19 -1.205636e-11
5.040000e+05 5.696371e-19 -6.836230e-12
5.066667e+05 6.609691e-19 -6.874613e-12
5.093333e+05 7.158548e-19 -1.440623e-12
5.120000e+05 7.350432e-19 0.000000e+00
