0.000000e+00 -2.490313e-08 6.744441e-08
3.155760e+07 -2.492651e-08 6.758421e-08
6.311520e+07 -2.494986e-08 6.772301e-08
9.467280e+07 -2.497317e-08 6.786082e-08
1.262304e+08 -2.499645e-08 6.799765e-08
1.577880e+08 -2.501969e-08 6.813352e-08
1.893456e+08 -2.504289e-08 6.826844e-08
2.209032e+08 -2.506606e-08 6.840242e-08
2.524608e+08 -2.508918e-08 6.853549e-08
2.840184e+08 -2.511228e-08 6.866765e-08
3.155760e+08 -2.513533e-08 6.879893e-08
3.471336e+08 -2.515835e-08 6.892934e-08
3.786912e+08 -2.518789e-08 6.905889e-08
4.102488e+08 -2.522399e-08 6.918760e-08
4.418064e+08 -2.526014e-08 6.931550e-08
4.733640e+08 -2.529632e-08 6.944259e-08
5.049216e+08 -2.533255e-08 6.956891e-08
5.364792e+08 -2.536882e-08 6.969445e-08
5.680368e+08 -2.540514e-08 6.981926e-08
5.995944e+08 -2.544149e-08 6.994333e-08
6.311520e+08 -2.547788e-08 7.006670e-08
6.627096e+08 -2.551431e-08 7.018939e-08
6.942672e+08 -2.555077e-08 7.031140e-08
7.258248e+08 -2.558728e-08 7.043276e-08
7.573824e+08 -2.562382e-08 7.055350e-08
7.889400e+08 -2.566040e-08 7.067362e-08
8.204976e+08 -2.569701e-08 7.079315e-08
8.520552e+08 -2.573366e-08 7.091212e-08
8.836128e+08 -2.577035e-08 7.103052e-08
9.151704e+08 -2.580707e-08 7.114840e-08
9.467280e+08 -2.584382e-08 7.126576e-08
9.782856e+08 -2.588060e-08 7.138263e-08
1.009843e+09 -2.591742e-08 7.149901e-08
1.041401e+09 -2.595426e-08 7.161494e-08
1.072958e+09 -2.599114e-08 7.173043e-08
1.104516e+09 -2.602805e-08 7.184550e-08
1.136074e+09 -2.606499e-08 7.196016e-08
1.167631e+09 -2.610196e-08 7.207444e-08
1.199189e+09 -2.613896e-08 7.218834e-08
1.230746e+09 -2.617599e-08 7.230188e-08
1.262304e+09 -2.621304e-08 7.241509e-08
1.293862e+09 -2.625012e-08 7.252798e-08
1.325419e+09 -2.628723e-08 7.264055e-08
1.356977e+09 -2.632436e-08 7.275283e-08
1.388534e+09 -2.636152e-08 7.286484e-08
1.420092e+09 -2.639871e-08 7.297658e-08
1.451650e+09 -2.643592e-08 7.308806e-08
1.483207e+09 -2.647315e-08 7.319930e-08
1.514765e+09 -2.651041e-08 7.331032e-08
1.546322e+09 -2.654769e-08 7.342112e-08
1.577880e+09 -2.658499e-08 7.353172e-08
1.609438e+09 -2.662232e-08 7.364212e-08
1.640995e+09 -2.665966e-08 7.375234e-08
1.672553e+09 -2.669703e-08 7.386239e-08
1.704110e+09 -2.673442e-08 7.397226e-08
1.735668e+09 -2.677183e-08 7.408199e-08
1.767226e+09 -2.680926e-08 7.419156e-08
1.798783e+09 -2.684670e-08 7.430099e-08
1.830341e+09 -2.688417e-08 7.441028e-08
1.861898e+09 -2.692165e-08 7.451945e-08
1.893456e+09 -2.695915e-08 7.462849e-08
1.925014e+09 -2.699667e-08 7.473742e-08
1.956571e+09 -2.703421e-08 7.484623e-08
1.988129e+09 -2.707176e-08 7.495494e-08
2.019686e+09 -2.710933e-08 7.506354e-08
2.051244e+09 -2.714691e-08 7.517491e-08
2.082802e+09 -2.718450e-08 7.529331e-08
2.114359e+09 -2.722212e-08 7.541117e-08
2.145917e+09 -2.725974e-08 7.552851e-08
2.177474e+09 -2.729738e-08 7.564533e-08
2.209032e+09 -2.733503e-08 7.576162e-08
2.240590e+09 -2.737269e-08 7.587740e-08
2.272147e+09 -2.741037e-08 7.599267e-08
2.303705e+09 -2.744806e-08 7.610744e-08
2.335262e+09 -2.748575e-08 7.622171e-08
2.366820e+09 -2.752346e-08 7.633548e-08
2.398378e+09 -2.756118e-08 7.644878e-08
2.429935e+09 -2.759891e-08 7.656159e-08
2.461493e+09 -2.763665e-08 7.667393e-08
2.493050e+09 -2.767440e-08 7.678582e-08
2.524608e+09 -2.771215e-08 7.689725e-08
2.556166e+09 -2.774992e-08 7.700824e-08
2.587723e+09 -2.778769e-08 7.711880e-08
2.619281e+09 -2.782546e-08 7.722893e-08
2.650838e+09 -2.786325e-08 7.733864e-08
2.682396e+09 -2.790104e-08 7.744796e-08
2.713954e+09 -2.793883e-08 7.755687e-08
2.745511e+09 -2.797664e-08 7.766541e-08
2.777069e+09 -2.801444e-08 7.777356e-08
2.808626e+09 -2.805225e-08 7.788135e-08
2.840184e+09 -2.809007e-08 7.798879e-08
2.871742e+09 -2.812788e-08 7.809588e-08
2.903299e+09 -2.816571e-08 7.820264e-08
2.934857e+09 -2.820353e-08 7.830907e-08
2.966414e+09 -2.824136e-08 7.841518e-08
2.997972e+09 -2.827918e-08 7.852099e-08
3.029530e+09 -2.831701e-08 7.862650e-08
3.061087e+09 -2.835484e-08 7.873172e-08
3.092645e+09 -2.839267e-08 7.883666e-08
3.124202e+09 -2.843050e-08 7.894133e-08
3.155760e+09 -2.846833e-08 7.904574e-08
3.187318e+09 -2.850616e-08 7.914989e-08
3.218875e+09 -2.854399e-08 7.925380e-08
3.250433e+09 -2.858182e-08 7.935746e-08
3.281990e+09 -2.861964e-08 7.946090e-08
3.313548e+09 -2.865747e-08 7.956411e-08
3.345106e+09 -2.869529e-08 7.966710e-08
3.376663e+09 -2.873310e-08 7.976988e-08
3.408221e+09 -2.877091e-08 7.987245e-08
3.439778e+09 -2.880872e-08 7.997482e-08
3.471336e+09 -2.884653e-08 8.007700e-08
3.502894e+09 -2.888433e-08 8.017899e-08
3.534451e+09 -2.892212e-08 8.028079e-08
3.566009e+09 -2.895991e-08 8.038242e-08
3.597566e+09 -2.899769e-08 8.048386e-08
3.629124e+09 -2.903546e-08 8.058513e-08
3.660682e+09 -2.907323e-08 8.068624e-08
3.692239e+09 -2.911099e-08 8.078718e-08
3.723797e+09 -2.914874e-08 8.088795e-08
3.755354e+09 -2.918649e-08 8.098857e-08
3.786912e+09 -2.922423e-08 8.108902e-08
3.818470e+09 -2.926195e-08 8.118932e-08
3.850027e+09 -2.929967e-08 8.128947e-08
3.881585e+09 -2.933738e-08 8.138947e-08
3.913142e+09 -2.937507e-08 8.148931e-08
3.944700e+09 -2.941276e-08 8.158901e-08
3.976258e+09 -2.945044e-08 8.168856e-08
4.007815e+09 -2.948810e-08 8.178796e-08
4.039373e+09 -2.952575e-08 8.188721e-08
4.070930e+09 -2.956340e-08 8.198632e-08
4.102488e+09 -2.960102e-08 8.208528e-08
4.134046e+09 -2.963864e-08 8.218410e-08
4.165603e+09 -2.967624e-08 8.228278e-08
4.197161e+09 -2.971383e-08 8.238131e-08
4.228718e+09 -2.975140e-08 8.247969e-08
4.260276e+09 -2.978896e-08 8.257793e-08
4.291834e+09 -2.982650e-08 8.267603e-08
4.323391e+09 -2.986403e-08 8.277398e-08
4.354949e+09 -2.990155e-08 8.287178e-08
4.386506e+09 -2.993904e-08 8.296944e-08
4.418064e+09 -2.997652e-08 8.306695e-08
4.449622e+09 -3.001399e-08 8.316432e-08
4.481179e+09 -3.005143e-08 8.326154e-08
4.512737e+09 -3.008886e-08 8.335861e-08
4.544294e+09 -3.012628e-08 8.345554e-08
4.575852e+09 -3.016367e-08 8.355231e-08
4.607410e+09 -3.020104e-08 8.364894e-08
4.638967e+09 -3.023840e-08 8.374542e-08
4.670525e+09 -3.027573e-08 8.384176e-08
4.702082e+09 -3.031305e-08 8.393794e-08
4.733640e+09 -3.035035e-08 8.403398e-08
4.765198e+09 -3.038762e-08 8.412987e-08
4.796755e+09 -3.042488e-08 8.422560e-08
4.828313e+09 -3.046211e-08 8.432119e-08
4.859870e+09 -3.049932e-08 8.441663e-08
4.891428e+09 -3.053651e-08 8.451193e-08
4.922986e+09 -3.057368e-08 8.460707e-08
4.954543e+09 -3.061082e-08 8.470207e-08
4.986101e+09 -3.064795e-08 8.479691e-08
5.017658e+09 -3.068504e-08 8.489161e-08
5.049216e+09 -3.072212e-08 8.498617e-08
5.080774e+09 -3.075917e-08 8.508058e-08
5.112331e+09 -3.079620e-08 8.517484e-08
5.143889e+09 -3.083320e-08 8.526895e-08
5.175446e+09 -3.087017e-08 8.536293e-08
5.207004e+09 -3.090713e-08 8.545675e-08
5.238562e+09 -3.094405e-08 8.555044e-08
5.270119e+09 -3.098095e-08 8.564398e-08
5.301677e+09 -3.101782e-08 8.573739e-08
5.333234e+09 -3.105467e-08 8.583065e-08
5.364792e+09 -3.109149e-08 8.592377e-08
5.396350e+09 -3.112828e-08 8.601676e-08
5.427907e+09 -3.116504e-08 8.610960e-08
5.459465e+09 -3.120177e-08 8.620231e-08
5.491022e+09 -3.123848e-08 8.629489e-08
5.522580e+09 -3.127516e-08 8.638733e-08
5.554138e+09 -3.131181e-08 8.647964e-08
5.585695e+09 -3.134842e-08 8.657182e-08
5.617253e+09 -3.138501e-08 8.666386e-08
5.648810e+09 -3.142157e-08 8.675578e-08
5.680368e+09 -3.145810e-08 8.684757e-08
5.711926e+09 -3.149460e-08 8.693923e-08
5.743483e+09 -3.153106e-08 8.703077e-08
5.775041e+09 -3.156750e-08 8.712217e-08
5.806598e+09 -3.160390e-08 8.721346e-08
5.838156e+09 -3.164027e-08 8.730462e-08
5.869714e+09 -3.167661e-08 8.739566e-08
5.901271e+09 -3.171291e-08 8.748658e-08
5.932829e+09 -3.174918e-08 8.757738e-08
5.964386e+09 -3.178542e-08 8.766806e-08
5.995944e+09 -3.182163e-08 8.775862e-08
6.027502e+09 -3.185780e-08 8.784906e-08
6.059059e+09 -3.189393e-08 8.793939e-08
6.090617e+09 -3.193003e-08 8.802960e-08
6.122174e+09 -3.196610e-08 8.811969e-08
6.153732e+09 -3.200213e-08 8.820967e-08
6.185290e+09 -3.203813e-08 8.829954e-08
6.216847e+09 -3.207409e-08 8.838929e-08
6.248405e+09 -3.211001e-08 8.847893e-08
6.279962e+09 -3.214589e-08 8.856846e-08
6.311520e+09 -3.218174e-08 8.865788e-08
6.343078e+09 -3.221756e-08 8.874719e-08
6.374635e+09 -3.225333e-08 8.883638e-08
6.406193e+09 -3.228907e-08 8.892547e-08
6.437750e+09 -3.232476e-08 8.901445e-08
6.469308e+09 -3.236042e-08 8.910332e-08
6.500866e+09 -3.239605e-08 8.919207e-08
6.532423e+09 -3.243163e-08 8.928073e-08
6.563981e+09 -3.246717e-08 8.936927e-08
6.595538e+09 -3.250267e-08 8.945770e-08
6.627096e+09 -3.253814e-08 8.954603e-08
6.658654e+09 -3.257356e-08 8.963425e-08
6.690211e+09 -3.260894e-08 8.972236e-08
6.721769e+09 -3.264429e-08 8.981037e-08
6.753326e+09 -3.267959e-08 8.989827e-08
6.784884e+09 -3.271485e-08 8.998606e-08
6.816442e+09 -3.275006e-08 9.007375e-08
6.847999e+09 -3.278524e-08 9.016133e-08
6.879557e+09 -3.282037e-08 9.024880e-08
6.911114e+09 -3.285546e-08 9.033617e-08
6.942672e+09 -3.289051e-08 9.042343e-08
6.974230e+09 -3.292551e-08 9.051059e-08
7.005787e+09 -3.296048e-08 9.059764e-08
7.037345e+09 -3.299539e-08 9.068459e-08
7.068902e+09 -3.303027e-08 9.077143e-08
7.100460e+09 -3.306510e-08 9.085817e-08
7.132018e+09 -3.309988e-08 9.094481e-08
7.163575e+09 -3.313462e-08 9.103134e-08
7.195133e+09 -3.316932e-08 9.111776e-08
7.226690e+09 -3.320397e-08 9.120408e-08
7.258248e+09 -3.323857e-08 9.129030e-08
7.289806e+09 -3.327313e-08 9.137642e-08
7.321363e+09 -3.330764e-08 9.146243e-08
7.352921e+09 -3.334210e-08 9.154834e-08
7.384478e+09 -3.337652e-08 9.163415e-08
7.416036e+09 -3.341090e-08 9.171986e-08
7.447594e+09 -3.344522e-08 9.180546e-08
7.479151e+09 -3.347950e-08 9.189097e-08
7.510709e+09 -3.351373e-08 9.197637e-08
7.542266e+09 -3.354791e-08 9.206168e-08
7.573824e+09 -3.358204e-08 9.214688e-08
7.605382e+09 -3.361612e-08 9.223198e-08
7.636939e+09 -3.365016e-08 9.231699e-08
7.668497e+09 -3.368415e-08 9.240189e-08
7.700054e+09 -3.371808e-08 9.248670e-08
7.731612e+09 -3.375197e-08 9.257141e-08
7.763170e+09 -3.378581e-08 9.265603e-08
7.794727e+09 -3.381960e-08 9.274054e-08
7.826285e+09 -3.385333e-08 9.282496e-08
7.857842e+09 -3.388702e-08 9.290929e-08
7.889400e+09 -3.392066e-08 9.299351e-08
7.920958e+09 -3.395424e-08 9.307765e-08
7.952515e+09 -3.398777e-08 9.316169e-08
7.984073e+09 -3.402126e-08 9.324563e-08
8.015630e+09 -3.405469e-08 9.332948e-08
8.047188e+09 -3.408806e-08 9.341324e-08
8.078746e+09 -3.412139e-08 9.349691e-08
8.110303e+09 -3.415466e-08 9.358049e-08
8.141861e+09 -3.418788e-08 9.366397e-08
8.173418e+09 -3.422105e-08 9.374736e-08
8.204976e+09 -3.425416e-08 9.383066e-08
8.236534e+09 -3.428722e-08 9.391387e-08
8.268091e+09 -3.432023e-08 9.399700e-08
8.299649e+09 -3.435318e-08 9.408003e-08
8.331206e+09 -3.438608e-08 9.416297e-08
8.362764e+09 -3.441893e-08 9.424583e-08
8.394322e+09 -3.445171e-08 9.432860e-08
8.425879e+09 -3.448445e-08 9.441128e-08
8.457437e+09 -3.451713e-08 9.449387e-08
8.488994e+09 -3.454975e-08 9.457637e-08
8.520552e+09 -3.458232e-08 9.465879e-08
8.552110e+09 -3.461483e-08 9.474113e-08
8.583667e+09 -3.464729e-08 9.482337e-08
8.615225e+09 -3.467969e-08 9.490554e-08
8.646782e+09 -3.471204e-08 9.498761e-08
8.678340e+09 -3.474432e-08 9.506961e-08
8.709898e+09 -3.477655e-08 9.515151e-08
8.741455e+09 -3.480873e-08 9.523334e-08
8.773013e+09 -3.484084e-08 9.531507e-08
8.804570e+09 -3.487290e-08 9.539673e-08
8.836128e+09 -3.490490e-08 9.547830e-08
8.867686e+09 -3.493749e-08 9.555979e-08
8.899243e+09 -3.497120e-08 9.564120e-08
8.930801e+09 -3.500485e-08 9.572252e-08
8.962358e+09 -3.503846e-08 9.580376e-08
8.993916e+09 -3.507203e-08 9.588492e-08
9.025474e+09 -3.510554e-08 9.596599e-08
9.057031e+09 -3.513900e-08 9.604699e-08
9.088589e+09 -3.517242e-08 9.612790e-08
9.120146e+09 -3.520578e-08 9.620873e-08
9.151704e+09 -3.523910e-08 9.628948e-08
9.183262e+09 -3.527237e-08 9.637015e-08
9.214819e+09 -3.530558e-08 9.645074e-08
9.246377e+09 -3.533875e-08 9.653124e-08
9.277934e+09 -3.537186e-08 9.661167e-08
9.309492e+09 -3.540493e-08 9.669202e-08
9.341050e+09 -3.543794e-08 9.677228e-08
9.372607e+09 -3.547091e-08 9.685247e-08
9.404165e+09 -3.550382e-08 9.693258e-08
9.435722e+09 -3.553668e-08 9.701260e-08
9.467280e+09 -3.556949e-08 9.709255e-08
9.498838e+09 -3.560225e-08 9.717242e-08
9.530395e+09 -3.563496e-08 9.725221e-08
9.561953e+09 -3.566761e-08 9.733193e-08
9.593510e+09 -3.570021e-08 9.741156e-08
9.625068e+09 -3.573276e-08 9.749112e-08
9.656626e+09 -3.576526e-08 9.757059e-08
9.688183e+09 -3.579770e-08 9.765000e-08
9.719741e+09 -3.583009e-08 9.772932e-08
9.751298e+09 -3.586243e-08 9.780857e-08
9.782856e+09 -3.589471e-08 9.788773e-08
9.814414e+09 -3.592694e-08 9.796683e-08
9.845971e+09 -3.595912e-08 9.804584e-08
9.877529e+09 -3.599124e-08 9.812479e-08
9.909086e+09 -3.602331e-08 9.820365e-08
9.940644e+09 -3.605532e-08 9.828244e-08
9.972202e+09 -3.608728e-08 9.836115e-08
1.000376e+10 -3.611919e-08 9.843979e-08
1.003532e+10 -3.615104e-08 9.851836e-08
1.006687e+10 -3.618283e-08 9.859685e-08
1.009843e+10 -3.621457e-08 9.867527e-08
1.012999e+10 -3.624625e-08 9.875361e-08
1.016155e+10 -3.627788e-08 9.883188e-08
1.019310e+10 -3.630945e-08 9.891007e-08
1.022466e+10 -3.634097e-08 9.898820e-08
1.025622e+10 -3.637243e-08 9.906625e-08
1.028778e+10 -3.640383e-08 9.914422e-08
1.031934e+10 -3.643518e-08 9.922213e-08
1.035089e+10 -3.646647e-08 9.929996e-08
1.038245e+10 -3.649771e-08 9.937772e-08
1.041401e+10 -3.652888e-08 9.945541e-08
1.044557e+10 -3.656000e-08 9.953303e-08
1.047712e+10 -3.659107e-08 9.961058e-08
1.050868e+10 -3.662207e-08 9.968806e-08
1.054024e+10 -3.665302e-08 9.976547e-08
1.057180e+10 -3.668391e-08 9.984280e-08
1.060335e+10 -3.671474e-08 9.992007e-08
1.063491e+10 -3.674551e-08 9.999727e-08
1.066647e+10 -3.677623e-08 1.000744e-07
1.069803e+10 -3.680689e-08 1.001515e-07
1.072958e+10 -3.683749e-08 1.002284e-07
1.076114e+10 -3.686803e-08 1.003054e-07
1.079270e+10 -3.689851e-08 1.003822e-07
1.082426e+10 -3.692893e-08 1.004590e-07
1.085581e+10 -3.695930e-08 1.005357e-07
1.088737e+10 -3.698960e-08 1.006124e-07
1.091893e+10 -3.701984e-08 1.006890e-07
1.095049e+10 -3.705003e-08 1.007655e-07
1.098204e+10 -3.708016e-08 1.008419e-07
1.101360e+10 -3.711022e-08 1.009183e-07
1.104516e+10 -3.714023e-08 1.009946e-07
1.107672e+10 -3.717017e-08 1.010708e-07
1.110828e+10 -3.720006e-08 1.011470e-07
1.113983e+10 -3.722988e-08 1.012231e-07
1.117139e+10 -3.725965e-08 1.012992e-07
1.120295e+10 -3.728935e-08 1.013752e-07
1.123451e+10 -3.731900e-08 1.014511e-07
1.126606e+10 -3.734858e-08 1.015269e-07
1.129762e+10 -3.737810e-08 1.016027e-07
1.132918e+10 -3.740756e-08 1.016784e-07
1.136074e+10 -3.743696e-08 1.017541e-07
1.139229e+10 -3.746630e-08 1.018296e-07
1.142385e+10 -3.749557e-08 1.019052e-07
1.145541e+10 -3.752479e-08 1.019806e-07
1.148697e+10 -3.755394e-08 1.020560e-07
1.151852e+10 -3.758303e-08 1.021313e-07
1.155008e+10 -3.761206e-08 1.022066e-07
1.158164e+10 -3.764103e-08 1.022818e-07
1.161320e+10 -3.766993e-08 1.023569e-07
1.164475e+10 -3.769877e-08 1.024320e-07
1.167631e+10 -3.772755e-08 1.025070e-07
1.170787e+10 -3.775627e-08 1.025819e-07
1.173943e+10 -3.778493e-08 1.026568e-07
1.177098e+10 -3.781352e-08 1.027316e-07
1.180254e+10 -3.784205e-08 1.028064e-07
1.183410e+10 -3.787051e-08 1.028811e-07
1.186566e+10 -3.789892e-08 1.029557e-07
1.189722e+10 -3.792726e-08 1.030303e-07
1.192877e+10 -3.795553e-08 1.031048e-07
1.196033e+10 -3.798375e-08 1.031792e-07
1.199189e+10 -3.801189e-08 1.032536e-07
1.202345e+10 -3.803998e-08 1.033279e-07
1.205500e+10 -3.806800e-08 1.034022e-07
1.208656e+10 -3.809596e-08 1.034764e-07
1.211812e+10 -3.812386e-08 1.035505e-07
1.214968e+10 -3.815169e-08 1.036246e-07
1.218123e+10 -3.817945e-08 1.036986e-07
1.221279e+10 -3.820715e-08 1.037725e-07
1.224435e+10 -3.823479e-08 1.038464e-07
1.227591e+10 -3.826236e-08 1.039202e-07
1.230746e+10 -3.828987e-08 1.039940e-07
1.233902e+10 -3.831732e-08 1.040677e-07
1.237058e+10 -3.834470e-08 1.041414e-07
1.240214e+10 -3.837201e-08 1.042149e-07
1.243369e+10 -3.839926e-08 1.042885e-07
1.246525e+10 -3.842645e-08 1.043619e-07
1.249681e+10 -3.845357e-08 1.044354e-07
1.252837e+10 -3.848062e-08 1.045087e-07
1.255992e+10 -3.850761e-08 1.045820e-07
1.259148e+10 -3.853454e-08 1.046552e-07
1.262304e+10 -3.856140e-08 1.047284e-07
1.265460e+10 -3.858819e-08 1.048015e-07
1.268616e+10 -3.861492e-08 1.048746e-07
1.271771e+10 -3.864158e-08 1.049476e-07
1.274927e+10 -3.866818e-08 1.050205e-07
1.278083e+10 -3.869471e-08 1.050934e-07
1.281239e+10 -3.872118e-08 1.051662e-07
1.284394e+10 -3.874758e-08 1.052390e-07
1.287550e+10 -3.877392e-08 1.053117e-07
1.290706e+10 -3.880018e-08 1.053844e-07
1.293862e+10 -3.882639e-08 1.054570e-07
1.297017e+10 -3.885252e-08 1.055295e-07
1.300173e+10 -3.887859e-08 1.056020e-07
1.303329e+10 -3.890460e-08 1.056744e-07
1.306485e+10 -3.893054e-08 1.057468e-07
1.309640e+10 -3.895641e-08 1.058191e-07
1.312796e+10 -3.898221e-08 1.058913e-07
1.315952e+10 -3.900795e-08 1.059635e-07
1.319108e+10 -3.903362e-08 1.060357e-07
1.322263e+10 -3.905923e-08 1.061078e-07
1.325419e+10 -3.908477e-08 1.061798e-07
1.328575e+10 -3.911060e-08 1.062518e-07
1.331731e+10 -3.913830e-08 1.063237e-07
1.334886e+10 -3.916593e-08 1.063956e-07
1.338042e+10 -3.919350e-08 1.064674e-07
1.341198e+10 -3.922102e-08 1.065392e-07
1.344354e+10 -3.924847e-08 1.066109e-07
1.347510e+10 -3.927586e-08 1.066825e-07
1.350665e+10 -3.930319e-08 1.067541e-07
1.353821e+10 -3.933046e-08 1.068256e-07
1.356977e+10 -3.935767e-08 1.068971e-07
1.360133e+10 -3.938482e-08 1.069685e-07
1.363288e+10 -3.941190e-08 1.070399e-07
1.366444e+10 -3.943893e-08 1.071112e-07
1.369600e+10 -3.946589e-08 1.071825e-07
1.372756e+10 -3.949280e-08 1.072537e-07
1.375911e+10 -3.951964e-08 1.073249e-07
1.379067e+10 -3.954642e-08 1.073960e-07
1.382223e+10 -3.957314e-08 1.074670e-07
1.385379e+10 -3.959979e-08 1.075380e-07
1.388534e+10 -3.962639e-08 1.076090e-07
1.391690e+10 -3.965292e-08 1.076799e-07
1.394846e+10 -3.967939e-08 1.077507e-07
1.398002e+10 -3.970580e-08 1.078215e-07
1.401157e+10 -3.973215e-08 1.078922e-07
1.404313e+10 -3.975843e-08 1.079629e-07
1.407469e+10 -3.978466e-08 1.080335e-07
1.410625e+10 -3.981082e-08 1.081041e-07
1.413780e+10 -3.983692e-08 1.081746e-07
1.416936e+10 -3.986295e-08 1.082451e-07
1.420092e+10 -3.988893e-08 1.083155e-07
1.423248e+10 -3.991484e-08 1.083859e-07
1.426404e+10 -3.994069e-08 1.084562e-07
1.429559e+10 -3.996648e-08 1.085265e-07
1.432715e+10 -3.999220e-08 1.085967e-07
1.435871e+10 -4.001786e-08 1.086668e-07
1.439027e+10 -4.004346e-08 1.087369e-07
1.442182e+10 -4.006900e-08 1.088070e-07
1.445338e+10 -4.009447e-08 1.088770e-07
1.448494e+10 -4.011989e-08 1.089470e-07
1.451650e+10 -4.014523e-08 1.090169e-07
1.454805e+10 -4.017052e-08 1.090867e-07
1.457961e+10 -4.019574e-08 1.091565e-07
1.461117e+10 -4.022090e-08 1.092263e-07
1.464273e+10 -4.024600e-08 1.092960e-07
1.467428e+10 -4.027103e-08 1.093656e-07
1.470584e+10 -4.029600e-08 1.094352e-07
1.473740e+10 -4.032091e-08 1.095048e-07
1.476896e+10 -4.034576e-08 1.095743e-07
1.480051e+10 -4.037054e-08 1.096437e-07
1.483207e+10 -4.039526e-08 1.097131e-07
1.486363e+10 -4.041991e-08 1.097825e-07
1.489519e+10 -4.044450e-08 1.098518e-07
1.492674e+10 -4.046903e-08 1.099210e-07
1.495830e+10 -4.049350e-08 1.099902e-07
1.498986e+10 -4.051790e-08 1.100594e-07
1.502142e+10 -4.054224e-08 1.101285e-07
1.505298e+10 -4.056651e-08 1.101975e-07
1.508453e+10 -4.059072e-08 1.102665e-07
1.511609e+10 -4.061487e-08 1.103355e-07
1.514765e+10 -4.063896e-08 1.104044e-07
1.517921e+10 -4.066298e-08 1.104733e-07
1.521076e+10 -4.068693e-08 1.105421e-07
1.524232e+10 -4.071083e-08 1.106108e-07
1.527388e+10 -4.073466e-08 1.106796e-07
1.530544e+10 -4.075842e-08 1.107482e-07
1.533699e+10 -4.078213e-08 1.108168e-07
1.536855e+10 -4.080577e-08 1.108854e-07
1.540011e+10 -4.082934e-08 1.109539e-07
1.543167e+10 -4.085285e-08 1.110224e-07
1.546322e+10 -4.087630e-08 1.110908e-07
1.549478e+10 -4.089968e-08 1.111592e-07
1.552634e+10 -4.092300e-08 1.112275e-07
1.555790e+10 -4.094626e-08 1.112958e-07
1.558945e+10 -4.096945e-08 1.113641e-07
1.562101e+10 -4.099258e-08 1.114322e-07
1.565257e+10 -4.101564e-08 1.115004e-07
1.568413e+10 -4.103864e-08 1.115685e-07
1.571568e+10 -4.106158e-08 1.116365e-07
1.574724e+10 -4.108445e-08 1.117045e-07
1.577880e+10 -4.110726e-08 1.117725e-07
1.581036e+10 -4.113001e-08 1.118404e-07
1.584192e+10 -4.115269e-08 1.119082e-07
1.587347e+10 -4.117530e-08 1.119761e-07
1.590503e+10 -4.119786e-08 1.120438e-07
1.593659e+10 -4.122034e-08 1.121115e-07
1.596815e+10 -4.124277e-08 1.121792e-07
1.599970e+10 -4.126513e-08 1.122468e-07
1.603126e+10 -4.128743e-08 1.123144e-07
1.606282e+10 -4.130966e-08 1.123819e-07
1.609438e+10 -4.133183e-08 1.124494e-07
1.612593e+10 -4.135393e-08 1.125169e-07
1.615749e+10 -4.137597e-08 1.125843e-07
1.618905e+10 -4.139795e-08 1.126516e-07
1.622061e+10 -4.141986e-08 1.127189e-07
1.625216e+10 -4.144171e-08 1.127862e-07
1.628372e+10 -4.146349e-08 1.128534e-07
1.631528e+10 -4.148521e-08 1.129206e-07
1.634684e+10 -4.150687e-08 1.129877e-07
1.637839e+10 -4.152846e-08 1.130548e-07
1.640995e+10 -4.154999e-08 1.131218e-07
1.644151e+10 -4.157145e-08 1.131888e-07
1.647307e+10 -4.159285e-08 1.132557e-07
1.650462e+10 -4.161418e-08 1.133226e-07
1.653618e+10 -4.163546e-08 1.133895e-07
1.656774e+10 -4.165666e-08 1.134563e-07
1.659930e+10 -4.167781e-08 1.135230e-07
1.663086e+10 -4.169889e-08 1.135897e-07
1.666241e+10 -4.171990e-08 1.136564e-07
1.669397e+10 -4.174085e-08 1.137231e-07
1.672553e+10 -4.176174e-08 1.137896e-07
1.675709e+10 -4.178256e-08 1.138562e-07
1.678864e+10 -4.180332e-08 1.139227e-07
1.682020e+10 -4.182401e-08 1.139891e-07
1.685176e+10 -4.184464e-08 1.140555e-07
1.688332e+10 -4.186521e-08 1.141219e-07
1.691487e+10 -4.188571e-08 1.141882e-07
1.694643e+10 -4.190615e-08 1.142545e-07
1.697799e+10 -4.192653e-08 1.143207e-07
1.700955e+10 -4.194684e-08 1.143869e-07
1.704110e+10 -4.196708e-08 1.144530e-07
1.707266e+10 -4.198727e-08 1.145191e-07
1.710422e+10 -4.200739e-08 1.145852e-07
1.713578e+10 -4.202744e-08 1.146512e-07
1.716733e+10 -4.204743e-08 1.147172e-07
1.719889e+10 -4.206736e-08 1.147831e-07
1.723045e+10 -4.208722e-08 1.148490e-07
1.726201e+10 -4.210702e-08 1.149148e-07
1.729356e+10 -4.212676e-08 1.149806e-07
1.732512e+10 -4.214643e-08 1.150464e-07
1.735668e+10 -4.216604e-08 1.151121e-07
1.738824e+10 -4.218558e-08 1.151778e-07
1.741980e+10 -4.220506e-08 1.152434e-07
1.745135e+10 -4.222448e-08 1.153090e-07
1.748291e+10 -4.224383e-08 1.153745e-07
1.751447e+10 -4.226312e-08 1.154400e-07
1.754603e+10 -4.228414e-08 1.155055e-07
1.757758e+10 -4.230553e-08 1.155709e-07
1.760914e+10 -4.232685e-08 1.156363e-07
1.764070e+10 -4.234812e-08 1.157016e-07
1.767226e+10 -4.236933e-08 1.157669e-07
1.770381e+10 -4.239047e-08 1.158321e-07
1.773537e+10 -4.241156e-08 1.158973e-07
1.776693e+10 -4.243258e-08 1.159625e-07
1.779849e+10 -4.245354e-08 1.160276e-07
1.783004e+10 -4.247444e-08 1.160927e-07
1.786160e+10 -4.249528e-08 1.161577e-07
1.789316e+10 -4.251605e-08 1.162227e-07
1.792472e+10 -4.253677e-08 1.162876e-07
1.795627e+10 -4.255742e-08 1.163526e-07
1.798783e+10 -4.257802e-08 1.164174e-07
1.801939e+10 -4.259855e-08 1.164822e-07
1.805095e+10 -4.261902e-08 1.165470e-07
1.808250e+10 -4.263943e-08 1.166118e-07
1.811406e+10 -4.265977e-08 1.166765e-07
1.814562e+10 -4.268006e-08 1.167411e-07
1.817718e+10 -4.270028e-08 1.168058e-07
1.820874e+10 -4.272045e-08 1.168703e-07
1.824029e+10 -4.274055e-08 1.169349e-07
1.827185e+10 -4.276059e-08 1.169994e-07
1.830341e+10 -4.278057e-08 1.170638e-07
1.833497e+10 -4.280049e-08 1.171282e-07
1.836652e+10 -4.282035e-08 1.171926e-07
1.839808e+10 -4.284014e-08 1.172569e-07
1.842964e+10 -4.285988e-08 1.173212e-07
1.846120e+10 -4.287955e-08 1.173855e-07
1.849275e+10 -4.289916e-08 1.174497e-07
1.852431e+10 -4.291871e-08 1.175139e-07
1.855587e+10 -4.293820e-08 1.175780e-07
1.858743e+10 -4.295763e-08 1.176421e-07
1.861898e+10 -4.297700e-08 1.177061e-07
1.865054e+10 -4.299631e-08 1.177701e-07
1.868210e+10 -4.301555e-08 1.178341e-07
1.871366e+10 -4.303473e-08 1.178980e-07
1.874521e+10 -4.305386e-08 1.179619e-07
1.877677e+10 -4.307292e-08 1.180258e-07
1.880833e+10 -4.309192e-08 1.180896e-07
1.883989e+10 -4.311086e-08 1.181534e-07
1.887144e+10 -4.312974e-08 1.182171e-07
1.890300e+10 -4.314855e-08 1.182808e-07
1.893456e+10 -4.316731e-08 1.183444e-07
1.896612e+10 -4.318600e-08 1.184080e-07
1.899768e+10 -4.320464e-08 1.184716e-07
1.902923e+10 -4.322321e-08 1.185351e-07
1.906079e+10 -4.324172e-08 1.185986e-07
1.909235e+10 -4.326017e-08 1.186621e-07
1.912391e+10 -4.327856e-08 1.187255e-07
1.915546e+10 -4.329689e-08 1.187889e-07
1.918702e+10 -4.331516e-08 1.188522e-07
1.921858e+10 -4.333337e-08 1.189155e-07
1.925014e+10 -4.335151e-08 1.189788e-07
1.928169e+10 -4.336960e-08 1.190420e-07
1.931325e+10 -4.338762e-08 1.191052e-07
1.934481e+10 -4.340558e-08 1.191683e-07
1.937637e+10 -4.342349e-08 1.192314e-07
1.940792e+10 -4.344133e-08 1.192945e-07
1.943948e+10 -4.345911e-08 1.193575e-07
1.947104e+10 -4.347683e-08 1.194205e-07
1.950260e+10 -4.349449e-08 1.194834e-07
1.953415e+10 -4.351209e-08 1.195463e-07
1.956571e+10 -4.352963e-08 1.196092e-07
1.959727e+10 -4.354710e-08 1.196720e-07
1.962883e+10 -4.356452e-08 1.197348e-07
1.966038e+10 -4.358188e-08 1.197976e-07
1.969194e+10 -4.359917e-08 1.198603e-07
1.972350e+10 -4.361641e-08 1.199229e-07
1.975506e+10 -4.363358e-08 1.199856e-07
1.978662e+10 -4.365070e-08 1.200482e-07
1.981817e+10 -4.366775e-08 1.201107e-07
1.984973e+10 -4.368474e-08 1.201733e-07
1.988129e+10 -4.370167e-08 1.202357e-07
1.991285e+10 -4.371855e-08 1.202982e-07
1.994440e+10 -4.373536e-08 1.203606e-07
1.997596e+10 -4.375211e-08 1.204230e-07
2.000752e+10 -4.376880e-08 1.204853e-07
2.003908e+10 -4.378543e-08 1.205476e-07
2.007063e+10 -4.380200e-08 1.206099e-07
2.010219e+10 -4.381851e-08 1.206721e-07
2.013375e+10 -4.383496e-08 1.207343e-07
2.016531e+10 -4.385135e-08 1.207964e-07
2.019686e+10 -4.386768e-08 1.208585e-07
2.022842e+10 -4.388395e-08 1.209206e-07
2.025998e+10 -4.390016e-08 1.209826e-07
2.029154e+10 -4.391631e-08 1.210446e-07
2.032309e+10 -4.393240e-08 1.211066e-07
2.035465e+10 -4.394843e-08 1.211685e-07
2.038621e+10 -4.396439e-08 1.212304e-07
2.041777e+10 -4.398030e-08 1.212922e-07
2.044932e+10 -4.399615e-08 1.213540e-07
2.048088e+10 -4.401194e-08 1.214158e-07
2.051244e+10 -4.402767e-08 1.214775e-07
2.054400e+10 -4.404334e-08 1.215392e-07
2.057556e+10 -4.405895e-08 1.216009e-07
2.060711e+10 -4.407450e-08 1.216625e-07
2.063867e+10 -4.408999e-08 1.217241e-07
2.067023e+10 -4.410542e-08 1.217856e-07
2.070179e+10 -4.412079e-08 1.218472e-07
2.073334e+10 -4.413610e-08 1.219086e-07
2.076490e+10 -4.415135e-08 1.219701e-07
2.079646e+10 -4.416654e-08 1.220315e-07
2.082802e+10 -4.418167e-08 1.220928e-07
2.085957e+10 -4.419675e-08 1.221542e-07
2.089113e+10 -4.421176e-08 1.222155e-07
2.092269e+10 -4.422671e-08 1.222767e-07
2.095425e+10 -4.424161e-08 1.223379e-07
2.098580e+10 -4.425644e-08 1.223991e-07
2.101736e+10 -4.427122e-08 1.224603e-07
2.104892e+10 -4.428593e-08 1.225214e-07
2.108048e+10 -4.430059e-08 1.225825e-07
2.111203e+10 -4.431519e-08 1.226435e-07
2.114359e+10 -4.432973e-08 1.227045e-07
2.117515e+10 -4.434421e-08 1.227655e-07
2.120671e+10 -4.435863e-08 1.228264e-07
2.123826e+10 -4.437299e-08 1.228873e-07
2.126982e+10 -4.438729e-08 1.229482e-07
2.130138e+10 -4.440153e-08 1.230090e-07
2.133294e+10 -4.441572e-08 1.230698e-07
2.136450e+10 -4.442984e-08 1.231305e-07
2.139605e+10 -4.444391e-08 1.231912e-07
2.142761e+10 -4.445791e-08 1.232519e-07
2.145917e+10 -4.447186e-08 1.233126e-07
2.149073e+10 -4.448575e-08 1.233732e-07
2.152228e+10 -4.449958e-08 1.234338e-07
2.155384e+10 -4.451335e-08 1.234943e-07
2.158540e+10 -4.452707e-08 1.235548e-07
2.161696e+10 -4.454072e-08 1.236153e-07
2.164851e+10 -4.455432e-08 1.236757e-07
2.168007e+10 -4.456786e-08 1.237361e-07
2.171163e+10 -4.458133e-08 1.237965e-07
2.174319e+10 -4.459475e-08 1.238568e-07
2.177474e+10 -4.460812e-08 1.239171e-07
2.180630e+10 -4.462142e-08 1.239773e-07
2.183786e+10 -4.463467e-08 1.240375e-07
2.186942e+10 -4.464785e-08 1.240977e-07
2.190097e+10 -4.466098e-08 1.241579e-07
2.193253e+10 -4.467405e-08 1.242180e-07
2.196409e+10 -4.468706e-08 1.242781e-07
2.199565e+10 -4.470002e-08 1.243381e-07
2.202720e+10 -4.471291e-08 1.243981e-07
2.205876e+10 -4.472710e-08 1.244581e-07
2.209032e+10 -4.474173e-08 1.245181e-07
2.212188e+10 -4.475632e-08 1.245780e-07
2.215344e+10 -4.477084e-08 1.246378e-07
2.218499e+10 -4.478530e-08 1.246977e-07
2.221655e+10 -4.479971e-08 1.247575e-07
2.224811e+10 -4.481406e-08 1.248172e-07
2.227967e+10 -4.482835e-08 1.248770e-07
2.231122e+10 -4.484258e-08 1.249367e-07
2.234278e+10 -4.485675e-08 1.249963e-07
2.237434e+10 -4.487087e-08 1.250560e-07
2.240590e+10 -4.488492e-08 1.251156e-07
2.243745e+10 -4.489892e-08 1.251751e-07
2.246901e+10 -4.491286e-08 1.252346e-07
2.250057e+10 -4.492674e-08 1.252941e-07
2.253213e+10 -4.494057e-08 1.253536e-07
2.256368e+10 -4.495433e-08 1.254130e-07
2.259524e+10 -4.496804e-08 1.254724e-07
2.262680e+10 -4.498169e-08 1.255318e-07
2.265836e+10 -4.499528e-08 1.255911e-07
2.268991e+10 -4.500881e-08 1.256504e-07
2.272147e+10 -4.502229e-08 1.257096e-07
2.275303e+10 -4.503571e-08 1.257689e-07
2.278459e+10 -4.504907e-08 1.258280e-07
2.281614e+10 -4.506237e-08 1.258872e-07
2.284770e+10 -4.507561e-08 1.259463e-07
2.287926e+10 -4.508880e-08 1.260054e-07
2.291082e+10 -4.510193e-08 1.260645e-07
2.294238e+10 -4.511500e-08 1.261235e-07
2.297393e+10 -4.512801e-08 1.261825e-07
2.300549e+10 -4.514097e-08 1.262414e-07
2.303705e+10 -4.515386e-08 1.263003e-07
2.306861e+10 -4.516670e-08 1.263592e-07
2.310016e+10 -4.517949e-08 1.264181e-07
2.313172e+10 -4.519221e-08 1.264769e-07
2.316328e+10 -4.520488e-08 1.265357e-07
2.319484e+10 -4.521749e-08 1.265944e-07
2.322639e+10 -4.523004e-08 1.266531e-07
2.325795e+10 -4.524254e-08 1.267118e-07
2.328951e+10 -4.525497e-08 1.267705e-07
2.332107e+10 -4.526735e-08 1.268291e-07
2.335262e+10 -4.527968e-08 1.268877e-07
2.338418e+10 -4.529194e-08 1.269462e-07
2.341574e+10 -4.530415e-08 1.270047e-07
2.344730e+10 -4.531630e-08 1.270632e-07
2.347885e+10 -4.532840e-08 1.271217e-07
2.351041e+10 -4.534043e-08 1.271801e-07
2.354197e+10 -4.535241e-08 1.272385e-07
2.357353e+10 -4.536433e-08 1.272968e-07
2.360508e+10 -4.537620e-08 1.273552e-07
2.363664e+10 -4.538801e-08 1.274134e-07
2.366820e+10 -4.539976e-08 1.274717e-07
2.369976e+10 -4.541145e-08 1.275299e-07
2.373132e+10 -4.542309e-08 1.275881e-07
2.376287e+10 -4.543467e-08 1.276463e-07
2.379443e+10 -4.544619e-08 1.277044e-07
2.382599e+10 -4.545766e-08 1.277625e-07
2.385755e+10 -4.546906e-08 1.278205e-07
2.388910e+10 -4.548042e-08 1.278786e-07
2.392066e+10 -4.549171e-08 1.279366e-07
2.395222e+10 -4.550295e-08 1.279945e-07
2.398378e+10 -4.551413e-08 1.280525e-07
2.401533e+10 -4.552526e-08 1.281104e-07
2.404689e+10 -4.553633e-08 1.281682e-07
2.407845e+10 -4.554734e-08 1.282260e-07
2.411001e+10 -4.555829e-08 1.282838e-07
2.414156e+10 -4.556919e-08 1.283416e-07
2.417312e+10 -4.558004e-08 1.283994e-07
2.420468e+10 -4.559082e-08 1.284571e-07
2.423624e+10 -4.560155e-08 1.285147e-07
2.426779e+10 -4.561222e-08 1.285724e-07
2.429935e+10 -4.562284e-08 1.286300e-07
2.433091e+10 -4.563340e-08 1.286876e-07
2.436247e+10 -4.564391e-08 1.287451e-07
2.439402e+10 -4.565435e-08 1.288026e-07
2.442558e+10 -4.566474e-08 1.288601e-07
2.445714e+10 -4.567508e-08 1.289175e-07
2.448870e+10 -4.568536e-08 1.289750e-07
2.452026e+10 -4.569558e-08 1.290324e-07
2.455181e+10 -4.570575e-08 1.290898e-07
2.458337e+10 -4.571586e-08 1.291473e-07
2.461493e+10 -4.572591e-08 1.292047e-07
2.464649e+10 -4.573591e-08 1.292621e-07
2.467804e+10 -4.574586e-08 1.293194e-07
2.470960e+10 -4.575574e-08 1.293769e-07
2.474116e+10 -4.576557e-08 1.294353e-07
2.477272e+10 -4.577535e-08 1.294938e-07
2.480427e+10 -4.578507e-08 1.295522e-07
2.483583e+10 -4.579473e-08 1.296107e-07
2.486739e+10 -4.580434e-08 1.296690e-07
2.489895e+10 -4.581389e-08 1.297274e-07
2.493050e+10 -4.582339e-08 1.297857e-07
2.496206e+10 -4.583283e-08 1.298439e-07
2.499362e+10 -4.584221e-08 1.299033e-07
2.502518e+10 -4.585154e-08 1.299631e-07
2.505673e+10 -4.586082e-08 1.300229e-07
2.508829e+10 -4.587003e-08 1.300826e-07
2.511985e+10 -4.587920e-08 1.301423e-07
2.515141e+10 -4.588830e-08 1.302020e-07
2.518296e+10 -4.589735e-08 1.302616e-07
2.521452e+10 -4.590635e-08 1.303212e-07
2.524608e+10 -4.591529e-08 1.303808e-07
2.527764e+10 -4.592418e-08 1.304403e-07
2.530920e+10 -4.593301e-08 1.304998e-07
2.534075e+10 -4.594178e-08 1.305593e-07
2.537231e+10 -4.595050e-08 1.306187e-07
2.540387e+10 -4.595917e-08 1.306792e-07
2.543543e+10 -4.596778e-08 1.307407e-07
2.546698e+10 -4.597633e-08 1.308022e-07
2.549854e+10 -4.598483e-08 1.308637e-07
2.553010e+10 -4.599328e-08 1.309251e-07
2.556166e+10 -4.600167e-08 1.309865e-07
2.559321e+10 -4.601000e-08 1.310478e-07
2.562477e+10 -4.601828e-08 1.311091e-07
2.565633e+10 -4.602651e-08 1.311704e-07
2.568789e+10 -4.603468e-08 1.312316e-07
2.571944e+10 -4.604279e-08 1.312928e-07
2.575100e+10 -4.605085e-08 1.313540e-07
2.578256e+10 -4.605886e-08 1.314151e-07
2.581412e+10 -4.606681e-08 1.314762e-07
2.584567e+10 -4.607471e-08 1.315373e-07
2.587723e+10 -4.608255e-08 1.315983e-07
2.590879e+10 -4.609033e-08 1.316592e-07
2.594035e+10 -4.609807e-08 1.317219e-07
2.597190e+10 -4.610575e-08 1.317854e-07
2.600346e+10 -4.611337e-08 1.318488e-07
2.603502e+10 -4.612094e-08 1.319122e-07
2.606658e+10 -4.612846e-08 1.319756e-07
2.609814e+10 -4.613592e-08 1.320389e-07
2.612969e+10 -4.614332e-08 1.321022e-07
2.616125e+10 -4.615068e-08 1.321655e-07
2.619281e+10 -4.615797e-08 1.322287e-07
2.622437e+10 -4.616522e-08 1.322918e-07
2.625592e+10 -4.617241e-08 1.323549e-07
2.628748e+10 -4.617954e-08 1.324180e-07
2.631904e+10 -4.618662e-08 1.324811e-07
2.635060e+10 -4.619365e-08 1.325441e-07
2.638215e+10 -4.620062e-08 1.326070e-07
2.641371e+10 -4.620754e-08 1.326699e-07
2.644527e+10 -4.621441e-08 1.327328e-07
2.647683e+10 -4.622122e-08 1.327957e-07
2.650838e+10 -4.622798e-08 1.328585e-07
2.653994e+10 -4.623468e-08 1.329217e-07
2.657150e+10 -4.624133e-08 1.329875e-07
2.660306e+10 -4.624793e-08 1.330533e-07
2.663461e+10 -4.625447e-08 1.331190e-07
2.666617e+10 -4.626096e-08 1.331846e-07
2.669773e+10 -4.626739e-08 1.332503e-07
2.672929e+10 -4.627377e-08 1.333158e-07
2.676084e+10 -4.628010e-08 1.333814e-07
2.679240e+10 -4.628637e-08 1.334469e-07
2.682396e+10 -4.629259e-08 1.335124e-07
2.685552e+10 -4.629876e-08 1.335778e-07
2.688708e+10 -4.630487e-08 1.336432e-07
2.691863e+10 -4.631094e-08 1.337085e-07
2.695019e+10 -4.631694e-08 1.337738e-07
2.698175e+10 -4.632290e-08 1.338390e-07
2.701331e+10 -4.632880e-08 1.339042e-07
2.704486e+10 -4.633464e-08 1.339694e-07
2.707642e+10 -4.634044e-08 1.340345e-07
2.710798e+10 -4.634618e-08 1.340995e-07
2.713954e+10 -4.635187e-08 1.341645e-07
2.717109e+10 -4.635750e-08 1.342295e-07
2.720265e+10 -4.636308e-08 1.342949e-07
2.723421e+10 -4.636861e-08 1.343629e-07
2.726577e+10 -4.637409e-08 1.344309e-07
2.729732e+10 -4.637951e-08 1.344989e-07
2.732888e+10 -4.638488e-08 1.345668e-07
2.736044e+10 -4.639020e-08 1.346347e-07
2.739200e+10 -4.639546e-08 1.347025e-07
2.742355e+10 -4.640184e-08 1.347703e-07
2.745511e+10 -4.640832e-08 1.348380e-07
2.748667e+10 -4.641474e-08 1.349057e-07
2.751823e+10 -4.642111e-08 1.349734e-07
2.754978e+10 -4.642743e-08 1.350410e-07
2.758134e+10 -4.643369e-08 1.351086e-07
2.761290e+10 -4.643990e-08 1.351761e-07
2.764446e+10 -4.644605e-08 1.352436e-07
2.767602e+10 -4.645215e-08 1.353111e-07
2.770757e+10 -4.645820e-08 1.353785e-07
2.773913e+10 -4.646419e-08 1.354459e-07
2.777069e+10 -4.647012e-08 1.355133e-07
2.780225e+10 -4.647601e-08 1.355806e-07
2.783380e+10 -4.648183e-08 1.356479e-07
2.786536e+10 -4.648761e-08 1.357152e-07
2.789692e+10 -4.649332e-08 1.357837e-07
2.792848e+10 -4.649899e-08 1.358546e-07
2.796003e+10 -4.650460e-08 1.359254e-07
2.799159e+10 -4.651016e-08 1.359962e-07
2.802315e+10 -4.651566e-08 1.360670e-07
2.805471e+10 -4.652111e-08 1.361376e-07
2.808626e+10 -4.652650e-08 1.362083e-07
2.811782e+10 -4.653184e-08 1.362788e-07
2.814938e+10 -4.653713e-08 1.363493e-07
2.818094e+10 -4.654236e-08 1.364197e-07
2.821249e+10 -4.654754e-08 1.364901e-07
2.824405e+10 -4.655266e-08 1.365604e-07
2.827561e+10 -4.655774e-08 1.366306e-07
2.830717e+10 -4.656275e-08 1.367007e-07
2.833872e+10 -4.656772e-08 1.367708e-07
2.837028e+10 -4.657263e-08 1.368408e-07
2.840184e+10 -4.657748e-08 1.369107e-07
2.843340e+10 -4.658229e-08 1.369805e-07
2.846496e+10 -4.658704e-08 1.370503e-07
2.849651e+10 -4.659173e-08 1.371200e-07
2.852807e+10 -4.659638e-08 1.371896e-07
2.855963e+10 -4.660096e-08 1.372592e-07
2.859119e+10 -4.660550e-08 1.373287e-07
2.862274e+10 -4.660998e-08 1.373984e-07
2.865430e+10 -4.661441e-08 1.374715e-07
2.868586e+10 -4.661879e-08 1.375445e-07
2.871742e+10 -4.662311e-08 1.376175e-07
2.874897e+10 -4.662738e-08 1.376905e-07
2.878053e+10 -4.663159e-08 1.377635e-07
2.881209e+10 -4.663575e-08 1.378365e-07
2.884365e+10 -4.663986e-08 1.379094e-07
2.887520e+10 -4.664392e-08 1.379824e-07
2.890676e+10 -4.664792e-08 1.380553e-07
2.893832e+10 -4.665187e-08 1.381283e-07
2.896988e+10 -4.665576e-08 1.382012e-07
2.900143e+10 -4.665961e-08 1.382741e-07
2.903299e+10 -4.666339e-08 1.383471e-07
2.906455e+10 -4.666713e-08 1.384200e-07
2.909611e+10 -4.667081e-08 1.384928e-07
2.912766e+10 -4.667444e-08 1.385657e-07
2.915922e+10 -4.667802e-08 1.386385e-07
2.919078e+10 -4.668155e-08 1.387113e-07
2.922234e+10 -4.668502e-08 1.387841e-07
2.925390e+10 -4.668844e-08 1.388568e-07
2.928545e+10 -4.669180e-08 1.389301e-07
2.931701e+10 -4.669512e-08 1.390064e-07
2.934857e+10 -4.669838e-08 1.390825e-07
2.938013e+10 -4.670159e-08 1.391585e-07
2.941168e+10 -4.670474e-08 1.392344e-07
2.944324e+10 -4.670784e-08 1.393101e-07
2.947480e+10 -4.671089e-08 1.393858e-07
2.950636e+10 -4.671389e-08 1.394613e-07
2.953791e+10 -4.671684e-08 1.395366e-07
2.956947e+10 -4.671973e-08 1.396119e-07
2.960103e+10 -4.672257e-08 1.396870e-07
2.963259e+10 -4.672536e-08 1.397620e-07
2.966414e+10 -4.672810e-08 1.398370e-07
2.969570e+10 -4.673078e-08 1.399118e-07
2.972726e+10 -4.673341e-08 1.399866e-07
2.975882e+10 -4.673599e-08 1.400613e-07
2.979037e+10 -4.673852e-08 1.401360e-07
2.982193e+10 -4.674099e-08 1.402106e-07
2.985349e+10 -4.674342e-08 1.402852e-07
2.988505e+10 -4.674579e-08 1.403598e-07
2.991660e+10 -4.674811e-08 1.404343e-07
2.994816e+10 -4.675037e-08 1.405089e-07
2.997972e+10 -4.675259e-08 1.405834e-07
3.001128e+10 -4.675475e-08 1.406580e-07
3.004284e+10 -4.675686e-08 1.407334e-07
3.007439e+10 -4.675892e-08 1.408129e-07
3.010595e+10 -4.676092e-08 1.408924e-07
3.013751e+10 -4.676288e-08 1.409720e-07
3.016907e+10 -4.676478e-08 1.410515e-07
3.020062e+10 -4.676663e-08 1.411311e-07
3.023218e+10 -4.676843e-08 1.412106e-07
3.026374e+10 -4.677017e-08 1.412901e-07
3.029530e+10 -4.677187e-08 1.413695e-07
3.032685e+10 -4.677351e-08 1.414489e-07
3.035841e+10 -4.677510e-08 1.415281e-07
3.038997e+10 -4.677664e-08 1.416073e-07
3.042153e+10 -4.677813e-08 1.416863e-07
3.045308e+10 -4.677956e-08 1.417652e-07
3.048464e+10 -4.678095e-08 1.418439e-07
3.051620e+10 -4.678228e-08 1.419225e-07
3.054776e+10 -4.678356e-08 1.420009e-07
3.057931e+10 -4.678479e-08 1.420791e-07
3.061087e+10 -4.678597e-08 1.421571e-07
3.064243e+10 -4.678710e-08 1.422349e-07
3.067399e+10 -4.678818e-08 1.423125e-07
3.070554e+10 -4.678920e-08 1.423899e-07
3.073710e+10 -4.679018e-08 1.424672e-07
3.076866e+10 -4.679110e-08 1.425442e-07
3.080022e+10 -4.679197e-08 1.426216e-07
3.083178e+10 -4.679279e-08 1.427015e-07
3.086333e+10 -4.679356e-08 1.427813e-07
3.089489e+10 -4.679428e-08 1.428612e-07
3.092645e+10 -4.679495e-08 1.429412e-07
3.095801e+10 -4.679557e-08 1.430212e-07
3.098956e+10 -4.679613e-08 1.431014e-07
3.102112e+10 -4.679665e-08 1.431817e-07
3.105268e+10 -4.679711e-08 1.432622e-07
3.108424e+10 -4.679752e-08 1.433428e-07
3.111579e+10 -4.679789e-08 1.434235e-07
3.114735e+10 -4.679820e-08 1.435045e-07
3.117891e+10 -4.679846e-08 1.435856e-07
3.121047e+10 -4.679867e-08 1.436668e-07
3.124202e+10 -4.679883e-08 1.437482e-07
3.127358e+10 -4.679893e-08 1.438298e-07
3.130514e+10 -4.679899e-08 1.439115e-07
3.133670e+10 -4.679899e-08 1.439976e-07
3.136825e+10 -4.679895e-08 1.440846e-07
3.139981e+10 -4.679885e-08 1.441713e-07
3.143137e+10 -4.679871e-08 1.442578e-07
3.146293e+10 -4.679851e-08 1.443439e-07
3.149448e+10 -4.679826e-08 1.444297e-07
3.152604e+10 -4.679797e-08 1.445150e-07
