-2.000000000000000000e+05 6.731499999999999773e+02 0.000000000000000000e+00 8.116883116883116241e-07 0.000000000000000000e+00
-1.992000000000000000e+05 6.734988690335047750e+02 0.000000000000000000e+00 8.116883116883116241e-07 0.000000000000000000e+00
-1.984000000000000000e+05 6.738478410388239581e+02 0.000000000000000000e+00 8.116883116883116241e-07 0.000000000000000000e+00
-1.976000000000000000e+05 6.741970189586090783e+02 0.000000000000000000e+00 8.116883116883116241e-07 0.000000000000000000e+00
-1.968000000000000000e+05 6.745465056771812442e+02 0.000000000000000000e+00 8.116883116883116241e-07 0.000000000000000000e+00
-1.960000000000000000e+05 6.748964039913530542e+02 0.000000000000000000e+00 8.116883116883116241e-07 0.000000000000000000e+00
-1.952000000000000000e+05 6.752468165812339294e+02 0.000000000000000000e+00 8.116883116883116241e-07 0.000000000000000000e+00
-1.944000000000000000e+05 6.755978459810153254e+02 0.000000000000000000e+00 8.116883116883116241e-07 0.000000000000000000e+00
-1.936000000000000000e+05 6.759495945497305911e+02 0.000000000000000000e+00 8.116883116883116241e-07 0.000000000000000000e+00
-1.928000000000000000e+05 6.763021644419812901e+02 0.000000000000000000e+00 8.116883116883116241e-07 0.000000000000000000e+00
-1.920000000000000000e+05 6.766556575786305530e+02 0.000000000000000000e+00 8.116883116883116241e-07 0.000000000000000000e+00
-1.912000000000000000e+05 6.770101756174539105e+02 0.000000000000000000e+00 8.116883116883116241e-07 0.000000000000000000e+00
-1.904000000000000000e+05 6.773658199237441977e+02 0.000000000000000000e+00 8.116883116883116241e-07 0.000000000000000000e+00
-1.896000000000000000e+05 6.777226915408690502e+02 0.000000000000000000e+00 8.116883116883116241e-07 0.000000000000000000e+00
-1.888000000000000000e+05 6.780808911607701930e+02 0.000000000000000000e+00 8.116883116883116241e-07 0.000000000000000000e+00
-1.880000000000000000e+05 6.784405190944073638e+02 0.000000000000000000e+00 8.116883116883116241e-07 0.000000000000000000e+00
-1.872000000000000000e+05 6.788016752421383444e+02 0.000000000000000000e+00 8.116883116883116241e-07 0.000000000000000000e+00
-1.864000000000000000e+05 6.791644590640314618e+02 0.000000000000000000e+00 8.116883116883116241e-07 0.000000000000000000e+00
-1.856000000000000000e+05 6.795289695501101050e+02 0.000000000000000000e+00 8.116883116883116241e-07 0.000000000000000000e+00
-1.848000000000000000e+05 6.798953051905216398e+02 0.000000000000000000e+00 8.116883116883116241e-07 0.000000000000000000e+00
-1.840000000000000000e+05 6.802635639456311765e+02 0.000000000000000000e+00 8.116883116883116241e-07 0.000000000000000000e+00
-1.832000000000000000e+05 6.806338432160347338e+02 0.000000000000000000e+00 8.116883116883116241e-07 0.000000000000000000e+00
-1.824000000000000000e+05 6.810062398124916854e+02 0.000000000000000000e+00 8.116883116883116241e-07 0.000000000000000000e+00
-1.816000000000000000e+05 6.813808499257712583e+02 0.000000000000000000e+00 8.116883116883116241e-07 0.000000000000000000e+00
-1.808000000000000000e+05 6.817577690964137673e+02 0.000000000000000000e+00 8.116883116883116241e-07 0.000000000000000000e+00
-1.800000000000000000e+05 6.821370921844023769e+02 0.000000000000000000e+00 8.116883116883116241e-07 0.000000000000000000e+00
-1.792000000000000000e+05 6.825189133387467564e+02 0.000000000000000000e+00 8.116883116883116241e-07 0.000000000000000000e+00
-1.784000000000000000e+05 6.829033259669749896e+02 0.000000000000000000e+00 8.116883116883116241e-07 0.000000000000000000e+00
-1.776000000000000000e+05 6.832904227045353309e+02 0.000000000000000000e+00 8.116883116883116241e-07 0.000000000000000000e+00
-1.768000000000000000e+05 6.836802953841046246e+02 0.000000000000000000e+00 8.116883116883116241e-07 0.000000000000000000e+00
-1.760000000000000000e+05 6.840730350048070250e+02 0.000000000000000000e+00 8.116883116883116241e-07 0.000000000000000000e+00
-1.752000000000000000e+05 6.844687317013402890e+02 0.000000000000000000e+00 8.116883116883116241e-07 0.000000000000000000e+00
-1.744000000000000000e+05 6.848674747130115747e+02 0.000000000000000000e+00 8.116883116883116241e-07 0.000000000000000000e+00
-1.736000000000000000e+05 6.852693523526846775e+02 0.000000000000000000e+00 8.116883116883116241e-07 0.000000000000000000e+00
-1.728000000000000000e+05 6.856744519756393856e+02 0.000000000000000000e+00 8.116883116883116241e-07 0.000000000000000000e+00
-1.720000000000000000e+05 6.860828599483448897e+02 0.000000000000000000e+00 8.116883116883116241e-07 0.000000000000000000e+00
-1.712000000000000000e+05 6.864946616171505411e+02 0.000000000000000000e+00 8.116883116883116241e-07 0.000000000000000000e+00
-1.704000000000000000e+05 6.869099412768956654e+02 0.000000000000000000e+00 8.116883116883116241e-07 0.000000000000000000e+00
-1.696000000000000000e+05 6.873287821394434332e+02 0.000000000000000000e+00 8.116883116883116241e-07 0.000000000000000000e+00
-1.688000000000000000e+05 6.877512663021396975e+02 0.000000000000000000e+00 8.116883116883116241e-07 0.000000000000000000e+00
-1.680000000000000000e+05 6.881774747162056656e+02 0.000000000000000000e+00 8.116883116883116241e-07 0.000000000000000000e+00
-1.672000000000000000e+05 6.886074871550630405e+02 0.000000000000000000e+00 8.116883116883116241e-07 0.000000000000000000e+00
-1.664000000000000000e+05 6.890413821826027743e+02 0.000000000000000000e+00 8.116883116883116241e-07 0.000000000000000000e+00
-1.656000000000000000e+05 6.894792371213982278e+02 0.000000000000000000e+00 8.116883116883116241e-07 0.000000000000000000e+00
-1.648000000000000000e+05 6.899211280208719472e+02 0.000000000000000000e+00 8.116883116883116241e-07 0.000000000000000000e+00
-1.640000000000000000e+05 6.903671296254217395e+02 0.000000000000000000e+00 8.116883116883116241e-07 0.000000000000000000e+00
-1.632000000000000000e+05 6.908173153425116197e+02 0.000000000000000000e+00 8.116883116883116241e-07 0.000000000000000000e+00
-1.624000000000000000e+05 6.912717572107376327e+02 0.000000000000000000e+00 8.116883116883116241e-07 0.000000000000000000e+00
-1.616000000000000000e+05 6.917305258678748032e+02 0.000000000000000000e+00 8.116883116883116241e-07 0.000000000000000000e+00
-1.608000000000000000e+05 6.921936905189147637e+02 0.000000000000000000e+00 8.116883116883116241e-07 0.000000000000000000e+00
-1.600000000000000000e+05 6.926613189041012220e+02 0.000000000000000000e+00 8.116883116883116241e-07 0.000000000000000000e+00
-1.592000000000000000e+05 6.931334772669765698e+02 0.000000000000000000e+00 8.116883116883116241e-07 0.000000000000000000e+00
-1.584000000000000000e+05 6.936102303224431580e+02 0.000000000000000000e+00 8.116883116883116241e-07 0.000000000000000000e+00
-1.576000000000000000e+05 6.940916412248583356e+02 0.000000000000000000e+00 8.116883116883116241e-07 0.000000000000000000e+00
-1.568000000000000000e+05 6.945777715361655282e+02 0.000000000000000000e+00 8.116883116883116241e-07 0.000000000000000000e+00
-1.560000000000000000e+05 6.950686811940784082e+02 0.000000000000000000e+00 8.116883116883116241e-07 0.000000000000000000e+00
-1.552000000000000000e+05 6.955644284803283881e+02 0.000000000000000000e+00 8.116883116883116241e-07 0.000000000000000000e+00
-1.544000000000000000e+05 6.960650699889873749e+02 0.000000000000000000e+00 8.116883116883116241e-07 0.000000000000000000e+00
-1.536000000000000000e+05 6.965706605948789729e+02 0.000000000000000000e+00 8.116883116883116241e-07 0.000000000000000000e+00
-1.528000000000000000e+05 6.970812534220915495e+02 0.000000000000000000e+00 8.116883116883116241e-07 0.000000000000000000e+00
-1.520000000000000000e+05 6.975968998126065799e+02 0.000000000000000000e+00 8.116883116883116241e-07 0.000000000000000000e+00
-1.512000000000000000e+05 6.981176492950576176e+02 0.000000000000000000e+00 8.116883116883116241e-07 0.000000000000000000e+00
-1.504000000000000000e+05 6.986435495536321696e+02 0.000000000000000000e+00 8.116883116883116241e-07 0.000000000000000000e+00
-1.496000000000000000e+05 6.991746463971350067e+02 0.000000000000000000e+00 8.116883116883116241e-07 0.000000000000000000e+00
-1.488000000000000000e+05 6.997109837282246190e+02 0.000000000000000000e+00 8.116883116883116241e-07 0.000000000000000000e+00
-1.480000000000000000e+05 7.002526035128421427e+02 0.000000000000000000e+00 8.116883116883116241e-07 0.000000000000000000e+00
-1.472000000000000000e+05 7.007995457498479936e+02 0.000000000000000000e+00 8.116883116883116241e-07 0.000000000000000000e+00
-1.464000000000000000e+05 7.013518484408810991e+02 0.000000000000000000e+00 8.116883116883116241e-07 0.000000000000000000e+00
-1.456000000000000000e+05 7.019095475604613057e+02 0.000000000000000000e+00 8.116883116883116241e-07 0.000000000000000000e+00
-1.448000000000000000e+05 7.024726770263496292e+02 0.000000000000000000e+00 8.116883116883116241e-07 0.000000000000000000e+00
-1.440000000000000000e+05 7.030412686701868097e+02 0.000000000000000000e+00 8.116883116883116241e-07 0.000000000000000000e+00
-1.432000000000000000e+05 7.036153522084269980e+02 0.000000000000000000e+00 8.116883116883116241e-07 0.000000000000000000e+00
-1.424000000000000000e+05 7.041949552135837394e+02 0.000000000000000000e+00 8.116883116883116241e-07 0.000000000000000000e+00
-1.416000000000000000e+05 7.047801030858120157e+02 0.000000000000000000e+00 8.116883116883116241e-07 0.000000000000000000e+00
-1.408000000000000000e+05 7.053708190248399887e+02 0.000000000000000000e+00 8.116883116883116241e-07 0.000000000000000000e+00
-1.400000000000000000e+05 7.059671240022752272e+02 0.000000000000000000e+00 8.116883116883116241e-07 0.000000000000000000e+00
-1.392000000000000000e+05 7.065690367343011076e+02 0.000000000000000000e+00 8.116883116883116241e-07 0.000000000000000000e+00
-1.384000000000000000e+05 7.071765736547868073e+02 0.000000000000000000e+00 8.116883116883116241e-07 0.000000000000000000e+00
-1.376000000000000000e+05 7.077897488888293083e+02 0.000000000000000000e+00 8.116883116883116241e-07 0.000000000000000000e+00
-1.368000000000000000e+05 7.084085742267504884e+02 0.000000000000000000e+00 8.116883116883116241e-07 0.000000000000000000e+00
-1.360000000000000000e+05 7.090330590985664685e+02 0.000000000000000000e+00 8.116883116883116241e-07 0.000000000000000000e+00
-1.352000000000000000e+05 7.096632105489552487e+02 0.000000000000000000e+00 8.116883116883116241e-07 0.000000000000000000e+00
-1.344000000000000000e+05 7.102990332127398005e+02 0.000000000000000000e+00 8.116883116883116241e-07 0.000000000000000000e+00
-1.336000000000000000e+05 7.109405292909107175e+02 0.000000000000000000e+00 8.116883116883116241e-07 0.000000000000000000e+00
-1.328000000000000000e+05 7.115876985272100228e+02 0.000000000000000000e+00 8.116883116883116241e-07 0.000000000000000000e+00
-1.320000000000000000e+05 7.122405381852967139e+02 0.000000000000000000e+00 8.116883116883116241e-07 0.000000000000000000e+00
-1.312000000000000000e+05 7.128990430265165514e+02 0.000000000000000000e+00 8.116883116883116241e-07 0.000000000000000000e+00
-1.304000000000000000e+05 7.135632052882999687e+02 0.000000000000000000e+00 8.116883116883116241e-07 0.000000000000000000e+00
-1.296000000000000000e+05 7.142330146632075412e+02 0.000000000000000000e+00 8.116883116883116241e-07 0.000000000000000000e+00
-1.288000000000000000e+05 7.149084582786471174e+02 0.000000000000000000e+00 8.116883116883116241e-07 0.000000000000000000e+00
-1.280000000000000000e+05 7.155895206772839856e+02 0.000000000000000000e+00 8.116883116883116241e-07 0.000000000000000000e+00
-1.272000000000000000e+05 7.162761837981677218e+02 0.000000000000000000e+00 8.116883116883116241e-07 0.000000000000000000e+00
-1.264000000000000000e+05 7.169684269585973198e+02 0.000000000000000000e+00 8.116883116883116241e-07 0.000000000000000000e+00
-1.256000000000000000e+05 7.176662268367450679e+02 0.000000000000000000e+00 8.116883116883116241e-07 0.000000000000000000e+00
-1.248000000000000000e+05 7.183695574550654328e+02 0.000000000000000000e+00 8.116883116883116241e-07 0.000000000000000000e+00
-1.240000000000000000e+05 7.190783901645081642e+02 0.000000000000000000e+00 8.116883116883116241e-07 0.000000000000000000e+00
-1.232000000000000000e+05 7.197926936295572204e+02 0.000000000000000000e+00 8.116883116883116241e-07 0.000000000000000000e+00
-1.224000000000000000e+05 7.205124338141216640e+02 0.000000000000000000e+00 8.116883116883116241e-07 0.000000000000000000e+00
-1.216000000000000000e+05 7.212375739682943276e+02 0.000000000000000000e+00 8.116883116883116241e-07 0.000000000000000000e+00
-1.208000000000000000e+05 7.219680746160062199e+02 0.000000000000000000e+00 8.116883116883116241e-07 0.000000000000000000e+00
-1.200000000000000000e+05 7.227038935435928124e+02 0.000000000000000000e+00 8.116883116883116241e-07 0.000000000000000000e+00
-1.192000000000000000e+05 7.234449857892977889e+02 0.000000000000000000e+00 8.116883116883116241e-07 0.000000000000000000e+00
-1.184000000000000000e+05 7.241913036337322183e+02 0.000000000000000000e+00 8.116883116883116241e-07 0.000000000000000000e+00
-1.176000000000000000e+05 7.249427965913125718e+02 0.000000000000000000e+00 8.116883116883116241e-07 0.000000000000000000e+00
-1.168000000000000000e+05 7.256994114026956595e+02 0.000000000000000000e+00 8.116883116883116241e-07 0.000000000000000000e+00
-1.160000000000000000e+05 7.264610920282325424e+02 0.000000000000000000e+00 8.116883116883116241e-07 0.000000000000000000e+00
-1.152000000000000000e+05 7.272277796424614280e+02 0.000000000000000000e+00 8.116883116883116241e-07 0.000000000000000000e+00
-1.144000000000000000e+05 7.279994126296579680e+02 0.000000000000000000e+00 8.116883116883116241e-07 0.000000000000000000e+00
-1.136000000000000000e+05 7.287759265804626239e+02 0.000000000000000000e+00 8.116883116883116241e-07 0.000000000000000000e+00
-1.128000000000000000e+05 7.295572542896051118e+02 0.000000000000000000e+00 8.116883116883116241e-07 0.000000000000000000e+00
-1.120000000000000000e+05 7.303433257547425228e+02 0.000000000000000000e+00 8.116883116883116241e-07 0.000000000000000000e+00
-1.112000000000000000e+05 7.311340681764302190e+02 0.000000000000000000e+00 8.116883116883116241e-07 0.000000000000000000e+00
-1.104000000000000000e+05 7.319294059592425583e+02 0.000000000000000000e+00 8.116883116883116241e-07 0.000000000000000000e+00
-1.096000000000000000e+05 7.327292607140611835e+02 0.000000000000000000e+00 8.116883116883116241e-07 0.000000000000000000e+00
-1.088000000000000000e+05 7.335335512615466769e+02 0.000000000000000000e+00 8.116883116883116241e-07 0.000000000000000000e+00
-1.080000000000000000e+05 7.343421936368099523e+02 0.000000000000000000e+00 8.116883116883116241e-07 0.000000000000000000e+00
-1.072000000000000000e+05 7.351551010952978231e+02 0.000000000000000000e+00 8.116883116883116241e-07 0.000000000000000000e+00
-1.064000000000000000e+05 7.359721841199104801e+02 0.000000000000000000e+00 8.116883116883116241e-07 0.000000000000000000e+00
-1.056000000000000000e+05 7.367933504293602027e+02 0.000000000000000000e+00 8.116883116883116241e-07 0.000000000000000000e+00
-1.048000000000000000e+05 7.376185049877897200e+02 0.000000000000000000e+00 8.116883116883116241e-07 0.000000000000000000e+00
-1.040000000000000000e+05 7.384475500156611361e+02 0.000000000000000000e+00 8.116883116883116241e-07 0.000000000000000000e+00
-1.032000000000000000e+05 7.392803850019275842e+02 0.000000000000000000e+00 8.116883116883116241e-07 0.000000000000000000e+00
-1.024000000000000000e+05 7.401169067174988641e+02 0.000000000000000000e+00 8.116883116883116241e-07 0.000000000000000000e+00
-1.016000000000000000e+05 7.409570092300136821e+02 0.000000000000000000e+00 8.116883116883116241e-07 0.000000000000000000e+00
-1.008000000000000000e+05 7.418005839199266802e+02 0.000000000000000000e+00 8.116883116883116241e-07 0.000000000000000000e+00
-1.000000000000000000e+05 7.426475194979215075e+02 0.000000000000000000e+00 8.116883116883116241e-07 0.000000000000000000e+00
-9.920000000000000000e+04 7.434977020236569842e+02 0.000000000000000000e+00 8.116883116883116241e-07 0.000000000000000000e+00
-9.840000000000000000e+04 7.443510149258554520e+02 0.000000000000000000e+00 8.116883116883116241e-07 0.000000000000000000e+00
-9.760000000000000000e+04 7.452073390237405874e+02 0.000000000000000000e+00 8.116883116883116241e-07 0.000000000000000000e+00
-9.680000000000000000e+04 7.460665525498270654e+02 0.000000000000000000e+00 8.116883116883116241e-07 0.000000000000000000e+00
-9.600000000000000000e+04 7.469285311740753741e+02 0.000000000000000000e+00 8.116883116883116241e-07 0.000000000000000000e+00
-9.520000000000000000e+04 7.477931480294091671e+02 0.000000000000000000e+00 8.116883116883116241e-07 0.000000000000000000e+00
-9.440000000000000000e+04 7.486602737386004947e+02 0.000000000000000000e+00 8.116883116883116241e-07 0.000000000000000000e+00
-9.360000000000000000e+04 7.495297764425290552e+02 0.000000000000000000e+00 8.116883116883116241e-07 0.000000000000000000e+00
-9.280000000000000000e+04 7.504015218298126229e+02 0.000000000000000000e+00 8.116883116883116241e-07 0.000000000000000000e+00
-9.200000000000000000e+04 7.512753731678144504e+02 0.000000000000000000e+00 8.116883116883116241e-07 0.000000000000000000e+00
-9.120000000000000000e+04 7.521511913350226450e+02 0.000000000000000000e+00 8.116883116883116241e-07 0.000000000000000000e+00
-9.040000000000000000e+04 7.530288348548050408e+02 0.000000000000000000e+00 8.116883116883116241e-07 0.000000000000000000e+00
-8.960000000000000000e+04 7.539081599305366126e+02 0.000000000000000000e+00 8.116883116883116241e-07 0.000000000000000000e+00
-8.880000000000000000e+04 7.547890204820939744e+02 0.000000000000000000e+00 8.116883116883116241e-07 0.000000000000000000e+00
-8.800000000000000000e+04 7.556712681837173022e+02 0.000000000000000000e+00 8.116883116883116241e-07 0.000000000000000000e+00
-8.720000000000000000e+04 7.565547525032314979e+02 0.000000000000000000e+00 8.116883116883116241e-07 0.000000000000000000e+00
-8.640000000000000000e+04 7.574393207426250001e+02 0.000000000000000000e+00 8.116883116883116241e-07 0.000000000000000000e+00
-8.560000000000000000e+04 7.583248180799737383e+02 0.000000000000000000e+00 8.116883116883116241e-07 0.000000000000000000e+00
-8.480000000000000000e+04 7.592110876127073880e+02 0.000000000000000000e+00 8.116883116883116241e-07 0.000000000000000000e+00
-8.400000000000000000e+04 7.600979704022087162e+02 0.000000000000000000e+00 8.116883116883116241e-07 0.000000000000000000e+00
-8.320000000000000000e+04 7.609853055197343110e+02 0.000000000000000000e+00 8.116883116883116241e-07 0.000000000000000000e+00
-8.240000000000000000e+04 7.618729300936458912e+02 0.000000000000000000e+00 8.116883116883116241e-07 0.000000000000000000e+00
-8.160000000000000000e+04 7.627606793579429905e+02 0.000000000000000000e+00 8.116883116883116241e-07 0.000000000000000000e+00
-8.080000000000000000e+04 7.636483867020826892e+02 0.000000000000000000e+00 8.116883116883116241e-07 0.000000000000000000e+00
-8.000000000000000000e+04 7.645358837220717305e+02 0.000000000000000000e+00 8.116883116883116241e-07 0.000000000000000000e+00
-7.920000000000000000e+04 7.654230002728182853e+02 0.000000000000000000e+00 8.116883116883116241e-07 0.000000000000000000e+00
-7.840000000000000000e+04 7.663095645217256333e+02 0.000000000000000000e+00 8.116883116883116241e-07 0.000000000000000000e+00
-7.760000000000000000e+04 7.671954030035121832e+02 0.000000000000000000e+00 8.116883116883116241e-07 0.000000000000000000e+00
-7.680000000000000000e+04 7.680803406762397572e+02 0.000000000000000000e+00 8.116883116883116241e-07 0.000000000000000000e+00
-7.600000000000000000e+04 7.689642009785294476e+02 0.000000000000000000e+00 8.116883116883116241e-07 0.000000000000000000e+00
-7.520000000000000000e+04 7.698468058879493583e+02 0.000000000000000000e+00 8.116883116883116241e-07 0.000000000000000000e+00
-7.440000000000000000e+04 7.707279759805480808e+02 0.000000000000000000e+00 8.116883116883116241e-07 0.000000000000000000e+00
-7.360000000000000000e+04 7.716075304915163997e+02 0.000000000000000000e+00 8.116883116883116241e-07 0.000000000000000000e+00
-7.280000000000000000e+04 7.724852873769518737e+02 0.000000000000000000e+00 8.116883116883116241e-07 0.000000000000000000e+00
-7.200000000000000000e+04 7.733610633767032141e+02 0.000000000000000000e+00 8.116883116883116241e-07 0.000000000000000000e+00
-7.120000000000000000e+04 7.742346740782688812e+02 0.000000000000000000e+00 8.116883116883116241e-07 0.000000000000000000e+00
-7.040000000000000000e+04 7.751059339817270484e+02 0.000000000000000000e+00 8.116883116883116241e-07 0.000000000000000000e+00
-6.960000000000000000e+04 7.759746565656638495e+02 0.000000000000000000e+00 8.116883116883116241e-07 0.000000000000000000e+00
-6.880000000000000000e+04 7.768406543540806979e+02 0.000000000000000000e+00 8.116883116883116241e-07 0.000000000000000000e+00
-6.800000000000000000e+04 7.777037389842438415e+02 0.000000000000000000e+00 8.116883116883116241e-07 0.000000000000000000e+00
-6.720000000000000000e+04 7.785637212754528491e+02 0.000000000000000000e+00 8.116883116883116241e-07 0.000000000000000000e+00
-6.640000000000000000e+04 7.794204112986934661e+02 0.000000000000000000e+00 8.116883116883116241e-07 0.000000000000000000e+00
-6.560000000000000000e+04 7.802736184471461911e+02 0.000000000000000000e+00 8.116883116883116241e-07 0.000000000000000000e+00
-6.480000000000000000e+04 7.811231515075166953e+02 0.000000000000000000e+00 8.116883116883116241e-07 0.000000000000000000e+00
-6.400000000000000000e+04 7.819688187321560235e+02 0.000000000000000000e+00 8.116883116883116241e-07 0.000000000000000000e+00
-6.320000000000000000e+04 7.828104279119355624e+02 0.000000000000000000e+00 8.116883116883116241e-07 0.000000000000000000e+00
-6.240000000000000000e+04 7.836477864498435792e+02 0.000000000000000000e+00 8.116883116883116241e-07 0.000000000000000000e+00
-6.160000000000000000e+04 7.844807014352677470e+02 0.000000000000000000e+00 8.116883116883116241e-07 0.000000000000000000e+00
-6.080000000000000000e+04 7.853089797189246610e+02 0.000000000000000000e+00 8.116883116883116241e-07 0.000000000000000000e+00
-6.000000000000000000e+04 7.861324279884039470e+02 0.000000000000000000e+00 8.116883116883116241e-07 0.000000000000000000e+00
-5.920000000000000000e+04 7.869508528442850093e+02 0.000000000000000000e+00 8.116883116883116241e-07 0.000000000000000000e+00
-5.840000000000000000e+04 7.877640608767915182e+02 0.000000000000000000e+00 8.116883116883116241e-07 0.000000000000000000e+00
-5.760000000000000000e+04 7.885718587429403215e+02 0.000000000000000000e+00 8.116883116883116241e-07 0.000000000000000000e+00
-5.680000000000000000e+04 7.893740532441501045e+02 0.000000000000000000e+00 8.116883116883116241e-07 0.000000000000000000e+00
-5.600000000000000000e+04 7.901704514042652363e+02 0.000000000000000000e+00 8.116883116883116241e-07 0.000000000000000000e+00
-5.520000000000000000e+04 7.909608605479568268e+02 0.000000000000000000e+00 8.116883116883116241e-07 0.000000000000000000e+00
-5.440000000000000000e+04 7.917450883794563197e+02 0.000000000000000000e+00 8.116883116883116241e-07 0.000000000000000000e+00
-5.360000000000000000e+04 7.925229430615836463e+02 0.000000000000000000e+00 8.116883116883116241e-07 0.000000000000000000e+00
-5.280000000000000000e+04 7.932942332950227637e+02 0.000000000000000000e+00 8.116883116883116241e-07 0.000000000000000000e+00
-5.200000000000000000e+04 7.940587683978054656e+02 0.000000000000000000e+00 8.116883116883116241e-07 0.000000000000000000e+00
-5.120000000000000000e+04 7.948163583849583347e+02 0.000000000000000000e+00 8.116883116883116241e-07 0.000000000000000000e+00
-5.040000000000000000e+04 7.955668140482671333e+02 0.000000000000000000e+00 8.116883116883116241e-07 0.000000000000000000e+00
-4.960000000000000000e+04 7.963099470361181602e+02 0.000000000000000000e+00 8.116883116883116241e-07 0.000000000000000000e+00
-4.880000000000000000e+04 7.970455699333691655e+02 0.000000000000000000e+00 8.116883116883116241e-07 0.000000000000000000e+00
-4.800000000000000000e+04 7.977734963412043498e+02 0.000000000000000000e+00 8.116883116883116241e-07 0.000000000000000000e+00
-4.720000000000000000e+04 7.984935409569313833e+02 0.000000000000000000e+00 8.116883116883116241e-07 0.000000000000000000e+00
-4.640000000000000000e+04 7.992055196536701942e+02 0.000000000000000000e+00 8.116883116883116241e-07 0.000000000000000000e+00
-4.560000000000000000e+04 7.999092495598928281e+02 0.000000000000000000e+00 8.116883116883116241e-07 0.000000000000000000e+00
-4.480000000000000000e+04 8.006045491387644688e+02 0.000000000000000000e+00 8.116883116883116241e-07 0.000000000000000000e+00
-4.400000000000000000e+04 8.012912382672410558e+02 0.000000000000000000e+00 8.116883116883116241e-07 0.000000000000000000e+00
-4.320000000000000000e+04 8.019691383148779096e+02 0.000000000000000000e+00 8.116883116883116241e-07 0.000000000000000000e+00
-4.240000000000000000e+04 8.026380722223011617e+02 0.000000000000000000e+00 8.116883116883116241e-07 0.000000000000000000e+00
-4.160000000000000000e+04 8.032978645792982206e+02 0.000000000000000000e+00 8.116883116883116241e-07 0.000000000000000000e+00
-4.080000000000000000e+04 8.039483417024770233e+02 0.000000000000000000e+00 8.116883116883116241e-07 0.000000000000000000e+00
-4.000000000000000000e+04 8.045893317124537134e+02 0.000000000000000000e+00 8.116883116883116241e-07 0.000000000000000000e+00
-3.920000000000000000e+04 8.052206646105149730e+02 0.000000000000000000e+00 8.116883116883116241e-07 0.000000000000000000e+00
-3.840000000000000000e+04 8.058421723547155580e+02 0.000000000000000000e+00 8.116883116883116241e-07 0.000000000000000000e+00
-3.760000000000000000e+04 8.064536889353607876e+02 0.000000000000000000e+00 8.116883116883116241e-07 0.000000000000000000e+00
-3.680000000000000000e+04 8.070550504498287410e+02 0.000000000000000000e+00 8.116883116883116241e-07 0.000000000000000000e+00
-3.600000000000000000e+04 8.076460951766889593e+02 0.000000000000000000e+00 8.116883116883116241e-07 0.000000000000000000e+00
-3.520000000000000000e+04 8.082266636490691099e+02 0.000000000000000000e+00 8.116883116883116241e-07 0.000000000000000000e+00
-3.440000000000000000e+04 8.087965987272252733e+02 0.000000000000000000e+00 8.116883116883116241e-07 0.000000000000000000e+00
-3.360000000000000000e+04 8.093557456702728814e+02 0.000000000000000000e+00 8.116883116883116241e-07 0.000000000000000000e+00
-3.280000000000000000e+04 8.099039522070302155e+02 0.000000000000000000e+00 8.116883116883116241e-07 0.000000000000000000e+00
-3.200000000000000000e+04 8.104410686059352429e+02 0.000000000000000000e+00 8.116883116883116241e-07 0.000000000000000000e+00
-3.120000000000000000e+04 8.109669477439863385e+02 0.000000000000000000e+00 8.116883116883116241e-07 0.000000000000000000e+00
-3.040000000000000000e+04 8.114814451746689201e+02 0.000000000000000000e+00 8.116883116883116241e-07 0.000000000000000000e+00
-2.960000000000000000e+04 8.119844191948211574e+02 0.000000000000000000e+00 8.116883116883116241e-07 0.000000000000000000e+00
-2.880000000000000000e+04 8.124757309104002161e+02 0.000000000000000000e+00 8.116883116883116241e-07 0.000000000000000000e+00
-2.800000000000000000e+04 8.129552443011040168e+02 0.000000000000000000e+00 8.116883116883116241e-07 0.000000000000000000e+00
-2.720000000000000000e+04 8.134228262838096271e+02 0.000000000000000000e+00 8.116883116883116241e-07 0.000000000000000000e+00
-2.640000000000000000e+04 8.138783467747874738e+02 0.000000000000000000e+00 8.116883116883116241e-07 0.000000000000000000e+00
-2.560000000000000000e+04 8.143216787506505625e+02 0.000000000000000000e+00 8.116883116883116241e-07 0.000000000000000000e+00
-2.480000000000000000e+04 8.147526983080017544e+02 0.000000000000000000e+00 8.116883116883116241e-07 0.000000000000000000e+00
-2.400000000000000000e+04 8.151712847217390845e+02 0.000000000000000000e+00 8.116883116883116241e-07 0.000000000000000000e+00
-2.320000000000000000e+04 8.155773205019809211e+02 0.000000000000000000e+00 8.116883116883116241e-07 0.000000000000000000e+00
-2.240000000000000000e+04 8.159706914495773162e+02 0.000000000000000000e+00 8.116883116883116241e-07 0.000000000000000000e+00
-2.160000000000000000e+04 8.163512867101685515e+02 0.000000000000000000e+00 8.116883116883116241e-07 0.000000000000000000e+00
-2.080000000000000000e+04 8.167189988267576837e+02 0.000000000000000000e+00 8.116883116883116241e-07 0.000000000000000000e+00
-2.000000000000000000e+04 8.170737237907616191e+02 0.000000000000000000e+00 8.116883116883116241e-07 0.000000000000000000e+00
-1.920000000000000000e+04 8.174153610915078616e+02 0.000000000000000000e+00 8.116883116883116241e-07 0.000000000000000000e+00
-1.840000000000000000e+04 8.177438137641471485e+02 0.000000000000000000e+00 8.116883116883116241e-07 0.000000000000000000e+00
-1.760000000000000000e+04 8.180589884359450252e+02 0.000000000000000000e+00 8.116883116883116241e-07 0.000000000000000000e+00
-1.680000000000000000e+04 8.183607953709287131e+02 0.000000000000000000e+00 8.116883116883116241e-07 0.000000000000000000e+00
-1.600000000000000000e+04 8.186491485128544809e+02 0.000000000000000000e+00 8.116883116883116241e-07 0.000000000000000000e+00
-1.520000000000000000e+04 8.189239655264705107e+02 0.000000000000000000e+00 8.116883116883116241e-07 0.000000000000000000e+00
-1.440000000000000000e+04 8.191851678370476293e+02 0.000000000000000000e+00 8.116883116883116241e-07 0.000000000000000000e+00
-1.360000000000000000e+04 8.194326806681503967e+02 0.000000000000000000e+00 8.116883116883116241e-07 0.000000000000000000e+00
-1.280000000000000000e+04 8.196664330776251290e+02 0.000000000000000000e+00 8.116883116883116241e-07 0.000000000000000000e+00
-1.200000000000000000e+04 8.198863579917803008e+02 0.000000000000000000e+00 8.116883116883116241e-07 0.000000000000000000e+00
-1.120000000000000000e+04 8.200923922377379540e+02 0.000000000000000000e+00 8.116883116883116241e-07 0.000000000000000000e+00
-1.040000000000000000e+04 8.202844765739325794e+02 0.000000000000000000e+00 8.116883116883116241e-07 0.000000000000000000e+00
-9.600000000000000000e+03 8.204625557187385994e+02 0.000000000000000000e+00 8.116883116883116241e-07 0.000000000000000000e+00
-8.800000000000000000e+03 8.206265783772072382e+02 0.000000000000000000e+00 8.116883116883116241e-07 0.000000000000000000e+00
-8.000000000000000000e+03 8.207764972658961824e+02 0.000000000000000000e+00 8.116883116883116241e-07 0.000000000000000000e+00
-7.200000000000000000e+03 8.209122691357727035e+02 0.000000000000000000e+00 8.116883116883116241e-07 0.000000000000000000e+00
-6.400000000000000000e+03 8.210338547931772837e+02 0.000000000000000000e+00 8.116883116883116241e-07 0.000000000000000000e+00
-5.600000000000000000e+03 8.211412191188330780e+02 0.000000000000000000e+00 8.116883116883116241e-07 0.000000000000000000e+00
-4.800000000000000000e+03 8.212343310848887086e+02 0.000000000000000000e+00 8.116883116883116241e-07 0.000000000000000000e+00
-4.000000000000000000e+03 8.213131637699834755e+02 0.000000000000000000e+00 8.116883116883116241e-07 0.000000000000000000e+00
-3.200000000000000000e+03 8.213776943723231625e+02 0.000000000000000000e+00 8.116883116883116241e-07 0.000000000000000000e+00
-2.400000000000000000e+03 8.214279042207596149e+02 0.000000000000000000e+00 8.116883116883116241e-07 0.000000000000000000e+00
-1.600000000000000000e+03 8.214637787838655640e+02 0.000000000000000000e+00 8.116883116883116241e-07 0.000000000000000000e+00
-8.000000000000000000e+02 8.214853076770001508e+02 0.000000000000000000e+00 8.116883116883116241e-07 0.000000000000000000e+00
0.000000000000000000e+00 8.214924846673578713e+02 0.000000000000000000e+00 8.116883116883116241e-07 0.000000000000000000e+00
8.000000000000000000e+02 8.214853076770001508e+02 0.000000000000000000e+00 8.116883116883116241e-07 0.000000000000000000e+00
1.600000000000000000e+03 8.214637787838655640e+02 0.000000000000000000e+00 8.116883116883116241e-07 0.000000000000000000e+00
2.400000000000000000e+03 8.214279042207596149e+02 0.000000000000000000e+00 8.116883116883116241e-07 0.000000000000000000e+00
3.200000000000000000e+03 8.213776943723231625e+02 0.000000000000000000e+00 8.116883116883116241e-07 0.000000000000000000e+00
4.000000000000000000e+03 8.213131637699834755e+02 0.000000000000000000e+00 8.116883116883116241e-07 0.000000000000000000e+00
4.800000000000000000e+03 8.212343310848887086e+02 0.000000000000000000e+00 8.116883116883116241e-07 0.000000000000000000e+00
5.600000000000000000e+03 8.211412191188330780e+02 0.000000000000000000e+00 8.116883116883116241e-07 0.000000000000000000e+00
6.400000000000000000e+03 8.210338547931772837e+02 0.000000000000000000e+00 8.116883116883116241e-07 0.000000000000000000e+00
7.200000000000000000e+03 8.209122691357727035e+02 0.000000000000000000e+00 8.116883116883116241e-07 0.000000000000000000e+00
8.000000000000000000e+03 8.207764972658961824e+02 0.000000000000000000e+00 8.116883116883116241e-07 0.000000000000000000e+00
8.800000000000000000e+03 8.206265783772072382e+02 0.000000000000000000e+00 8.116883116883116241e-07 0.000000000000000000e+00
9.600000000000000000e+03 8.204625557187385994e+02 0.000000000000000000e+00 8.116883116883116241e-07 0.000000000000000000e+00
1.040000000000000000e+04 8.202844765739325794e+02 0.000000000000000000e+00 8.116883116883116241e-07 0.000000000000000000e+00
1.120000000000000000e+04 8.200923922377379540e+02 0.000000000000000000e+00 8.116883116883116241e-07 0.000000000000000000e+00
1.200000000000000000e+04 8.198863579917803008e+02 0.000000000000000000e+00 8.116883116883116241e-07 0.000000000000000000e+00
1.280000000000000000e+04 8.196664330776251290e+02 0.000000000000000000e+00 8.116883116883116241e-07 0.000000000000000000e+00
1.360000000000000000e+04 8.194326806681503967e+02 0.000000000000000000e+00 8.116883116883116241e-07 0.000000000000000000e+00
1.440000000000000000e+04 8.191851678370476293e+02 0.000000000000000000e+00 8.116883116883116241e-07 0.000000000000000000e+00
1.520000000000000000e+04 8.189239655264705107e+02 0.000000000000000000e+00 8.116883116883116241e-07 0.000000000000000000e+00
1.600000000000000000e+04 8.186491485128544809e+02 0.000000000000000000e+00 8.116883116883116241e-07 0.000000000000000000e+00
1.680000000000000000e+04 8.183607953709287131e+02 0.000000000000000000e+00 8.116883116883116241e-07 0.000000000000000000e+00
1.760000000000000000e+04 8.180589884359450252e+02 0.000000000000000000e+00 8.116883116883116241e-07 0.000000000000000000e+00
1.840000000000000000e+04 8.177438137641471485e+02 0.000000000000000000e+00 8.116883116883116241e-07 0.000000000000000000e+00
1.920000000000000000e+04 8.174153610915078616e+02 0.000000000000000000e+00 8.116883116883116241e-07 0.000000000000000000e+00
2.000000000000000000e+04 8.170737237907616191e+02 0.000000000000000000e+00 8.116883116883116241e-07 0.000000000000000000e+00
2.080000000000000000e+04 8.167189988267576837e+02 0.000000000000000000e+00 8.116883116883116241e-07 0.000000000000000000e+00
2.160000000000000000e+04 8.163512867101685515e+02 0.000000000000000000e+00 8.116883116883116241e-07 0.000000000000000000e+00
2.240000000000000000e+04 8.159706914495773162e+02 0.000000000000000000e+00 8.116883116883116241e-07 0.000000000000000000e+00
2.320000000000000000e+04 8.155773205019809211e+02 0.000000000000000000e+00 8.116883116883116241e-07 0.000000000000000000e+00
2.400000000000000000e+04 8.151712847217390845e+02 0.000000000000000000e+00 8.116883116883116241e-07 0.000000000000000000e+00
2.480000000000000000e+04 8.147526983080017544e+02 0.000000000000000000e+00 8.116883116883116241e-07 0.000000000000000000e+00
2.560000000000000000e+04 8.143216787506505625e+02 0.000000000000000000e+00 8.116883116883116241e-07 0.000000000000000000e+00
2.640000000000000000e+04 8.138783467747874738e+02 0.000000000000000000e+00 8.116883116883116241e-07 0.000000000000000000e+00
2.720000000000000000e+04 8.134228262838096271e+02 0.000000000000000000e+00 8.116883116883116241e-07 0.000000000000000000e+00
2.800000000000000000e+04 8.129552443011040168e+02 0.000000000000000000e+00 8.116883116883116241e-07 0.000000000000000000e+00
2.880000000000000000e+04 8.124757309104002161e+02 0.000000000000000000e+00 8.116883116883116241e-07 0.000000000000000000e+00
2.960000000000000000e+04 8.119844191948211574e+02 0.000000000000000000e+00 8.116883116883116241e-07 0.000000000000000000e+00
3.040000000000000000e+04 8.114814451746689201e+02 0.000000000000000000e+00 8.116883116883116241e-07 0.000000000000000000e+00
3.120000000000000000e+04 8.109669477439863385e+02 0.000000000000000000e+00 8.116883116883116241e-07 0.000000000000000000e+00
3.200000000000000000e+04 8.104410686059352429e+02 0.000000000000000000e+00 8.116883116883116241e-07 0.000000000000000000e+00
3.280000000000000000e+04 8.099039522070302155e+02 0.000000000000000000e+00 8.116883116883116241e-07 0.000000000000000000e+00
3.360000000000000000e+04 8.093557456702728814e+02 0.000000000000000000e+00 8.116883116883116241e-07 0.000000000000000000e+00
3.440000000000000000e+04 8.087965987272252733e+02 0.000000000000000000e+00 8.116883116883116241e-07 0.000000000000000000e+00
3.520000000000000000e+04 8.082266636490691099e+02 0.000000000000000000e+00 8.116883116883116241e-07 0.000000000000000000e+00
3.600000000000000000e+04 8.076460951766889593e+02 0.000000000000000000e+00 8.116883116883116241e-07 0.000000000000000000e+00
3.680000000000000000e+04 8.070550504498287410e+02 0.000000000000000000e+00 8.116883116883116241e-07 0.000000000000000000e+00
3.760000000000000000e+04 8.064536889353607876e+02 0.000000000000000000e+00 8.116883116883116241e-07 0.000000000000000000e+00
3.840000000000000000e+04 8.058421723547155580e+02 0.000000000000000000e+00 8.116883116883116241e-07 0.000000000000000000e+00
3.920000000000000000e+04 8.052206646105149730e+02 0.000000000000000000e+00 8.116883116883116241e-07 0.000000000000000000e+00
4.000000000000000000e+04 8.045893317124537134e+02 0.000000000000000000e+00 8.116883116883116241e-07 0.000000000000000000e+00
4.080000000000000000e+04 8.039483417024770233e+02 0.000000000000000000e+00 8.116883116883116241e-07 0.000000000000000000e+00
4.160000000000000000e+04 8.032978645792982206e+02 0.000000000000000000e+00 8.116883116883116241e-07 0.000000000000000000e+00
4.240000000000000000e+04 8.026380722223011617e+02 0.000000000000000000e+00 8.116883116883116241e-07 0.000000000000000000e+00
4.320000000000000000e+04 8.019691383148779096e+02 0.000000000000000000e+00 8.116883116883116241e-07 0.000000000000000000e+00
4.400000000000000000e+04 8.012912382672410558e+02 0.000000000000000000e+00 8.116883116883116241e-07 0.000000000000000000e+00
4.480000000000000000e+04 8.006045491387644688e+02 0.000000000000000000e+00 8.116883116883116241e-07 0.000000000000000000e+00
4.560000000000000000e+04 7.999092495598928281e+02 0.000000000000000000e+00 8.116883116883116241e-07 0.000000000000000000e+00
4.640000000000000000e+04 7.992055196536701942e+02 0.000000000000000000e+00 8.116883116883116241e-07 0.000000000000000000e+00
4.720000000000000000e+04 7.984935409569313833e+02 0.000000000000000000e+00 8.116883116883116241e-07 0.000000000000000000e+00
4.800000000000000000e+04 7.977734963412043498e+02 0.000000000000000000e+00 8.116883116883116241e-07 0.000000000000000000e+00
4.880000000000000000e+04 7.970455699333691655e+02 0.000000000000000000e+00 8.116883116883116241e-07 0.000000000000000000e+00
4.960000000000000000e+04 7.963099470361181602e+02 0.000000000000000000e+00 8.116883116883116241e-07 0.000000000000000000e+00
5.040000000000000000e+04 7.955668140482671333e+02 0.000000000000000000e+00 8.116883116883116241e-07 0.000000000000000000e+00
5.120000000000000000e+04 7.948163583849583347e+02 0.000000000000000000e+00 8.116883116883116241e-07 0.000000000000000000e+00
5.200000000000000000e+04 7.940587683978054656e+02 0.000000000000000000e+00 8.116883116883116241e-07 0.000000000000000000e+00
5.280000000000000000e+04 7.932942332950227637e+02 0.000000000000000000e+00 8.116883116883116241e-07 0.000000000000000000e+00
5.360000000000000000e+04 7.925229430615836463e+02 0.000000000000000000e+00 8.116883116883116241e-07 0.000000000000000000e+00
5.440000000000000000e+04 7.917450883794563197e+02 0.000000000000000000e+00 8.116883116883116241e-07 0.000000000000000000e+00
5.520000000000000000e+04 7.909608605479568268e+02 0.000000000000000000e+00 8.116883116883116241e-07 0.000000000000000000e+00
5.600000000000000000e+04 7.901704514042652363e+02 0.000000000000000000e+00 8.116883116883116241e-07 0.000000000000000000e+00
5.680000000000000000e+04 7.893740532441501045e+02 0.000000000000000000e+00 8.116883116883116241e-07 0.000000000000000000e+00
5.760000000000000000e+04 7.885718587429403215e+02 0.000000000000000000e+00 8.116883116883116241e-07 0.000000000000000000e+00
5.840000000000000000e+04 7.877640608767915182e+02 0.000000000000000000e+00 8.116883116883116241e-07 0.000000000000000000e+00
5.920000000000000000e+04 7.869508528442850093e+02 0.000000000000000000e+00 8.116883116883116241e-07 0.000000000000000000e+00
6.000000000000000000e+04 7.861324279884039470e+02 0.000000000000000000e+00 8.116883116883116241e-07 0.000000000000000000e+00
6.080000000000000000e+04 7.853089797189246610e+02 0.000000000000000000e+00 8.116883116883116241e-07 0.000000000000000000e+00
6.160000000000000000e+04 7.844807014352677470e+02 0.000000000000000000e+00 8.116883116883116241e-07 0.000000000000000000e+00
6.240000000000000000e+04 7.836477864498435792e+02 0.000000000000000000e+00 8.116883116883116241e-07 0.000000000000000000e+00
6.320000000000000000e+04 7.828104279119355624e+02 0.000000000000000000e+00 8.116883116883116241e-07 0.000000000000000000e+00
6.400000000000000000e+04 7.819688187321560235e+02 0.000000000000000000e+00 8.116883116883116241e-07 0.000000000000000000e+00
6.480000000000000000e+04 7.811231515075166953e+02 0.000000000000000000e+00 8.116883116883116241e-07 0.000000000000000000e+00
6.560000000000000000e+04 7.802736184471461911e+02 0.000000000000000000e+00 8.116883116883116241e-07 0.000000000000000000e+00
6.640000000000000000e+04 7.794204112986934661e+02 0.000000000000000000e+00 8.116883116883116241e-07 0.000000000000000000e+00
6.720000000000000000e+04 7.785637212754528491e+02 0.000000000000000000e+00 8.116883116883116241e-07 0.000000000000000000e+00
6.800000000000000000e+04 7.777037389842438415e+02 0.000000000000000000e+00 8.116883116883116241e-07 0.000000000000000000e+00
6.880000000000000000e+04 7.768406543540806979e+02 0.000000000000000000e+00 8.116883116883116241e-07 0.000000000000000000e+00
6.960000000000000000e+04 7.759746565656638495e+02 0.000000000000000000e+00 8.116883116883116241e-07 0.000000000000000000e+00
7.040000000000000000e+04 7.751059339817270484e+02 0.000000000000000000e+00 8.116883116883116241e-07 0.000000000000000000e+00
7.120000000000000000e+04 7.742346740782688812e+02 0.000000000000000000e+00 8.116883116883116241e-07 0.000000000000000000e+00
7.200000000000000000e+04 7.733610633767032141e+02 0.000000000000000000e+00 8.116883116883116241e-07 0.000000000000000000e+00
7.280000000000000000e+04 7.724852873769518737e+02 0.000000000000000000e+00 8.116883116883116241e-07 0.000000000000000000e+00
7.360000000000000000e+04 7.716075304915163997e+02 0.000000000000000000e+00 8.116883116883116241e-07 0.000000000000000000e+00
7.440000000000000000e+04 7.707279759805480808e+02 0.000000000000000000e+00 8.116883116883116241e-07 0.000000000000000000e+00
7.520000000000000000e+04 7.698468058879493583e+02 0.000000000000000000e+00 8.116883116883116241e-07 0.000000000000000000e+00
7.600000000000000000e+04 7.689642009785294476e+02 0.000000000000000000e+00 8.116883116883116241e-07 0.000000000000000000e+00
7.680000000000000000e+04 7.680803406762397572e+02 0.000000000000000000e+00 8.116883116883116241e-07 0.000000000000000000e+00
7.760000000000000000e+04 7.671954030035121832e+02 0.000000000000000000e+00 8.116883116883116241e-07 0.000000000000000000e+00
7.840000000000000000e+04 7.663095645217256333e+02 0.000000000000000000e+00 8.116883116883116241e-07 0.000000000000000000e+00
7.920000000000000000e+04 7.654230002728182853e+02 0.000000000000000000e+00 8.116883116883116241e-07 0.000000000000000000e+00
8.000000000000000000e+04 7.645358837220717305e+02 0.000000000000000000e+00 8.116883116883116241e-07 0.000000000000000000e+00
8.080000000000000000e+04 7.636483867020826892e+02 0.000000000000000000e+00 8.116883116883116241e-07 0.000000000000000000e+00
8.160000000000000000e+04 7.627606793579429905e+02 0.000000000000000000e+00 8.116883116883116241e-07 0.000000000000000000e+00
8.240000000000000000e+04 7.618729300936458912e+02 0.000000000000000000e+00 8.116883116883116241e-07 0.000000000000000000e+00
8.320000000000000000e+04 7.609853055197343110e+02 0.000000000000000000e+00 8.116883116883116241e-07 0.000000000000000000e+00
8.400000000000000000e+04 7.600979704022087162e+02 0.000000000000000000e+00 8.116883116883116241e-07 0.000000000000000000e+00
8.480000000000000000e+04 7.592110876127073880e+02 0.000000000000000000e+00 8.116883116883116241e-07 0.000000000000000000e+00
8.560000000000000000e+04 7.583248180799737383e+02 0.000000000000000000e+00 8.116883116883116241e-07 0.000000000000000000e+00
8.640000000000000000e+04 7.574393207426250001e+02 0.000000000000000000e+00 8.116883116883116241e-07 0.000000000000000000e+00
8.720000000000000000e+04 7.565547525032314979e+02 0.000000000000000000e+00 8.116883116883116241e-07 0.000000000000000000e+00
8.800000000000000000e+04 7.556712681837173022e+02 0.000000000000000000e+00 8.116883116883116241e-07 0.000000000000000000e+00
8.880000000000000000e+04 7.547890204820939744e+02 0.000000000000000000e+00 8.116883116883116241e-07 0.000000000000000000e+00
8.960000000000000000e+04 7.539081599305366126e+02 0.000000000000000000e+00 8.116883116883116241e-07 0.000000000000000000e+00
9.040000000000000000e+04 7.530288348548050408e+02 0.000000000000000000e+00 8.116883116883116241e-07 0.000000000000000000e+00
9.120000000000000000e+04 7.521511913350226450e+02 0.000000000000000000e+00 8.116883116883116241e-07 0.000000000000000000e+00
9.200000000000000000e+04 7.512753731678144504e+02 0.000000000000000000e+00 8.116883116883116241e-07 0.000000000000000000e+00
9.280000000000000000e+04 7.504015218298126229e+02 0.000000000000000000e+00 8.116883116883116241e-07 0.000000000000000000e+00
9.360000000000000000e+04 7.495297764425290552e+02 0.000000000000000000e+00 8.116883116883116241e-07 0.000000000000000000e+00
9.440000000000000000e+04 7.486602737386004947e+02 0.000000000000000000e+00 8.116883116883116241e-07 0.000000000000000000e+00
9.520000000000000000e+04 7.477931480294091671e+02 0.000000000000000000e+00 8.116883116883116241e-07 0.000000000000000000e+00
9.600000000000000000e+04 7.469285311740753741e+02 0.000000000000000000e+00 8.116883116883116241e-07 0.000000000000000000e+00
9.680000000000000000e+04 7.460665525498270654e+02 0.000000000000000000e+00 8.116883116883116241e-07 0.000000000000000000e+00
9.760000000000000000e+04 7.452073390237405874e+02 0.000000000000000000e+00 8.116883116883116241e-07 0.000000000000000000e+00
9.840000000000000000e+04 7.443510149258554520e+02 0.000000000000000000e+00 8.116883116883116241e-07 0.000000000000000000e+00
9.920000000000000000e+04 7.434977020236569842e+02 0.000000000000000000e+00 8.116883116883116241e-07 0.000000000000000000e+00
1.000000000000000000e+05 7.426475194979215075e+02 0.000000000000000000e+00 8.116883116883116241e-07 0.000000000000000000e+00
1.008000000000000000e+05 7.418005839199266802e+02 0.000000000000000000e+00 8.116883116883116241e-07 0.000000000000000000e+00
1.016000000000000000e+05 7.409570092300136821e+02 0.000000000000000000e+00 8.116883116883116241e-07 0.000000000000000000e+00
1.024000000000000000e+05 7.401169067174988641e+02 0.000000000000000000e+00 8.116883116883116241e-07 0.000000000000000000e+00
1.032000000000000000e+05 7.392803850019275842e+02 0.000000000000000000e+00 8.116883116883116241e-07 0.000000000000000000e+00
1.040000000000000000e+05 7.384475500156611361e+02 0.000000000000000000e+00 8.116883116883116241e-07 0.000000000000000000e+00
1.048000000000000000e+05 7.376185049877897200e+02 0.000000000000000000e+00 8.116883116883116241e-07 0.000000000000000000e+00
1.056000000000000000e+05 7.367933504293602027e+02 0.000000000000000000e+00 8.116883116883116241e-07 0.000000000000000000e+00
1.064000000000000000e+05 7.359721841199104801e+02 0.000000000000000000e+00 8.116883116883116241e-07 0.000000000000000000e+00
1.072000000000000000e+05 7.351551010952978231e+02 0.000000000000000000e+00 8.116883116883116241e-07 0.000000000000000000e+00
1.080000000000000000e+05 7.343421936368099523e+02 0.000000000000000000e+00 8.116883116883116241e-07 0.000000000000000000e+00
1.088000000000000000e+05 7.335335512615466769e+02 0.000000000000000000e+00 8.116883116883116241e-07 0.000000000000000000e+00
1.096000000000000000e+05 7.327292607140611835e+02 0.000000000000000000e+00 8.116883116883116241e-07 0.000000000000000000e+00
1.104000000000000000e+05 7.319294059592425583e+02 0.000000000000000000e+00 8.116883116883116241e-07 0.000000000000000000e+00
1.112000000000000000e+05 7.311340681764302190e+02 0.000000000000000000e+00 8.116883116883116241e-07 0.000000000000000000e+00
1.120000000000000000e+05 7.303433257547425228e+02 0.000000000000000000e+00 8.116883116883116241e-07 0.000000000000000000e+00
1.128000000000000000e+05 7.295572542896051118e+02 0.000000000000000000e+00 8.116883116883116241e-07 0.000000000000000000e+00
1.136000000000000000e+05 7.287759265804626239e+02 0.000000000000000000e+00 8.116883116883116241e-07 0.000000000000000000e+00
1.144000000000000000e+05 7.279994126296579680e+02 0.000000000000000000e+00 8.116883116883116241e-07 0.000000000000000000e+00
1.152000000000000000e+05 7.272277796424614280e+02 0.000000000000000000e+00 8.116883116883116241e-07 0.000000000000000000e+00
1.160000000000000000e+05 7.264610920282325424e+02 0.000000000000000000e+00 8.116883116883116241e-07 0.000000000000000000e+00
1.168000000000000000e+05 7.256994114026956595e+02 0.000000000000000000e+00 8.116883116883116241e-07 0.000000000000000000e+00
1.176000000000000000e+05 7.249427965913125718e+02 0.000000000000000000e+00 8.116883116883116241e-07 0.000000000000000000e+00
1.184000000000000000e+05 7.241913036337322183e+02 0.000000000000000000e+00 8.116883116883116241e-07 0.000000000000000000e+00
1.192000000000000000e+05 7.234449857892977889e+02 0.000000000000000000e+00 8.116883116883116241e-07 0.000000000000000000e+00
1.200000000000000000e+05 7.227038935435928124e+02 0.000000000000000000e+00 8.116883116883116241e-07 0.000000000000000000e+00
1.208000000000000000e+05 7.219680746160062199e+02 0.000000000000000000e+00 8.116883116883116241e-07 0.000000000000000000e+00
1.216000000000000000e+05 7.212375739682943276e+02 0.000000000000000000e+00 8.116883116883116241e-07 0.000000000000000000e+00
1.224000000000000000e+05 7.205124338141216640e+02 0.000000000000000000e+00 8.116883116883116241e-07 0.000000000000000000e+00
1.232000000000000000e+05 7.197926936295572204e+02 0.000000000000000000e+00 8.116883116883116241e-07 0.000000000000000000e+00
1.240000000000000000e+05 7.190783901645081642e+02 0.000000000000000000e+00 8.116883116883116241e-07 0.000000000000000000e+00
1.248000000000000000e+05 7.183695574550654328e+02 0.000000000000000000e+00 8.116883116883116241e-07 0.000000000000000000e+00
1.256000000000000000e+05 7.176662268367450679e+02 0.000000000000000000e+00 8.116883116883116241e-07 0.000000000000000000e+00
1.264000000000000000e+05 7.169684269585973198e+02 0.000000000000000000e+00 8.116883116883116241e-07 0.000000000000000000e+00
1.272000000000000000e+05 7.162761837981677218e+02 0.000000000000000000e+00 8.116883116883116241e-07 0.000000000000000000e+00
1.280000000000000000e+05 7.155895206772839856e+02 0.000000000000000000e+00 8.116883116883116241e-07 0.000000000000000000e+00
1.288000000000000000e+05 7.149084582786471174e+02 0.000000000000000000e+00 8.116883116883116241e-07 0.000000000000000000e+00
1.296000000000000000e+05 7.142330146632075412e+02 0.000000000000000000e+00 8.116883116883116241e-07 0.000000000000000000e+00
1.304000000000000000e+05 7.135632052882999687e+02 0.000000000000000000e+00 8.116883116883116241e-07 0.000000000000000000e+00
1.312000000000000000e+05 7.128990430265165514e+02 0.000000000000000000e+00 8.116883116883116241e-07 0.000000000000000000e+00
1.320000000000000000e+05 7.122405381852967139e+02 0.000000000000000000e+00 8.116883116883116241e-07 0.000000000000000000e+00
1.328000000000000000e+05 7.115876985272100228e+02 0.000000000000000000e+00 8.116883116883116241e-07 0.000000000000000000e+00
1.336000000000000000e+05 7.109405292909107175e+02 0.000000000000000000e+00 8.116883116883116241e-07 0.000000000000000000e+00
1.344000000000000000e+05 7.102990332127398005e+02 0.000000000000000000e+00 8.116883116883116241e-07 0.000000000000000000e+00
1.352000000000000000e+05 7.096632105489552487e+02 0.000000000000000000e+00 8.116883116883116241e-07 0.000000000000000000e+00
1.360000000000000000e+05 7.090330590985664685e+02 0.000000000000000000e+00 8.116883116883116241e-07 0.000000000000000000e+00
1.368000000000000000e+05 7.084085742267504884e+02 0.000000000000000000e+00 8.116883116883116241e-07 0.000000000000000000e+00
1.376000000000000000e+05 7.077897488888293083e+02 0.000000000000000000e+00 8.116883116883116241e-07 0.000000000000000000e+00
1.384000000000000000e+05 7.071765736547868073e+02 0.000000000000000000e+00 8.116883116883116241e-07 0.000000000000000000e+00
1.392000000000000000e+05 7.065690367343011076e+02 0.000000000000000000e+00 8.116883116883116241e-07 0.000000000000000000e+00
1.400000000000000000e+05 7.059671240022752272e+02 0.000000000000000000e+00 8.116883116883116241e-07 0.000000000000000000e+00
1.408000000000000000e+05 7.053708190248399887e+02 0.000000000000000000e+00 8.116883116883116241e-07 0.000000000000000000e+00
1.416000000000000000e+05 7.047801030858120157e+02 0.000000000000000000e+00 8.116883116883116241e-07 0.000000000000000000e+00
1.424000000000000000e+05 7.041949552135837394e+02 0.000000000000000000e+00 8.116883116883116241e-07 0.000000000000000000e+00
1.432000000000000000e+05 7.036153522084269980e+02 0.000000000000000000e+00 8.116883116883116241e-07 0.000000000000000000e+00
1.440000000000000000e+05 7.030412686701868097e+02 0.000000000000000000e+00 8.116883116883116241e-07 0.000000000000000000e+00
1.448000000000000000e+05 7.024726770263496292e+02 0.000000000000000000e+00 8.116883116883116241e-07 0.000000000000000000e+00
1.456000000000000000e+05 7.019095475604613057e+02 0.000000000000000000e+00 8.116883116883116241e-07 0.000000000000000000e+00
1.464000000000000000e+05 7.013518484408810991e+02 0.000000000000000000e+00 8.116883116883116241e-07 0.000000000000000000e+00
1.472000000000000000e+05 7.007995457498479936e+02 0.000000000000000000e+00 8.116883116883116241e-07 0.000000000000000000e+00
1.480000000000000000e+05 7.002526035128421427e+02 0.000000000000000000e+00 8.116883116883116241e-07 0.000000000000000000e+00
1.488000000000000000e+05 6.997109837282246190e+02 0.000000000000000000e+00 8.116883116883116241e-07 0.000000000000000000e+00
1.496000000000000000e+05 6.991746463971350067e+02 0.000000000000000000e+00 8.116883116883116241e-07 0.000000000000000000e+00
1.504000000000000000e+05 6.986435495536321696e+02 0.000000000000000000e+00 8.116883116883116241e-07 0.000000000000000000e+00
1.512000000000000000e+05 6.981176492950576176e+02 0.000000000000000000e+00 8.116883116883116241e-07 0.000000000000000000e+00
1.520000000000000000e+05 6.975968998126065799e+02 0.000000000000000000e+00 8.116883116883116241e-07 0.000000000000000000e+00
1.528000000000000000e+05 6.970812534220915495e+02 0.000000000000000000e+00 8.116883116883116241e-07 0.000000000000000000e+00
1.536000000000000000e+05 6.965706605948789729e+02 0.000000000000000000e+00 8.116883116883116241e-07 0.000000000000000000e+00
1.544000000000000000e+05 6.960650699889873749e+02 0.000000000000000000e+00 8.116883116883116241e-07 0.000000000000000000e+00
1.552000000000000000e+05 6.955644284803283881e+02 0.000000000000000000e+00 8.116883116883116241e-07 0.000000000000000000e+00
1.560000000000000000e+05 6.950686811940784082e+02 0.000000000000000000e+00 8.116883116883116241e-07 0.000000000000000000e+00
1.568000000000000000e+05 6.945777715361655282e+02 0.000000000000000000e+00 8.116883116883116241e-07 0.000000000000000000e+00
1.576000000000000000e+05 6.940916412248583356e+02 0.000000000000000000e+00 8.116883116883116241e-07 0.000000000000000000e+00
1.584000000000000000e+05 6.936102303224431580e+02 0.000000000000000000e+00 8.116883116883116241e-07 0.000000000000000000e+00
1.592000000000000000e+05 6.931334772669765698e+02 0.000000000000000000e+00 8.116883116883116241e-07 0.000000000000000000e+00
1.600000000000000000e+05 6.926613189041012220e+02 0.000000000000000000e+00 8.116883116883116241e-07 0.000000000000000000e+00
1.608000000000000000e+05 6.921936905189147637e+02 0.000000000000000000e+00 8.116883116883116241e-07 0.000000000000000000e+00
1.616000000000000000e+05 6.917305258678748032e+02 0.000000000000000000e+00 8.116883116883116241e-07 0.000000000000000000e+00
1.624000000000000000e+05 6.912717572107376327e+02 0.000000000000000000e+00 8.116883116883116241e-07 0.000000000000000000e+00
1.632000000000000000e+05 6.908173153425116197e+02 0.000000000000000000e+00 8.116883116883116241e-07 0.000000000000000000e+00
1.640000000000000000e+05 6.903671296254217395e+02 0.000000000000000000e+00 8.116883116883116241e-07 0.000000000000000000e+00
1.648000000000000000e+05 6.899211280208719472e+02 0.000000000000000000e+00 8.116883116883116241e-07 0.000000000000000000e+00
1.656000000000000000e+05 6.894792371213982278e+02 0.000000000000000000e+00 8.116883116883116241e-07 0.000000000000000000e+00
1.664000000000000000e+05 6.890413821826027743e+02 0.000000000000000000e+00 8.116883116883116241e-07 0.000000000000000000e+00
1.672000000000000000e+05 6.886074871550630405e+02 0.000000000000000000e+00 8.116883116883116241e-07 0.000000000000000000e+00
1.680000000000000000e+05 6.881774747162056656e+02 0.000000000000000000e+00 8.116883116883116241e-07 0.000000000000000000e+00
1.688000000000000000e+05 6.877512663021396975e+02 0.000000000000000000e+00 8.116883116883116241e-07 0.000000000000000000e+00
1.696000000000000000e+05 6.873287821394434332e+02 0.000000000000000000e+00 8.116883116883116241e-07 0.000000000000000000e+00
1.704000000000000000e+05 6.869099412768956654e+02 0.000000000000000000e+00 8.116883116883116241e-07 0.000000000000000000e+00
1.712000000000000000e+05 6.864946616171505411e+02 0.000000000000000000e+00 8.116883116883116241e-07 0.000000000000000000e+00
1.720000000000000000e+05 6.860828599483448897e+02 0.000000000000000000e+00 8.116883116883116241e-07 0.000000000000000000e+00
1.728000000000000000e+05 6.856744519756393856e+02 0.000000000000000000e+00 8.116883116883116241e-07 0.000000000000000000e+00
1.736000000000000000e+05 6.852693523526846775e+02 0.000000000000000000e+00 8.116883116883116241e-07 0.000000000000000000e+00
1.744000000000000000e+05 6.848674747130115747e+02 0.000000000000000000e+00 8.116883116883116241e-07 0.000000000000000000e+00
1.752000000000000000e+05 6.844687317013402890e+02 0.000000000000000000e+00 8.116883116883116241e-07 0.000000000000000000e+00
1.760000000000000000e+05 6.840730350048070250e+02 0.000000000000000000e+00 8.116883116883116241e-07 0.000000000000000000e+00
1.768000000000000000e+05 6.836802953841046246e+02 0.000000000000000000e+00 8.116883116883116241e-07 0.000000000000000000e+00
1.776000000000000000e+05 6.832904227045353309e+02 0.000000000000000000e+00 8.116883116883116241e-07 0.000000000000000000e+00
1.784000000000000000e+05 6.829033259669749896e+02 0.000000000000000000e+00 8.116883116883116241e-07 0.000000000000000000e+00
1.792000000000000000e+05 6.825189133387467564e+02 0.000000000000000000e+00 8.116883116883116241e-07 0.000000000000000000e+00
1.800000000000000000e+05 6.821370921844023769e+02 0.000000000000000000e+00 8.116883116883116241e-07 0.000000000000000000e+00
1.808000000000000000e+05 6.817577690964137673e+02 0.000000000000000000e+00 8.116883116883116241e-07 0.000000000000000000e+00
1.816000000000000000e+05 6.813808499257712583e+02 0.000000000000000000e+00 8.116883116883116241e-07 0.000000000000000000e+00
1.824000000000000000e+05 6.810062398124916854e+02 0.000000000000000000e+00 8.116883116883116241e-07 0.000000000000000000e+00
1.832000000000000000e+05 6.806338432160347338e+02 0.000000000000000000e+00 8.116883116883116241e-07 0.000000000000000000e+00
1.840000000000000000e+05 6.802635639456311765e+02 0.000000000000000000e+00 8.116883116883116241e-07 0.000000000000000000e+00
1.848000000000000000e+05 6.798953051905216398e+02 0.000000000000000000e+00 8.116883116883116241e-07 0.000000000000000000e+00
1.856000000000000000e+05 6.795289695501101050e+02 0.000000000000000000e+00 8.116883116883116241e-07 0.000000000000000000e+00
1.864000000000000000e+05 6.791644590640314618e+02 0.000000000000000000e+00 8.116883116883116241e-07 0.000000000000000000e+00
1.872000000000000000e+05 6.788016752421383444e+02 0.000000000000000000e+00 8.116883116883116241e-07 0.000000000000000000e+00
1.880000000000000000e+05 6.784405190944073638e+02 0.000000000000000000e+00 8.116883116883116241e-07 0.000000000000000000e+00
1.888000000000000000e+05 6.780808911607701930e+02 0.000000000000000000e+00 8.116883116883116241e-07 0.000000000000000000e+00
1.896000000000000000e+05 6.777226915408690502e+02 0.000000000000000000e+00 8.116883116883116241e-07 0.000000000000000000e+00
1.904000000000000000e+05 6.773658199237441977e+02 0.000000000000000000e+00 8.116883116883116241e-07 0.000000000000000000e+00
1.912000000000000000e+05 6.770101756174539105e+02 0.000000000000000000e+00 8.116883116883116241e-07 0.000000000000000000e+00
1.920000000000000000e+05 6.766556575786305530e+02 0.000000000000000000e+00 8.116883116883116241e-07 0.000000000000000000e+00
1.928000000000000000e+05 6.763021644419812901e+02 0.000000000000000000e+00 8.116883116883116241e-07 0.000000000000000000e+00
1.936000000000000000e+05 6.759495945497305911e+02 0.000000000000000000e+00 8.116883116883116241e-07 0.000000000000000000e+00
1.944000000000000000e+05 6.755978459810153254e+02 0.000000000000000000e+00 8.116883116883116241e-07 0.000000000000000000e+00
1.952000000000000000e+05 6.752468165812339294e+02 0.000000000000000000e+00 8.116883116883116241e-07 0.000000000000000000e+00
1.960000000000000000e+05 6.748964039913530542e+02 0.000000000000000000e+00 8.116883116883116241e-07 0.000000000000000000e+00
1.968000000000000000e+05 6.745465056771812442e+02 0.000000000000000000e+00 8.116883116883116241e-07 0.000000000000000000e+00
1.976000000000000000e+05 6.741970189586090783e+02 0.000000000000000000e+00 8.116883116883116241e-07 0.000000000000000000e+00
1.984000000000000000e+05 6.738478410388239581e+02 0.000000000000000000e+00 8.116883116883116241e-07 0.000000000000000000e+00
1.992000000000000000e+05 6.734988690335047750e+02 0.000000000000000000e+00 8.116883116883116241e-07 0.000000000000000000e+00
2.000000000000000000e+05 6.731499999999999773e+02 0.000000000000000000e+00 8.116883116883116241e-07 0.000000000000000000e+00
