bench  0.25 64 375 -3.935665902361258e-06 3.935665901654749e-06 -3.935665907322338e-06 3.935665905142502e-06 -1.388339840079574e-05 8.175678348210203e-06 0.0 1.388435428893737e-05 0.12499377939376535 0.8751836591755017 4.347877540518829e-06
bench  0.2 125 648 -3.5437030819478478e-06 3.543703081761671e-06 -3.543703080462442e-06 3.5437030810361913e-06 -1.425256513657331e-05 4.856827969878043e-06 0.0 1.4252603473004461e-05 0.09999135804570175 0.900097066604742 4.025143195826175e-06
bench  0.16666666666666666 216 1029 -1.799057058996083e-06 1.7990570595949822e-06 -1.7990570617605823e-06 1.7990570568707176e-06 -8.942763857694538e-06 2.7881752543557607e-06 0.0 8.94292885167297e-06 0.08332753933443969 0.9167186683366393 2.0990027477004895e-06
bench  0.14285714285714285 343 1536 -3.423734399027426e-06 3.4237344036804448e-06 -3.4237343975194596e-06 3.4237343980214646e-06 -1.1715601170738248e-05 6.7983728087475934e-06 0.0 1.171572385905549e-05 0.07141226483993511 0.9287246213506093 4.574450096878085e-06
bench  0.125 512 2187 -3.5432801552737493e-06 3.543280160518963e-06 -3.543280155660266e-06 3.543280160760247e-06 -1.3326239495592362e-05 4.746766570823312e-06 0.0 1.3326333437892996e-05 0.06248681597176783 0.937594356541883 3.796828794800865e-06
bench  0.1 1000 3993 -4.195681206095009e-06 4.195681201087111e-06 -4.195681203918422e-06 4.195681208282782e-06 -1.5478783250866207e-05 4.474035304279476e-06 0.0 1.5478783250866207e-05 0.04998581721977631 0.9500858794259082 3.813191627265193e-06
bench  0.08333333333333333 1728 6591 -4.138157742231004e-06 4.138157730612171e-06 -4.138157743430429e-06 4.138157734598211e-06 -1.4723079298430401e-05 6.042069652627803e-06 0.0 1.4723171021528087e-05 0.04164642700327009 0.9584522511748097 4.628525160607425e-06
bench  0.06666666666666667 3375 12288 -3.623609721060949e-06 3.6236097245530986e-06 -3.6236097345716116e-06 3.6236097162912824e-06 -1.5032141670918675e-05 4.904458176371937e-06 0.0 1.5032168478294478e-05 0.033315502824642344 0.9667767774840409 4.035853890303924e-06
bench  0.0625 4096 14739 -4.347829895488298e-06 4.347829882140565e-06 -4.347829904614568e-06 4.347829879143392e-06 -1.610260015423472e-05 5.37963074476236e-06 0.0 1.6102782192781397e-05 0.031230044636836582 0.9688560696986581 4.4239496852092635e-06
bench  0.05 8000 27783 -3.7379713834114802e-06 3.737971412675577e-06 -3.737971412028019e-06 3.737971407793921e-06 -1.5709026605501773e-05 4.843041863993094e-06 0.0 1.5709028988050135e-05 0.024981245859934338 0.9750918227687048 4.038850032209941e-06
bench  0.041666666666666664 13824 46875 -4.151896242601086e-06 4.151896356137411e-06 -4.151896267157852e-06 4.151896287572166e-06 -1.742458671236375e-05 5.1892824563604755e-06 0.0 1.7424628322465232e-05 0.0208124980206694 0.9792662681667547 4.4018319513449104e-06
