# # x,y,p
1.562500000000000000e-02 9.843750000000000000e-01 -9.298358951577183973e+01
4.687500000000000000e-02 9.843750000000000000e-01 -3.750072180399590138e+01
7.812500000000000000e-02 9.843750000000000000e-01 -1.788928568061488633e+01
1.093750000000000000e-01 9.843750000000000000e-01 -1.159668091352156871e+01
1.406250000000000000e-01 9.843750000000000000e-01 -8.268801485934028861e+00
1.718750000000000000e-01 9.843750000000000000e-01 -6.186399240407499889e+00
2.031250000000000000e-01 9.843750000000000000e-01 -4.790405476180443323e+00
2.343750000000000000e-01 9.843750000000000000e-01 -3.801674152898317782e+00
2.656250000000000000e-01 9.843750000000000000e-01 -3.068432591419262057e+00
2.968750000000000000e-01 9.843750000000000000e-01 -2.503522134898488183e+00
3.281250000000000000e-01 9.843750000000000000e-01 -2.053292180758095498e+00
3.593750000000000000e-01 9.843750000000000000e-01 -1.682717461870911091e+00
3.906250000000000000e-01 9.843750000000000000e-01 -1.367722460717255561e+00
4.218750000000000000e-01 9.843750000000000000e-01 -1.090899657730284966e+00
4.531250000000000000e-01 9.843750000000000000e-01 -8.389518986631573361e-01
4.843750000000000000e-01 9.843750000000000000e-01 -6.010526131756347423e-01
5.156250000000000000e-01 9.843750000000000000e-01 -3.676973868226044440e-01
5.468750000000000000e-01 9.843750000000000000e-01 -1.297981013350885948e-01
5.781250000000000000e-01 9.843750000000000000e-01 1.221496577319700905e-01
6.093750000000000000e-01 9.843750000000000000e-01 3.989724607189245598e-01
6.406250000000000000e-01 9.843750000000000000e-01 7.139674618725582178e-01
6.718750000000000000e-01 9.843750000000000000e-01 1.084542180759702656e+00
7.031250000000000000e-01 9.843750000000000000e-01 1.534772134900064477e+00
7.343750000000000000e-01 9.843750000000000000e-01 2.099682591420780398e+00
7.656250000000000000e-01 9.843750000000000000e-01 2.832924152899783721e+00
7.968750000000000000e-01 9.843750000000000000e-01 3.821655476181888833e+00
8.281250000000000000e-01 9.843750000000000000e-01 5.217649240408714917e+00
8.593750000000000000e-01 9.843750000000000000e-01 7.300051485935476592e+00
8.906250000000000000e-01 9.843750000000000000e-01 1.062793091352288855e+01
9.218750000000000000e-01 9.843750000000000000e-01 1.692053568061620439e+01
9.531250000000000000e-01 9.843750000000000000e-01 3.653197180399731536e+01
9.843750000000000000e-01 9.843750000000000000e-01 9.201483951577324660e+01
