# 1:xM, 2:zM, 3:rM, 4:angleM, 5:gvect_x, 6:gvect_y,                           7:gvect_z, 8:gvect, 9:error
0.0000000000e+00 6.6500000000e+06 6.6500000000e+06 0.0000000000e+00 -1.8952232734e-16 -2.3169629043e-19 -5.6351377675e+00 5.6351377675e+00 8.1660976150e-07
2.2220959710e+05 6.6462863988e+06 6.6500000000e+06 3.3421198442e-02 -1.8829670344e-01 7.0669097393e-18 -5.6319844152e+00 5.6351312409e+00 3.4159740714e-07
4.4417101441e+05 6.6351497428e+06 6.6500000000e+06 6.6842396885e-02 -3.7638435787e-01 -7.1907990281e-18 -5.6225478923e+00 5.6351317630e+00 2.4894741041e-07
6.6563634930e+05 6.6166024703e+06 6.6500000000e+06 1.0026359533e-01 -5.6405151448e-01 2.6969648514e-18 -5.6068313079e+00 5.6351318908e+00 2.2626580466e-07
8.8635825324e+05 6.5906652962e+06 6.6500000000e+06 1.3368479377e-01 -7.5108860970e-01 9.0320174105e-18 -5.5848525925e+00 5.6351319931e+00 2.0810391812e-07
1.1060902080e+06 6.5573671890e+06 6.6500000000e+06 1.6710599221e-01 -9.3728681797e-01 1.6277848896e-17 -5.5566363286e+00 5.6351321073e+00 1.8783392553e-07
1.3245868009e+06 6.5167453385e+06 6.6500000000e+06 2.0052719065e-01 -1.1224382048e+00 3.3098925689e-17 -5.5222140320e+00 5.6351322380e+00 1.6465517433e-07
1.5416039993e+06 6.4688451140e+06 6.6500000000e+06 2.3394838910e-01 -1.3063359920e+00 4.4476479318e-17 -5.4816241452e+00 5.6351323847e+00 1.3861257801e-07
1.7568994224e+06 6.4137200141e+06 6.6500000000e+06 2.6736958754e-01 -1.4887747961e+00 7.4018674333e-17 -5.4349119974e+00 5.6351325462e+00 1.0996097597e-07
1.9702326129e+06 6.3514316064e+06 6.6500000000e+06 3.0079078598e-01 -1.6695508611e+00 7.7764704541e-17 -5.3821297564e+00 5.6351327218e+00 7.8795259520e-08
2.1813653046e+06 6.2820494592e+06 6.6500000000e+06 3.3421198442e-01 -1.8484622875e+00 1.0735809338e-16 -5.3233363752e+00 5.6351329169e+00 4.4168379379e-08
2.3900616894e+06 6.2056510634e+06 6.6500000000e+06 3.6763318287e-01 -2.0253092626e+00 1.2422668313e-16 -5.2585975364e+00 5.6351331536e+00 2.1636131288e-09
2.5960886798e+06 6.1223217464e+06 6.6500000000e+06 4.0105438131e-01 -2.1998942922e+00 1.5145989705e-16 -5.1879855949e+00 5.6351334882e+00 5.7207986821e-08
2.7992161701e+06 6.0321545763e+06 6.6500000000e+06 4.3447557975e-01 -2.3720224346e+00 1.8734894039e-16 -5.1115795146e+00 5.6351340325e+00 1.5379328099e-07
2.9992172928e+06 5.9352502585e+06 6.6500000000e+06 4.6789677819e-01 -2.5415015358e+00 2.0529893282e-16 -5.0294647941e+00 5.6351349737e+00 3.2081781772e-07
3.1958686720e+06 5.8317170226e+06 6.6500000000e+06 5.0131797664e-01 -2.7081424617e+00 2.1493222726e-16 -4.9417333765e+00 5.6351365873e+00 6.0716580769e-07
3.3889506732e+06 5.7216705021e+06 6.6500000000e+06 5.3473917508e-01 -2.8717593243e+00 2.4846199567e-16 -4.8484835391e+00 5.6351392392e+00 1.0777725727e-06
3.5782476485e+06 5.6052336049e+06 6.6500000000e+06 5.6816037352e-01 -3.0321696973e+00 2.7463738142e-16 -4.7498197649e+00 5.6351433764e+00 1.8119495327e-06
3.7635481773e+06 5.4825363763e+06 6.6500000000e+06 6.0158157196e-01 -3.1891948203e+00 3.0497606653e-16 -4.6458525983e+00 5.6351495070e+00 2.8998836573e-06
3.9446453025e+06 5.3537158533e+06 6.6500000000e+06 6.3500277041e-01 -3.3426597891e+00 3.2394365886e-16 -4.5366984884e+00 5.6351581735e+00 4.4378092732e-06
4.1213367616e+06 5.2189159121e+06 6.6500000000e+06 6.6842396885e-01 -3.4923937345e+00 3.4973755299e-16 -4.4224796256e+00 5.6351699208e+00 6.5224637801e-06
4.2934252129e+06 5.0782871070e+06 6.6500000000e+06 7.0184516729e-01 -3.6382299893e+00 3.6233314253e-16 -4.3033237753e+00 5.6351852649e+00 9.2454079710e-06
4.4607184554e+06 4.9319865026e+06 6.6500000000e+06 7.3526636573e-01 -3.7800062464e+00 3.8757558354e-16 -4.1793641105e+00 5.6352046627e+00 1.2687699000e-05
4.6230296440e+06 4.7801774978e+06 6.6500000000e+06 7.6868756418e-01 -3.9175647100e+00 3.9345650600e-16 -4.0507390471e+00 5.6352284856e+00 1.6915270800e-05
4.7801774978e+06 4.6230296440e+06 6.6500000000e+06 8.0210876262e-01 -4.0507522422e+00 4.2379759902e-16 -3.9175920819e+00 5.6352569992e+00 2.1975243852e-05
4.9319865026e+06 4.4607184554e+06 6.6500000000e+06 8.3552996106e-01 -4.1794205054e+00 4.4136092184e-16 -3.7800716324e+00 5.6352903481e+00 2.7893270854e-05
5.0782871070e+06 4.2934252129e+06 6.6500000000e+06 8.6895115950e-01 -4.3034261042e+00 4.4985608276e-16 -3.6383308805e+00 5.6353285468e+00 3.4671933199e-05
5.2189159121e+06 4.1213367616e+06 6.6500000000e+06 9.0237235795e-01 -4.4226307251e+00 4.7506885384e-16 -3.4925276156e+00 5.6353714764e+00 4.2290134018e-05
5.3537158533e+06 3.9446453025e+06 6.6500000000e+06 9.3579355639e-01 -4.5369012768e+00 4.8009140044e-16 -3.3428240796e+00 5.6354188862e+00 5.0703391179e-05
5.4825363763e+06 3.7635481773e+06 6.6500000000e+06 9.6921475483e-01 -4.6461100297e+00 4.9899195291e-16 -3.1893868093e+00 5.6354703999e+00 5.9844909981e-05
5.6052336049e+06 3.5782476485e+06 6.6500000000e+06 1.0026359533e+00 -4.7501347558e+00 5.2458614723e-16 -3.0323864767e+00 5.6355255249e+00 6.9627301607e-05
5.7216705021e+06 3.3889506732e+06 6.6500000000e+06 1.0360571517e+00 -4.8488588673e+00 5.2371314338e-16 -2.8719977256e+00 5.6355836655e+00 7.9944816600e-05
5.8317170226e+06 3.1958686720e+06 6.6500000000e+06 1.0694783502e+00 -4.9421715546e+00 5.3783599622e-16 -2.7083990036e+00 5.6356441370e+00 9.0675965267e-05
5.9352502585e+06 2.9992172928e+06 6.6500000000e+06 1.1028995486e+00 -5.0299679223e+00 5.5582600151e-16 -2.5417723882e+00 5.6357061823e+00 1.0168641158e-04
6.0321545763e+06 2.7992161701e+06 6.6500000000e+06 1.1363207470e+00 -5.1121491224e+00 5.6340646933e-16 -2.3723034065e+00 5.6357689894e+00 1.1283203711e-04
6.1223217464e+06 2.5960886798e+06 6.6500000000e+06 1.1697419455e+00 -5.1886224842e+00 5.7786565913e-16 -2.2001808482e+00 5.6358317087e+00 1.2396208517e-04
6.2056510634e+06 2.3900616894e+06 6.6500000000e+06 1.2031631439e+00 -5.2593016404e+00 5.9163340444e-16 -2.0255965719e+00 5.6358934710e+00 1.3492230976e-04
6.2820494592e+06 2.1813653046e+06 6.6500000000e+06 1.2365843424e+00 -5.3241066468e+00 6.1045240365e-16 -1.8487453032e+00 5.6359534049e+00 1.4555806508e-04
6.3514316064e+06 1.9702326129e+06 6.6500000000e+06 1.2700055408e+00 -5.3829640971e+00 5.9889619331e-16 -1.6698244265e+00 5.6360106534e+00 1.5571728102e-04
6.4137200141e+06 1.7568994224e+06 6.6500000000e+06 1.3034267393e+00 -5.4358072302e+00 6.0284797151e-16 -1.4890337691e+00 5.6360643901e+00 1.6525328287e-04
6.4688451140e+06 1.5416039993e+06 6.6500000000e+06 1.3368479377e+00 -5.4825760300e+00 6.2314100276e-16 -1.3065753783e+00 5.6361138335e+00 1.7402741966e-04
6.5167453385e+06 1.3245868009e+06 6.6500000000e+06 1.3702691361e+00 -5.5232173168e+00 6.1253609458e-16 -1.1226532931e+00 5.6361582612e+00 1.8191147044e-04
6.5573671890e+06 1.1060902080e+06 6.6500000000e+06 1.4036903346e+00 -5.5576848293e+00 6.3097146148e-16 -9.3747330842e-01 5.6361970215e+00 1.8878981055e-04
6.5906652962e+06 8.8635825324e+05 6.6500000000e+06 1.4371115330e+00 -5.5859392973e+00 6.2706004161e-16 -7.5124273529e-01 5.6362295447e+00 1.9456131533e-04
6.6166024703e+06 6.6563634930e+05 6.6500000000e+06 1.4705327315e+00 -5.6079485043e+00 6.4044557321e-16 -5.6417015544e-01 5.6362553518e+00 1.9914099147e-04
6.6351497428e+06 4.4417101441e+05 6.6500000000e+06 1.5039539299e+00 -5.6236873384e+00 6.1615416514e-16 -3.7646517225e-01 5.6362740623e+00 2.0246132369e-04
6.6462863988e+06 2.2220959710e+05 6.6500000000e+06 1.5373751284e+00 -5.6331378335e+00 6.2082844960e-16 -1.8833815821e-01 5.6362854003e+00 2.0447332894e-04
6.6500000000e+06 4.0719506072e-10 6.6500000000e+06 1.5707963268e+00 -5.6362891982e+00 6.2887412303e-16 -6.6051807981e-15 5.6362891982e+00 2.0514731345e-04
