  0 1.000000e+00 1.000000e+00 1.000000e+00 1.000000e-12
  1 8.723832e-02 8.723832e-02 2.368927e-10 1.000000e-12
  2 4.514707e-07 4.514707e-07 6.043494e-10 1.000000e-12
  3 2.743372e-07 2.743372e-07 6.910685e-16 1.000000e-12
  4 1.861571e-07 1.861571e-07 5.647052e-16 1.000000e-12
  5 1.318307e-07 1.318307e-07 5.303200e-16 1.000000e-12
  6 9.913314e-08 9.913314e-08 5.103331e-16 1.000000e-12
  7 7.686138e-08 7.686138e-08 5.028623e-16 1.000000e-12
  8 6.002073e-08 6.002073e-08 5.205442e-16 1.000000e-12
  9 4.703810e-08 4.703810e-08 5.209294e-16 1.000000e-12
 10 3.695600e-08 3.695600e-08 5.277250e-16 1.000000e-12
 11 2.909091e-08 2.909091e-08 5.089766e-16 1.000000e-12
 12 2.293311e-08 2.293311e-08 5.342942e-16 1.000000e-12
 13 1.809860e-08 1.809860e-08 5.177585e-16 1.000000e-12
 14 1.351475e-08 1.351475e-08 5.219865e-16 1.000000e-12
 15 9.453870e-09 9.453870e-09 5.133580e-16 1.000000e-12
 16 6.004283e-09 6.004283e-09 5.246471e-16 1.000000e-12
 17 3.299810e-09 3.299810e-09 5.253136e-16 1.000000e-12
 18 1.443045e-09 1.443045e-09 5.245606e-16 1.000000e-12
 19 4.330029e-10 4.330029e-10 5.323867e-16 1.000000e-12
 20 6.860744e-11 6.860744e-11 5.130471e-16 1.000000e-12
 21 3.683738e-12 3.683738e-12 5.155494e-16 1.000000e-12
 22 3.293885e-14 3.293885e-14 5.271959e-16 1.000000e-12
