  0 1.000000e+00 1.000000e+00 1.000000e+00 1.000000e-12
  1 8.723832e-02 8.723832e-02 2.368927e-10 1.000000e-12
  2 4.514707e-07 4.514707e-07 6.043494e-10 1.000000e-12
  3 2.743372e-07 2.743372e-07 6.910685e-16 1.000000e-12
  4 1.861571e-07 1.861571e-07 5.647052e-16 1.000000e-12
  5 1.318307e-07 1.318307e-07 5.303200e-16 1.000000e-12
  6 9.913314e-08 9.913314e-08 5.103331e-16 1.000000e-12
  7 7.686138e-08 7.686138e-08 5.028623e-16 1.000000e-12
  8 6.002073e-08 6.002073e-08 5.205442e-16 1.000000e-12
  9 4.703810e-08 4.703810e-08 5.209294e-16 1.000000e-12
 10 3.473023e-08 3.473023e-08 5.215146e-16 1.000000e-12
 11 2.393166e-08 2.393166e-08 5.304075e-16 1.000000e-12
 12 1.487145e-08 1.487145e-08 5.238155e-16 1.000000e-12
 13 7.912111e-09 7.912111e-09 5.251090e-16 1.000000e-12
 14 3.290289e-09 3.290289e-09 5.244228e-16 1.000000e-12
 15 9.101924e-10 9.101924e-10 5.195958e-16 1.000000e-12
 16 1.260344e-10 1.260344e-10 5.337238e-16 1.000000e-12
 17 5.416469e-12 5.416469e-12 5.106015e-16 1.000000e-12
 18 3.371367e-14 3.371367e-14 5.226732e-16 1.000000e-12
