# # t/year,min(w),max(w)
0.000000000000000000e+00 -8.435773547466022808e-12 8.435773543524568581e-12
3.170577045022194206e-14 -4.419426378509979259e-11 4.419426377868371447e-11
6.341154090044388412e-14 -4.862112187102368282e-11 4.862112186960589525e-11
9.511731135066582618e-14 -4.830732019327027493e-11 4.830732018905879470e-11
1.268230818008877682e-13 -4.776905770141661375e-11 4.776905769513373756e-11
1.585288522511097103e-13 -4.730754190186714260e-11 4.730754188897584295e-11
1.902346227013316524e-13 -4.692565336690348065e-11 4.692565335969716070e-11
2.219403931515535944e-13 -4.661754660277700876e-11 4.661754660831646930e-11
2.536461636017755365e-13 -4.636016084295569388e-11 4.636016083609390758e-11
2.853519340519974785e-13 -4.614165896912363837e-11 4.614165896198673697e-11
3.170577045022194206e-13 -4.592995751837946983e-11 4.592995751906875685e-11
3.487634749524413627e-13 -4.571990789641845013e-11 4.571990789291048055e-11
3.804692454026633047e-13 -4.551133467060875216e-11 4.551133466992328439e-11
4.121750158528852468e-13 -4.530601334147749094e-11 4.530601335483042847e-11
4.438807863031071888e-13 -4.510606796487195768e-11 4.510606795788789729e-11
4.755865567533291309e-13 -4.491328605279847329e-11 4.491328605864291790e-11
5.072923272035510730e-13 -4.472892392724867298e-11 4.472892392952377510e-11
5.389980976537730150e-13 -4.455373114727695463e-11 4.455373115731450702e-11
5.707038681039949571e-13 -4.438804952966622822e-11 4.438804953559582074e-11
6.024096385542168991e-13 -4.423192047822147739e-11 4.423192048272153380e-11
6.341154090044388412e-13 -4.408517674349677298e-11 4.408517675369684698e-11
6.658211794546607833e-13 -4.394751319978566959e-11 4.394751320491280644e-11
6.975269499048827253e-13 -4.381853886767770126e-11 4.381853886799738071e-11
7.292327203551046674e-13 -4.369781410776333231e-11 4.369781411237496116e-11
7.609384908053266095e-13 -4.358487660598175380e-11 4.358487660396697447e-11
7.926442612555485515e-13 -4.347925926231562580e-11 4.347925926244679856e-11
8.243500317057704936e-13 -4.338050217457435058e-11 4.338050218273824841e-11
8.560558021559924356e-13 -4.328816045000903705e-11 4.328816044936293144e-11
8.877615726062143777e-13 -4.320180894719741098e-11 4.320180895071993377e-11
9.194673430564363198e-13 -4.312104503818374705e-11 4.312104504353312407e-11
9.511731135066582618e-13 -4.304548982594107878e-11 4.304548982727115290e-11
9.828788839568802039e-13 -4.297478835018558689e-11 4.297478835965506007e-11
1.014584654407102146e-12 -4.290860925239521823e-11 4.290860925805453595e-11
1.046290424857324088e-12 -4.284664388937048751e-11 4.284664389618571905e-11
1.077996195307546030e-12 -4.278860526577758106e-11 4.278860526363734170e-11
1.109701965757767972e-12 -4.273422681365653333e-11 4.273422681010759246e-11
1.141407736207989914e-12 -4.268326111326092039e-11 4.268326111237988257e-11
1.173113506658211856e-12 -4.263547859841461950e-11 4.263547860009715010e-11
1.204819277108433798e-12 -4.259066630390973883e-11 4.259066629975204473e-11
1.236525047558655740e-12 -4.254862663906727492e-11 4.254862664204204904e-11
1.268230818008877682e-12 -4.250917628190913016e-11 4.250917628306256890e-11
1.299936588459099624e-12 -4.247214503956063705e-11 4.247214503985681295e-11
1.331642358909321567e-12 -4.243737490549068692e-11 4.243737491531120134e-11
1.363348129359543509e-12 -4.240471908828929768e-11 4.240471909534199468e-11
1.395053899809765451e-12 -4.237404118066574344e-11 4.237404117432046035e-11
1.426759670259987393e-12 -4.234521428776517915e-11 4.234521427638000091e-11
1.458465440710209335e-12 -4.231812040020240364e-11 4.231812039595739028e-11
1.490171211160431277e-12 -4.229264963991430284e-11 4.229264963915184911e-11
1.521876981610653219e-12 -4.226869967808065288e-11 4.226869968154341187e-11
1.553582752060875161e-12 -4.224617514522267659e-11 4.224617515523830223e-11
1.585288522511097103e-12 -4.222498715444686700e-11 4.222498715075117266e-11
1.616994292961319045e-12 -4.220505273010168988e-11 4.220505272529273322e-11
1.648700063411540987e-12 -4.218629445249894829e-11 4.218629446208933201e-11
1.680405833861762929e-12 -4.216864003259467555e-11 4.216864002415455109e-11
1.712111604311984871e-12 -4.215202189167986706e-11 4.215202190296569962e-11
1.743817374762206813e-12 -4.213637692447219826e-11 4.213637692501175913e-11
1.775523145212428755e-12 -4.212164604344950917e-11 4.212164605101015322e-11
1.807228915662650697e-12 -4.210777401376443231e-11 4.210777400927724891e-11
1.838934686112872640e-12 -4.209470910989779881e-11 4.209470910196146612e-11
1.870640456563094582e-12 -4.208240290926128151e-11 4.208240290654472990e-11
1.902346227013316524e-12 -4.207081004516269682e-11 4.207081003907546823e-11
1.934051997463538466e-12 -4.205988800363431625e-11 4.205988799478425271e-11
1.965757767913760408e-12 -4.204959692055707592e-11 4.204959691536530912e-11
1.997463538363982350e-12 -4.203989943418774093e-11 4.203989942297008615e-11
2.029169308814204292e-12 -4.203076047248213613e-11 4.203076047325909137e-11
2.060875079264426234e-12 -4.202214714042223825e-11 4.202214713919194926e-11
2.092580849714648176e-12 -4.201402855243507071e-11 4.201402855133021591e-11
2.124286620164870118e-12 -4.200637569021586591e-11 4.200637569178529248e-11
2.155992390615092060e-12 -4.199916133925467112e-11 4.199916133489898358e-11
2.187698161065314002e-12 -4.199235989373204916e-11 4.199235988752283081e-11
2.219403931515535944e-12 -4.198594731597254592e-11 4.198594731837625523e-11
2.251109701965757886e-12 -4.197990100684265234e-11 4.197990101642272216e-11
2.282815472415979828e-12 -4.197419972379137124e-11 4.197419971524969744e-11
2.314521242866201770e-12 -4.196882347179981762e-11 4.196882347169894036e-11
2.346227013316423712e-12 -4.196375347361339243e-11 4.196375347828128249e-11
2.377932783766645655e-12 -4.195897205282238797e-11 4.195897204069336756e-11
2.409638554216867597e-12 -4.195446256310666428e-11 4.195446256259090424e-11
2.441344324667089539e-12 -4.195020937682461510e-11 4.195020938149242761e-11
2.473050095117311481e-12 -4.194619774331901592e-11 4.194619774438902574e-11
2.504755865567533423e-12 -4.194241380894435907e-11 4.194241381119457468e-11
2.536461636017755365e-12 -4.193884452690096165e-11 4.193884451858625846e-11
2.568167406467977307e-12 -4.193547758742681549e-11 4.193547758102128392e-11
2.599873176918199249e-12 -4.193230141941917131e-11 4.193230141559346098e-11
2.631578947368421191e-12 -4.192930513299056755e-11 4.192930512679268416e-11
2.663284717818643133e-12 -4.192647844906355925e-11 4.192647845105173955e-11
2.694990488268865075e-12 -4.192381169423227218e-11 4.192381169885861579e-11
2.726696258719087017e-12 -4.192129576405626306e-11 4.192129576926926514e-11
2.758402029169308959e-12 -4.191892206592071823e-11 4.191892207315702348e-11
2.790107799619530901e-12 -4.191668251359259705e-11 4.191668251243597883e-11
2.821813570069752843e-12 -4.191456947014977083e-11 4.191456947567025146e-11
2.853519340519974785e-12 -4.191257575483168099e-11 4.191257576145151050e-11
2.885225110970196728e-12 -4.191069459039340310e-11 4.191069458274219569e-11
2.916930881420418670e-12 -4.190891958465427178e-11 4.190891958798628453e-11
2.948636651870640612e-12 -4.190724472617205572e-11 4.190724473729411944e-11
2.980342422320862554e-12 -4.190566433872259462e-11 4.190566434271322409e-11
3.012048192771084496e-12 -4.190417306934102934e-11 4.190417307569901095e-11
3.043753963221306438e-12 -4.190276587245292351e-11 4.190276587139278816e-11
3.075459733671528380e-12 -4.190143799241542111e-11 4.190143799969097219e-11
3.107165504121750322e-12 -4.190018493806849857e-11 4.190018493502014414e-11
3.138871274571972264e-12 -4.189900248619696123e-11 4.189900247419800852e-11
3.170577045022194206e-12 -4.189788662665684537e-11 4.189788662736566161e-11
3.202282815472416148e-12 -4.189683361599831905e-11 4.189683362014434215e-11
