0.000000000000000000e+00 -2.481917899287530878e-04 -7.610061635487854609e-23 2.415367388654840811e-22 -4.466775307786349444e-22 5.134706579093530379e-22 2.795534913063320954e-08 2.795534913063322278e-08 2.795534913063322278e-08 -2.326445472805390336e-24 -4.652890945610780671e-25 -3.877409121342317226e-24 -2.481917899287531962e-04 0.000000000000000000e+00 2.795534913063323932e-08 2.795534913063323932e-08 2.795534913063323932e-08 0.000000000000000000e+00 0.000000000000000000e+00 0.000000000000000000e+00
5.135221514209491289e+01 -2.099815059205762736e-04 -1.307501710609573227e-07 -3.831924049260302748e-07 -1.495103693903545335e-06 1.548956772137134434e-06 2.152554956367746269e-08 2.303072954808760992e-08 3.930976828013469168e-08 -4.223470542470240092e-10 -1.409560773427534287e-09 -4.238109658359633527e-09 -2.099815059205763278e-04 1.548956772137135069e-06 2.152554956367743622e-08 2.303072954808760992e-08 3.930976828013467844e-08 -4.223470542470288689e-10 -1.409560773427534907e-09 -4.238109658359633527e-09
1.027044302841897832e+02 -1.250935916961098092e-04 -1.111397277880066261e-07 -3.275360242377477056e-07 -1.096723046055269510e-06 1.149971010945498282e-06 9.022370626413528346e-09 8.504553202199462235e-09 -1.752692382861299224e-08 -6.301901571859344116e-10 -2.161244372939200709e-09 -6.962677323406933030e-09 -1.250935916961097550e-04 1.149971010945498917e-06 9.022370626413521728e-09 8.504553202199465544e-09 -1.752692382861298562e-08 -6.301901571859447513e-10 -2.161244372939204845e-09 -6.962677323406937165e-09
1.540566454262846889e+02 -8.437209921261847880e-05 -6.129254298392838518e-08 -1.747214239604305079e-07 -5.088330882999570935e-07 5.414752658848501938e-07 3.243198180944795239e-09 2.472004037363623548e-09 -5.715202218308423751e-09 -3.411751275164479823e-10 -1.037210969106484008e-09 -3.028824443504341379e-09 -8.437209921261858722e-05 5.414752658848492409e-07 3.243198180944798135e-09 2.472004037363626030e-09 -5.715202218308423751e-09 -3.411751275164444668e-10 -1.037210969106496209e-09 -3.028824443504335589e-09
2.054088605683795663e+02 -6.340189123706846451e-05 -3.597387969332973276e-08 -1.017452895836243668e-07 -2.880110305530051799e-07 3.075655664941213847e-07 1.417280179391132272e-09 1.015326048381099419e-09 -2.432606227772238721e-09 -1.662917666586584602e-10 -4.803103517142958132e-10 -1.367596659405538508e-09 -6.340189123706841030e-05 3.075655664941229729e-07 1.417280179391135787e-09 1.015326048381100039e-09 -2.432606227772239135e-09 -1.662917666586565991e-10 -4.803103517142898161e-10 -1.367596659405538508e-09
2.567610757104744721e+02 -5.074812489993038708e-05 -2.329613285714836163e-08 -6.576096500251144719e-08 -1.846187610898271561e-07 1.973608402660013977e-07 7.326212756791529117e-10 5.148183139081587392e-10 -1.247439589587315683e-09 -8.896408689449502200e-11 -2.521875252366955834e-10 -7.135983463314923315e-10 -5.074812489993048195e-05 1.973608402660008948e-07 7.326212756791565306e-10 5.148183139081599800e-10 -1.247439589587316511e-09 -8.896408689449535805e-11 -2.521875252366955317e-10 -7.135983463314920213e-10
3.081132908525693779e+02 -4.229803883851697747e-05 -1.624636254207996496e-08 -4.583220294402086132e-08 -1.282778169539919266e-07 1.371850336043712505e-07 4.254202415135270558e-10 2.967831786823181723e-10 -7.222034201958493641e-10 -5.234285749798882217e-11 -1.472431662865451149e-10 -4.158224736135302432e-10 -4.229803883851718075e-05 1.371850336043698741e-07 4.254202415135269524e-10 2.967831786823204471e-10 -7.222034201958492607e-10 -5.234285749798733583e-11 -1.472431662865451666e-10 -4.158224736135302949e-10
3.594655059946642268e+02 -3.625837217423733531e-05 -1.195767676660278111e-08 -3.372528113956259403e-08 -9.426669696930747563e-08 1.008295134328254754e-07 2.682938463706822979e-10 1.865736460641937970e-10 -4.548674924348777235e-10 -3.320318795546025076e-11 -9.307345113272173995e-11 -2.626428607721470524e-10 -3.625837217423751827e-05 1.008295134328268254e-07 2.682938463706815742e-10 1.865736460641962010e-10 -4.548674924348774133e-10 -3.320318795546023138e-11 -9.307345113272171410e-11 -2.626428607721470007e-10
4.108177211367591326e+02 -3.172731048449007696e-05 -9.163104678594290601e-09 -2.584064125059634945e-08 -7.218094875894654959e-08 7.721263233004406494e-08 1.798627828421027213e-10 1.248827404386971680e-10 -3.047455232807969941e-10 -2.232359325539398829e-11 -6.246468444535410586e-11 -1.762073911075103487e-10 -3.172731048449009051e-05 7.721263233004406494e-08 1.798627828421019716e-10 1.248827404386975298e-10 -3.047455232807969941e-10 -2.232359325539249548e-11 -6.246468444535408001e-11 -1.762073911075103746e-10
4.621699362788540384e+02 -2.820263762203696904e-05 -7.243347766535467748e-09 -2.042563449085339878e-08 -5.703520748023958739e-08 6.101383059220992587e-08 1.263707505274980192e-10 8.766859239743625176e-11 -2.140393429249276535e-10 -1.570890273459366558e-11 -4.391288345259628948e-11 -1.238527971075183543e-10 -2.820263762203560363e-05 6.101383059220991264e-08 1.263707505274913501e-10 8.766859239743479127e-11 -2.140393429249276277e-10 -1.570890273459663826e-11 -4.391288345259627655e-11 -1.238527971075183026e-10
5.135221514209489442e+02 -2.538267404907586141e-05 -5.868667232638671854e-09 -1.654863735123226836e-08 -4.620006074613189049e-08 4.942412635764362810e-08 9.214399473934704317e-11 6.389336311112603611e-11 -1.560373578504751343e-10 -1.146454017309397517e-11 -3.202989947789847234e-11 -9.032914820657326106e-11 -2.538267404907508553e-05 4.942412635764364795e-08 9.214399473934927914e-11 6.389336311112752245e-11 -1.560373578504748500e-10 -1.146454017307618917e-11 -3.202989947789847234e-11 -9.032914820657326106e-11
5.648743665630438500e+02 -2.307532323204361749e-05 -4.850915060622422756e-09 -1.367850079648731726e-08 -3.818263718383964568e-08 4.084784625017102887e-08 6.923810052535097610e-11 4.799623964448871012e-11 -1.172343401698366101e-10 -8.619309005366494351e-12 -2.407242471610822890e-11 -6.788406497346448851e-11 -2.307532323204555550e-05 4.084784625017270970e-08 6.923810052535173865e-11 4.799623964448716561e-11 -1.172343401698368169e-10 -8.619309005366495967e-12 -2.407242471610821921e-11 -6.788406497346450144e-11
6.162265817051387558e+02 -2.115247541323250375e-05 -4.076529294760363757e-09 -1.149477523173434497e-08 -3.208442980324517446e-08 3.432431477128858536e-08 5.333533322723737829e-11 3.696550906627607742e-11 -9.030084229350673486e-11 -6.641920220975377937e-12 -1.854573587015247093e-11 -5.229703093369622156e-11 -2.115247541323327625e-05 3.432431477128857874e-08 5.333533322723441853e-11 3.696550906627575430e-11 -9.030084229350664439e-11 -6.641920220963524374e-12 -1.854573587015247739e-11 -5.229703093369621510e-11
6.675787968472336615e+02 -1.952542010342034692e-05 -3.473723990695214352e-09 -9.794945941639048127e-09 -2.733844096700450120e-08 2.924718924733713228e-08 4.195194305518425433e-11 2.907239189458629733e-11 -7.102433494977116882e-11 -5.225534536350120846e-12 -1.458870747288874356e-11 -4.113770607894333898e-11 -1.952542010341957443e-05 2.924718924734055350e-08 4.195194305518350470e-11 2.907239189458704050e-11 -7.102433494977138854e-11 -5.225534536350120038e-12 -1.458870747288874356e-11 -4.113770607894334544e-11
7.189310119893284536e+02 -1.813078396481476859e-05 -2.995336471026822215e-09 -8.445983263222679404e-09 -2.357256506982006130e-08 2.521849515391832419e-08 3.359030314603075380e-11 2.327590279481974527e-11 -5.686620594084861207e-11 -4.184665621208782936e-12 -1.168161420207838817e-11 -3.293969824008999830e-11 -1.813078396481554786e-05 2.521849515391831758e-08 3.359030314603001709e-11 2.327590279482057892e-11 -5.686620594084881240e-11 -4.184665621202855347e-12 -1.168161420207839140e-11 -3.293969824008999830e-11
7.702832271314233594e+02 -1.692208899020104012e-05 -2.609353463083059304e-09 -7.357597732822973795e-09 -2.053440475216847673e-08 2.196826685060122310e-08 2.731085887796122215e-11 1.892355525618229931e-11 -4.623441413414203835e-11 -3.402749514318335582e-12 -9.498197109946870292e-12 -2.678264415268265319e-11 -1.692208899020103673e-05 2.196826685060263923e-08 2.731085887795825593e-11 1.892355525618183402e-11 -4.623441413414214175e-11 -3.402749514303519032e-12 -9.498197109946868677e-12 -2.678264415268264996e-11
8.216354422735182652e+02 -1.586447450645516412e-05 -2.293429014399751287e-09 -6.466769524613842153e-09 -1.804786785748893156e-08 1.930814488577157507e-08 2.250386613805871457e-11 1.559216523483669276e-11 -3.809603137289431843e-11 -2.804051839525469872e-12 -7.826634005582734881e-12 -2.206907455860147152e-11 -1.586447450645516751e-05 1.930814488577441727e-08 2.250386613805723469e-11 1.559216523483613700e-11 -3.809603137289426026e-11 -2.804051839525469872e-12 -7.826634005582733265e-12 -2.206907455860147798e-11
8.729876574156131710e+02 -1.493128118657974220e-05 -2.031583210533647878e-09 -5.728434294640819609e-09 -1.598707178047620411e-08 1.710347198446671535e-08 1.876187031334847737e-11 1.299906736257572535e-11 -3.176093767592394907e-11 -2.337922639766907963e-12 -6.525335307793801002e-12 -1.839965276264045454e-11 -1.493128118657819043e-05 1.710347198446671866e-08 1.876187031334699426e-11 1.299906736257692735e-11 -3.176093767592365827e-11 -2.337922639760979970e-12 -6.525335307793801002e-12 -1.839965276264046423e-11
9.243398725577080768e+02 -1.410177334623219874e-05 -1.812144399518709372e-09 -5.109678321942228806e-09 -1.426009527894750621e-08 1.525591679457823909e-08 1.580555334486576926e-11 1.095054950232179313e-11 -2.675610284719055283e-11 -1.969619949984877916e-12 -5.497218072331523801e-12 -1.550058387902345496e-11 -1.410177334623375050e-05 1.525591679457824240e-08 1.580555334486576926e-11 1.095054950232253145e-11 -2.675610284719043005e-11 -1.969619949978950327e-12 -5.497218072331527032e-12 -1.550058387902345819e-11
9.756920876998029826e+02 -1.335958032989379347e-05 -1.626427324068201836e-09 -4.586010001505037306e-09 -1.279854920476980752e-08 1.369231957417346293e-08 1.343908473944539595e-11 9.310830799999264380e-12 -2.274991553944707887e-11 -1.674775556068452958e-12 -4.674206697559514518e-12 -1.317988815204332517e-11 -1.335958032989379517e-05 1.369231957417418258e-08 1.343908473944539595e-11 9.310830799999634350e-12 -2.274991553944704655e-11 -1.674775556068453160e-12 -4.674206697559513711e-12 -1.317988815204332356e-11
1.027044302841897888e+03 -1.269160538665995854e-05 -1.467861181258638247e-09 -4.138900607864980122e-09 -1.155070101120023823e-08 1.235733824653890976e-08 1.152240202904767324e-11 7.982814332000778150e-12 -1.950521636104743842e-11 -1.435955097611098424e-12 -4.007606325270895617e-12 -1.130024569253279704e-11 -1.269160538665995854e-05 1.235733824654251130e-08 1.152240202904767809e-11 7.982814332001149735e-12 -1.950521636104720577e-11 -1.435955097602207040e-12 -4.007606325270894001e-12 -1.130024569253279058e-11
1.078396517983992680e+03 -1.208724624546051319e-05 -1.331400790285952178e-09 -3.754123635823329279e-09 -1.047683362303460441e-08 1.120848406798037183e-08 9.953528984875214269e-12 6.895815307556629834e-12 -1.684934429243262686e-11 -1.240461887445820302e-12 -3.461960254878757767e-12 -9.761670675141528191e-12 -1.208724624545740289e-05 1.120848406797833696e-08 9.953528984875211038e-12 6.895815307556629027e-12 -1.684934429243258162e-11 -1.240461887439892713e-12 -3.461960254878756556e-12 -9.761670675141529807e-12
1.129748733126087700e+03 -1.153782823285253169e-05 -1.213120515118613526e-09 -3.420609605321938319e-09 -9.546045798847139809e-09 1.021269904823937689e-08 8.657020982708493664e-12 5.997544572386234194e-12 -1.465456555509179072e-11 -1.078900800762577761e-12 -3.011034943098354314e-12 -8.490187368919510321e-12 -1.153782823284631277e-05 1.021269904824212809e-08 8.657020982707010555e-12 5.997544572385124286e-12 -1.465456555509178749e-11 -1.078900800768505350e-12 -3.011034943098353102e-12 -8.490187368919510321e-12
1.181100948268182492e+03 -1.103618525742328575e-05 -1.109928893544434111e-09 -3.129641300038376177e-09 -8.734004136768962700e-09 9.343951256119010021e-09 7.576248890622892284e-12 5.248756698993180695e-12 -1.282500558961716592e-11 -9.442187558430445854e-13 -2.635138318696826238e-12 -7.430267053613082423e-12 -1.103618525742949958e-05 9.343951256114946910e-09 7.576248890622892284e-12 5.248756698994292219e-12 -1.282500558961702214e-11 -9.442187558460081780e-13 -2.635138318696825834e-12 -7.430267053613084039e-12
1.232453163410277512e+03 -1.057634553895603813e-05 -1.019364649197050110e-09 -2.874278525271623024e-09 -8.021336483236067421e-09 8.581516200891553446e-09 6.668144535348309450e-12 4.619606204857124353e-12 -1.128775074020646859e-11 -8.310510370348357814e-13 -2.319293342239162707e-12 -6.539677160299323782e-12 -1.057634553895603813e-05 8.581516200886684661e-09 6.668144535348307835e-12 4.619606204856381183e-12 -1.128775074020642658e-11 -8.310510370407631687e-13 -2.319293342239162303e-12 -6.539677160299325397e-12
1.283805378552372304e+03 -1.015329275691942910e-05 -9.394486078037119228e-10 -2.648940522653871265e-09 -7.392465814452187523e-09 7.908729379432979244e-09 5.899558423054493672e-12 4.087122218407235746e-12 -9.986680641463834528e-12 -7.352680432760513966e-13 -2.051971832088811060e-12 -5.785910563173197642e-12 -1.015329275691942740e-05 7.908729379438650395e-09 5.899558423054492864e-12 4.087122218406495000e-12 -9.986680641463881380e-12 -7.352680432760512956e-13 -2.051971832088810252e-12 -5.785910563173196834e-12
1.335157593694467323e+03 -9.762782315245354371e-06 -8.685746720386587394e-10 -2.449098531136815013e-09 -6.834751796062283574e-09 7.312067948938944542e-09 5.244693887175864110e-12 3.633429710881115891e-12 -8.878123598054915685e-12 -6.536559076911341401e-13 -1.824202411533283975e-12 -5.143669981663855083e-12 -9.762782315245356065e-06 7.312067948936108967e-09 5.244693887175862495e-12 3.633429710880745114e-12 -8.878123598054823596e-12 -6.536559076911340391e-13 -1.824202411533284783e-12 -5.143669981663854275e-12
1.386509808836562115e+03 -9.401198434999108309e-06 -8.054285107622700538e-10 -2.271046503386513049e-09 -6.337850624161240700e-09 6.780465901446143933e-09 4.683272608363138480e-12 3.244477885871801913e-12 -7.927750494235264318e-12 -5.836881076163249878e-13 -1.628932681306990785e-12 -4.593069335381664322e-12 -9.401198434999106615e-06 6.780465901446143933e-09 4.683272608363138480e-12 3.244477885871431943e-12 -7.927750494235403258e-12 -5.836881076163249878e-13 -1.628932681306990381e-12 -4.593069335381664322e-12
1.437862023978656907e+03 -9.065441868740140247e-06 -7.489261952917068195e-10 -2.111728070225061774e-09 -5.893231945256629276e-09 6.304797272645949384e-09 4.199205096734289968e-12 2.909118675026356356e-12 -7.108323771761038911e-12 -5.233599143033266927e-13 -1.460566934781082120e-12 -4.118330141487965729e-12 -9.065441868740141941e-06 6.304797272645949384e-09 4.199205096734290775e-12 2.909118675026357567e-12 -7.108323771761088186e-12 -5.233599143033269956e-13 -1.460566934781081717e-12 -4.118330141487966536e-12
1.489214239120751927e+03 -8.752840845458270355e-06 -6.981673800389349691e-10 -1.968604520105256953e-09 -5.493810301994104328e-09 5.877481865682431232e-09 3.779614997764669144e-12 2.618430521427159024e-12 -6.398045519190786922e-12 -4.710668836364572123e-13 -1.314626884339576578e-12 -3.706824805120666525e-12 -8.752840845458270355e-06 5.877481865682431232e-09 3.779614997764669952e-12 2.618430521427528994e-12 -6.398045519190786922e-12 -4.710668836364572123e-13 -1.314626884339575972e-12 -3.706824805120668141e-12
1.540566454262846719e+03 -8.461079825996755503e-06 -6.523992181640400402e-10 -1.839553048011081297e-09 -5.133661094146337459e-09 5.492181386831618398e-09 3.414114719046896425e-12 2.365216373554410822e-12 -5.779331092602396960e-12 -4.255146356111147673e-13 -1.187499768693443956e-12 -3.348366320210941411e-12 -8.461079826009184864e-06 5.492181386831616744e-09 3.414114719046896425e-12 2.365216373554409610e-12 -5.779331092602371111e-12 -4.255146356111149692e-13 -1.187499768693443956e-12 -3.348366320210942623e-12
1.591918669404941511e+03 -8.188142047213423674e-06 -6.109882879708671338e-10 -1.722787595304190440e-09 -4.807799610282644723e-09 5.143563052904622501e-09 3.094261834744089901e-12 2.143626980539233244e-12 -5.237888815284365199e-12 -3.856511430928954070e-13 -1.076249317178440639e-12 -3.034675222530850746e-12 -8.188142047238285785e-06 5.143563052904620847e-09 3.094261834744090305e-12 2.143626980539974395e-12 -5.237888815284366006e-12 -3.856511430928953565e-13 -1.076249317178440639e-12 -3.034675222530850342e-12
1.643270884547036530e+03 -7.932262839222301931e-06 -5.733985607495355477e-10 -1.616796724255243831e-09 -4.512007617659702313e-09 4.827114075599550794e-09 2.813147056318990923e-12 1.948875372897610439e-12 -4.762022429215419964e-12 -3.506154047237463005e-13 -9.784724626890384144e-13 -2.758975547836329656e-12 -7.932262839234734681e-06 4.827114075599550794e-09 2.813147056318990519e-12 1.948875372897610439e-12 -4.762022429215443390e-12 -3.506154047237462500e-13 -9.784724626890384144e-13 -2.758975547836330060e-12
1.694623099689131323e+03 -7.691891429621804485e-06 -5.391739692461422426e-10 -1.520294465038895548e-09 -4.242696162714420577e-09 4.538994884184406124e-09 2.565079003669355062e-12 1.777018429526354662e-12 -4.342097433195570986e-12 -3.196981739793430817e-13 -8.921897149994702036e-13 -2.515685708591528092e-12 -7.691891429621802790e-06 4.538994884184405297e-09 2.565079003669354254e-12 1.777018429525613310e-12 -4.342097433195523326e-12 -3.196981739793430312e-13 -8.921897149994701027e-13 -2.515685708591527284e-12
1.745975314831226342e+03 -7.465659488494361408e-06 -5.079245094044387168e-10 -1.432181127130681246e-09 -3.996796190993136905e-09 4.275922108797154016e-09 2.345340925660367919e-12 1.624788305856704112e-12 -3.970129231518484256e-12 -2.923116497842308023e-13 -8.157605544965162111e-13 -2.300179923123936555e-12 -7.465659488494360561e-06 4.275922108797153188e-09 2.345340925660367111e-12 1.624788305856518723e-12 -3.970129231518552918e-12 -2.923116497842308023e-13 -8.157605544965163121e-13 -2.300179923123937363e-12
1.797327529973321361e+03 -7.252355065617981008e-06 -4.793150815550482234e-10 -1.351511833699897716e-09 -3.771670722164899132e-09 4.035074623903859575e-09 2.150001410143152746e-12 1.489461275397879252e-12 -3.639462685542373946e-12 -2.679658923319664778e-13 -7.478176006770555771e-13 -2.108602586922219190e-12 -7.252355065617982702e-06 4.035074623903858748e-09 2.150001410143151939e-12 1.489461275397138505e-12 -3.639462685542397372e-12 -2.679658923319665788e-13 -7.478176006770555771e-13 -2.108602586922219190e-12
1.848679745115416154e+03 -7.050900871122605474e-06 -4.530564696656727008e-10 -1.277471086426544630e-09 -3.565043858656471490e-09 3.814017600314131028e-09 1.975765969784130122e-12 1.368754896203237959e-12 -3.344520865987160882e-12 -2.462503311542527084e-13 -6.872149960260168510e-13 -1.937722727658797500e-12 -7.050900871122604627e-06 3.814017600311247476e-09 1.975765969784130929e-12 1.368754896203238363e-12 -3.344520865987091412e-12 -2.462503311542527588e-13 -6.872149960260167500e-13 -1.937722727658797096e-12
1.900031960257511173e+03 -6.860336078324146797e-06 -4.288980038278238012e-10 -1.209352074994646907e-09 -3.374943038903978479e-09 3.610640726356995665e-09 1.819859835707355613e-12 1.260746802168394427e-12 -3.080606637872695166e-12 -2.268191609098725837e-13 -6.329876426959433594e-13 -1.784819063640246993e-12 -6.860336078324147644e-06 3.610640726356994837e-09 1.819859835707356017e-12 1.260746802168209846e-12 -3.080606637872694762e-12 -2.268191609098725080e-13 -6.329876426959435614e-13 -1.784819063640247195e-12
1.951384175399605965e+03 -6.679800999651031115e-06 -4.066215558480499528e-10 -1.146539747257640852e-09 -3.199651784586883047e-09 3.423107655965837360e-09 1.679934766353122419e-12 1.163810134765334174e-12 -2.843744901118340675e-12 -2.093797292497902227e-13 -5.843187913607228174e-13 -1.647588612674116932e-12 -6.679800999651029421e-06 3.423107655965836119e-09 1.679934766353122822e-12 1.163810134765334174e-12 -2.843744901118295034e-12 -2.093797292497901722e-13 -5.843187913607229184e-13 -1.647588612674117134e-12
2.002736390541700757e+03 -6.508524120453690182e-06 -3.860365986617402568e-10 -1.088496876649094102e-09 -3.037670818120308002e-09 3.249814410891929797e-09 1.553994474686172082e-12 1.076561875368862050e-12 -2.630556350055660172e-12 -1.936832445188850216e-13 -5.405141050124009166e-13 -1.524073559255236649e-12 -6.508524120453689335e-06 3.249814410890488021e-09 1.553994474686172284e-12 1.076561875368862252e-12 -2.630556350055682790e-12 -1.936832445188850974e-13 -5.405141050124008156e-13 -1.524073559255236851e-12
2.054088605683795777e+03 -6.345811076962026381e-06 -3.669761183880024083e-10 -1.034752538247403749e-09 -2.887685896996288736e-09 3.089354969340336592e-09 1.440334591444963085e-12 9.978212493676008306e-13 -2.438155840811822160e-12 -1.795172942229425138e-13 -5.009807782442153830e-13 -1.412602376604106385e-12 -6.345811076962026381e-06 3.089354969340335765e-09 1.440334591444962883e-12 9.978212493674158459e-13 -2.438155840811845989e-12 -1.795172942229424886e-13 -5.009807782442154840e-13 -1.412602376604106385e-12
2.105440820825890569e+03 -6.191035248260377566e-06 -3.492932170825696136e-10 -9.848925260083634375e-10 -2.748541071875681372e-09 2.940492656524505848e-09 1.337494052992418060e-12 9.265760460521573560e-13 -2.264070099042283705e-12 -1.666997874515395199e-13 -4.652106298415819820e-13 -1.311742152744925002e-12 -6.191035248272807775e-06 2.940492656524506261e-09 1.337494052992417858e-12 9.265760460517867807e-13 -2.264070099042236449e-12 -1.666997874515395956e-13 -4.652106298415819820e-13 -1.311742152744924800e-12
2.156793035967985361e+03 -6.043629691495355308e-06 -3.328582732594686765e-10 -9.385513491002552233e-10 -2.619216347078817098e-09 2.802136245399228927e-09 1.244215525022055355e-12 8.619551991016406073e-13 -2.106170724123950821e-12 -1.550740229934719461e-13 -4.327663380153922774e-13 -1.220259777663184080e-12 -6.043629691482924253e-06 2.802136245403295347e-09 1.244215525022055153e-12 8.619551991012702339e-13 -2.106170724123927395e-12 -1.550740229934719461e-13 -4.327663380153921764e-13 -1.220259777663184484e-12
2.208145251110080608e+03 -5.903080202177170746e-06 -3.175565598593116913e-10 -8.954055143265417948e-10 -2.498808934597220830e-09 2.673319901436967404e-09 1.159413015717708073e-12 8.032063482826779113e-13 -1.962619364000594092e-12 -1.445046531906555178e-13 -4.032701760671540763e-13 -1.137090181299200745e-12 -5.903080202202031163e-06 2.673319901436967817e-09 1.159413015717707669e-12 8.032063482823075379e-13 -1.962619364000571070e-12 -1.445046531906555430e-13 -4.032701760671543287e-13 -1.137090181299200543e-12
2.259497466252175400e+03 -5.768919322009848816e-06 -3.032862371145301475e-10 -8.551678659735350811e-10 -2.386517455881568649e-09 2.553186281461706645e-09 1.082145241770398537e-12 7.496773870063360445e-13 -1.831822628777775928e-12 -1.348743650751497427e-13 -3.763947488927784515e-13 -1.061310213151686016e-12 -5.768919321997417761e-06 2.553186281461706645e-09 1.082145241770398133e-12 7.496773870067064179e-13 -1.831822628777799354e-12 -1.348743650751496669e-13 -3.763947488927784515e-13 -1.061310213151686420e-12
2.310849681394270192e+03 -5.640721143897335890e-06 -2.899566532642158596e-10 -8.175827951975457489e-10 -2.281628573394495029e-09 2.440972231449062345e-09 1.011593622761644220e-12 7.008012165717658650e-13 -1.712394839332715282e-12 -1.260811376954049652e-13 -3.518553392300135278e-13 -9.921170610111897434e-13 -5.640721143897335043e-06 2.440972231454736390e-09 1.011593622761644018e-12 7.008012165717656630e-13 -1.712394839332715080e-12 -1.260811376954050157e-13 -3.518553392300134773e-13 -9.921170610111895415e-13
2.362201896536364984e+03 -5.518096796764235871e-06 -2.774869014643227706e-10 -7.824221710054881016e-10 -2.183505633619882375e-09 2.335996636601811476e-09 9.470440183345686000e-13 6.560830935338425559e-13 -1.603127111869569027e-12 -1.180359663985177635e-13 -3.294035556827523354e-13 -9.288103402746668490e-13 -5.518096796764235024e-06 2.335996636607485521e-09 9.470440183345681961e-13 6.560830935334723844e-13 -1.603127111869615071e-12 -1.180359663985177130e-13 -3.294035556827523354e-13 -9.288103402746666471e-13
2.413554111678460231e+03 -5.400690504316340638e-06 -2.658045893846882363e-10 -7.494818704733283982e-10 -2.091578983305598121e-09 2.237650061406349606e-09 8.878715069926779267e-13 6.150900843906135446e-13 -1.502961591382873438e-12 -1.106609657655128077e-13 -3.088220386027917053e-13 -8.707771661247824160e-13 -5.400690504316340638e-06 2.237650061406350020e-09 8.878715069926778257e-13 6.150900843904278530e-13 -1.502961591382874044e-12 -1.106609657655127699e-13 -3.088220386027918568e-13 -8.707771661247823150e-13
2.464906326820555023e+03 -5.288176138642393264e-06 -2.548447859722375236e-10 -7.185788089727908687e-10 -2.005337683248034307e-09 2.145385884519748390e-09 8.335276482501960869e-13 5.774422407841457252e-13 -1.410969889035707993e-12 -1.038877821672022320e-13 -2.899200296893473305e-13 -8.174796612756762362e-13 -5.288176138642391569e-06 2.145385884519749631e-09 8.335276482501960869e-13 5.774422407843309118e-13 -1.410969889035684769e-12 -1.038877821672022446e-13 -2.899200296893473810e-13 -8.174796612756763371e-13
2.516258541962649815e+03 -5.180254193959125414e-06 -2.445491173377546194e-10 -6.895483913043231285e-10 -1.924322392952811372e-09 2.058712686792571613e-09 7.835297815228369922e-13 5.428051857796402584e-13 -1.326334967302616191e-12 -9.765626013849543888e-14 -2.725296500573951474e-13 -7.684444610304714916e-13 -5.180254193959125414e-06 2.058712686792571613e-09 7.835297815228371942e-13 5.428051857794549707e-13 -1.326334967302662639e-12 -9.765626013849543888e-14 -2.725296500573950465e-13 -7.684444610304713906e-13
2.567610757104744607e+03 -5.076649125504838442e-06 -2.348649882395640821e-10 -6.622423153900232627e-10 -1.848119241830909226e-09 1.977187694433576953e-09 7.374520025187767756e-13 5.108838623577456831e-13 -1.248335864877703150e-12 -9.191331786544471992e-14 -2.565027616023924071e-13 -7.232538636656233788e-13 -5.076649125504838442e-06 1.977187694433577780e-09 7.374520025187767756e-13 5.108838623577455821e-13 -1.248335864877726374e-12 -9.191331786544478303e-14 -2.565027616023924575e-13 -7.232538636656232779e-13
2.618962972246839399e+03 -4.977106999431967999e-06 -2.257449083810267163e-10 -6.365266742137109039e-10 -1.776354532829433623e-09 1.900411112614636685e-09 6.949175270657734337e-13 4.814172431166370408e-13 -1.176334770182688557e-12 -8.661199533641335250e-14 -2.417083111476118741e-13 -6.815383413224799580e-13 -4.977106999431969694e-06 1.900411112614636685e-09 6.949175270657735347e-13 4.814172431171928028e-13 -1.176334770182688557e-12 -8.661199533641337774e-14 -2.417083111476118741e-13 -6.815383413224802609e-13
2.670315187388934646e+03 -4.881393415535504298e-06 -2.171459095369625416e-10 -6.122803116012600707e-10 -1.708690152359848749e-09 1.828021215077848651e-09 6.555922068721727004e-13 4.541738380416276226e-13 -1.109766044914957841e-12 -8.171064639087762202e-14 -2.280300750460969738e-13 -6.429701807881006489e-13 -4.881393415535504298e-06 1.828021215077848444e-09 6.555922068721725995e-13 4.541738380412569968e-13 -1.109766044914957841e-12 -8.171064639087759677e-14 -2.280300750460969738e-13 -6.429701807881004470e-13
2.721667402531029438e+03 -4.789291663883274917e-06 -2.090290384072646765e-10 -5.893933917803246752e-10 -1.644819580277419320e-09 1.759690075222272502e-09 6.191790053908798609e-13 4.289478674399437045e-13 -1.048126872831055200e-12 -7.717225015537237748e-14 -2.153647378129178078e-13 -6.072580657220205245e-13 -4.789291663883276611e-06 1.759690075222272295e-09 6.191790053908799619e-13 4.289478674406847541e-13 -1.048126872831055200e-12 -7.717225015537235224e-14 -2.153647378129178583e-13 -6.072580657220203226e-13
2.773019617673124230e+03 -4.700601087030316755e-06 -2.013589148789953837e-10 -5.677661543126522324e-10 -1.584464412761229724e-09 1.695119846468388552e-09 5.854132767398452714e-13 4.055559912416471911e-13 -9.909692679795012009e-13 -7.296382272646218951e-14 -2.036202500584927489e-13 -5.741424466034321358e-13 -4.700601087030315908e-06 1.695119846468388345e-09 5.854132767398452714e-13 4.055559912416471911e-13 -9.909692679795012009e-13 -7.296382272646221475e-14 -2.036202500584927236e-13 -5.741424466034319339e-13
2.824371832815219022e+03 -4.615135621463516350e-06 -1.941033455967671709e-10 -5.473078242197985671e-10 -1.527371322871392429e-09 1.634039510279349195e-09 5.540587187277791453e-13 3.838345052976801152e-13 -9.378932240255055067e-13 -6.905591266359349365e-14 -1.927144208987071288e-13 -5.433915716910795095e-13 -4.615135621463516350e-06 1.634039510279349402e-09 5.540587187277793473e-13 3.838345052976801152e-13 -9.378932240255057086e-13 -6.905591266359351889e-14 -1.927144208987071541e-13 -5.433915716910795095e-13
2.875724047957313815e+03 -4.532722493091383834e-06 -1.872329856061733270e-10 -5.279356585343245051e-10 -1.473309398528251476e-09 1.576202028371601433e-09 5.249038935911934807e-13 3.636369310027853802e-13 -8.885408245960624634e-13 -6.542216756533889216e-14 -1.825737077411852256e-13 -5.147980747892353362e-13 -4.532722493091382987e-06 1.576202028371601639e-09 5.249038935911933797e-13 3.636369310024149564e-13 -8.885408245960626654e-13 -6.542216756533889216e-14 -1.825737077411852004e-13 -5.147980747892352352e-13
2.927076263099408607e+03 -4.453201052955575128e-06 -1.807210413691747889e-10 -5.095741080806365105e-10 -1.422067803576458639e-09 1.521381840429452632e-09 4.977592283872581082e-13 3.448319372136133642e-13 -8.425911656009179711e-13 -6.203896003394352772e-14 -1.731321730867101485e-13 -4.881760334076700094e-13 -4.453201052930713864e-06 1.521381840429452839e-09 4.977592283872581082e-13 3.448319372136133642e-13 -8.425911656009177691e-13 -6.203896003394351510e-14 -1.731321730867100980e-13 -4.881760334076700094e-13
2.978428478241503853e+03 -4.376421730688991831e-06 -1.745430089359395897e-10 -4.921540799421566858e-10 -1.373453719517968020e-09 1.469372662067000402e-09 4.724544219170435340e-13 3.273015438181754156e-13 -7.997559657349872643e-13 -5.888506461695398475e-14 -1.643305824897436829e-13 -4.633584256631802989e-13 -4.376421730688993525e-06 1.469372662066999781e-09 4.724544219170434330e-13 3.273015438185458900e-13 -7.997559657349873653e-13 -5.888506461695399738e-14 -1.643305824897436577e-13 -4.633584256631801979e-13
3.029780693383598646e+03 -4.302245096720328861e-06 -1.686764434127218970e-10 -4.756122863143032625e-10 -1.327290528399345500e-09 1.419985540853884236e-09 4.488361972674517216e-13 3.109395647190195163e-13 -7.597757619849428420e-13 -5.594137764072780691e-14 -1.561156229197022972e-13 -4.401949261194409623e-13 -4.302245096745190973e-06 1.419985540853884236e-09 4.488361972674517216e-13 3.109395647190194658e-13 -7.597757619849430439e-13 -5.594137764072778797e-14 -1.561156229197023476e-13 -4.401949261194409118e-13
3.081132908525693438e+03 -4.230541016915627484e-06 -1.631007541900984285e-10 -4.598906691332234278e-10 -1.283416206904872511e-09 1.373047138200023148e-09 4.267663489354870842e-13 2.956502549344235638e-13 -7.224166038699105975e-13 -5.319067381857296983e-14 -1.484392234913285892e-13 -4.185499904594520116e-13 -4.230541016890765373e-06 1.373047138200023148e-09 4.267663489354870842e-13 2.956502549344236647e-13 -7.224166038699106985e-13 -5.319067381857297614e-14 -1.484392234913285892e-13 -4.185499904594520621e-13
3.132485123667788685e+03 -4.161187890283852575e-06 -1.577970249603861093e-10 -4.449358897730962505e-10 -1.241681902508098453e-09 1.328398206153055704e-09 4.061200418563716989e-13 2.813471321960712837e-13 -6.874671740533692189e-13 -5.061739431056263484e-14 -1.412579638222965062e-13 -3.983011873790549844e-13 -4.161187890209266242e-06 1.328398206153055291e-09 4.061200418563716989e-13 2.813471321960712332e-13 -6.874671740533691179e-13 -5.061739431056264115e-14 -1.412579638222965567e-13 -3.983011873790550349e-13
3.183837338809883022e+03 -4.094071960746416698e-06 -1.527478520416671716e-10 -4.306988762368588454e-10 -1.201950669235637197e-09 1.285892234820255846e-09 3.867843263299814355e-13 2.679519481163024948e-13 -6.547362744456819221e-13 -4.820746166486911131e-14 -1.345325575345946232e-13 -3.793377420116319167e-13 -4.094071960771277962e-06 1.285892234820256053e-09 3.867843263299814355e-13 2.679519481163024948e-13 -6.547362744456819221e-13 -4.820746166486909238e-14 -1.345325575345946485e-13 -3.793377420116318157e-13
3.235189553951978269e+03 -4.029086695462337487e-06 -1.479372023437804329e-10 -4.171344195853906884e-10 -1.164096342842805292e-09 1.245394248926876762e-09 3.686568385097904347e-13 2.553937879102328139e-13 -6.240506264191433594e-13 -4.594811764543725898e-14 -1.282274002182071694e-13 -3.615592615366000522e-13 -4.029086695462338334e-06 1.245394248926876762e-09 3.686568385097904347e-13 2.553937879102328139e-13 -6.240506264191433594e-13 -4.594811764543724636e-14 -1.282274002182071441e-13 -3.615592615247448738e-13
3.286541769094073061e+03 -3.966132219142676885e-06 -1.433502849307322099e-10 -4.042008155505057803e-10 -1.128002538041381041e-09 1.206779735208216458e-09 3.516446607657276647e-13 2.436082809004085289e-13 -5.952529416637282114e-13 -4.382778148012898480e-14 -1.223101730724403005e-13 -3.448746174238858566e-13 -3.966132219142676038e-06 1.206779735208216872e-09 3.516446607657276142e-13 2.436082809004085793e-13 -5.952529416637281104e-13 -4.382778148012899111e-14 -1.223101730724403005e-13 -3.448746174298135468e-13
3.337893984236167853e+03 -3.905114803533784611e-06 -1.389734385103377320e-10 -3.918595425912017892e-10 -1.093561752969120177e-09 1.169933684141143010e-09 3.356633201460259675e-13 2.325369066475786443e-13 -5.682002267932340365e-13 -4.183592481868108130e-14 -1.167514945190541718e-13 -3.292009632478004059e-13 -3.905114803533784611e-06 1.169933684141143010e-09 3.356633201460258665e-13 2.325369066475786443e-13 -5.682002267932340365e-13 -4.183592481868106868e-14 -1.167514945190541465e-13 -3.292009632063074330e-13
3.389246199378263100e+03 -3.845946400309658796e-06 -1.347940283442394120e-10 -3.800749752520369648e-10 -1.060674567486685439e-09 1.134749732321260159e-09 3.206359063758839691e-13 2.221263839396023891e-13 -5.427622903135879171e-13 -3.996296187709157486e-14 -1.115246134387752621e-13 -3.144628695407398786e-13 -3.845946400309657949e-06 1.134749732321259952e-09 3.206359063758839691e-13 2.221263839396023386e-13 -5.427622903135876142e-13 -3.996296187709157486e-14 -1.115246134387752621e-13 -3.144628694933192660e-13
3.440598414520357892e+03 -3.788544217796021248e-06 -1.308003556860515621e-10 -3.688141268266421772e-10 -1.029248925116831203e-09 1.101129394325956777e-09 3.064922935752282082e-13 2.123281316076592317e-13 -5.188204251827482974e-13 -3.820015247446642637e-14 -1.066051384948422263e-13 -3.005915605714152528e-13 -3.788544217796021248e-06 1.101129394325956777e-09 3.064922935752281072e-13 2.123281316076592821e-13 -5.188204251827484994e-13 -3.820015247446642006e-14 -1.066051384948422263e-13 -3.005915605773428420e-13
3.491950629662452684e+03 -3.732830334689106403e-06 -1.269815754744743619e-10 -3.580464179515460933e-10 -9.991994881371686076e-10 1.068981372621381338e-09 2.931684522014639709e-13 2.030977918623690980e-13 -4.962662440639255613e-13 -3.653951627296877552e-14 -1.019707987778188987e-13 -2.875242398409885270e-13 -3.732830334689106403e-06 1.068981372615613408e-09 2.931684522014639204e-13 2.030977918623690728e-13 -4.962662440639256623e-13 -3.653951627296878814e-14 -1.019707987778188987e-13 -2.875242398232059109e-13
3.543302844804547931e+03 -3.678731346517710798e-06 -1.233276230340337066e-10 -3.477434691394058199e-10 -9.704470575351306364e-10 1.038220937185783499e-09 2.806058395858498368e-13 1.943948080646182704e-13 -4.750006476526909027e-13 -3.497375671526954228e-14 -9.760123183577112595e-14 -2.752034917128886901e-13 -3.678731346517709951e-06 1.038220937162710537e-09 2.806058395858498368e-13 1.943948080646182704e-13 -4.750006476526909027e-13 -3.497375671526954859e-14 -9.760123183577113857e-14 -2.752034917128887406e-13
3.594655059946642723e+03 -3.626178043779466589e-06 -1.198291470641649624e-10 -3.378789132455573148e-10 -9.429180505777514185e-10 1.008769366410118144e-09 2.687508591288878499e-13 1.861820500758622338e-13 -4.549329092084082526e-13 -3.349619375850818810e-14 -9.347779554512077908e-14 -2.635767516068040103e-13 -3.626178043779466589e-06 1.008769366410118351e-09 2.687508591288876984e-13 1.861820500758621833e-13 -4.549329092084083535e-13 -3.349619375850818810e-14 -9.347779554512079170e-14 -2.635767516068040103e-13
3.646007275088737515e+03 -3.575105115237489302e-06 -1.164774503248397293e-10 -3.284282268967150891e-10 -9.165440298900295257e-10 9.805534434102767693e-10 2.575543795612397471e-13 1.784254812151365331e-13 -4.359798607766541611e-13 -3.210070392879994815e-14 -8.958340097101737183e-14 -2.525958341642881816e-13 -3.575105115237488455e-06 9.805534434102765625e-10 2.575543795612397471e-13 1.784254812151365078e-13 -4.359798607766541106e-13 -3.210070392879994815e-14 -8.958340097101735921e-14 -2.525958341642880806e-13
3.697359490230832307e+03 -3.525450879360810802e-06 -1.132644354208500564e-10 -3.193685779440174480e-10 -8.912612771465224962e-10 9.535050000131296383e-10 2.469713068696030140e-13 1.710938616954322953e-13 -4.180651685638776401e-13 -3.078166682493671884e-14 -8.590236338384958365e-14 -2.422165136480926196e-13 -3.525450879360812073e-06 9.535050000131298451e-10 2.469713068696030645e-13 1.710938616954322953e-13 -4.180651685638776401e-13 -3.078166682493671253e-14 -8.590236338384959627e-14 -2.422165136480926196e-13
3.748711705372927099e+03 -3.477157033168259945e-06 -1.101825557818659486e-10 -3.106786870709186706e-10 -8.670104084869621212e-10 9.275605051011296809e-10 2.369602024976237922e-13 1.641584841308059109e-13 -4.011186866282443902e-13 -2.953391773341024067e-14 -8.242026949358266956e-14 -2.323981492902461589e-13 -3.477157033168259521e-06 9.275605051011300945e-10 2.369602024976237922e-13 1.641584841308059109e-13 -4.011186866282444407e-13 -2.953391773341024067e-14 -8.242026949358269481e-14 -2.323981492902461589e-13
3.800063920515022346e+03 -3.430168425934322148e-06 -1.072247706971393866e-10 -3.023387029489359636e-10 -8.437360248333804908e-10 9.026606905994821256e-10 2.274829422573470199e-13 1.575929372324079729e-13 -3.850758794905884086e-13 -2.835270503883775789e-14 -7.912385886876496177e-14 -2.231033510127974315e-13 -3.430168425934322572e-06 9.026606905994823324e-10 2.274829422573469695e-13 1.575929372324079981e-13 -3.850758794905885096e-13 -2.835270503883775158e-14 -7.912385886876496177e-14 -2.231033510127974820e-13
3.851416135657117138e+03 -3.384432848309496402e-06 -1.043845066385511946e-10 -2.943300889260759538e-10 -8.213863959069299870e-10 8.787502135728795751e-10 2.185044111350528584e-13 1.513728943725115414e-13 -3.698773055061288497e-13 -2.723365213341142731e-14 -7.600091770858589902e-14 -2.142976798366851629e-13 -3.384432848309496826e-06 8.787502135728797818e-10 2.185044111350528584e-13 1.513728943725115666e-13 -3.698773055061288497e-13 -2.723365213341143677e-14 -7.600091770858586115e-14 -2.142976798366852387e-13
3.902768350799211930e+03 -3.339900838446244338e-06 -1.016556189478483550e-10 -2.866355198397332947e-10 -7.999131720323867343e-10 8.557773477303422329e-10 2.099922297784610358e-13 1.454759241220339587e-13 -3.554681538982721990e-13 -2.617272332152863496e-14 -7.304018372319595524e-14 -2.059493798371235546e-13 -3.339900838446243491e-06 8.557773477384741421e-10 2.099922297784610105e-13 1.454759241220339334e-13 -3.554681538982720980e-13 -2.617272332152863496e-14 -7.304018372319598049e-14 -2.059493798371235546e-13
3.954120565941306722e+03 -3.296525503837742251e-06 -9.903235949659215928e-11 -2.792387879100572479e-10 -7.792711226377569268e-10 8.336937036334449004e-10 2.019165090628230176e-13 1.398813202019543193e-13 -3.417978292625082195e-13 -2.516619342322431334e-14 -7.023126081822412057e-14 -1.980291373539440541e-13 -3.296525503837741404e-06 8.336937036334447970e-10 2.019165090628230429e-13 1.398813202019543193e-13 -3.417978292625082195e-13 -2.516619342322431334e-14 -7.023126081822414582e-14 -1.980291373539440036e-13
4.005472781083401514e+03 -3.254262357725789973e-06 -9.650934638557087675e-11 -2.721247181022498466e-10 -7.594178978192419217e-10 8.124539738780256041e-10 1.942496294757416810e-13 1.345699486595025957e-13 -3.288195781367723949e-13 -2.421061999758849693e-14 -6.756454226164397742e-14 -1.905098646353718853e-13 -3.254262357725790820e-06 8.124539738780256041e-10 1.942496294757416305e-13 1.345699486595025452e-13 -3.288195781367723949e-13 -2.421061999758850009e-14 -6.756454226164396479e-14 -1.905098646353719358e-13
4.056824996225496761e+03 -3.213069164160697552e-06 -9.408153626637683808e-11 -2.652790890731075390e-10 -7.403138109685059868e-10 7.920157001451500300e-10 1.869660425866248917e-13 1.295241103182081796e-13 -3.164901529039531317e-13 -2.330281880856328361e-14 -6.503114175208821535e-14 -1.833665051411355686e-13 -3.213069164160695011e-06 7.920157001451499266e-10 1.869660425866249422e-13 1.295241103182081291e-13 -3.164901529039531822e-13 -2.330281880856328677e-14 -6.503114175208822797e-14 -1.833665051411355939e-13
4.108177211367591553e+03 -3.172905800613733828e-06 -9.174419850821305200e-11 -2.586885631980283746e-10 -7.219216403135343228e-10 7.723390611916237685e-10 1.800420920741511936e-13 1.247274168065249528e-13 -3.047695088828063738e-13 -2.243984139502636801e-14 -6.262283107269115066e-14 -1.765758580508947983e-13 -3.172905800613733828e-06 7.723390611916238719e-10 1.800420920741512189e-13 1.247274168065249023e-13 -3.047695088828063233e-13 -2.243984139502637432e-14 -6.262283107269113803e-14 -1.765758580508947478e-13
4.159529426509686346e+03 -3.133734124816174129e-06 -8.949289349218296142e-11 -2.523406208226201594e-10 -7.042064474064557326e-10 7.533866785864812169e-10 1.734558522696958315e-13 1.201646786935131868e-13 -2.936205309626533573e-13 -2.161895507117743235e-14 -6.033198396887663794e-14 -1.701164197847886723e-13 -3.133734124766449907e-06 7.533866785864811135e-10 1.734558522696958820e-13 1.201646786935131868e-13 -2.936205309626533573e-13 -2.161895507117743550e-14 -6.033198396887662532e-14 -1.701164197847886723e-13
4.210881641651781138e+03 -3.095517855670192289e-06 -8.732344988584962140e-11 -2.462235009968855378e-10 -6.871354111258469858e-10 7.351234389993401344e-10 1.671869822043122917e-13 1.158218043775000421e-13 -2.830087865813491652e-13 -2.083762453329531136e-14 -5.815152539652311147e-14 -1.639682410423567208e-13 -3.095517855719915664e-06 7.351234389993398242e-10 1.671869822043122412e-13 1.158218043775000674e-13 -2.830087865813492156e-13 -2.083762453329531136e-14 -5.815152539652311147e-14 -1.639682410423567208e-13
4.262233856793875930e+03 -3.058222460425017788e-06 -8.523194662798132797e-11 -2.403261473566238421e-10 -6.706776756882053643e-10 7.175163318669522345e-10 1.612165935840144984e-13 1.116857086400095843e-13 -2.729023022238852180e-13 -2.009349573675367447e-14 -5.607488557145817817e-14 -1.581127971547761654e-13 -3.058222460474741586e-06 7.175163318669523379e-10 1.612165935840145489e-13 1.116857086400095591e-13 -2.729023022238852180e-13 -2.009349573675367131e-14 -5.607488557145818448e-14 -1.581127971547761654e-13
4.313586071935970722e+03 -3.021815050753690108e-06 -8.321469447627114322e-11 -2.346381570883048062e-10 -6.548042106898239539e-10 7.005342992856941637e-10 1.555271311892431494e-13 1.077442297602120576e-13 -2.632713609508445236e-13 -1.938438052583781559e-14 -5.409595838164306773e-14 -1.525328708968472875e-13 -3.021815050753688838e-06 7.005342992970414273e-10 1.555271311892431747e-13 1.077442297602120450e-13 -2.632713609508444731e-13 -1.938438052583781243e-14 -5.409595838164307404e-14 -1.525328708968472118e-13
4.364938287078065514e+03 -2.986264286487304768e-06 -8.126821974019334963e-11 -2.291497361580077638e-10 -6.394876834946957468e-10 6.841480998018171147e-10 1.501022643811096165e-13 1.039860543770751444e-13 -2.540883187593888025e-13 -1.870824362273337839e-14 -5.220906366413141653e-14 -1.472124460634413675e-13 -2.986264286487304345e-06 6.841480998131642749e-10 1.501022643811096670e-13 1.039860543770751570e-13 -2.540883187593888530e-13 -1.870824362273336892e-14 -5.220906367005897417e-14 -1.472124460634414180e-13
4.416290502220161216e+03 -2.951540283575820772e-06 -7.938924947062005009e-11 -2.238516563370286473e-10 -6.247023412127517318e-10 6.683301819408074424e-10 1.449267885881843765e-13 1.004006492374961144e-13 -2.453274378248931698e-13 -1.806318991882104815e-14 -5.040891291408963004e-14 -1.421366108264366399e-13 -2.951540283575819925e-06 6.683301819521550163e-10 1.449267885881843513e-13 1.004006492374961270e-13 -2.453274378248932203e-13 -1.806318991882104499e-14 -5.040891291408964266e-14 -1.421366108264366146e-13
4.467642717362256008e+03 -2.917614533634549561e-06 -7.757469830043121763e-11 -2.187352168405587499e-10 -6.104239025476430292e-10 6.530545687032466583e-10 1.399865357483567386e-13 9.697819914985670945e-14 -2.369647349004824771e-13 -1.744745361537243630e-14 -4.869057813542843627e-14 -1.372914698525973782e-13 -2.917614533634549985e-06 6.530545687032467617e-10 1.399865357483567386e-13 9.697819914985664634e-14 -2.369647349004825276e-13 -1.744745361537243630e-14 -4.869057814728357048e-14 -1.372914698525973024e-13
4.518994932504350800e+03 -2.884459823639835694e-06 -7.582165475097910726e-11 -2.137922084914118726e-10 -5.966294577052500306e-10 6.382967503774970622e-10 1.352682928166336990e-13 9.370955052208750059e-14 -2.289778433412682863e-13 -1.685938780881347274e-14 -4.704946358408709236e-14 -1.326640645422226597e-13 -2.884459823639836117e-06 6.382967503774970622e-10 1.352682928166337495e-13 9.370955052208750059e-14 -2.289778433412682863e-13 -1.685938780881347905e-14 -4.704946356630437527e-14 -1.326640645422226597e-13
4.570347147646445592e+03 -2.852050163381672974e-06 -7.412736972369222065e-11 -2.090148803602422072e-10 -5.832973769213565490e-10 6.240335864979499637e-10 1.307597274749330089e-13 9.058615991075074389e-14 -2.213458873889716871e-13 -1.629745552231439916e-14 -4.548127972230076864e-14 -1.282422999778012842e-13 -2.852050163381673398e-06 6.240335864979501705e-10 1.307597274749330089e-13 9.058615991075075651e-14 -2.213458873889717124e-13 -1.629745552231439285e-14 -4.548127970451803892e-14 -1.282422999778013095e-13
4.621699362788540384e+03 -2.820360717192595643e-06 -7.248924669123057490e-11 -2.043959102904520814e-10 -5.704072253140825904e-10 6.102432152181908121e-10 1.264493204125846564e-13 8.760004709693145231e-14 -2.140493675097476552e-13 -1.576022099819264251e-14 -4.398201990547639698e-14 -1.240148786063831520e-13 -2.820360717192595643e-06 6.102432152181907087e-10 1.264493204125846564e-13 8.760004709693143969e-14 -2.140493675097476300e-13 -1.576022099819264251e-14 -4.398201990547640329e-14 -1.240148786063831773e-13
4.673051577930635176e+03 -2.789367743135174508e-06 -7.090483043188271254e-11 -1.999283754716594196e-10 -5.579396844616867614e-10 5.969049688137278642e-10 1.223263034617885819e-13 8.474375223140442654e-14 -2.070700556960179762e-13 -1.524634209877105290e-14 -4.254793869322237959e-14 -1.199712396479817355e-13 -2.789367743135174932e-06 5.969049688137278642e-10 1.223263034617886324e-13 8.474375223140442654e-14 -2.070700556960179005e-13 -1.524634209877104974e-14 -4.254793869322238590e-14 -1.199712396479817607e-13
4.724403793072729968e+03 -2.759048528360764918e-06 -6.937179853180421856e-11 -1.956057280632636001e-10 -5.458764801715986343e-10 5.839992969920686830e-10 1.183806030945566498e-13 8.201029668341980596e-14 -2.003908997774670661e-13 -1.475456332370296582e-14 -4.117553232986773240e-14 -1.161015034594229414e-13 -2.759048528360764071e-06 5.839992969920684762e-10 1.183806030945566498e-13 8.201029668341983120e-14 -2.003908997774670661e-13 -1.475456332370296582e-14 -4.117553232986771978e-14 -1.161015034594229667e-13
4.775756008214824760e+03 -2.729381340479385645e-06 -6.788795283869822822e-11 -1.914217697011604766e-10 -5.342003156151767372e-10 5.715076948384054011e-10 1.146027886676361721e-13 7.939314720448060809e-14 -1.939959358710053698e-13 -1.428370931335798805e-14 -3.986152058239443977e-14 -1.123964210077574815e-13 -2.729381340479386068e-06 5.715076948384055045e-10 1.146027886676361468e-13 7.939314720448057022e-14 -1.939959358710052941e-13 -1.428370931335798805e-14 -3.986152058239444608e-14 -1.123964210077574563e-13
4.827108223356920462e+03 -2.700345368686463495e-06 -6.645121149819897456e-11 -1.873706306175306363e-10 -5.228948089541427811e-10 5.594126365740935696e-10 1.109840250908816849e-13 7.688618311777294504e-14 -1.878702082052277550e-13 -1.383267879677526915e-14 -3.860283042184360510e-14 -1.088473272084472611e-13 -2.700345368686463918e-06 5.594126365740936730e-10 1.109840250908817101e-13 7.688618311777295766e-14 -1.878702082052278055e-13 -1.383267879677526757e-14 -3.860283042184358617e-14 -1.088473272084472359e-13
4.878460438499015254e+03 -2.671920681497388488e-06 -6.505960186431125275e-11 -1.834467473524253793e-10 -5.119444357743182909e-10 5.476975134407790982e-10 1.075160293841107581e-13 7.448366623798300055e-14 -1.819996956208897171e-13 -1.340043952359308133e-14 -3.739658080132107755e-14 -1.054460986855176687e-13 -2.671920681497388065e-06 5.476975134407790982e-10 1.075160293841107707e-13 7.448366623798302579e-14 -1.819996956208897423e-13 -1.340043952359307818e-14 -3.739658080132110279e-14 -1.054460986855176182e-13
4.929812653641110046e+03 -2.644088174238925867e-06 -6.371125306993917909e-11 -1.796448458068026157e-10 -5.013344764237858125e-10 5.363465779174908957e-10 1.041910308631128604e-13 7.218021327513430682e-14 -1.763712441373672529e-13 -1.298602295294807714e-14 -3.624006892775092345e-14 -1.021851142346803264e-13 -2.644088174238925444e-06 5.363465779174909991e-10 1.041910308631128730e-13 7.218021327513430682e-14 -1.763712441373673033e-13 -1.298602295294807556e-14 -3.624006892775092345e-14 -1.021851142346802885e-13
4.981164868783204838e+03 -2.616829533844600653e-06 -6.240439044264319001e-11 -1.759599215762804269e-10 -4.910509656818633139e-10 5.253448894247846353e-10 1.010017345324730478e-13 6.997077048682622556e-14 -1.709725050179562914e-13 -1.258851976037894170e-14 -3.513075744647344328e-14 -9.905721941204336755e-14 -2.616829533844598959e-06 5.253448894247844285e-10 1.010017345324729974e-13 6.997077048682622556e-14 -1.709725050179562661e-13 -1.258851976037894327e-14 -3.513075744647343697e-14 -9.905721941204340541e-14
5.032517083925299630e+03 -2.590127192014637945e-06 -6.113732943481049822e-11 -1.723872245580487267e-10 -4.810806473810591796e-10 5.146782660321170394e-10 9.794128746292524973e-14 6.785059037881748517e-14 -1.657918778424836836e-13 -1.220707594341435910e-14 -3.406626271651644487e-14 -9.605569318561534435e-14 -2.590127192014638792e-06 5.146782660321170394e-10 9.794128746292527498e-14 6.785059037881749779e-14 -1.657918778424837088e-13 -1.220707594341435910e-14 -3.406626271651644487e-14 -9.605569318561530648e-14
5.083869299067394422e+03 -2.563964291801424980e-06 -5.990846984517766325e-11 -1.689222436549003515e-10 -4.714109313841222861e-10 5.043332384337183247e-10 9.500324785537674940e-14 6.581521027575720467e-14 -1.608184581326158766e-13 -1.184088853001393215e-14 -3.304434415282831808e-14 -9.317421775212950954e-14 -2.563964291801424980e-06 5.043332384337182213e-10 9.500324785537674940e-14 6.581521027575721729e-14 -1.608184581326158766e-13 -1.184088853001393373e-14 -3.304434415282831177e-14 -9.317421775212947168e-14
5.135221514209489214e+03 -2.538324648725288432e-06 -5.871629135143610024e-11 -1.655606911879082800e-10 -4.620298539601945561e-10 4.942970071598282768e-10 9.218155654560734206e-14 6.386043257756807412e-14 -1.560419891240090086e-13 -1.148920240139188370e-14 -3.206289422054356685e-14 -9.040685063005543214e-14 -2.538324648725288432e-06 4.942970071598284836e-10 9.218155654560732943e-14 6.386043257756808674e-14 -1.560419891240089834e-13 -1.148920240139188528e-14 -3.206289422054356685e-14 -9.040685063005543214e-14
