  0 1.000000e+00 9.147721e-01 1.000000e+00 1.000000e-08
  1 5.508676e-02 4.099660e-01 5.145214e+04 1.000000e-08
  2 1.150590e-06 2.099395e-01 9.898269e-03 1.000000e-08
  3 8.364317e-07 1.236199e-01 1.228844e-02 1.000000e-08
  4 5.469874e-07 7.968298e-02 1.270700e-02 1.000000e-08
  5 3.986316e-07 7.447165e-02 1.647045e-02 1.000000e-08
  6 2.646210e-07 5.558201e-02 1.772989e-02 1.000000e-08
  7 1.544234e-07 3.932146e-02 1.633139e-02 1.000000e-08
  8 1.037199e-07 2.423540e-02 1.173295e-02 1.000000e-08
  9 8.476048e-08 1.026066e-02 5.273786e-03 1.000000e-08
 10 1.004112e-07 3.198876e-03 1.614141e-03 1.000000e-08
 11 1.156700e-07 7.947074e-04 5.115112e-04 1.000000e-08
 12 1.523242e-07 2.261905e-04 7.257282e-04 1.000000e-08
 13 1.636202e-07 6.789065e-05 1.247651e-03 1.000000e-08
 14 1.967272e-07 2.885972e-05 1.541821e-03 1.000000e-08
 15 1.974899e-07 1.752928e-05 1.670280e-03 1.000000e-08
 16 2.233983e-07 1.623219e-05 1.516485e-03 1.000000e-08
 17 2.180833e-07 1.594090e-05 1.349844e-03 1.000000e-08
 18 2.486932e-07 1.581768e-05 1.152178e-03 1.000000e-08
 19 2.449170e-07 1.548449e-05 1.074458e-03 1.000000e-08
 20 2.738759e-07 1.438702e-05 1.031712e-03 1.000000e-08
 21 2.717441e-07 1.479917e-05 9.972637e-04 1.000000e-08
 22 2.936213e-07 1.308007e-05 9.742258e-04 1.000000e-08
 23 2.931677e-07 1.228652e-05 8.782115e-04 1.000000e-08
 24 2.906989e-07 1.154152e-05 8.322858e-04 1.000000e-08
 25 2.951283e-07 1.158121e-05 7.991536e-04 1.000000e-08
 26 2.926789e-07 1.087947e-05 7.443785e-04 1.000000e-08
 27 3.009251e-07 1.045034e-05 6.812888e-04 1.000000e-08
 28 2.934167e-07 1.007580e-05 6.411465e-04 1.000000e-08
 29 3.025281e-07 9.382660e-06 5.815206e-04 1.000000e-08
