0.000000e+00 9.048333e-10 
1.256637e-02 9.033259e-10 
2.513274e-02 8.988214e-10 
3.769911e-02 8.913807e-10 
5.026548e-02 8.810973e-10 
6.283185e-02 8.681032e-10 
7.539822e-02 8.525622e-10 
8.796459e-02 8.346635e-10 
1.005310e-01 8.146209e-10 
1.130973e-01 7.926620e-10 
1.256637e-01 7.690399e-10 
1.382301e-01 7.439955e-10 
1.507964e-01 7.177949e-10 
1.633628e-01 6.906872e-10 
1.759292e-01 6.629256e-10 
1.884956e-01 6.347428e-10 
2.010619e-01 6.063750e-10 
2.136283e-01 5.780302e-10 
2.261947e-01 5.499065e-10 
2.387610e-01 5.221806e-10 
2.513274e-01 4.950126e-10 
2.638938e-01 4.685406e-10 
2.764602e-01 4.428855e-10 
2.890265e-01 4.181441e-10 
3.015929e-01 3.943991e-10 
3.141593e-01 3.717139e-10 
3.267256e-01 3.501352e-10 
3.392920e-01 3.296939e-10 
3.518584e-01 3.104053e-10 
3.644247e-01 2.922744e-10 
3.769911e-01 2.752931e-10 
3.895575e-01 2.594453e-10 
4.021239e-01 2.447039e-10 
4.146902e-01 2.310361e-10 
4.272566e-01 2.184026e-10 
4.398230e-01 2.067593e-10 
4.523893e-01 1.960586e-10 
4.649557e-01 1.862504e-10 
4.775221e-01 1.772817e-10 
4.900885e-01 1.690994e-10 
5.026548e-01 1.616494e-10 
5.152212e-01 1.548781e-10 
5.277876e-01 1.487335e-10 
5.403539e-01 1.431641e-10 
5.529203e-01 1.381201e-10 
5.654867e-01 1.335535e-10 
5.780530e-01 1.294192e-10 
5.906194e-01 1.256735e-10 
6.031858e-01 1.222760e-10 
6.157522e-01 1.191880e-10 
6.283185e-01 1.163737e-10 
6.408849e-01 1.138005e-10 
6.534513e-01 1.114372e-10 
6.660176e-01 1.092562e-10 
6.785840e-01 1.072314e-10 
6.911504e-01 1.053399e-10 
7.037168e-01 1.035599e-10 
7.162831e-01 1.018727e-10 
7.288495e-01 1.002613e-10 
7.414159e-01 9.871041e-11 
7.539822e-01 9.720686e-11 
7.665486e-01 9.573853e-11 
7.791150e-01 9.429502e-11 
7.916813e-01 9.286776e-11 
8.042477e-01 9.144882e-11 
8.168141e-01 9.003160e-11 
8.293805e-01 8.861037e-11 
8.419468e-01 8.718072e-11 
8.545132e-01 8.573877e-11 
8.670796e-01 8.428165e-11 
8.796459e-01 8.280655e-11 
8.922123e-01 8.131169e-11 
9.047787e-01 7.979589e-11 
9.173451e-01 7.825793e-11 
9.299114e-01 7.669769e-11 
9.424778e-01 7.511462e-11 
9.550442e-01 7.350891e-11 
9.676105e-01 7.188073e-11 
9.801769e-01 7.023052e-11 
9.927433e-01 6.855897e-11 
1.005310e+00 6.686653e-11 
1.017876e+00 6.515406e-11 
1.030442e+00 6.342240e-11 
1.043009e+00 6.167253e-11 
1.055575e+00 5.990553e-11 
1.068142e+00 5.812205e-11 
1.080708e+00 5.632301e-11 
1.093274e+00 5.450964e-11 
1.105841e+00 5.268273e-11 
1.118407e+00 5.084318e-11 
1.130973e+00 4.899171e-11 
1.143540e+00 4.712932e-11 
1.156106e+00 4.525699e-11 
1.168672e+00 4.337536e-11 
1.181239e+00 4.148504e-11 
1.193805e+00 3.958702e-11 
1.206372e+00 3.768170e-11 
1.218938e+00 3.576989e-11 
1.231504e+00 3.385213e-11 
1.244071e+00 3.192922e-11 
1.256637e+00 3.000141e-11 
1.269203e+00 2.806926e-11 
1.281770e+00 2.613326e-11 
1.294336e+00 2.419397e-11 
1.306903e+00 2.225172e-11 
1.319469e+00 2.030691e-11 
1.332035e+00 1.835997e-11 
1.344602e+00 1.641126e-11 
1.357168e+00 1.446107e-11 
1.369734e+00 1.250985e-11 
1.382301e+00 1.055779e-11 
1.394867e+00 8.605498e-12 
1.407434e+00 6.652958e-12 
1.420000e+00 4.700519e-12 
1.432566e+00 2.748515e-12 
1.445133e+00 7.973071e-13 
1.457699e+00 -1.152942e-12 
1.470265e+00 -3.102039e-12 
1.482832e+00 -5.049414e-12 
1.495398e+00 -6.995152e-12 
1.507964e+00 -8.939019e-12 
1.520531e+00 -1.088047e-11 
1.533097e+00 -1.281947e-11 
1.545664e+00 -1.475586e-11 
1.558230e+00 -1.668904e-11 
1.570796e+00 -1.861907e-11 
1.583363e+00 -2.054566e-11 
1.595929e+00 -2.246860e-11 
1.608495e+00 -2.438741e-11 
1.621062e+00 -2.630214e-11 
1.633628e+00 -2.821247e-11 
1.646195e+00 -3.011804e-11 
1.658761e+00 -3.201883e-11 
1.671327e+00 -3.391462e-11 
1.683894e+00 -3.580483e-11 
1.696460e+00 -3.768955e-11 
1.709026e+00 -3.956842e-11 
1.721593e+00 -4.144119e-11 
1.734159e+00 -4.330762e-11 
1.746726e+00 -4.516755e-11 
1.759292e+00 -4.702079e-11 
1.771858e+00 -4.886690e-11 
1.784425e+00 -5.070582e-11 
1.796991e+00 -5.253726e-11 
1.809557e+00 -5.436102e-11 
1.822124e+00 -5.617683e-11 
1.834690e+00 -5.798444e-11 
1.847256e+00 -5.978366e-11 
1.859823e+00 -6.157431e-11 
1.872389e+00 -6.335607e-11 
1.884956e+00 -6.512875e-11 
1.897522e+00 -6.689213e-11 
1.910088e+00 -6.864605e-11 
1.922655e+00 -7.039009e-11 
1.935221e+00 -7.212423e-11 
1.947787e+00 -7.384817e-11 
1.960354e+00 -7.556172e-11 
1.972920e+00 -7.726453e-11 
1.985487e+00 -7.895653e-11 
1.998053e+00 -8.063748e-11 
2.010619e+00 -8.230708e-11 
2.023186e+00 -8.396520e-11 
2.035752e+00 -8.561163e-11 
2.048318e+00 -8.724611e-11 
2.060885e+00 -8.886845e-11 
2.073451e+00 -9.047837e-11 
2.086018e+00 -9.207580e-11 
2.098584e+00 -9.366052e-11 
2.111150e+00 -9.523220e-11 
2.123717e+00 -9.679066e-11 
2.136283e+00 -9.833584e-11 
2.148849e+00 -9.986741e-11 
2.161416e+00 -1.013852e-10 
2.173982e+00 -1.028891e-10 
2.186548e+00 -1.043787e-10 
2.199115e+00 -1.058540e-10 
2.211681e+00 -1.073148e-10 
2.224248e+00 -1.087608e-10 
2.236814e+00 -1.101919e-10 
2.249380e+00 -1.116080e-10 
2.261947e+00 -1.130087e-10 
2.274513e+00 -1.143939e-10 
2.287079e+00 -1.157635e-10 
2.299646e+00 -1.171172e-10 
2.312212e+00 -1.184549e-10 
2.324779e+00 -1.197765e-10 
2.337345e+00 -1.210816e-10 
2.349911e+00 -1.223703e-10 
2.362478e+00 -1.236422e-10 
2.375044e+00 -1.248974e-10 
2.387610e+00 -1.261356e-10 
2.400177e+00 -1.273565e-10 
2.412743e+00 -1.285601e-10 
2.425310e+00 -1.297462e-10 
2.437876e+00 -1.309146e-10 
2.450442e+00 -1.320653e-10 
2.463009e+00 -1.331980e-10 
2.475575e+00 -1.343125e-10 
2.488141e+00 -1.354088e-10 
2.500708e+00 -1.364868e-10 
2.513274e+00 -1.375462e-10 
2.525840e+00 -1.385869e-10 
2.538407e+00 -1.396089e-10 
2.550973e+00 -1.406119e-10 
2.563540e+00 -1.415958e-10 
2.576106e+00 -1.425606e-10 
2.588672e+00 -1.435060e-10 
2.601239e+00 -1.444320e-10 
2.613805e+00 -1.453384e-10 
2.626371e+00 -1.462251e-10 
2.638938e+00 -1.470920e-10 
2.651504e+00 -1.479391e-10 
2.664071e+00 -1.487660e-10 
2.676637e+00 -1.495729e-10 
2.689203e+00 -1.503594e-10 
2.701770e+00 -1.511257e-10 
2.714336e+00 -1.518714e-10 
2.726902e+00 -1.525966e-10 
2.739469e+00 -1.533012e-10 
2.752035e+00 -1.539850e-10 
2.764602e+00 -1.546480e-10 
2.777168e+00 -1.552899e-10 
2.789734e+00 -1.559108e-10 
2.802301e+00 -1.565106e-10 
2.814867e+00 -1.570893e-10 
2.827433e+00 -1.576467e-10 
2.840000e+00 -1.581828e-10 
2.852566e+00 -1.586975e-10 
2.865133e+00 -1.591906e-10 
2.877699e+00 -1.596621e-10 
2.890265e+00 -1.601120e-10 
2.902832e+00 -1.605400e-10 
2.915398e+00 -1.609464e-10 
2.927964e+00 -1.613309e-10 
2.940531e+00 -1.616936e-10 
2.953097e+00 -1.620344e-10 
2.965663e+00 -1.623532e-10 
2.978230e+00 -1.626500e-10 
2.990796e+00 -1.629249e-10 
3.003363e+00 -1.631776e-10 
3.015929e+00 -1.634081e-10 
3.028495e+00 -1.636164e-10 
3.041062e+00 -1.638028e-10 
3.053628e+00 -1.639668e-10 
3.066194e+00 -1.641089e-10 
3.078761e+00 -1.642288e-10 
3.091327e+00 -1.643267e-10 
3.103894e+00 -1.644025e-10 
3.116460e+00 -1.644562e-10 
3.129026e+00 -1.644880e-10 
3.141593e+00 -1.644977e-10 
3.122743e+00 -1.644748e-10 
3.135309e+00 -1.644958e-10 
3.110177e+00 -1.644322e-10 
3.097610e+00 -1.643674e-10 
3.085044e+00 -1.642806e-10 
3.072478e+00 -1.641717e-10 
3.059911e+00 -1.640407e-10 
3.047345e+00 -1.638877e-10 
3.034779e+00 -1.637123e-10 
3.022212e+00 -1.635152e-10 
3.009646e+00 -1.632955e-10 
2.984513e+00 -1.627903e-10 
2.997079e+00 -1.630540e-10 
2.971947e+00 -1.625046e-10 
2.946814e+00 -1.618669e-10 
2.959380e+00 -1.621966e-10 
2.934248e+00 -1.615151e-10 
2.909115e+00 -1.607460e-10 
2.921681e+00 -1.611414e-10 
2.896548e+00 -1.603288e-10 
2.883982e+00 -1.598898e-10 
2.871416e+00 -1.594293e-10 
2.858849e+00 -1.589468e-10 
2.846283e+00 -1.584429e-10 
2.833717e+00 -1.579175e-10 
2.821150e+00 -1.573707e-10 
2.808584e+00 -1.568027e-10 
2.796017e+00 -1.562134e-10 
2.783451e+00 -1.556032e-10 
2.770885e+00 -1.549716e-10 
2.758318e+00 -1.543191e-10 
2.745752e+00 -1.536458e-10 
2.733186e+00 -1.529516e-10 
2.720619e+00 -1.522367e-10 
2.708053e+00 -1.515012e-10 
2.695486e+00 -1.507453e-10 
2.682920e+00 -1.499688e-10 
2.670354e+00 -1.491721e-10 
2.657787e+00 -1.483551e-10 
2.645221e+00 -1.475181e-10 
2.632655e+00 -1.466612e-10 
2.620088e+00 -1.457843e-10 
6.283185e-03 9.044554e-10 
1.884956e-02 9.014455e-10 
4.398230e-02 8.865870e-10 
3.141593e-02 8.954631e-10 
5.654867e-02 8.749302e-10 
6.911504e-02 8.606405e-10 
9.424778e-02 8.248951e-10 
8.168141e-02 8.438947e-10 
1.068142e-01 8.038660e-10 
1.193805e-01 7.810437e-10 
1.319469e-01 7.566788e-10 
1.445133e-01 7.310255e-10 
1.570796e-01 7.043399e-10 
1.822124e-01 6.488719e-10 
1.696460e-01 6.768733e-10 
1.947787e-01 6.205699e-10 
2.199115e-01 5.639298e-10 
2.073451e-01 5.921875e-10 
2.324779e-01 5.359840e-10 
2.450442e-01 5.085185e-10 
2.576106e-01 4.816825e-10 
2.701770e-01 4.556045e-10 
2.827433e-01 4.303947e-10 
2.953097e-01 4.061427e-10 
3.078761e-01 3.829207e-10 
3.204425e-01 3.607840e-10 
3.330088e-01 3.397710e-10 
3.455752e-01 3.199050e-10 
3.581416e-01 3.011952e-10 
3.832743e-01 2.672292e-10 
3.707079e-01 2.836408e-10 
3.958407e-01 2.519381e-10 
4.084070e-01 2.377381e-10 
4.209734e-01 2.245926e-10 
4.461062e-01 2.012940e-10 
4.335398e-01 2.124599e-10 
4.586725e-01 1.910462e-10 
4.838053e-01 1.730956e-10 
4.712389e-01 1.816643e-10 
4.963716e-01 1.652860e-10 
5.089380e-01 1.581819e-10 
5.215044e-01 1.517307e-10 
2.607522e+00 -1.448877e-10 
2.594956e+00 -1.439715e-10 
2.569823e+00 -1.420807e-10 
2.582389e+00 -1.430359e-10 
2.557256e+00 -1.411064e-10 
2.544690e+00 -1.401128e-10 
2.532124e+00 -1.391003e-10 
2.519557e+00 -1.380690e-10 
2.506991e+00 -1.370188e-10 
2.494425e+00 -1.359502e-10 
2.481858e+00 -1.348630e-10 
2.469292e+00 -1.337576e-10 
2.444159e+00 -1.314924e-10 
2.456725e+00 -1.326339e-10 
2.431593e+00 -1.303327e-10 
2.419026e+00 -1.291554e-10 
2.406460e+00 -1.279605e-10 
2.393894e+00 -1.267482e-10 
2.381327e+00 -1.255187e-10 
2.368761e+00 -1.242721e-10 
2.356194e+00 -1.230084e-10 
2.343628e+00 -1.217282e-10 
2.331062e+00 -1.204311e-10 
2.318495e+00 -1.191178e-10 
2.305929e+00 -1.177882e-10 
2.280796e+00 -1.150808e-10 
2.293363e+00 -1.164424e-10 
2.268230e+00 -1.137034e-10 
2.255664e+00 -1.123103e-10 
2.243097e+00 -1.109020e-10 
2.230531e+00 -1.094783e-10 
2.217964e+00 -1.080398e-10 
2.205398e+00 -1.065863e-10 
2.180265e+00 -1.036357e-10 
2.192832e+00 -1.051183e-10 
2.167699e+00 -1.021389e-10 
2.155133e+00 -1.006282e-10 
2.142566e+00 -9.910340e-11 
2.130000e+00 -9.756512e-11 
2.117433e+00 -9.601319e-11 
2.104867e+00 -9.444804e-11 
2.092301e+00 -9.286987e-11 
2.079734e+00 -9.127883e-11 
2.067168e+00 -8.967507e-11 
2.054602e+00 -8.805886e-11 
2.042035e+00 -8.643047e-11 
2.029469e+00 -8.479000e-11 
2.016902e+00 -8.313775e-11 
2.004336e+00 -8.147381e-11 
1.991770e+00 -7.979851e-11 
1.979203e+00 -7.811200e-11 
1.966637e+00 -7.641460e-11 
1.941504e+00 -7.298757e-11 
1.954071e+00 -7.470629e-11 
1.928938e+00 -7.125861e-11 
1.916372e+00 -6.951931e-11 
1.903805e+00 -6.777042e-11 
1.891239e+00 -6.601172e-11 
1.878672e+00 -6.424367e-11 
1.866106e+00 -6.246642e-11 
1.853540e+00 -6.068019e-11 
1.840973e+00 -5.888530e-11 
1.815841e+00 -5.527003e-11 
1.828407e+00 -5.708176e-11 
1.803274e+00 -5.345019e-11 
1.790708e+00 -5.162262e-11 
1.778141e+00 -4.978738e-11 
1.765575e+00 -4.794486e-11 
1.753009e+00 -4.609504e-11 
1.740442e+00 -4.423861e-11 
1.727876e+00 -4.237530e-11 
1.715310e+00 -4.050569e-11 
1.702743e+00 -3.862972e-11 
1.690177e+00 -3.674810e-11 
1.677610e+00 -3.486042e-11 
1.665044e+00 -3.296753e-11 
1.652478e+00 -3.106922e-11 
1.627345e+00 -2.725796e-11 
1.639911e+00 -2.916600e-11 
1.614779e+00 -2.534539e-11 
1.602212e+00 -2.342867e-11 
1.589646e+00 -2.150763e-11 
1.577080e+00 -1.958302e-11 
5.340708e-01 1.458799e-10 
5.466371e-01 1.405792e-10 
5.717699e-01 1.314351e-10 
5.592035e-01 1.357797e-10 
5.843362e-01 1.275003e-10 
5.969026e-01 1.239336e-10 
6.094690e-01 1.206953e-10 
6.220353e-01 1.177485e-10 
6.346017e-01 1.150589e-10 
6.471681e-01 1.125942e-10 
6.597345e-01 1.103255e-10 
6.723008e-01 1.082257e-10 
6.974336e-01 1.044369e-10 
6.848672e-01 1.062703e-10 
7.099999e-01 1.027057e-10 
7.225663e-01 1.010584e-10 
7.351327e-01 9.947901e-11 
7.476991e-01 9.795335e-11 
1.564513e+00 -1.765456e-11 
1.551947e+00 -1.572287e-11 
1.539380e+00 -1.378819e-11 
1.526814e+00 -1.185037e-11 
1.514248e+00 -9.910122e-12 
1.501681e+00 -7.967508e-12 
1.489115e+00 -6.022675e-12 
1.476549e+00 -4.076088e-12 
1.451416e+00 -1.781616e-13 
1.463982e+00 -2.127679e-12 
1.438849e+00 1.772803e-12 
1.426283e+00 3.724325e-12 
1.413717e+00 5.676603e-12 
1.388584e+00 9.581661e-12 
1.401150e+00 7.629036e-12 
1.376018e+00 1.153374e-11 
1.363451e+00 1.348547e-11 
1.350885e+00 1.543618e-11 
1.338318e+00 1.738572e-11 
1.325752e+00 1.933357e-11 
1.313186e+00 2.127950e-11 
7.602654e-01 9.646881e-11 
7.728318e-01 9.501404e-11 
7.853982e-01 9.357976e-11 
8.105309e-01 9.074029e-11 
7.979645e-01 9.215749e-11 
8.230973e-01 8.932163e-11 
8.356636e-01 8.789671e-11 
8.607964e-01 8.501213e-11 
8.482300e-01 8.646135e-11 
8.733628e-01 8.354629e-11 
8.859291e-01 8.206158e-11 
1.300619e+00 2.322300e-11 
1.288053e+00 2.516388e-11 
1.275487e+00 2.710158e-11 
1.262920e+00 2.903573e-11 
1.250354e+00 3.096576e-11 
1.225221e+00 3.481168e-11 
1.237788e+00 3.289116e-11 
1.212655e+00 3.672636e-11 
1.200088e+00 3.863512e-11 
1.187522e+00 4.053692e-11 
8.984955e-01 8.055636e-11 
9.110619e-01 7.902962e-11 
9.236282e-01 7.748044e-11 
9.361946e-01 7.590889e-11 
9.738937e-01 7.105824e-11 
9.613274e-01 7.269748e-11 
9.487610e-01 7.431440e-11 
1.174956e+00 4.243108e-11 
1.162389e+00 4.431717e-11 
1.149823e+00 4.619424e-11 
1.124690e+00 4.991870e-11 
1.137257e+00 4.806167e-11 
9.864601e-01 6.939723e-11 
9.990265e-01 6.771521e-11 
1.011593e+00 6.601255e-11 
1.112124e+00 5.176435e-11 
1.086991e+00 5.541798e-11 
1.099557e+00 5.359771e-11 
1.024159e+00 6.429044e-11 
1.036726e+00 6.254959e-11 
1.074425e+00 5.722425e-11 
1.049292e+00 6.079099e-11 
1.061858e+00 5.901562e-11 
