1.000000e+06 -5.530865e-11 8.945308e-15
2.000000e+06 4.113701e+00 1.246487e-12
3.000000e+06 1.147672e+01 2.488221e-12
4.000000e+06 2.137082e+01 3.725406e-12
5.000000e+06 3.332273e+01 4.958171e-12
6.000000e+06 4.701219e+01 6.186661e-12
7.000000e+06 6.220985e+01 7.411040e-12
8.000000e+06 7.874332e+01 8.631497e-12
9.000000e+06 9.647820e+01 9.848257e-12
1.000000e+07 1.153068e+02 1.106158e-11
1.100000e+07 1.351412e+02 1.227176e-11
1.200000e+07 1.559086e+02 1.347915e-11
1.300000e+07 1.775482e+02 1.468413e-11
1.400000e+07 2.000093e+02 1.588714e-11
1.500000e+07 2.232492e+02 1.708866e-11
1.600000e+07 2.472321e+02 1.828924e-11
1.700000e+07 2.719288e+02 1.948946e-11
1.800000e+07 2.973153e+02 2.068998e-11
1.900000e+07 3.233725e+02 2.189149e-11
2.000000e+07 3.500860e+02 2.309476e-11
2.100000e+07 3.774456e+02 2.430062e-11
2.200000e+07 4.054452e+02 2.550995e-11
2.300000e+07 4.340821e+02 2.672372e-11
2.400000e+07 4.633576e+02 2.794295e-11
2.500000e+07 4.932764e+02 2.916873e-11
2.600000e+07 5.238465e+02 3.040226e-11
2.700000e+07 5.550795e+02 3.164478e-11
2.800000e+07 5.869901e+02 3.289765e-11
2.900000e+07 6.195965e+02 3.416229e-11
3.000000e+07 6.529200e+02 3.544025e-11
3.100000e+07 6.869855e+02 3.673316e-11
3.200000e+07 7.218210e+02 3.804277e-11
3.300000e+07 7.574579e+02 3.937094e-11
3.400000e+07 7.939310e+02 4.071966e-11
3.500000e+07 8.312786e+02 4.209105e-11
3.600000e+07 8.695423e+02 4.348738e-11
3.700000e+07 9.087673e+02 4.491108e-11
3.800000e+07 9.490021e+02 4.636472e-11
3.900000e+07 9.902987e+02 4.785106e-11
4.000000e+07 1.032713e+03 4.937306e-11
4.100000e+07 1.076303e+03 5.093386e-11
4.200000e+07 1.121131e+03 5.253681e-11
4.300000e+07 1.167262e+03 5.418549e-11
4.400000e+07 1.214763e+03 5.588372e-11
4.500000e+07 1.263706e+03 5.763557e-11
4.600000e+07 1.314162e+03 5.944535e-11
4.700000e+07 1.366206e+03 6.131765e-11
4.800000e+07 1.419911e+03 6.325735e-11
4.900000e+07 1.475353e+03 6.526957e-11
5.000000e+07 1.532605e+03 6.735976e-11
5.100000e+07 1.591738e+03 6.953359e-11
5.200000e+07 1.652821e+03 7.179706e-11
5.300000e+07 1.715914e+03 7.415635e-11
5.400000e+07 1.781074e+03 7.661791e-11
5.500000e+07 1.848346e+03 7.918836e-11
5.600000e+07 1.917763e+03 8.187443e-11
5.700000e+07 1.989343e+03 8.468293e-11
5.797369e+07 2.061537e+03 8.762064e-11
5.892124e+07 2.134017e+03 9.061243e-11
5.984388e+07 2.206604e+03 9.365429e-11
6.074318e+07 2.279182e+03 9.674502e-11
6.162058e+07 2.351641e+03 9.988433e-11
6.247722e+07 2.423865e+03 1.030715e-10
6.331425e+07 2.495739e+03 1.063045e-10
6.413286e+07 2.567159e+03 1.095815e-10
6.493418e+07 2.638017e+03 1.129004e-10
6.571034e+07 2.707556e+03 1.162590e-10
6.645940e+07 2.775380e+03 1.196161e-10
6.718362e+07 2.841430e+03 1.229522e-10
6.788505e+07 2.905678e+03 1.262663e-10
6.856521e+07 2.968088e+03 1.295572e-10
6.922572e+07 3.028650e+03 1.328220e-10
6.986813e+07 3.087366e+03 1.360594e-10
7.049380e+07 3.144240e+03 1.392679e-10
7.110370e+07 3.199253e+03 1.424463e-10
7.169899e+07 3.252418e+03 1.455917e-10
7.228078e+07 3.303747e+03 1.487028e-10
7.284987e+07 3.353242e+03 1.517784e-10
7.340707e+07 3.400909e+03 1.548164e-10
7.395324e+07 3.446768e+03 1.578150e-10
7.448909e+07 3.490832e+03 1.607730e-10
7.501517e+07 3.533109e+03 1.636888e-10
7.553219e+07 3.573622e+03 1.665604e-10
7.604072e+07 3.612389e+03 1.693869e-10
7.654120e+07 3.649422e+03 1.721667e-10
7.703419e+07 3.684748e+03 1.748980e-10
7.752017e+07 3.718388e+03 1.775798e-10
7.799948e+07 3.750358e+03 1.802110e-10
7.847262e+07 3.780688e+03 1.827897e-10
7.893992e+07 3.809398e+03 1.853154e-10
7.940170e+07 3.836511e+03 1.877865e-10
7.985840e+07 3.862057e+03 1.902018e-10
8.031023e+07 3.886057e+03 1.925607e-10
8.075752e+07 3.908539e+03 1.948617e-10
8.120062e+07 3.929532e+03 1.971039e-10
8.163969e+07 3.949058e+03 1.992868e-10
8.207505e+07 3.967149e+03 2.014088e-10
8.250694e+07 3.983831e+03 2.034695e-10
8.293555e+07 3.999132e+03 2.054681e-10
8.336118e+07 4.013083e+03 2.074036e-10
8.378395e+07 4.025709e+03 2.092756e-10
8.420411e+07 4.037041e+03 2.110832e-10
8.462188e+07 4.047109e+03 2.128258e-10
8.503738e+07 4.055940e+03 2.145030e-10
8.545084e+07 4.063566e+03 2.161140e-10
8.586242e+07 4.070014e+03 2.176586e-10
8.627227e+07 4.075314e+03 2.191362e-10
8.668062e+07 4.079497e+03 2.205463e-10
8.708753e+07 4.082591e+03 2.218889e-10
8.749320e+07 4.084627e+03 2.231634e-10
8.789780e+07 4.085633e+03 2.243696e-10
8.830142e+07 4.085640e+03 2.255074e-10
8.870426e+07 4.084677e+03 2.265766e-10
8.910643e+07 4.082773e+03 2.275771e-10
8.950804e+07 4.079957e+03 2.285089e-10
8.990928e+07 4.076260e+03 2.293719e-10
9.031023e+07 4.071709e+03 2.301663e-10
9.071102e+07 4.066335e+03 2.308922e-10
9.111183e+07 4.060165e+03 2.315498e-10
9.151272e+07 4.053230e+03 2.321393e-10
9.191383e+07 4.045558e+03 2.326611e-10
9.231530e+07 4.037176e+03 2.331155e-10
9.271724e+07 4.028114e+03 2.335029e-10
9.311975e+07 4.018401e+03 2.338239e-10
9.352296e+07 4.008064e+03 2.340791e-10
9.392701e+07 3.997131e+03 2.342692e-10
9.433196e+07 3.985631e+03 2.343948e-10
9.473794e+07 3.973592e+03 2.344568e-10
9.514508e+07 3.961041e+03 2.344561e-10
9.555351e+07 3.948004e+03 2.343936e-10
9.596329e+07 3.934512e+03 2.342705e-10
9.637452e+07 3.920590e+03 2.340878e-10
9.678734e+07 3.906267e+03 2.338469e-10
9.720186e+07 3.891568e+03 2.335489e-10
9.761820e+07 3.876521e+03 2.331954e-10
9.803640e+07 3.861153e+03 2.327877e-10
9.845659e+07 3.845492e+03 2.323275e-10
9.887885e+07 3.829564e+03 2.318165e-10
9.930330e+07 3.813395e+03 2.312564e-10
9.973003e+07 3.797012e+03 2.306490e-10
1.001591e+08 3.780440e+03 2.299962e-10
1.005907e+08 3.763707e+03 2.293000e-10
1.010248e+08 3.746837e+03 2.285625e-10
1.014615e+08 3.729857e+03 2.277858e-10
1.019010e+08 3.712793e+03 2.269721e-10
1.023432e+08 3.695669e+03 2.261236e-10
1.027882e+08 3.678511e+03 2.252427e-10
1.032361e+08 3.661344e+03 2.243317e-10
1.036870e+08 3.644192e+03 2.233930e-10
1.041409e+08 3.627080e+03 2.224291e-10
1.045979e+08 3.610030e+03 2.214424e-10
1.050579e+08 3.593067e+03 2.204353e-10
1.055211e+08 3.576213e+03 2.194103e-10
1.059875e+08 3.559490e+03 2.183699e-10
1.064570e+08 3.542920e+03 2.173165e-10
1.069298e+08 3.526522e+03 2.162525e-10
1.074058e+08 3.510318e+03 2.151803e-10
1.078850e+08 3.494327e+03 2.141022e-10
1.083674e+08 3.478568e+03 2.130205e-10
1.088531e+08 3.463058e+03 2.119374e-10
1.093419e+08 3.447816e+03 2.108552e-10
1.098339e+08 3.432856e+03 2.097759e-10
1.103291e+08 3.418192e+03 2.087014e-10
1.108274e+08 3.403841e+03 2.076337e-10
1.113287e+08 3.389814e+03 2.065746e-10
1.118330e+08 3.376123e+03 2.055258e-10
1.123402e+08 3.362780e+03 2.044890e-10
1.128504e+08 3.349793e+03 2.034656e-10
1.133634e+08 3.337171e+03 2.024568e-10
1.138791e+08 3.324923e+03 2.014643e-10
1.143975e+08 3.313054e+03 2.004890e-10
1.149185e+08 3.301569e+03 1.995320e-10
1.154420e+08 3.290472e+03 1.985943e-10
1.159679e+08 3.279768e+03 1.976766e-10
1.164961e+08 3.269456e+03 1.967799e-10
1.170267e+08 3.259539e+03 1.959046e-10
1.175593e+08 3.250017e+03 1.950512e-10
1.180941e+08 3.240888e+03 1.942203e-10
1.186307e+08 3.232151e+03 1.934122e-10
1.191693e+08 3.223803e+03 1.926272e-10
1.197097e+08 3.215840e+03 1.918654e-10
1.202517e+08 3.208258e+03 1.911268e-10
1.207953e+08 3.201052e+03 1.904115e-10
1.213404e+08 3.194216e+03 1.897196e-10
1.218869e+08 3.187745e+03 1.890508e-10
1.224347e+08 3.181630e+03 1.884050e-10
1.229837e+08 3.175865e+03 1.877819e-10
1.235339e+08 3.170441e+03 1.871812e-10
1.240851e+08 3.165352e+03 1.866028e-10
1.246373e+08 3.160587e+03 1.860461e-10
1.251904e+08 3.156138e+03 1.855108e-10
1.257443e+08 3.151995e+03 1.849964e-10
1.262990e+08 3.148149e+03 1.845025e-10
1.268543e+08 3.144590e+03 1.840286e-10
1.274102e+08 3.141309e+03 1.835741e-10
1.279666e+08 3.138296e+03 1.831386e-10
1.285234e+08 3.135539e+03 1.827214e-10
1.290807e+08 3.133030e+03 1.823221e-10
1.296383e+08 3.130758e+03 1.819400e-10
1.301963e+08 3.128712e+03 1.815745e-10
1.307545e+08 3.126883e+03 1.812250e-10
1.313129e+08 3.125261e+03 1.808910e-10
1.318714e+08 3.123835e+03 1.805719e-10
1.324300e+08 3.122595e+03 1.802670e-10
1.329886e+08 3.121533e+03 1.799758e-10
1.335473e+08 3.120637e+03 1.796976e-10
1.341060e+08 3.119898e+03 1.794319e-10
1.346646e+08 3.119308e+03 1.791780e-10
1.352231e+08 3.118857e+03 1.789354e-10
1.357815e+08 3.118535e+03 1.787035e-10
1.363397e+08 3.118334e+03 1.784818e-10
1.368978e+08 3.118245e+03 1.782696e-10
1.374558e+08 3.118260e+03 1.780664e-10
1.380135e+08 3.118371e+03 1.778716e-10
1.385710e+08 3.118569e+03 1.776848e-10
1.391283e+08 3.118847e+03 1.775054e-10
1.396853e+08 3.119198e+03 1.773328e-10
1.402421e+08 3.119613e+03 1.771666e-10
1.407986e+08 3.120086e+03 1.770064e-10
1.413548e+08 3.120610e+03 1.768515e-10
1.419108e+08 3.121178e+03 1.767016e-10
1.424665e+08 3.121784e+03 1.765561e-10
1.430219e+08 3.122423e+03 1.764147e-10
1.435769e+08 3.123087e+03 1.762769e-10
1.441317e+08 3.123771e+03 1.761424e-10
1.446862e+08 3.124471e+03 1.760106e-10
1.452405e+08 3.125180e+03 1.758812e-10
1.457944e+08 3.125894e+03 1.757538e-10
1.463480e+08 3.126608e+03 1.756281e-10
1.469014e+08 3.127318e+03 1.755038e-10
1.474545e+08 3.128019e+03 1.753804e-10
1.480074e+08 3.128707e+03 1.752576e-10
1.485599e+08 3.129379e+03 1.751352e-10
1.491123e+08 3.130030e+03 1.750129e-10
1.496644e+08 3.130658e+03 1.748902e-10
1.502162e+08 3.131259e+03 1.747671e-10
1.507679e+08 3.131831e+03 1.746432e-10
1.513193e+08 3.132370e+03 1.745183e-10
1.518706e+08 3.132873e+03 1.743921e-10
1.524216e+08 3.133340e+03 1.742644e-10
1.529725e+08 3.133766e+03 1.741350e-10
1.535233e+08 3.134151e+03 1.740037e-10
1.540739e+08 3.134492e+03 1.738704e-10
1.546244e+08 3.134787e+03 1.737347e-10
1.551748e+08 3.135036e+03 1.735967e-10
1.557250e+08 3.135236e+03 1.734561e-10
1.562752e+08 3.135387e+03 1.733127e-10
1.568254e+08 3.135487e+03 1.731666e-10
1.573755e+08 3.135536e+03 1.730174e-10
1.579255e+08 3.135533e+03 1.728652e-10
1.584756e+08 3.135476e+03 1.727098e-10
1.590256e+08 3.135367e+03 1.725511e-10
1.595757e+08 3.135203e+03 1.723891e-10
1.601258e+08 3.134986e+03 1.722236e-10
1.606759e+08 3.134714e+03 1.720547e-10
1.612261e+08 3.134388e+03 1.718823e-10
1.617764e+08 3.134008e+03 1.717063e-10
1.623268e+08 3.133575e+03 1.715267e-10
1.628773e+08 3.133087e+03 1.713435e-10
1.634279e+08 3.132547e+03 1.711566e-10
1.639787e+08 3.131953e+03 1.709661e-10
1.645296e+08 3.131308e+03 1.707720e-10
1.650807e+08 3.130611e+03 1.705742e-10
1.656320e+08 3.129863e+03 1.703728e-10
1.661835e+08 3.129065e+03 1.701678e-10
1.667352e+08 3.128218e+03 1.699592e-10
1.672872e+08 3.127323e+03 1.697470e-10
1.678394e+08 3.126380e+03 1.695314e-10
1.683919e+08 3.125392e+03 1.693123e-10
1.689446e+08 3.124358e+03 1.690899e-10
1.694977e+08 3.123280e+03 1.688641e-10
1.700510e+08 3.122160e+03 1.686350e-10
1.706047e+08 3.120998e+03 1.684027e-10
1.711587e+08 3.119796e+03 1.681673e-10
1.717130e+08 3.118555e+03 1.679288e-10
1.722677e+08 3.117276e+03 1.676874e-10
1.728228e+08 3.115961e+03 1.674431e-10
1.733782e+08 3.114612e+03 1.671960e-10
1.739340e+08 3.113228e+03 1.669462e-10
1.744903e+08 3.111813e+03 1.666938e-10
1.750469e+08 3.110367e+03 1.664389e-10
1.756040e+08 3.108892e+03 1.661816e-10
1.761615e+08 3.107390e+03 1.659220e-10
1.767194e+08 3.105861e+03 1.656602e-10
1.772778e+08 3.104307e+03 1.653963e-10
1.778366e+08 3.102731e+03 1.651304e-10
1.783959e+08 3.101132e+03 1.648627e-10
1.789556e+08 3.099513e+03 1.645933e-10
1.795159e+08 3.097875e+03 1.643222e-10
1.800766e+08 3.096220e+03 1.640496e-10
1.806378e+08 3.094549e+03 1.637757e-10
1.811996e+08 3.092864e+03 1.635004e-10
1.817618e+08 3.091165e+03 1.632240e-10
1.823245e+08 3.089454e+03 1.629465e-10
1.828878e+08 3.087733e+03 1.626681e-10
1.834516e+08 3.086003e+03 1.623889e-10
1.840159e+08 3.084266e+03 1.621090e-10
1.845807e+08 3.082522e+03 1.618285e-10
1.851461e+08 3.080773e+03 1.615476e-10
1.857120e+08 3.079020e+03 1.612663e-10
1.862785e+08 3.077265e+03 1.609848e-10
1.868455e+08 3.075508e+03 1.607031e-10
1.874130e+08 3.073751e+03 1.604214e-10
1.879811e+08 3.071995e+03 1.601399e-10
1.885498e+08 3.070241e+03 1.598585e-10
1.891190e+08 3.068490e+03 1.595774e-10
1.896887e+08 3.066744e+03 1.592967e-10
1.902590e+08 3.065003e+03 1.590166e-10
1.908299e+08 3.063267e+03 1.587370e-10
1.914013e+08 3.061539e+03 1.584582e-10
1.919733e+08 3.059819e+03 1.581801e-10
1.925458e+08 3.058108e+03 1.579030e-10
1.931189e+08 3.056407e+03 1.576269e-10
1.936925e+08 3.054717e+03 1.573518e-10
1.942666e+08 3.053037e+03 1.570779e-10
1.948413e+08 3.051370e+03 1.568052e-10
1.954166e+08 3.049716e+03 1.565339e-10
1.959924e+08 3.048075e+03 1.562640e-10
1.965687e+08 3.046448e+03 1.559956e-10
1.971456e+08 3.044836e+03 1.557287e-10
1.977230e+08 3.043239e+03 1.554634e-10
1.983010e+08 3.041658e+03 1.551999e-10
1.988795e+08 3.040093e+03 1.549381e-10
1.994585e+08 3.038545e+03 1.546781e-10
2.000381e+08 3.037013e+03 1.544200e-10
2.006182e+08 3.035500e+03 1.541639e-10
2.011988e+08 3.034004e+03 1.539097e-10
2.017800e+08 3.032526e+03 1.536576e-10
2.023617e+08 3.031066e+03 1.534075e-10
2.029438e+08 3.029625e+03 1.531597e-10
2.035266e+08 3.028203e+03 1.529140e-10
2.041098e+08 3.026800e+03 1.526705e-10
2.046935e+08 3.025416e+03 1.524293e-10
2.052777e+08 3.024052e+03 1.521904e-10
2.058625e+08 3.022707e+03 1.519538e-10
2.064477e+08 3.021381e+03 1.517197e-10
2.070334e+08 3.020075e+03 1.514879e-10
2.076197e+08 3.018788e+03 1.512585e-10
2.082064e+08 3.017521e+03 1.510316e-10
2.087936e+08 3.016273e+03 1.508072e-10
2.093813e+08 3.015045e+03 1.505853e-10
2.099694e+08 3.013836e+03 1.503659e-10
2.105581e+08 3.012646e+03 1.501490e-10
2.111472e+08 3.011475e+03 1.499347e-10
2.117368e+08 3.010324e+03 1.497229e-10
2.123268e+08 3.009191e+03 1.495137e-10
2.129173e+08 3.008076e+03 1.493072e-10
2.135083e+08 3.006980e+03 1.491032e-10
2.140997e+08 3.005902e+03 1.489018e-10
2.146916e+08 3.004842e+03 1.487030e-10
2.152839e+08 3.003800e+03 1.485068e-10
2.158766e+08 3.002775e+03 1.483133e-10
2.164698e+08 3.001767e+03 1.481224e-10
2.170634e+08 3.000776e+03 1.479341e-10
2.176575e+08 2.999801e+03 1.477484e-10
2.182520e+08 2.998843e+03 1.475653e-10
2.188469e+08 2.997900e+03 1.473848e-10
2.194422e+08 2.996973e+03 1.472069e-10
2.200380e+08 2.996060e+03 1.470317e-10
2.206341e+08 2.995163e+03 1.468590e-10
2.212307e+08 2.994280e+03 1.466889e-10
2.218277e+08 2.993411e+03 1.465214e-10
2.224250e+08 2.992555e+03 1.463565e-10
2.230228e+08 2.991713e+03 1.461941e-10
2.236210e+08 2.990884e+03 1.460343e-10
2.242195e+08 2.990067e+03 1.458770e-10
2.248184e+08 2.989261e+03 1.457222e-10
2.254177e+08 2.988468e+03 1.455700e-10
2.260174e+08 2.987685e+03 1.454202e-10
2.266175e+08 2.986914e+03 1.452730e-10
2.272179e+08 2.986152e+03 1.451282e-10
2.278187e+08 2.985401e+03 1.449859e-10
2.284199e+08 2.984659e+03 1.448461e-10
2.290215e+08 2.983926e+03 1.447086e-10
2.296234e+08 2.983202e+03 1.445736e-10
2.302256e+08 2.982486e+03 1.444411e-10
2.308283e+08 2.981777e+03 1.443109e-10
2.314312e+08 2.981076e+03 1.441830e-10
2.320346e+08 2.980382e+03 1.440576e-10
2.326382e+08 2.979694e+03 1.439344e-10
2.332423e+08 2.979013e+03 1.438137e-10
2.338466e+08 2.978337e+03 1.436952e-10
2.344513e+08 2.977667e+03 1.435790e-10
2.350564e+08 2.977001e+03 1.434651e-10
2.356618e+08 2.976340e+03 1.433535e-10
2.362675e+08 2.975683e+03 1.432441e-10
2.368735e+08 2.975030e+03 1.431370e-10
2.374799e+08 2.974379e+03 1.430321e-10
2.380866e+08 2.973732e+03 1.429294e-10
2.386936e+08 2.973088e+03 1.428289e-10
2.393010e+08 2.972445e+03 1.427306e-10
2.399087e+08 2.971805e+03 1.426344e-10
2.405167e+08 2.971166e+03 1.425404e-10
2.411250e+08 2.970528e+03 1.424485e-10
2.417336e+08 2.969890e+03 1.423588e-10
2.423425e+08 2.969253e+03 1.422711e-10
2.429517e+08 2.968617e+03 1.421856e-10
2.435613e+08 2.967979e+03 1.421021e-10
2.441711e+08 2.967342e+03 1.420207e-10
2.447812e+08 2.966703e+03 1.419414e-10
2.453917e+08 2.966064e+03 1.418640e-10
2.460024e+08 2.965422e+03 1.417888e-10
2.466135e+08 2.964779e+03 1.417155e-10
2.472248e+08 2.964134e+03 1.416442e-10
2.478364e+08 2.963487e+03 1.415750e-10
2.484483e+08 2.962836e+03 1.415076e-10
2.490605e+08 2.962183e+03 1.414423e-10
2.496729e+08 2.961527e+03 1.413789e-10
2.502857e+08 2.960868e+03 1.413175e-10
2.508987e+08 2.960204e+03 1.412580e-10
2.515120e+08 2.959537e+03 1.412004e-10
2.521256e+08 2.958865e+03 1.411447e-10
2.527394e+08 2.958190e+03 1.410909e-10
2.533535e+08 2.957509e+03 1.410390e-10
2.539679e+08 2.956824e+03 1.409889e-10
2.545825e+08 2.956134e+03 1.409408e-10
2.551974e+08 2.955438e+03 1.408944e-10
2.558126e+08 2.954737e+03 1.408499e-10
2.564280e+08 2.954030e+03 1.408073e-10
2.570437e+08 2.953318e+03 1.407665e-10
2.576596e+08 2.952600e+03 1.407274e-10
2.582757e+08 2.951875e+03 1.406902e-10
2.588921e+08 2.951144e+03 1.406547e-10
2.595088e+08 2.950406e+03 1.406211e-10
2.601257e+08 2.949662e+03 1.405892e-10
2.607428e+08 2.948911e+03 1.405590e-10
2.613602e+08 2.948153e+03 1.405306e-10
2.619778e+08 2.947388e+03 1.405039e-10
2.625956e+08 2.946616e+03 1.404790e-10
2.632137e+08 2.945836e+03 1.404557e-10
2.638320e+08 2.945048e+03 1.404342e-10
2.644505e+08 2.944253e+03 1.404144e-10
2.650692e+08 2.943450e+03 1.403962e-10
2.656881e+08 2.942640e+03 1.403797e-10
2.663073e+08 2.941821e+03 1.403649e-10
2.669266e+08 2.940994e+03 1.403517e-10
2.675462e+08 2.940159e+03 1.403401e-10
2.681660e+08 2.939315e+03 1.403302e-10
2.687860e+08 2.938463e+03 1.403219e-10
2.694062e+08 2.937603e+03 1.403152e-10
2.700266e+08 2.936733e+03 1.403100e-10
2.706471e+08 2.935855e+03 1.403065e-10
2.712679e+08 2.934969e+03 1.403045e-10
2.718888e+08 2.934073e+03 1.403041e-10
2.725100e+08 2.933168e+03 1.403052e-10
2.731313e+08 2.932254e+03 1.403079e-10
2.737528e+08 2.931331e+03 1.403120e-10
2.743745e+08 2.930399e+03 1.403177e-10
2.749964e+08 2.929457e+03 1.403248e-10
2.756184e+08 2.928506e+03 1.403335e-10
2.762406e+08 2.927545e+03 1.403436e-10
2.768629e+08 2.926575e+03 1.403551e-10
2.774855e+08 2.925595e+03 1.403681e-10
2.781082e+08 2.924605e+03 1.403825e-10
2.787310e+08 2.923606e+03 1.403983e-10
2.793540e+08 2.922597e+03 1.404155e-10
2.799771e+08 2.921578e+03 1.404341e-10
2.806004e+08 2.920549e+03 1.404541e-10
2.812239e+08 2.919509e+03 1.404754e-10
2.818475e+08 2.918460e+03 1.404980e-10
2.824712e+08 2.917401e+03 1.405220e-10
2.830951e+08 2.916331e+03 1.405472e-10
2.837191e+08 2.915251e+03 1.405738e-10
2.843432e+08 2.914161e+03 1.406016e-10
2.849674e+08 2.913060e+03 1.406307e-10
2.855918e+08 2.911949e+03 1.406610e-10
2.862163e+08 2.910828e+03 1.406925e-10
2.868409e+08 2.909696e+03 1.407252e-10
2.874657e+08 2.908553e+03 1.407592e-10
2.880905e+08 2.907400e+03 1.407943e-10
2.887155e+08 2.906236e+03 1.408305e-10
2.893406e+08 2.905061e+03 1.408679e-10
2.899657e+08 2.903875e+03 1.409064e-10
2.905910e+08 2.902679e+03 1.409460e-10
2.912164e+08 2.901472e+03 1.409867e-10
2.918419e+08 2.900253e+03 1.410285e-10
2.924675e+08 2.899024e+03 1.410713e-10
2.930931e+08 2.897784e+03 1.411151e-10
2.937189e+08 2.896533e+03 1.411599e-10
2.943447e+08 2.895271e+03 1.412058e-10
2.949707e+08 2.893997e+03 1.412526e-10
2.955967e+08 2.892713e+03 1.413003e-10
2.962228e+08 2.891417e+03 1.413490e-10
2.968489e+08 2.890110e+03 1.413986e-10
2.974752e+08 2.888792e+03 1.414491e-10
2.981015e+08 2.887462e+03 1.415005e-10
