8.485281374238569988e+05 1.070240525836625238e+03 1.644806144000000000e+09
8.425619239575954853e+05 1.064002700074087898e+03 -1.362321408000000000e+09
8.365957104913340881e+05 1.065196085287503820e+03 1.050361856000000000e+09
8.306294970250725746e+05 1.062339543157914704e+03 -9.594798080000000000e+08
8.246632835588110611e+05 1.061554154153616537e+03 5.908070400000000000e+08
8.186970700925495476e+05 1.059369980078858589e+03 -6.398935040000000000e+08
8.127308566262880340e+05 1.057738918525814825e+03 4.130734080000000000e+08
8.067646431600265205e+05 1.055832638255344818e+03 -3.653713920000000000e+08
8.007984296937651234e+05 1.054168871045702417e+03 2.659696640000000000e+08
7.948322162275036098e+05 1.052275927158664217e+03 -1.707622400000000000e+08
7.888660027612420963e+05 1.050404356382231754e+03 1.355939840000000000e+08
7.828997892949805828e+05 1.048472323879220767e+03 1.056849920000000000e+08
7.769335758287190692e+05 1.046679421083253601e+03 1.227243520000000000e+08
7.709673623624575557e+05 1.045233523325990063e+03 7.786496000000000000e+07
7.650011488961961586e+05 1.043710395733996620e+03 4.768563200000000000e+07
7.590349354299346451e+05 1.042112041197543704e+03 3.216179200000000000e+07
7.530687219636731315e+05 1.040469480579615720e+03 1.921843200000000000e+07
7.471025084974116180e+05 1.038756685022617603e+03 4.289331200000000000e+07
7.411362950311501045e+05 1.037053849823240853e+03 3.978854400000000000e+07
7.351700815648885909e+05 1.035329717511672925e+03 3.579084800000000000e+07
7.292038680986270774e+05 1.033611058276299900e+03 3.067904000000000000e+07
7.232376546323656803e+05 1.031852347378653121e+03 4.671078400000000000e+07
7.172714411661041668e+05 1.030103493025052103e+03 4.473651200000000000e+07
7.113052276998426532e+05 1.028312316734376054e+03 4.592435200000000000e+07
7.053390142335811397e+05 1.026586583256174436e+03 1.693286400000000000e+07
6.993728007673196262e+05 1.024805842346810323e+03 5.958860800000000000e+07
6.934065873010581126e+05 1.023014847083752102e+03 2.314240000000000000e+07
6.874403738347967155e+05 1.021210120198052664e+03 7.109836800000000000e+07
6.814741603685352020e+05 1.019451646128288644e+03 1.859584000000000000e+07
6.755079469022736885e+05 1.017645743820354255e+03 3.873177600000000000e+07
6.695417334360121749e+05 1.015746442577826656e+03 2.865561600000000000e+07
6.635755199697506614e+05 1.013760852276940227e+03 6.872268800000000000e+07
6.576093065034891479e+05 1.011778041809058777e+03 3.553689600000000000e+07
6.516430930372277508e+05 1.009744895042852932e+03 7.190937600000000000e+07
6.456768795709662372e+05 1.007716166316527961e+03 4.113203200000000000e+07
6.397106661047047237e+05 1.005669206719193880e+03 6.840320000000000000e+07
6.337444526384432102e+05 1.003582611267389893e+03 6.698598400000000000e+07
6.277782391721816966e+05 1.001494454039901257e+03 7.300710400000000000e+07
6.218120257059201831e+05 9.994670930834428191e+02 6.802636800000000000e+07
6.158458122396587860e+05 9.974175347313565680e+02 6.738739200000000000e+07
6.098795987733972725e+05 9.953459591471837484e+02 7.296614400000000000e+07
6.039133853071357589e+05 9.932748026285050855e+02 6.645350400000000000e+07
5.979471718408742454e+05 9.912811782999522165e+02 6.855065600000000000e+07
5.919809583746127319e+05 9.893189752712535210e+02 4.639129600000000000e+07
5.860147449083512183e+05 9.873379233171813212e+02 6.626508800000000000e+07
5.800485314420898212e+05 9.853840785691060091e+02 1.662976000000000000e+07
5.740823179758283077e+05 9.834468745545665342e+02 6.855065600000000000e+07
5.681161045095667941e+05 9.814593522755642425e+02 4.913561600000000000e+07
5.621498910433052806e+05 9.793466087154226898e+02 5.799116800000000000e+07
5.561836775770437671e+05 9.774122156675750830e+02 3.747020800000000000e+07
5.502174641107822536e+05 9.753236617263105472e+02 4.145971200000000000e+07
5.442512506445207400e+05 9.732373831827137565e+02 2.596864000000000000e+07
5.382850371782593429e+05 9.710718508854952233e+02 2.745958400000000000e+07
5.323188237119978294e+05 9.688780715597836206e+02 8.101888000000000000e+06
5.263526102457363158e+05 9.665502008551197832e+02 1.833369600000000000e+07
5.203863967794748023e+05 9.640779230082343929e+02 1.848934400000000000e+07
5.144201833132133470e+05 9.615675798580532501e+02 3.018752000000000000e+07
5.084539698469518335e+05 9.590095427076440728e+02 2.835251200000000000e+07
5.024877563806903199e+05 9.563990070374707102e+02 4.948787200000000000e+07
4.965215429144288646e+05 9.538255295849692175e+02 4.141875200000000000e+07
4.905553294481673511e+05 9.513639141710652893e+02 5.844992000000000000e+07
4.845891159819058375e+05 9.490164128110739057e+02 1.612185600000000000e+07
4.786229025156443822e+05 9.466870602375590806e+02 4.244275200000000000e+07
4.726566890493828687e+05 9.443267750234799678e+02 -4.143513600000000000e+07
4.666904755831213552e+05 9.417356383615679079e+02 4.572774400000000000e+07
0.000000000000000000e+00 2.731499999999999773e+02 0.000000000000000000e+00
1.104854345603980619e+03 2.859210818845613176e+02 0.000000000000000000e+00
2.209708691207961238e+03 2.966962568984593531e+02 0.000000000000000000e+00
3.314563036811941402e+03 3.059424367641543654e+02 0.000000000000000000e+00
4.419417382415922475e+03 3.140055641840341991e+02 0.000000000000000000e+00
5.524271728019902184e+03 3.211433647740178685e+02 0.000000000000000000e+00
6.629126073623882803e+03 3.275490460083818789e+02 0.000000000000000000e+00
7.733980419227863422e+03 3.333684721936886035e+02 0.000000000000000000e+00
8.838834764831844950e+03 3.387126343375423971e+02 0.000000000000000000e+00
9.943689110435823750e+03 3.436667234174657324e+02 0.000000000000000000e+00
1.104854345603980437e+04 3.482967487900543802e+02 0.000000000000000000e+00
1.215339780164378499e+04 3.526543798942699937e+02 0.000000000000000000e+00
1.325825214724776561e+04 3.567804999398607606e+02 0.000000000000000000e+00
1.436310649285174622e+04 3.607078240525398769e+02 0.000000000000000000e+00
1.546796083845572684e+04 3.644628363716073522e+02 0.000000000000000000e+00
1.657281518405970928e+04 3.680672300901339895e+02 0.000000000000000000e+00
1.767766952966368990e+04 3.715389836569073623e+02 0.000000000000000000e+00
1.878252387526766688e+04 3.748931697691558611e+02 0.000000000000000000e+00
1.988737822087164750e+04 3.781425673883587706e+02 0.000000000000000000e+00
2.099223256647562812e+04 3.812981279455437402e+02 0.000000000000000000e+00
2.209708691207960874e+04 3.843693331119478103e+02 0.000000000000000000e+00
2.320194125768358936e+04 3.873644715195522394e+02 0.000000000000000000e+00
2.430679560328756997e+04 3.902908545632253663e+02 0.000000000000000000e+00
2.541164994889155059e+04 3.931549861397360246e+02 0.000000000000000000e+00
2.651650429449553121e+04 3.959626973304446551e+02 0.000000000000000000e+00
2.762135864009951183e+04 3.987192542194464977e+02 0.000000000000000000e+00
2.872621298570349245e+04 4.014294449729807752e+02 0.000000000000000000e+00
2.983106733130747307e+04 4.040976507839576470e+02 0.000000000000000000e+00
3.093592167691145369e+04 4.067279041593063766e+02 0.000000000000000000e+00
3.204077602251543431e+04 4.093239371902611197e+02 0.000000000000000000e+00
3.314563036811941856e+04 4.118892218188121888e+02 0.000000000000000000e+00
3.425048471372339554e+04 4.144270036406700797e+02 0.000000000000000000e+00
3.535533905932737980e+04 4.169403304246457651e+02 0.000000000000000000e+00
3.646019340493135678e+04 4.194320762496550969e+02 0.000000000000000000e+00
3.756504775053533376e+04 4.219049619405671478e+02 0.000000000000000000e+00
3.866990209613931802e+04 4.243615723051140094e+02 0.000000000000000000e+00
3.977475644174329500e+04 4.268043705218606192e+02 0.000000000000000000e+00
4.087961078734727926e+04 4.292357098916280052e+02 0.000000000000000000e+00
4.198446513295125624e+04 4.316578430303593450e+02 0.000000000000000000e+00
4.308931947855524049e+04 4.340729284382505284e+02 0.000000000000000000e+00
4.419417382415921747e+04 4.364830342141377741e+02 0.000000000000000000e+00
4.529902816976320173e+04 4.388901384779575210e+02 0.000000000000000000e+00
4.640388251536717871e+04 4.412961257937815276e+02 0.000000000000000000e+00
4.750873686097116297e+04 4.437027785181956006e+02 0.000000000000000000e+00
4.861359120657513995e+04 4.461117614860750109e+02 0.000000000000000000e+00
4.971844555217912421e+04 4.485245977192500959e+02 0.000000000000000000e+00
5.082329989778310119e+04 4.509426318026533522e+02 0.000000000000000000e+00
5.192815424338708544e+04 4.533669760700528286e+02 0.000000000000000000e+00
5.303300858899106242e+04 4.557984325607074538e+02 0.000000000000000000e+00
5.413786293459504668e+04 4.582373805299273499e+02 0.000000000000000000e+00
5.524271728019902366e+04 4.606836146489042108e+02 0.000000000000000000e+00
5.634757162580300792e+04 4.631361122147329752e+02 0.000000000000000000e+00
5.745242597140698490e+04 4.655926976771733621e+02 0.000000000000000000e+00
5.855728031701096916e+04 4.680495580427064510e+02 0.000000000000000000e+00
5.966213466261494614e+04 4.705005409656110942e+02 0.000000000000000000e+00
6.076698900821893039e+04 4.729361352032521495e+02 0.000000000000000000e+00
6.187184335382290737e+04 4.753419855767261879e+02 0.000000000000000000e+00
6.297669769942689163e+04 4.776967241520948164e+02 0.000000000000000000e+00
6.408155204503086861e+04 4.799687948122599437e+02 0.000000000000000000e+00
6.518640639063485287e+04 4.821117927340574738e+02 0.000000000000000000e+00
6.629126073623883713e+04 4.840576084744946002e+02 0.000000000000000000e+00
6.739611508184281411e+04 4.857063314590519667e+02 0.000000000000000000e+00
6.850096942744679109e+04 4.869114747613529062e+02 0.000000000000000000e+00
6.960582377305076807e+04 4.874591800295078770e+02 0.000000000000000000e+00
7.071067811865475960e+04 4.871743958718093950e+02 -8.696709120000000000e+08
7.689786245403703651e+04 4.864216498161600271e+02 -1.025581056000000000e+09
8.308504678941932798e+04 4.903536596155395273e+02 -6.727598080000000000e+08
8.927223112480161944e+04 5.025828724297878694e+02 -5.166612480000000000e+08
9.545941546018391091e+04 5.205381339214121681e+02 -4.023746560000000000e+08
1.016465997955662024e+05 5.402579809728787268e+02 -3.301048320000000000e+08
1.078337841309484938e+05 5.601461877093150861e+02 -2.930851840000000000e+08
1.140209684663307853e+05 5.791560967789735059e+02 -2.102149120000000000e+08
1.202081528017130768e+05 5.970946639309665898e+02 -2.257715200000000000e+08
1.263953371370953682e+05 6.135507235031875553e+02 -1.483079680000000000e+08
1.325825214724776743e+05 6.288555715949651130e+02 -1.907425280000000000e+08
1.387697058078599512e+05 6.431983824939592296e+02 -9.319219200000000000e+07
1.449568901432422281e+05 6.568806207584298136e+02 -1.528053760000000000e+08
1.511440744786245341e+05 6.698038031550314599e+02 -7.203225600000000000e+07
1.573312588140068110e+05 6.820790830300156813e+02 -1.282293760000000000e+08
1.635184431493891170e+05 6.934797207488444428e+02 -6.585548800000000000e+07
1.697056274847713939e+05 7.042614844118569408e+02 -1.225687040000000000e+08
1.758928118201537000e+05 7.142260595372869147e+02 -6.112051200000000000e+07
1.820799961555359769e+05 7.236207713205765231e+02 -1.124352000000000000e+08
1.882671804909182829e+05 7.321108689800082630e+02 -5.168332800000000000e+07
1.944543648263005598e+05 7.400990893594864701e+02 -9.311846400000000000e+07
2.006415491616828658e+05 7.473866925717226195e+02 -4.957798400000000000e+07
2.068287334970651427e+05 7.544021911250399626e+02 -4.541644800000000000e+07
2.130159178324474487e+05 7.612160656627263506e+02 -2.489548800000000000e+07
2.192031021678297257e+05 7.676278400422804680e+02 -4.771840000000000000e+07
2.253902865032120317e+05 7.737379014284958885e+02 -2.684518400000000000e+07
2.315774708385943086e+05 7.795296201434726981e+02 -3.800268800000000000e+07
2.377646551739766146e+05 7.848805150357385401e+02 -1.592524800000000000e+07
2.439518395093588915e+05 7.898191580781468701e+02 -1.204224000000000000e+07
2.501390238447411975e+05 7.946164830559930579e+02 -1.892352000000000000e+06
2.563262081801234744e+05 7.994277499756976795e+02 1.210777600000000000e+07
2.625133925155057805e+05 8.045324947958557686e+02 -4.849664000000000000e+06
2.687005768508880865e+05 8.096856485097617906e+02 1.698201600000000000e+07
2.748877611862703343e+05 8.149693786733236038e+02 -1.477017600000000000e+07
2.810749455216526403e+05 8.202219169745429781e+02 2.813952000000000000e+07
2.872621298570349463e+05 8.254535124138487845e+02 -9.314304000000000000e+06
2.934493141924171941e+05 8.309311897599129679e+02 3.158835200000000000e+07
2.996364985277995002e+05 8.359220992844261673e+02 5.939200000000000000e+06
3.058236828631818062e+05 8.405828918053659891e+02 2.990080000000000000e+07
3.120108671985641122e+05 8.456823644563785365e+02 2.083225600000000000e+07
3.181980515339463600e+05 8.510328369024574613e+02 5.824512000000000000e+06
3.243852358693286660e+05 8.562868483841797342e+02 2.203648000000000000e+06
3.305724202047109720e+05 8.614280252787167456e+02 -1.971814400000000000e+07
3.367596045400932780e+05 8.662899312190534147e+02 6.692864000000000000e+06
3.429467888754755259e+05 8.710080003501352621e+02 -4.009164800000000000e+07
3.491339732108578319e+05 8.754755635776989493e+02 4.251648000000000000e+07
3.553211575462401379e+05 8.801367701702040449e+02 -6.441369600000000000e+07
3.615083418816224439e+05 8.843299483132033174e+02 6.102220800000000000e+07
3.676955262170046917e+05 8.883991246700102238e+02 -8.233779200000000000e+07
3.738827105523869977e+05 8.922552910945485110e+02 6.119424000000000000e+07
3.800698948877693038e+05 8.961242445176393403e+02 -5.684428800000000000e+07
3.862570792231516098e+05 8.998028071631443936e+02 2.114355200000000000e+07
3.924442635585338576e+05 9.033654872706723609e+02 -3.198976000000000000e+07
3.986314478939161636e+05 9.069025412577809675e+02 3.063808000000000000e+06
4.048186322292984696e+05 9.103645373884944547e+02 -1.143603200000000000e+07
4.110058165646807756e+05 9.137850984193468094e+02 -6.144000000000000000e+06
4.171930009000630234e+05 9.171255848600453646e+02 6.037504000000000000e+06
4.233801852354453295e+05 9.204728068818283191e+02 -1.054310400000000000e+07
4.295673695708276355e+05 9.237219929932433615e+02 1.876787200000000000e+07
4.357545539062098833e+05 9.270016154288307462e+02 -2.560000000000000000e+07
4.419417382415921893e+05 9.300026693625512735e+02 3.341516800000000000e+07
4.481289225769744953e+05 9.331090820380384230e+02 -2.788556800000000000e+07
4.543161069123568013e+05 9.358164019386672408e+02 5.402624000000000000e+07
4.605032912477390491e+05 9.387900350600119737e+02 -2.492825600000000000e+07
