0.000000e+00 3.253436e-04 4.003482e-04 1.000000e-06
1.000000e+00 1.250533e-04 4.875658e-06 1.000000e-06
2.000000e+00 1.203358e-04 2.545675e-05 1.000000e-06
3.000000e+00 1.161888e-04 2.479067e-05 1.000000e-06
4.000000e+00 1.121857e-04 2.317241e-05 1.000000e-06
5.000000e+00 1.083236e-04 2.161414e-05 1.000000e-06
6.000000e+00 1.045974e-04 2.015907e-05 1.000000e-06
7.000000e+00 1.010020e-04 1.880249e-05 1.000000e-06
8.000000e+00 9.753268e-05 1.753775e-05 1.000000e-06
9.000000e+00 9.418470e-05 1.635857e-05 1.000000e-06
1.000000e+01 9.095362e-05 1.525910e-05 1.000000e-06
1.100000e+01 8.783516e-05 1.423389e-05 1.000000e-06
1.200000e+01 8.482522e-05 1.327788e-05 1.000000e-06
1.300000e+01 8.191988e-05 1.238636e-05 1.000000e-06
1.400000e+01 7.911535e-05 1.155494e-05 1.000000e-06
1.500000e+01 7.640801e-05 1.077954e-05 1.000000e-06
1.600000e+01 7.379437e-05 1.005636e-05 1.000000e-06
1.700000e+01 7.127110e-05 9.381850e-06 1.000000e-06
1.800000e+01 6.883498e-05 8.752725e-06 1.000000e-06
1.900000e+01 6.648290e-05 8.165908e-06 1.000000e-06
2.000000e+01 6.421190e-05 7.618539e-06 1.000000e-06
2.100000e+01 6.201911e-05 7.107953e-06 1.000000e-06
2.200000e+01 5.990177e-05 6.631665e-06 1.000000e-06
2.300000e+01 5.785725e-05 6.187362e-06 1.000000e-06
2.400000e+01 5.588297e-05 5.772887e-06 1.000000e-06
2.500000e+01 5.397648e-05 5.386228e-06 1.000000e-06
2.600000e+01 5.213542e-05 5.025514e-06 1.000000e-06
2.700000e+01 5.035750e-05 4.688996e-06 1.000000e-06
2.800000e+01 4.864052e-05 4.375047e-06 1.000000e-06
2.900000e+01 4.698236e-05 4.082148e-06 1.000000e-06
3.000000e+01 4.538098e-05 3.808885e-06 1.000000e-06
3.100000e+01 4.383442e-05 3.553937e-06 1.000000e-06
3.200000e+01 4.234077e-05 3.316074e-06 1.000000e-06
3.300000e+01 4.089820e-05 3.094149e-06 1.000000e-06
3.400000e+01 3.950495e-05 2.887090e-06 1.000000e-06
3.500000e+01 3.815932e-05 2.693901e-06 1.000000e-06
3.600000e+01 3.685966e-05 2.513651e-06 1.000000e-06
3.700000e+01 3.560439e-05 2.345472e-06 1.000000e-06
3.800000e+01 3.439199e-05 2.188553e-06 1.000000e-06
3.900000e+01 3.322097e-05 2.042140e-06 1.000000e-06
4.000000e+01 3.208991e-05 1.905529e-06 1.000000e-06
4.100000e+01 3.099745e-05 1.778062e-06 1.000000e-06
4.200000e+01 2.994225e-05 1.659127e-06 1.000000e-06
4.300000e+01 2.892305e-05 1.548152e-06 1.000000e-06
4.400000e+01 2.793859e-05 1.444603e-06 1.000000e-06
4.500000e+01 2.698771e-05 1.347984e-06 1.000000e-06
4.600000e+01 2.606923e-05 1.257830e-06 1.000000e-06
4.700000e+01 2.518206e-05 1.173708e-06 1.000000e-06
4.800000e+01 2.432513e-05 1.095214e-06 1.000000e-06
4.900000e+01 2.349739e-05 1.021971e-06 1.000000e-06
5.000000e+01 2.269785e-05 9.536281e-07 1.000000e-06
5.100000e+01 2.192555e-05 8.898570e-07 1.000000e-06
5.200000e+01 2.117956e-05 8.303516e-07 1.000000e-06
5.300000e+01 2.045897e-05 7.748266e-07 1.000000e-06
5.400000e+01 1.976292e-05 7.230153e-07 1.000000e-06
5.500000e+01 1.909057e-05 6.746694e-07 1.000000e-06
5.600000e+01 1.844112e-05 6.295570e-07 1.000000e-06
5.700000e+01 1.781377e-05 5.874617e-07 1.000000e-06
5.800000e+01 1.720779e-05 5.481817e-07 1.000000e-06
5.900000e+01 1.662243e-05 5.115285e-07 1.000000e-06
6.000000e+01 1.605700e-05 4.773265e-07 1.000000e-06
6.100000e+01 1.551081e-05 4.454117e-07 1.000000e-06
6.200000e+01 1.498321e-05 4.156311e-07 1.000000e-06
6.300000e+01 1.447357e-05 3.878419e-07 1.000000e-06
6.400000e+01 1.398127e-05 3.619109e-07 1.000000e-06
6.500000e+01 1.350572e-05 3.377139e-07 1.000000e-06
6.600000e+01 1.304636e-05 3.151348e-07 1.000000e-06
6.700000e+01 1.260262e-05 2.940656e-07 1.000000e-06
6.800000e+01 1.217399e-05 2.744050e-07 1.000000e-06
6.900000e+01 1.175994e-05 2.560591e-07 1.000000e-06
7.000000e+01 1.135997e-05 2.389398e-07 1.000000e-06
7.100000e+01 1.097361e-05 2.229652e-07 1.000000e-06
7.200000e+01 1.060040e-05 2.080586e-07 1.000000e-06
7.300000e+01 1.023989e-05 1.941487e-07 1.000000e-06
7.400000e+01 9.891634e-06 1.811689e-07 1.000000e-06
7.500000e+01 9.555229e-06 1.690568e-07 1.000000e-06
7.600000e+01 9.230267e-06 1.577546e-07 1.000000e-06
7.700000e+01 8.916360e-06 1.472079e-07 1.000000e-06
7.800000e+01 8.613130e-06 1.373665e-07 1.000000e-06
7.900000e+01 8.320215e-06 1.281829e-07 1.000000e-06
8.000000e+01 8.037263e-06 1.196134e-07 1.000000e-06
8.100000e+01 7.763935e-06 1.116168e-07 1.000000e-06
8.200000e+01 7.499904e-06 1.041548e-07 1.000000e-06
8.300000e+01 7.244853e-06 9.719174e-08 1.000000e-06
8.400000e+01 6.998478e-06 9.069415e-08 1.000000e-06
8.500000e+01 6.760482e-06 8.463097e-08 1.000000e-06
8.600000e+01 6.530580e-06 7.897314e-08 1.000000e-06
8.700000e+01 6.308498e-06 7.369357e-08 1.000000e-06
8.800000e+01 6.093969e-06 6.876695e-08 1.000000e-06
8.900000e+01 5.886736e-06 6.416970e-08 1.000000e-06
9.000000e+01 5.686551e-06 5.987980e-08 1.000000e-06
9.100000e+01 5.493174e-06 5.587670e-08 1.000000e-06
9.200000e+01 5.306374e-06 5.214120e-08 1.000000e-06
9.300000e+01 5.125926e-06 4.865545e-08 1.000000e-06
9.400000e+01 4.951616e-06 4.540273e-08 1.000000e-06
9.500000e+01 4.783233e-06 4.236746e-08 1.000000e-06
9.600000e+01 4.620577e-06 3.953512e-08 1.000000e-06
9.700000e+01 4.463452e-06 3.689212e-08 1.000000e-06
9.800000e+01 4.311671e-06 3.442581e-08 1.000000e-06
9.900000e+01 4.165052e-06 3.212438e-08 1.000000e-06
1.000000e+02 4.023419e-06 2.997681e-08 1.000000e-06
1.010000e+02 3.886602e-06 2.797280e-08 1.000000e-06
1.020000e+02 3.754438e-06 2.610278e-08 1.000000e-06
1.030000e+02 3.626768e-06 2.435777e-08 1.000000e-06
1.040000e+02 3.503440e-06 2.272941e-08 1.000000e-06
1.050000e+02 3.384306e-06 2.120990e-08 1.000000e-06
1.060000e+02 3.269224e-06 1.979200e-08 1.000000e-06
1.070000e+02 3.158055e-06 1.846886e-08 1.000000e-06
1.080000e+02 3.050666e-06 1.723421e-08 1.000000e-06
1.090000e+02 2.946929e-06 1.608207e-08 1.000000e-06
1.100000e+02 2.846720e-06 1.500695e-08 1.000000e-06
1.110000e+02 2.749918e-06 1.400372e-08 1.000000e-06
1.120000e+02 2.656409e-06 1.306756e-08 1.000000e-06
1.130000e+02 2.566079e-06 1.219397e-08 1.000000e-06
1.140000e+02 2.478821e-06 1.137879e-08 1.000000e-06
1.150000e+02 2.394530e-06 1.061810e-08 1.000000e-06
1.160000e+02 2.313105e-06 9.908265e-09 1.000000e-06
1.170000e+02 2.234450e-06 9.245898e-09 1.000000e-06
1.180000e+02 2.158469e-06 8.627776e-09 1.000000e-06
1.190000e+02 2.085071e-06 8.051008e-09 1.000000e-06
1.200000e+02 2.014170e-06 7.512789e-09 1.000000e-06
1.210000e+02 1.945680e-06 7.010549e-09 1.000000e-06
1.220000e+02 1.879518e-06 6.541893e-09 1.000000e-06
1.230000e+02 1.815607e-06 6.104553e-09 1.000000e-06
1.240000e+02 1.753869e-06 5.696455e-09 1.000000e-06
1.250000e+02 1.694230e-06 5.315636e-09 1.000000e-06
1.260000e+02 1.636619e-06 4.960288e-09 1.000000e-06
1.270000e+02 1.580967e-06 4.628678e-09 1.000000e-06
1.280000e+02 1.527208e-06 4.319260e-09 1.000000e-06
1.290000e+02 1.475277e-06 4.030507e-09 1.000000e-06
1.300000e+02 1.425111e-06 3.761052e-09 1.000000e-06
1.310000e+02 1.376652e-06 3.509633e-09 1.000000e-06
1.320000e+02 1.329840e-06 3.275003e-09 1.000000e-06
1.330000e+02 1.284620e-06 3.056068e-09 1.000000e-06
1.340000e+02 1.240938e-06 2.851768e-09 1.000000e-06
1.350000e+02 1.198741e-06 2.661125e-09 1.000000e-06
1.360000e+02 1.157979e-06 2.483224e-09 1.000000e-06
1.370000e+02 1.118603e-06 2.317212e-09 1.000000e-06
1.380000e+02 1.080566e-06 2.162306e-09 1.000000e-06
1.390000e+02 1.043823e-06 2.017761e-09 1.000000e-06
1.400000e+02 1.008329e-06 1.882862e-09 1.000000e-06
1.410000e+02 9.740414e-07 1.757002e-09 1.000000e-06
