0.000000e+00 6.505911e-02 1.431725e-01 1.000000e-06
1.000000e+00 1.673403e-01 7.675020e-01 1.000000e-06
2.000000e+00 3.083773e-02 2.242829e-01 1.000000e-06
3.000000e+00 6.764784e-03 5.882356e-02 1.000000e-06
4.000000e+00 1.117555e-03 7.971925e-03 1.000000e-06
5.000000e+00 2.779122e-04 2.304164e-03 1.000000e-06
6.000000e+00 5.757065e-05 4.514312e-04 1.000000e-06
7.000000e+00 1.238729e-05 9.879461e-05 1.000000e-06
8.000000e+00 2.674026e-06 2.124233e-05 1.000000e-06
9.000000e+00 5.742239e-07 4.589500e-06 1.000000e-06
1.000000e+01 1.231146e-07 9.725219e-07 1.000000e-06
