#time,Nusselt,vrms
0.000000e+00 1.0001139390 0.0680613234
1.000000e+00 1.0000418415 0.0383333495
2.000000e+00 1.0000133785 0.0214205830
3.000000e+00 1.0000041928 0.0119691449
4.000000e+00 1.0000013099 0.0066879993
5.000000e+00 1.0000004090 0.0037370574
6.000000e+00 1.0000001277 0.0020881585
7.000000e+00 1.0000000399 0.0011668021
8.000000e+00 1.0000000124 0.0006519750
9.000000e+00 1.0000000039 0.0003643047
1.000000e+01 1.0000000012 0.0002035628
1.100000e+01 1.0000000004 0.0001137450
1.200000e+01 1.0000000001 0.0000635574
1.300000e+01 1.0000000000 0.0000355140
