# # x,T
0.000000000000000000e+00 1.000000000000000222e+00
4.166666666666666435e-02 6.730223472416265729e-01
8.333333333333332871e-02 5.134377231610763870e-01
1.250000000000000000e-01 4.697585245903685425e-01
1.666666666666666574e-01 4.689618744992221644e-01
2.083333333333333148e-01 4.770999130051610804e-01
2.500000000000000000e-01 4.869501325040182516e-01
2.916666666666666297e-01 4.934856924009829449e-01
3.333333333333333148e-01 4.973665509326888889e-01
3.750000000000000000e-01 4.990456986897852665e-01
4.166666666666666297e-01 4.997146951180252983e-01
4.583333333333333148e-01 4.999202311297788470e-01
5.000000000000000000e-01 5.000000000000255351e-01
5.416666666666666297e-01 5.000797688702721677e-01
5.833333333333332593e-01 5.002853048820253834e-01
6.250000000000000000e-01 5.009543013102646380e-01
6.666666666666666297e-01 5.026334490673592947e-01
7.083333333333332593e-01 5.065143075990622412e-01
7.500000000000000000e-01 5.130498674960238814e-01
7.916666666666666297e-01 5.229000869948794428e-01
8.333333333333332593e-01 5.310381255008179702e-01
8.750000000000000000e-01 5.302414754096693716e-01
9.166666666666666297e-01 4.865622768389491481e-01
9.583333333333332593e-01 3.269776527583688197e-01
1.000000000000000000e+00 -1.085810663474954481e-51
