# # x,u,p,exx,e
0.000000000000000000e+00 0.000000000000000000e+00 -4.782381021025427246e+10 -2.128031646148724350e-16 2.126407760664923889e-16
1.000000000000000000e+04 -2.124559361329117383e-12 -4.782380601143182373e+10 -2.121087076509510441e-16 2.121219089890465085e-16
2.000000000000000000e+04 -4.242174153019020475e-12 -4.782380184274993896e+10 -2.114132109971636028e-16 2.112561810675257762e-16
3.000000000000000000e+04 -6.346094351374422142e-12 -4.782378949796182251e+10 -2.093718683637828190e-16 2.093848706893750908e-16
4.000000000000000000e+04 -8.429611520294676524e-12 -4.782377718072204590e+10 -2.073295024596137230e-16 2.071882014339314729e-16
5.000000000000000000e+04 -1.048658595245508108e-11 -4.782375733412929535e+10 -2.040674469331218387e-16 2.040801073144363088e-16
6.000000000000000000e+04 -1.251096045895711324e-11 -4.782373751015177917e+10 -2.008045194846801672e-16 2.006881423683215404e-16
7.000000000000000000e+04 -1.449757474428728622e-11 -4.782371117517012024e+10 -1.965212724639588721e-16 1.965334976885190426e-16
8.000000000000000000e+04 -1.644138590823629122e-11 -4.782368485605358124e+10 -1.922375693707082887e-16 1.921530543657445846e-16
9.000000000000000000e+04 -1.833849763485581752e-11 -4.782365332809706879e+10 -1.871881669083312718e-16 1.871998315820202355e-16
1.000000000000000000e+05 -2.018514924640291771e-11 -4.782362180821542358e+10 -1.821389890027350814e-16 1.820899096321575205e-16
1.100000000000000000e+05 -2.197886965130643790e-11 -4.782358655039622498e+10 -1.766082583763215612e-16 1.766191022874174796e-16
1.200000000000000000e+05 -2.371731441392934726e-11 -4.782355129275582123e+10 -1.710785122206307113e-16 1.710644372848252731e-16
1.300000000000000000e+05 -2.539945053937503174e-11 -4.782351380875533295e+10 -1.653508947961366991e-16 1.653604852577810581e-16
1.400000000000000000e+05 -2.702433230985208050e-11 -4.782347631787002563e+10 -1.596248227337342973e-16 1.596415607790168646e-16
1.500000000000000000e+05 -2.859223279428589897e-11 -4.782343803138893890e+10 -1.539559107185684562e-16 1.539637148049615987e-16
1.600000000000000000e+05 -3.010345052422345071e-11 -4.782339973256346130e+10 -1.482887080346403472e-16 1.483294332313026208e-16
1.700000000000000000e+05 -3.155932273850582500e-11 -4.782336189180448151e+10 -1.428846620561359882e-16 1.428901930258128259e-16
1.800000000000000000e+05 -3.296114376534616935e-11 -4.782332403529220581e+10 -1.374820816894777999e-16 1.375388998917146298e-16
1.900000000000000000e+05 -3.431101771465497638e-11 -4.782328765359452820e+10 -1.324901697947380752e-16 1.324931257189095161e-16
2.000000000000000000e+05 -3.561094716124093156e-11 -4.782325125482814026e+10 -1.274992182388182751e-16 1.275646025608488162e-16
2.100000000000000000e+05 -3.686350487042977923e-11 -4.782321708867024231e+10 -1.230088248825865499e-16 1.230091569023774226e-16
2.200000000000000000e+05 -3.807112365889266165e-11 -4.782318290590538788e+10 -1.185188189631879012e-16 1.185865446229559442e-16
2.300000000000000000e+05 -3.923658530146068609e-11 -4.782315146356060028e+10 -1.145696233972183214e-16 1.145675230456327124e-16
2.400000000000000000e+05 -4.036251612683702692e-11 -4.782312000632110596e+10 -1.106203233345593729e-16 1.106858367729985496e-16
2.500000000000000000e+05 -4.145170532852006489e-11 -4.782309157676746368e+10 -1.072137353455393571e-16 1.072095691763822893e-16
2.600000000000000000e+05 -4.250679083374781155e-11 -4.782306313472369385e+10 -1.038067020809766181e-16 1.038670660203859090e-16
2.700000000000000000e+05 -4.353042846622204968e-11 -4.782303782660720062e+10 -1.009174880329032796e-16 1.009117158434757634e-16
2.800000000000000000e+05 -4.452514059440588070e-11 -4.782301250863131714e+10 -9.802764452558079439e-17 9.808125729135881733e-17
2.900000000000000000e+05 -4.549336228570399423e-11 -4.782299029142335510e+10 -9.561398681232318828e-17 9.560708928548312966e-17
3.000000000000000000e+05 -4.643742033065234448e-11 -4.782296806688841248e+10 -9.319964215231870789e-17 9.324589038120869968e-17
3.100000000000000000e+05 -4.735948353788117000e-11 -4.782294880925582886e+10 -9.121097931847543225e-17 9.120340640182474760e-17
3.200000000000000000e+05 -4.826163991702185499e-11 -4.782292954654359436e+10 -8.922165837970099514e-17 8.926059568244917619e-17
3.300000000000000000e+05 -4.914577668894513294e-11 -4.782291304938906860e+10 -8.760433413491668387e-17 8.759647480992050341e-17
3.400000000000000000e+05 -5.001372659972018964e-11 -4.782289654903595734e+10 -8.598643028612329650e-17 8.601851998546503886e-17
3.500000000000000000e+05 -5.086710013138942748e-11 -4.782288257237686157e+10 -8.468749378169609511e-17 8.467966322413896169e-17
3.600000000000000000e+05 -5.170747647535411055e-11 -4.782286859402217102e+10 -8.338807838194324901e-17 8.341400529722139345e-17
3.700000000000000000e+05 -5.253620667659606646e-11 -4.782285687787290192e+10 -8.235765849574524786e-17 8.235009704688226917e-17
3.800000000000000000e+05 -5.335462964526901543e-11 -4.782284516117663574e+10 -8.132686413376668498e-17 8.134740666284508331e-17
3.900000000000000000e+05 -5.416386116478370598e-11 -4.782283544111193085e+10 -8.051951087424924520e-17 8.051238978291510726e-17
4.000000000000000000e+05 -5.496501986275399848e-11 -4.782282572134881592e+10 -7.971188044857976262e-17 7.972782673195624662e-17
4.100000000000000000e+05 -5.575901344866388429e-11 -4.782281773960469055e+10 -7.908718500462744158e-17 7.908061605000762105e-17
4.200000000000000000e+05 -5.654676356284654355e-11 -4.782280975874996948e+10 -7.846229719592101867e-17 7.847439729993578349e-17
4.300000000000000000e+05 -5.732899754439638326e-11 -4.782280327173568726e+10 -7.798503975003168937e-17 7.797908639164345525e-17
4.400000000000000000e+05 -5.810646435784718102e-11 -4.782279678599626160e+10 -7.750766078708949687e-17 7.751659795097037839e-17
4.500000000000000000e+05 -5.887973760144258837e-11 -4.782279156898919678e+10 -7.714765008502984813e-17 7.714233713565904956e-17
4.600000000000000000e+05 -5.964941735954778087e-11 -4.782278635348239136e+10 -7.678757444939466588e-17 7.679395341024983745e-17
4.700000000000000000e+05 -6.041594813612878718e-11 -4.782278220318959808e+10 -7.651930795342032272e-17 7.651463142608733892e-17
4.800000000000000000e+05 -6.117980351861618627e-11 -4.782277805450114441e+10 -7.625101999064196029e-17 7.625536370772632674e-17
4.900000000000000000e+05 -6.194132110117981632e-11 -4.782277479004169464e+10 -7.605324507550259779e-17 7.604918021589116107e-17
5.000000000000000000e+05 -6.270086842012623273e-11 -4.782277152720138550e+10 -7.585548083048006210e-17 7.585823312540989872e-17
5.100000000000000000e+05 -6.345869570903919683e-11 -4.782276898995309448e+10 -7.571071483541410296e-17 7.570722283393168302e-17
5.200000000000000000e+05 -6.421508271683451547e-11 -4.782276645427571106e+10 -7.556598217418555327e-17 7.556751359897593704e-17
5.300000000000000000e+05 -6.497020924552953394e-11 -4.782276450694467926e+10 -7.546002811428267611e-17 7.545706149213401056e-17
5.400000000000000000e+05 -6.572428327912017229e-11 -4.782276256109392548e+10 -7.535412236407411770e-17 7.535473765862983722e-17
5.500000000000000000e+05 -6.647742862865612924e-11 -4.782276108627831268e+10 -7.527560378288733031e-17 7.527311054818159567e-17
5.600000000000000000e+05 -6.722979535477792113e-11 -4.782275961282556915e+10 -7.519714241698919339e-17 7.519708861019253677e-17
5.700000000000000000e+05 -6.798146342899476675e-11 -4.782275851128063202e+10 -7.513707145086194189e-17 7.513499829561657452e-17
5.800000000000000000e+05 -6.873253678379515258e-11 -4.782275741096711731e+10 -7.507706195078060712e-17 7.507653636009490621e-17
5.900000000000000000e+05 -6.948306164651145981e-11 -4.782275659972978210e+10 -7.502844815091422051e-17 7.502674270817683381e-17
6.000000000000000000e+05 -7.023310574681343914e-11 -4.782275578958722687e+10 -7.497989660852792013e-17 7.497905444712775668e-17
6.100000000000000000e+05 -7.098268985145490432e-11 -4.782275520006972504e+10 -7.493739962071929137e-17 7.493601207336226121e-17
6.200000000000000000e+05 -7.173185373922782690e-11 -4.782275461151164246e+10 -7.489496319163243198e-17 7.489392452957552296e-17
6.300000000000000000e+05 -7.248059942925432321e-11 -4.782275418764778137e+10 -7.485458955589732835e-17 7.485347367451347024e-17
6.400000000000000000e+05 -7.322894553034577097e-11 -4.782275376461389923e+10 -7.481427309546114933e-17 7.481312903578690716e-17
6.500000000000000000e+05 -7.397688068349039113e-11 -4.782275346110492706e+10 -7.477311510039168261e-17 7.477222883886489569e-17
6.600000000000000000e+05 -7.472440783235361204e-11 -4.782275315830526733e+10 -7.473200983248062055e-17 7.473082795577853313e-17
6.700000000000000000e+05 -7.547150647628794946e-11 -4.782275293900624084e+10 -7.468802379415905063e-17 7.468732956899009118e-17
6.800000000000000000e+05 -7.621816830823679512e-11 -4.782275272030647278e+10 -7.464408543685620080e-17 7.464291446299678944e-17
6.900000000000000000e+05 -7.696436697716412079e-11 -4.782275255676332092e+10 -7.459590550736300770e-17 7.459537021277226809e-17
7.000000000000000000e+05 -7.771008641838404435e-11 -4.782275239372068787e+10 -7.454776798044666845e-17 7.454664172072282936e-17
7.100000000000000000e+05 -7.845529694331652988e-11 -4.782275226387141418e+10 -7.449455176222545316e-17 7.449414665714522292e-17
7.200000000000000000e+05 -7.919997745362855063e-11 -4.782275213443535614e+10 -7.444137274750809888e-17 7.444031340634539346e-17
7.300000000000000000e+05 -7.994409680264515273e-11 -4.782275202146964264e+10 -7.438267460848019690e-17 7.438237506207925270e-17
7.400000000000000000e+05 -8.068763094579816697e-11 -4.782275190884118652e+10 -7.432400858813231028e-17 7.432302960270061014e-17
7.500000000000000000e+05 -8.143054864904708979e-11 -4.782275180021652985e+10 -7.425967749564411380e-17 7.425946252712390578e-17
7.600000000000000000e+05 -8.217282449571104046e-11 -4.782275169186416626e+10 -7.419537369796727447e-17 7.419448166135612682e-17
7.700000000000000000e+05 -8.291442812493253699e-11 -4.782275157845463562e+10 -7.412547028551036720e-17 7.412532243710965449e-17
7.800000000000000000e+05 -8.365533390142124793e-11 -4.782275146526332092e+10 -7.405559018404151505e-17 7.405478688182005135e-17
7.900000000000000000e+05 -8.439551299140626738e-11 -4.782275134066179657e+10 -7.398032264115168268e-17 7.398022730525561381e-17
8.000000000000000000e+05 -8.513494035424428769e-11 -4.782275121623081207e+10 -7.390507453782034976e-17 7.390435843902778396e-17
8.100000000000000000e+05 -8.587358908937612247e-11 -4.782275107613994598e+10 -7.382474787717768759e-17 7.382469318467710815e-17
8.200000000000000000e+05 -8.661143531178783755e-11 -4.782275093618132019e+10 -7.374443725250897307e-17 7.374380437384231855e-17
8.300000000000000000e+05 -8.734845427303974462e-11 -4.782275077792956543e+10 -7.365941435052825751e-17 7.365939064888156493e-17
8.400000000000000000e+05 -8.808462359879840505e-11 -4.782275061977851105e+10 -7.357440458091066866e-17 7.357384944598169440e-17
8.500000000000000000e+05 -8.881992077690528805e-11 -4.782275044191899109e+10 -7.348507726075982199e-17 7.348507680044747831e-17
8.600000000000000000e+05 -8.955432514401360442e-11 -4.782275026413458252e+10 -7.339576060513435602e-17 7.339527686562397587e-17
8.700000000000000000e+05 -9.028781640984357735e-11 -4.782275006612143707e+10 -7.330252811662867345e-17 7.330254474366889402e-17
8.800000000000000000e+05 -9.102037570634617478e-11 -4.782274986816320801e+10 -7.320930422880207236e-17 7.320888510824739628e-17
8.900000000000000000e+05 -9.175198488220513347e-11 -4.782274965009690857e+10 -7.311255789807977424e-17 7.311258677701446179e-17
9.000000000000000000e+05 -9.248262686430776517e-11 -4.782274943206990051e+10 -7.301581847394514186e-17 7.301545712692491748e-17
9.100000000000000000e+05 -9.321228551264355732e-11 -4.782274919449890900e+10 -7.291593124171553317e-17 7.291596857675422175e-17
9.200000000000000000e+05 -9.394094548914207237e-11 -4.782274895695510101e+10 -7.281604955675423227e-17 7.281573925506435727e-17
9.300000000000000000e+05 -9.466859250988851088e-11 -4.782274870072397614e+10 -7.271336909376579894e-17 7.271341194424528998e-17
9.400000000000000000e+05 -9.539521287101740145e-11 -4.782274844451134491e+10 -7.261069311620734055e-17 7.261042739977116180e-17
9.500000000000000000e+05 -9.612079397564708495e-11 -4.782274817065030670e+10 -7.250553782553102921e-17 7.250558387543120142e-17
9.600000000000000000e+05 -9.684532362752801060e-11 -4.782274789680178833e+10 -7.240038623445774662e-17 7.240015898497110672e-17
9.700000000000000000e+05 -9.756879074407004593e-11 -4.782274760644799805e+10 -7.229304339014914833e-17 7.229309078718872774e-17
9.800000000000000000e+05 -9.829118449533100427e-11 -4.782274731610298920e+10 -7.218570368548170927e-17 7.218550917441883045e-17
9.900000000000000000e+05 -9.901249514411183442e-11 -4.782274701045246887e+10 -7.207642924724528959e-17 7.207647645848173595e-17
1.000000000000000000e+06 -9.973271308027591062e-11 -4.782274670480899048e+10 -7.196715761610413681e-17 7.196699049062214330e-17
1.010000000000000000e+06 -1.004518297523760480e-10 -4.782274638508829498e+10 -7.185617717338934537e-17 7.185622283722456509e-17
1.020000000000000000e+06 -1.011698366237436902e-10 -4.782274606537458038e+10 -7.174519937323079095e-17 7.174505468090129960e-17
1.030000000000000000e+06 -1.018867261828731739e-10 -4.782274573283686829e+10 -7.163271017957101857e-17 7.163275301347911810e-17
1.040000000000000000e+06 -1.026024908273351040e-10 -4.782274540030764771e+10 -7.152022364672330227e-17 7.152009679936655198e-17
1.050000000000000000e+06 -1.033171239573746776e-10 -4.782274505624270630e+10 -7.140639742728316513e-17 7.140643609800690196e-17
1.060000000000000000e+06 -1.040306187758807674e-10 -4.782274471218925476e+10 -7.129257410631994217e-17 7.129246086628170793e-17
1.070000000000000000e+06 -1.047429694883716663e-10 -4.782274435795303345e+10 -7.117756055947529071e-17 7.117759367061153505e-17
1.080000000000000000e+06 -1.054541699870702865e-10 -4.782274400373724365e+10 -7.106255120547052671e-17 7.106244736967805160e-17
1.090000000000000000e+06 -1.061642152079287090e-10 -4.782274364080206299e+10 -7.094648094099346233e-17 7.094650736738564028e-17
1.100000000000000000e+06 -1.068730996058901537e-10 -4.782274327790359497e+10 -7.083041514261454753e-17 7.083031994539080877e-17
1.110000000000000000e+06 -1.075808188672764985e-10 -4.782274290780712891e+10 -7.071342064333193889e-17 7.071343674858410731e-17
1.120000000000000000e+06 -1.082873680187567866e-10 -4.782274253752486420e+10 -7.059642941700956018e-17 7.059633651322821357e-17
1.130000000000000000e+06 -1.089927433413514763e-10 -4.782274216209105682e+10 -7.047861533764406991e-17 7.047862103952618155e-17
1.140000000000000000e+06 -1.096969403255096695e-10 -4.782274178688046265e+10 -7.036080375958611613e-17 7.036071373982395872e-17
1.150000000000000000e+06 -1.103999559070135789e-10 -4.782274140844783783e+10 -7.024229027560642036e-17 7.024228200458521143e-17
1.160000000000000000e+06 -1.111017861310217964e-10 -4.782274103005673981e+10 -7.012378107276539089e-17 7.012369219590564019e-17
1.170000000000000000e+06 -1.118024287106583651e-10 -4.782274065103441620e+10 -7.000470830781910041e-17 7.000468343675321831e-17
1.180000000000000000e+06 -1.125018802971781790e-10 -4.782274027206054688e+10 -6.988563991881520210e-17 6.988555274448936748e-17
1.190000000000000000e+06 -1.132001395081598658e-10 -4.782273989549912262e+10 -6.976617135484754905e-17 6.976612679951007144e-17
1.200000000000000000e+06 -1.138972037242751276e-10 -4.782273951899497223e+10 -6.964670733917892964e-17 6.964662453053828629e-17
1.210000000000000000e+06 -1.145930727032047514e-10 -4.782273914854914856e+10 -6.952705297577177995e-17 6.952698548144503321e-17
1.220000000000000000e+06 -1.152877447837905691e-10 -4.782273877816872406e+10 -6.940740286509957080e-17 6.940732961341489510e-17
1.230000000000000000e+06 -1.159812211968957110e-10 -4.782273841821691895e+10 -6.928784003222297827e-17 6.928774631388248544e-17
1.240000000000000000e+06 -1.166735015844350213e-10 -4.782273805833766937e+10 -6.916828062769485906e-17 6.916822557063997398e-17
1.250000000000000000e+06 -1.173645891070748357e-10 -4.782273771410321045e+10 -6.904918074821086095e-17 6.904905773263331089e-17
1.260000000000000000e+06 -1.180544851993992470e-10 -4.782273736994654846e+10 -6.893008276243795291e-17 6.893005910955099940e-17
1.270000000000000000e+06 -1.187431955608795187e-10 -4.782273704761268616e+10 -6.881194448785027285e-17 6.881178963332679037e-17
1.280000000000000000e+06 -1.194307240891562399e-10 -4.782273672535820770e+10 -6.869380560579867501e-17 6.869383251458696325e-17
1.290000000000000000e+06 -1.201170798161247701e-10 -4.782273643216661072e+10 -6.857729534960551821e-17 6.857710717841931148e-17
1.300000000000000000e+06 -1.208022699961483538e-10 -4.782273613905105591e+10 -6.846078069269342593e-17 6.846088493826884412e-17
1.310000000000000000e+06 -1.214863080089681113e-10 -4.782273588337306213e+10 -6.834678183367424343e-17 6.834656056251463022e-17
1.320000000000000000e+06 -1.221692056328218386e-10 -4.782273562776019287e+10 -6.823277308224780159e-17 6.823299114670348903e-17
1.330000000000000000e+06 -1.228509818744370647e-10 -4.782273541911813354e+10 -6.812244509562213368e-17 6.812219355326971114e-17
1.340000000000000000e+06 -1.235316545347342905e-10 -4.782273521051954651e+10 -6.801209951630491812e-17 6.801248003422314468e-17
1.350000000000000000e+06 -1.242112498358434365e-10 -4.782273505953661346e+10 -6.790694815304046546e-17 6.790667296422145576e-17
1.360000000000000000e+06 -1.248897934977950935e-10 -4.782273490856082153e+10 -6.780176868644218124e-17 6.780237534590698096e-17
1.370000000000000000e+06 -1.255673209031473967e-10 -4.782273482679846191e+10 -6.770372793486866073e-17 6.770344104974511247e-17
1.380000000000000000e+06 -1.262438680564924601e-10 -4.782273474498706055e+10 -6.760564502663778497e-17 6.760655995675368988e-17
1.390000000000000000e+06 -1.269194818515164121e-10 -4.782273474463271332e+10 -6.751717168566132996e-17 6.751689235342517247e-17
1.400000000000000000e+06 -1.275942114902056907e-10 -4.782273474414697266e+10 -6.742863772504884419e-17 6.742996532562295951e-17
1.410000000000000000e+06 -1.282681181786171157e-10 -4.782273483748638153e+10 -6.735281828438065394e-17 6.735257551134792643e-17
1.420000000000000000e+06 -1.289412678558933027e-10 -4.782273493057793427e+10 -6.727691433158271696e-17 6.727878559925815217e-17
1.430000000000000000e+06 -1.296137393301988930e-10 -4.782273512918550110e+10 -6.721758336880838551e-17 6.721741903225639862e-17
1.440000000000000000e+06 -1.302856195232694740e-10 -4.782273532738569641e+10 -6.715813741308254695e-17 6.716071464249393005e-17
1.450000000000000000e+06 -1.309570086472568975e-10 -4.782273564093679810e+10 -6.712000521662691706e-17 6.711997779277146204e-17
1.460000000000000000e+06 -1.316280196276020050e-10 -4.782273595386219788e+10 -6.708171975348568387e-17 6.708520143776030704e-17
1.470000000000000000e+06 -1.322987783960115586e-10 -4.782273638845394135e+10 -6.707050502733445539e-17 6.707069437534509850e-17
1.480000000000000000e+06 -1.329694297281486956e-10 -4.782273682212071991e+10 -6.705908835532688929e-17 6.706371470797825799e-17
1.490000000000000000e+06 -1.336401300445520778e-10 -4.782273737793899536e+10 -6.708164797011889209e-17 6.708216104918061888e-17
1.500000000000000000e+06 -1.343110626875510826e-10 -4.782273793249909973e+10 -6.710394872411444127e-17 6.711000453874386460e-17
1.510000000000000000e+06 -1.349824197600216015e-10 -4.782273860080545807e+10 -6.716839767555917758e-17 6.716937365928175195e-17
1.520000000000000000e+06 -1.356544306410622633e-10 -4.782273926735881805e+10 -6.723251668759164627e-17 6.724033822509832341e-17
1.530000000000000000e+06 -1.363273285286011801e-10 -4.782274002627445984e+10 -6.734832266517771745e-17 6.734994274110894871e-17
1.540000000000000000e+06 -1.370013970943658149e-10 -4.782274078284020996e+10 -6.746371366724458380e-17 6.747368897081554480e-17
1.550000000000000000e+06 -1.376769159849428183e-10 -4.782274159210742188e+10 -6.764174126865964949e-17 6.764423599586917641e-17
1.560000000000000000e+06 -1.383542319197390071e-10 -4.782274239827868652e+10 -6.781925397520866732e-17 6.783182398942127096e-17
1.570000000000000000e+06 -1.390336759321160654e-10 -4.782274319243299866e+10 -6.807174021557204128e-17 6.807539962272697996e-17
1.580000000000000000e+06 -1.397156667240504503e-10 -4.782274398257257080e+10 -6.832359546859564197e-17 6.833925077140319556e-17
1.590000000000000000e+06 -1.404005906618719203e-10 -4.782274466235157013e+10 -6.866401479840332423e-17 6.866919918231224195e-17
1.600000000000000000e+06 -1.410889470200185144e-10 -4.782274533699899292e+10 -6.900367045071357485e-17 6.902294316190965347e-17
1.610000000000000000e+06 -1.417811796685964044e-10 -4.782274575863998413e+10 -6.944644564506913756e-17 6.945359710846335307e-17
1.620000000000000000e+06 -1.424778759329198889e-10 -4.782274617380935669e+10 -6.988830831158793537e-17 6.991175726510768246e-17
1.630000000000000000e+06 -1.431795365256731053e-10 -4.782274613588707733e+10 -7.044830914709118157e-17 7.045796346828719447e-17
1.640000000000000000e+06 -1.438868421158617210e-10 -4.782274608990658569e+10 -7.100723411617212302e-17 7.103542101147674062e-17
1.650000000000000000e+06 -1.446003453725525406e-10 -4.782274531735330200e+10 -7.169899199645878917e-17 7.171179036066895257e-17
1.660000000000000000e+06 -1.453208219557908845e-10 -4.782274453489118958e+10 -7.238949961456144763e-17 7.242295337916970147e-17
1.670000000000000000e+06 -1.460488655810443486e-10 -4.782274265985663605e+10 -7.322605047277827370e-17 7.324275006342616046e-17
1.680000000000000000e+06 -1.467853429652464698e-10 -4.782274077278890991e+10 -7.406117162510321308e-17 7.410033748196226346e-17
1.690000000000000000e+06 -1.475308696490160004e-10 -4.782273731202768707e+10 -7.505241987133901970e-17 7.507390220381554673e-17
1.700000000000000000e+06 -1.482863913626732327e-10 -4.782273383683999634e+10 -7.604206403499904882e-17 7.608723212522013434e-17
1.710000000000000000e+06 -1.490525150559899972e-10 -4.782272816539665985e+10 -7.719253345346296076e-17 7.721980845184855202e-17
1.720000000000000000e+06 -1.498302420317424989e-10 -4.782272247689424133e+10 -7.834124697818170408e-17 7.839245207097823581e-17
1.730000000000000000e+06 -1.506201253917349604e-10 -4.782271379797720337e+10 -7.964703973916330240e-17 7.968124226146976710e-17
1.740000000000000000e+06 -1.514231828265257640e-10 -4.782270509920529938e+10 -8.095097932745238036e-17 8.100785545214913765e-17
1.750000000000000000e+06 -1.522398487781644472e-10 -4.782269241039698792e+10 -8.239567889182940750e-17 8.243805156149453048e-17
1.760000000000000000e+06 -1.530710964043623638e-10 -4.782267969894823456e+10 -8.383854483545353829e-17 8.390010132145563619e-17
1.770000000000000000e+06 -1.539171507312773371e-10 -4.782266175537434387e+10 -8.538762205984206857e-17 8.543947177020955182e-17
1.780000000000000000e+06 -1.547788488455592101e-10 -4.782264378677462769e+10 -8.693512803070408183e-17 8.699937841786112006e-17
1.790000000000000000e+06 -1.556560804057654565e-10 -4.782261906300463104e+10 -8.852805677636984086e-17 8.859065866655609854e-17
1.800000000000000000e+06 -1.565494099810865931e-10 -4.782259431310908508e+10 -9.012017512669179218e-17 9.018348441850453938e-17
1.810000000000000000e+06 -1.574582164745073464e-10 -4.782256096835192871e+10 -9.165880671862638285e-17 9.173320113267587706e-17
1.820000000000000000e+06 -1.583825861154591172e-10 -4.782252759965635681e+10 -9.319838892147519788e-17 9.325430193136424844e-17
1.830000000000000000e+06 -1.593211398801274003e-10 -4.782248345783795929e+10 -9.452909656243422349e-17 9.461567155579266087e-17
1.840000000000000000e+06 -1.602731680467078125e-10 -4.782243930196374512e+10 -9.586442386852411849e-17 9.590163713745815626e-17
1.850000000000000000e+06 -1.612361818908910871e-10 -4.782238187531154633e+10 -9.675045785325759394e-17 9.684812116045017799e-17
1.860000000000000000e+06 -1.622081772037729735e-10 -4.782232446136314392e+10 -9.764807234783925388e-17 9.764733578056685198e-17
1.870000000000000000e+06 -1.631850623684995668e-10 -4.782225108520235443e+10 -9.772949297275231543e-17 9.783413067075677974e-17
1.880000000000000000e+06 -1.641627670632280118e-10 -4.782217778256671143e+10 -9.783400933106283593e-17 9.776485928797781773e-17
1.890000000000000000e+06 -1.651349624804435968e-10 -4.782208600922348022e+10 -9.658251075393411353e-17 9.668442620064203764e-17
1.900000000000000000e+06 -1.660944172783066770e-10 -4.782199442957801819e+10 -9.536848936827080487e-17 9.519073036766706828e-17
1.910000000000000000e+06 -1.670319643167828649e-10 -4.782188295970090485e+10 -9.208087777737843249e-17 9.216147743249083228e-17
1.920000000000000000e+06 -1.679360348338542431e-10 -4.782177187654299927e+10 -8.883654727167319448e-17 8.852049502736345618e-17
1.930000000000000000e+06 -1.687947131703505248e-10 -4.782164238610770416e+10 -8.279579839281073546e-17 8.282623627690264093e-17
1.940000000000000000e+06 -1.695919508017104619e-10 -4.782151347277853394e+10 -7.677170348760331913e-17 7.635637290131787110e-17
1.950000000000000000e+06 -1.703153117987070402e-10 -4.782137324506198120e+10 -6.778052030328742985e-17 6.773091540701962598e-17
1.960000000000000000e+06 -1.709475612077762112e-10 -4.782123351768852234e+10 -5.874298876829397851e-17 5.840463348765225249e-17
1.970000000000000000e+06 -1.714814993841926479e-10 -4.782109711211386871e+10 -4.797101925724770137e-17 4.783624409007284826e-17
1.980000000000000000e+06 -1.719069815929211627e-10 -4.782096034042539215e+10 -3.711665786238959489e-17 3.709836534229500505e-17
1.990000000000000000e+06 -1.722290419344363840e-10 -4.782084669057407379e+10 -2.730417506672294753e-17 2.712037308420458636e-17
2.000000000000000000e+06 -1.724530650942556426e-10 -4.782235809081837463e+10 -1.779305232986684368e-17 1.788390840324654020e-17
2.010000000000000000e+06 -1.726227149099404177e-10 -4.782361690660755157e+10 -1.584431537434988899e-17 1.582974962201647920e-17
2.020000000000000000e+06 -1.727699514017426169e-10 -4.782325393578233337e+10 -1.361204337913407013e-17 1.366895088348757185e-17
2.030000000000000000e+06 -1.728977052284193139e-10 -4.782294217607381439e+10 -1.192966156316046431e-17 1.189709059650589709e-17
2.040000000000000000e+06 -1.730085446330058495e-10 -4.782262720172404480e+10 -1.025516725371760114e-17 1.034015411681797641e-17
2.050000000000000000e+06 -1.731071358903965897e-10 -4.782239092766111755e+10 -9.446136324859637159e-18 9.404385489851761247e-18
2.060000000000000000e+06 -1.731974673595030326e-10 -4.782215269888912964e+10 -8.631287417840599325e-18 8.682331620489207624e-18
2.070000000000000000e+06 -1.732832232418462088e-10 -4.782199283338271332e+10 -8.508759129381590634e-18 8.467227205689490443e-18
2.080000000000000000e+06 -1.733676425420906566e-10 -4.782183216351327515e+10 -8.373660501627881118e-18 8.382380257581346372e-18
2.090000000000000000e+06 -1.734525583836380408e-10 -4.782173377690953064e+10 -8.610948225721447566e-18 8.576277899636566895e-18
2.100000000000000000e+06 -1.735398615066050793e-10 -4.782163538907334137e+10 -8.839996954777959152e-18 8.823700342425236826e-18
2.110000000000000000e+06 -1.736299897291211031e-10 -4.782158015801577759e+10 -9.195326961337261254e-18 9.169558696905173496e-18
2.120000000000000000e+06 -1.737237680458318283e-10 -4.782152524821377563e+10 -9.548487176015815783e-18 9.523770275892516107e-18
2.130000000000000000e+06 -1.738209212537299843e-10 -4.782149753457766724e+10 -9.894003608413783323e-18 9.876355505477881174e-18
2.140000000000000000e+06 -1.739216481180001063e-10 -4.782147018524536133e+10 -1.024082645714421806e-17 1.021691327014224896e-17
2.150000000000000000e+06 -1.740254257825377859e-10 -4.782145864644398499e+10 -1.052524923885795397e-17 1.051393361020788419e-17
2.160000000000000000e+06 -1.741321531027772875e-10 -4.782144741015637970e+10 -1.081212650286155731e-17 1.079262695353823873e-17
2.170000000000000000e+06 -1.742412965375313617e-10 -4.782144458093625641e+10 -1.102464875413607741e-17 1.101783180964399766e-17
2.180000000000000000e+06 -1.743526460778599907e-10 -4.782144197190566254e+10 -1.123958554025438565e-17 1.122513681138108123e-17
2.190000000000000000e+06 -1.744657527187936600e-10 -4.782144328793367767e+10 -1.138741641781028366e-17 1.138358561796927211e-17
2.200000000000000000e+06 -1.745803944062161859e-10 -4.782144475205140686e+10 -1.153719561583205400e-17 1.152717907031736246e-17
2.210000000000000000e+06 -1.746962297442892466e-10 -4.782144761667724609e+10 -1.163359744963862362e-17 1.163163488922251762e-17
2.220000000000000000e+06 -1.748130663552089723e-10 -4.782145057496262360e+10 -1.173141813866576915e-17 1.172484428616437734e-17
2.230000000000000000e+06 -1.749306618512079321e-10 -4.782145363771923828e+10 -1.178998765676376296e-17 1.178912482201228610e-17
2.240000000000000000e+06 -1.750488661083442560e-10 -4.782145675628222656e+10 -1.184952140581923033e-17 1.184542512660245193e-17
2.250000000000000000e+06 -1.751675162350951362e-10 -4.782145940823787689e+10 -1.188184630903989895e-17 1.188158490538634610e-17
2.260000000000000000e+06 -1.752865030345250458e-10 -4.782146209121092987e+10 -1.191479005066908389e-17 1.191237582542948747e-17
2.270000000000000000e+06 -1.754057224261205326e-10 -4.782146413449802399e+10 -1.192981179470531248e-17 1.192984632394283119e-17
2.280000000000000000e+06 -1.755250992704191539e-10 -4.782146619343532562e+10 -1.194520902706609542e-17 1.194387915577001923e-17
2.290000000000000000e+06 -1.756445704381621865e-10 -4.782146763674813080e+10 -1.194937255948981671e-17 1.194952701648804973e-17
2.300000000000000000e+06 -1.757640867216089362e-10 -4.782146908673040771e+10 -1.195374977667805533e-17 1.195308339361728396e-17
2.310000000000000000e+06 -1.758836120620039937e-10 -4.782147002612197113e+10 -1.195145265551116933e-17 1.195163342564611282e-17
2.320000000000000000e+06 -1.760031157747191715e-10 -4.782147096731166077e+10 -1.194926613402212419e-17 1.194898281866758895e-17
2.330000000000000000e+06 -1.761225788153795210e-10 -4.782147152176333618e+10 -1.194336575154555426e-17 1.194352794902650600e-17
2.340000000000000000e+06 -1.762419830897500961e-10 -4.782147207476465607e+10 -1.193750243902500497e-17 1.193742792636368437e-17
2.350000000000000000e+06 -1.763613194713614446e-10 -4.782147235510010529e+10 -1.192976056678967997e-17 1.192989252002186580e-17
2.360000000000000000e+06 -1.764805783010858897e-10 -4.782147263388743591e+10 -1.192204293258965781e-17 1.192205787282384733e-17
2.370000000000000000e+06 -1.765997560635977080e-10 -4.782147272853312683e+10 -1.191347201528480751e-17 1.191356637278803283e-17
2.380000000000000000e+06 -1.767188477413915640e-10 -4.782147282239837646e+10 -1.190490925898583544e-17 1.190496537605948716e-17
2.390000000000000000e+06 -1.768378529628830633e-10 -4.782147280091822815e+10 -1.189608932381127943e-17 1.189615359628793404e-17
2.400000000000000000e+06 -1.769567695278678069e-10 -4.782147277798057556e+10 -1.188726214396220636e-17 1.188732454520388796e-17
2.410000000000000000e+06 -1.770755983314296898e-10 -4.782147268695931244e+10 -1.187846009758760510e-17 1.187850100865140201e-17
2.420000000000000000e+06 -1.771943387298195619e-10 -4.782147259475192261e+10 -1.186964879162049634e-17 1.186970351534454477e-17
2.430000000000000000e+06 -1.773129920050503008e-10 -4.782147246557107544e+10 -1.186097704329803205e-17 1.186100126013997346e-17
2.440000000000000000e+06 -1.774315582706855070e-10 -4.782147233551607513e+10 -1.185229661147240213e-17 1.185233915325361575e-17
2.450000000000000000e+06 -1.775500387666143506e-10 -4.782147218782940674e+10 -1.184378204655991226e-17 1.184379512230049215e-17
2.460000000000000000e+06 -1.776684339116167140e-10 -4.782147203953662109e+10 -1.183526039003400906e-17 1.183529094226139707e-17
2.470000000000000000e+06 -1.777867447314728124e-10 -4.782147188484188843e+10 -1.182689014506580594e-17 1.182689629792617861e-17
2.480000000000000000e+06 -1.779049717145180262e-10 -4.782147172974996948e+10 -1.181851459745979490e-17 1.181853530685082274e-17
2.490000000000000000e+06 -1.780231156361238287e-10 -4.782147157418366241e+10 -1.181026159021937990e-17 1.181026380525774334e-17
2.500000000000000000e+06 -1.781411769463224074e-10 -4.782147141837080383e+10 -1.180200487479944039e-17 1.180201837993963990e-17
2.510000000000000000e+06 -1.782591561970472085e-10 -4.782147126473703003e+10 -1.179384084486079900e-17 1.179384111246313489e-17
2.520000000000000000e+06 -1.783770537632196282e-10 -4.782147111096006775e+10 -1.178567437975903028e-17 1.178568309327040312e-17
2.530000000000000000e+06 -1.784948700226516197e-10 -4.782147096010974884e+10 -1.177757551649800899e-17 1.177757508205652356e-17
2.540000000000000000e+06 -1.786126052735495742e-10 -4.782147080918374634e+10 -1.176947515104703120e-17 1.176948099478440344e-17
2.550000000000000000e+06 -1.787302597703149315e-10 -4.782147066091954041e+10 -1.176142371407049964e-17 1.176142331020785905e-17
2.560000000000000000e+06 -1.788478337478310030e-10 -4.782147051262033081e+10 -1.175337141553164182e-17 1.175337579972137138e-17
2.570000000000000000e+06 -1.789653273803742232e-10 -4.782147036624810791e+10 -1.174535546672826452e-17 1.174535548435992205e-17
2.580000000000000000e+06 -1.790827408571655692e-10 -4.782147021986576843e+10 -1.173733908117046931e-17 1.173734297583265966e-17
2.590000000000000000e+06 -1.792000743058642904e-10 -4.782147007451242065e+10 -1.172935146895131603e-17 1.172935207613564271e-17
2.600000000000000000e+06 -1.793173278865445951e-10 -4.782146992916018677e+10 -1.172136367828235965e-17 1.172136768141078900e-17
2.610000000000000000e+06 -1.794345017039912420e-10 -4.782146978395489502e+10 -1.171340079986603371e-17 1.171340205211633933e-17
2.620000000000000000e+06 -1.795515959025419229e-10 -4.782146963875688934e+10 -1.170543789073461955e-17 1.170544234988727257e-17
2.630000000000000000e+06 -1.796686105794878636e-10 -4.782146949289403534e+10 -1.169749851799406470e-17 1.169750039247222825e-17
2.640000000000000000e+06 -1.797855458729017937e-10 -4.782146934704006195e+10 -1.168955918544123980e-17 1.168956428194838202e-17
2.650000000000000000e+06 -1.799024018823427579e-10 -4.782146919982069397e+10 -1.168164368210601995e-17 1.168164613878036572e-17
2.660000000000000000e+06 -1.800191787465439118e-10 -4.782146905260954285e+10 -1.167372823615885323e-17 1.167373407251387715e-17
2.670000000000000000e+06 -1.801358765730638348e-10 -4.782146890343366241e+10 -1.166583798978954672e-17 1.166584095250843494e-17
2.680000000000000000e+06 -1.802524955063397132e-10 -4.782146875428077698e+10 -1.165794752519291484e-17 1.165795419148325822e-17
2.690000000000000000e+06 -1.803690356592396435e-10 -4.782146860262165833e+10 -1.165008419498330869e-17 1.165008779215944806e-17
2.700000000000000000e+06 -1.804854971902393854e-10 -4.782146845093875885e+10 -1.164222112390504358e-17 1.164222832622668483e-17
2.710000000000000000e+06 -1.806018802244047700e-10 -4.782146829637048340e+10 -1.163438659022974541e-17 1.163439045518729980e-17
2.720000000000000000e+06 -1.807181849220439688e-10 -4.782146814182301331e+10 -1.162655226104612654e-17 1.162656015035630661e-17
2.730000000000000000e+06 -1.808344114244028276e-10 -4.782146798400035095e+10 -1.161874888728823218e-17 1.161875312070689657e-17
2.740000000000000000e+06 -1.809505598997897244e-10 -4.782146782618136597e+10 -1.161094558058982565e-17 1.161095409590903729e-17
2.750000000000000000e+06 -1.810666305010391244e-10 -4.782146766474800873e+10 -1.160317527879039717e-17 1.160317985249067492e-17
2.760000000000000000e+06 -1.811826234053655301e-10 -4.782146750331781006e+10 -1.159540502688484323e-17 1.159541413044415654e-17
2.770000000000000000e+06 -1.812985387768317890e-10 -4.782146733797612000e+10 -1.158766982597204076e-17 1.158767471492235997e-17
2.780000000000000000e+06 -1.814143768018849799e-10 -4.782146717263687134e+10 -1.157993466310126658e-17 1.157994432227485978e-17
2.790000000000000000e+06 -1.815301376552597176e-10 -4.782146700311650085e+10 -1.157223653340350676e-17 1.157224171505754023e-17
2.800000000000000000e+06 -1.816458215325530428e-10 -4.782146683359770203e+10 -1.156453843095615804e-17 1.156454861605008946e-17
2.810000000000000000e+06 -1.817614286185879424e-10 -4.782146665964719391e+10 -1.155687927032920614e-17 1.155688473138732291e-17
2.820000000000000000e+06 -1.818769591179596312e-10 -4.782146648569823456e+10 -1.154922013148743700e-17 1.154923082008840263e-17
2.830000000000000000e+06 -1.819924132251394085e-10 -4.782146630708003998e+10 -1.154160177698481516e-17 1.154160750521895785e-17
2.840000000000000000e+06 -1.821077911534993146e-10 -4.782146612846263123e+10 -1.153398343865384189e-17 1.153399462577458606e-17
2.850000000000000000e+06 -1.822230931070733480e-10 -4.782146594495400238e+10 -1.152640773249453348e-17 1.152641371882721646e-17
2.860000000000000000e+06 -1.823383193081492118e-10 -4.782146576144590759e+10 -1.151883203987207820e-17 1.151884370298530650e-17
2.870000000000000000e+06 -1.824534699700778275e-10 -4.782146557283012390e+10 -1.151130078865641898e-17 1.151130702308962377e-17
2.880000000000000000e+06 -1.825685453239223538e-10 -4.782146538421514893e+10 -1.150376954672091944e-17 1.150378168630234426e-17
2.890000000000000000e+06 -1.826835455922630058e-10 -4.782146519028454590e+10 -1.149628455493509793e-17 1.149629103487353841e-17
2.900000000000000000e+06 -1.827984710150210386e-10 -4.782146499635409546e+10 -1.148879956672439405e-17 1.148881216880861357e-17
2.910000000000000000e+06 -1.829133218237854911e-10 -4.782146479690623474e+10 -1.148136261612120523e-17 1.148136934091119150e-17
2.920000000000000000e+06 -1.830280982673434695e-10 -4.782146459745960999e+10 -1.147392567158908994e-17 1.147393875204472998e-17
2.930000000000000000e+06 -1.831428005865397243e-10 -4.782146439229370117e+10 -1.146653859154486162e-17 1.146654555210419185e-17
2.940000000000000000e+06 -1.832574290391743736e-10 -4.782146418712770081e+10 -1.145915151514517069e-17 1.145916505421120395e-17
2.950000000000000000e+06 -1.833719838753925470e-10 -4.782146397605452728e+10 -1.145181614872612284e-17 1.145182334917350607e-17
2.960000000000000000e+06 -1.834864653621488997e-10 -4.782146376498176575e+10 -1.144448078663949909e-17 1.144449479500357797e-17
2.970000000000000000e+06 -1.836008737588332097e-10 -4.782146354780698395e+10 -1.143719896613285627e-17 1.143720639945223448e-17
2.980000000000000000e+06 -1.837152093414715630e-10 -4.782146333063336182e+10 -1.142991714635827637e-17 1.142993161419298896e-17
2.990000000000000000e+06 -1.838294723788653213e-10 -4.782146310717427826e+10 -1.142269074757429699e-17 1.142269840840030362e-17
3.000000000000000000e+06 -1.839436631564230478e-10 -4.782146288372968292e+10 -1.141546418082289824e-17 1.141547921827778328e-17
3.010000000000000000e+06 -1.840577819530721904e-10 -4.782146265380987549e+10 -1.140829573215386913e-17 1.140830342979132726e-17
3.020000000000000000e+06 -1.841718290710661220e-10 -4.782146242457258606e+10 -1.140112741411705048e-17 1.140114307708442230e-17
3.030000000000000000e+06 -1.842858048337566973e-10 -4.782146218618770599e+10 -1.139402557651733716e-17 1.139402986400731983e-17
3.040000000000000000e+06 -1.843997095825964477e-10 -4.782146194897000885e+10 -1.138691617172836974e-17 1.138692648868433037e-17
3.050000000000000000e+06 -1.845135434113194898e-10 -4.782146170711931610e+10 -1.137985759258330483e-17 1.137986569016991698e-17
3.060000000000000000e+06 -1.846273067344481298e-10 -4.782146146345854187e+10 -1.137280717876707590e-17 1.137282369240842425e-17
3.070000000000000000e+06 -1.847409998823270783e-10 -4.782146121294549561e+10 -1.136582225139481273e-17 1.136583085027792755e-17
3.080000000000000000e+06 -1.848546231794760140e-10 -4.782146096237771606e+10 -1.135883672095732017e-17 1.135885354933525861e-17
3.090000000000000000e+06 -1.849681769413733768e-10 -4.782146070460282898e+10 -1.135191611594958341e-17 1.135192496684597013e-17
3.100000000000000000e+06 -1.850816615017950224e-10 -4.782146044682645416e+10 -1.134499552042079928e-17 1.134501286477823446e-17
3.110000000000000000e+06 -1.851950771867190007e-10 -4.782146018163455963e+10 -1.133814191233475743e-17 1.133815101025963943e-17
3.120000000000000000e+06 -1.853084243400417223e-10 -4.782145991644297791e+10 -1.133128831015255059e-17 1.133130616643299488e-17
3.130000000000000000e+06 -1.854217032983453049e-10 -4.782145964364167786e+10 -1.132450379262662383e-17 1.132451313517966840e-17
3.140000000000000000e+06 -1.855349144158942476e-10 -4.782145937084013367e+10 -1.131771927393633838e-17 1.131773763984010046e-17
3.150000000000000000e+06 -1.856480580397062496e-10 -4.782145909023592377e+10 -1.131100593168535232e-17 1.131101552252123648e-17
3.160000000000000000e+06 -1.857611345345279460e-10 -4.782145880963172150e+10 -1.130429258636096419e-17 1.130431145880349315e-17
3.170000000000000000e+06 -1.858741442577012065e-10 -4.782145852102922821e+10 -1.129765249458292650e-17 1.129766233587427332e-17
3.180000000000000000e+06 -1.859870875844196213e-10 -4.782145823242622375e+10 -1.129101239711246853e-17 1.129103179450338204e-17
3.190000000000000000e+06 -1.860999648826398294e-10 -4.782145793563156128e+10 -1.128444769891999992e-17 1.128445779379532853e-17
3.200000000000000000e+06 -1.862127765383980012e-10 -4.782145763883634949e+10 -1.127788299775825887e-17 1.127790291578288684e-17
3.210000000000000000e+06 -1.863255229303519078e-10 -4.782145733365042114e+10 -1.127139584798171994e-17 1.127140619620620400e-17
3.220000000000000000e+06 -1.864382044553576556e-10 -4.782145702846434021e+10 -1.126490869066682620e-17 1.126492913473666044e-17
3.230000000000000000e+06 -1.865508215027964301e-10 -4.782145671468739319e+10 -1.125850125959667356e-17 1.125851186775395976e-17
3.240000000000000000e+06 -1.866633744805495696e-10 -4.782145640090977478e+10 -1.125209381983011830e-17 1.125211480696759694e-17
3.250000000000000000e+06 -1.867758637889201455e-10 -4.782145607833885193e+10 -1.124576832547816017e-17 1.124577920020374586e-17
3.260000000000000000e+06 -1.868882898470591341e-10 -4.782145575576843262e+10 -1.123944282594496361e-17 1.123946435764556818e-17
3.270000000000000000e+06 -1.870006530663350345e-10 -4.782145542419468689e+10 -1.123320150561065734e-17 1.123321264417208858e-17
3.280000000000000000e+06 -1.871129538771713561e-10 -4.782145509262016296e+10 -1.122696017645373070e-17 1.122698226471808321e-17
3.290000000000000000e+06 -1.872251927023404976e-10 -4.782145475183940125e+10 -1.122080534256764625e-17 1.122081675538469091e-17
3.300000000000000000e+06 -1.873373699840227123e-10 -4.782145441105826569e+10 -1.121465049924994082e-17 1.121467315085890009e-17
3.310000000000000000e+06 -1.874494861563658643e-10 -4.782145406085396576e+10 -1.120858446400914532e-17 1.120859614991744162e-17
3.320000000000000000e+06 -1.875615416733028922e-10 -4.782145371064875793e+10 -1.120251841580263199e-17 1.120254164498755383e-17
3.330000000000000000e+06 -1.876735369806056676e-10 -4.782145335080462646e+10 -1.119654355235474157e-17 1.119655552405133396e-17
3.340000000000000000e+06 -1.877854725443499855e-10 -4.782145299095640564e+10 -1.119056864926501294e-17 1.119059247230750880e-17
3.350000000000000000e+06 -1.878973488218066650e-10 -4.782145262124559021e+10 -1.118468738931636643e-17 1.118469964155062754e-17
3.360000000000000000e+06 -1.880091662921363096e-10 -4.782145225152381897e+10 -1.117880583643842225e-17 1.117883032579919503e-17
3.370000000000000000e+06 -1.881209254214741160e-10 -4.782145187180649567e+10 -1.117302087129370517e-17 1.117303338538160929e-17
3.380000000000000000e+06 -1.882326267095621820e-10 -4.782145149207966614e+10 -1.116723545724295680e-17 1.116726018402156326e-17
3.390000000000000000e+06 -1.883442706199055028e-10 -4.782145110195567322e+10 -1.116154790050082144e-17 1.116156070073550655e-17
3.400000000000000000e+06 -1.884558576675722042e-10 -4.782145071184503174e+10 -1.115586106255296570e-17 1.115588664796195202e-17
3.410000000000000000e+06 -1.885673883459390741e-10 -4.782145031120735168e+10 -1.115027518111313904e-17 1.115028832013971990e-17
3.420000000000000000e+06 -1.886788631711944735e-10 -4.782144991057829285e+10 -1.114468930820563192e-17 1.114471553303492923e-17
3.430000000000000000e+06 -1.887902826495148536e-10 -4.782144949917504883e+10 -1.113920691762359870e-17 1.113922036406492789e-17
3.440000000000000000e+06 -1.889016473095469238e-10 -4.782144908777188110e+10 -1.113372452665975681e-17 1.113375139788469971e-17
3.450000000000000000e+06 -1.890129576707983658e-10 -4.782144866535134125e+10 -1.112834828576122137e-17 1.112836204579715818e-17
3.460000000000000000e+06 -1.891242142752621638e-10 -4.782144824293039703e+10 -1.112297203696461056e-17 1.112299956290933636e-17
3.470000000000000000e+06 -1.892354176557662697e-10 -4.782144780924659729e+10 -1.111770463388777075e-17 1.111771871156970295e-17
3.480000000000000000e+06 -1.893465683679399211e-10 -4.782144737556201172e+10 -1.111243721923360830e-17 1.111246540743527621e-17
3.490000000000000000e+06 -1.894576669579960156e-10 -4.782144693036371613e+10 -1.110728137359536754e-17 1.110729577771178647e-17
3.500000000000000000e+06 -1.895687139954118281e-10 -4.782144648516499329e+10 -1.110212551591595392e-17 1.110215437566335948e-17
3.510000000000000000e+06 -1.896797100399316386e-10 -4.782144602819461060e+10 -1.109708398170072981e-17 1.109709871889605527e-17
3.520000000000000000e+06 -1.897906556750458335e-10 -4.782144557122332764e+10 -1.109204243578512075e-17 1.109207199645215151e-17
3.530000000000000000e+06 -1.899015514745452538e-10 -4.782144510222100067e+10 -1.108711806945509565e-17 1.108713314649167905e-17
3.540000000000000000e+06 -1.900123980364349534e-10 -4.782144463321772766e+10 -1.108219369166765477e-17 1.108222394592934895e-17
3.550000000000000000e+06 -1.901231959486442025e-10 -4.782144415191482544e+10 -1.107738936700366336e-17 1.107740478808866014e-17
3.560000000000000000e+06 -1.902339458237750272e-10 -4.782144367061140442e+10 -1.107258502871446639e-17 1.107261600891649232e-17
3.570000000000000000e+06 -1.903446482642820667e-10 -4.782144317673532104e+10 -1.106790370313553195e-17 1.106791947850396093e-17
3.580000000000000000e+06 -1.904553038978377248e-10 -4.782144268285820007e+10 -1.106322236385566132e-17 1.106325406921312550e-17
3.590000000000000000e+06 -1.905659133415010057e-10 -4.782144217612977600e+10 -1.105866701294985152e-17 1.105868315251177473e-17
3.600000000000000000e+06 -1.906764772380967108e-10 -4.782144166940148926e+10 -1.105411164745958130e-17 1.105414410043756291e-17
3.610000000000000000e+06 -1.907869962196155403e-10 -4.782144114953239441e+10 -1.104968531504196577e-17 1.104970182079912546e-17
3.620000000000000000e+06 -1.908974709443975673e-10 -4.782144062966217041e+10 -1.104525896842169850e-17 1.104529219106220228e-17
3.630000000000000000e+06 -1.910079020599870721e-10 -4.782144009636563873e+10 -1.104096482241567764e-17 1.104098170836502545e-17
3.640000000000000000e+06 -1.911182902408458782e-10 -4.782143956306848145e+10 -1.103667066415391375e-17 1.103670466136819664e-17
3.650000000000000000e+06 -1.912286361500782828e-10 -4.782143901604296112e+10 -1.103251186751464198e-17 1.103252913577418470e-17
3.660000000000000000e+06 -1.913389404781961532e-10 -4.782143846901679993e+10 -1.102835305699772917e-17 1.102838784514697435e-17
3.670000000000000000e+06 -1.914492039042758432e-10 -4.782143790796122742e+10 -1.102433285800355643e-17 1.102435052266480422e-17
3.680000000000000000e+06 -1.915594271353562368e-10 -4.782143734690601349e+10 -1.102031260515542741e-17 1.102034823043828310e-17
3.690000000000000000e+06 -1.916696108672186778e-10 -4.782143677152037048e+10 -1.101643452025639064e-17 1.101645254488859443e-17
3.700000000000000000e+06 -1.917797558257613546e-10 -4.782143619607563019e+10 -1.101255460551875355e-17 1.101259191716102947e-17
3.710000000000000000e+06 -1.918898627042489400e-10 -4.782143560599264526e+10 -1.100882367475822026e-17 1.100884216451479921e-17
3.720000000000000000e+06 -1.919999322992565188e-10 -4.782143501606755066e+10 -1.100509271072353397e-17 1.100512917050735254e-17
3.730000000000000000e+06 -1.921099652837610217e-10 -4.782143441111005402e+10 -1.100150680621232119e-17 1.100152570857337373e-17
3.740000000000000000e+06 -1.922199624353807772e-10 -4.782143380604898071e+10 -1.099792274750940888e-17 1.099796091717616556e-17
3.750000000000000000e+06 -1.923299245013364927e-10 -4.782143318567830658e+10 -1.099449121386660792e-17 1.099451054597355612e-17
3.760000000000000000e+06 -1.924398522596580965e-10 -4.782143256530771637e+10 -1.099105966267954043e-17 1.099109871980725813e-17
3.770000000000000000e+06 -1.925497464748040680e-10 -4.782143192927760315e+10 -1.098778415429319767e-17 1.098780392212826189e-17
3.780000000000000000e+06 -1.926596079427439701e-10 -4.782143129324650574e+10 -1.098450863211756628e-17 1.098454859744879400e-17
3.790000000000000000e+06 -1.927694374462415049e-10 -4.782143064120746613e+10 -1.098139286895121043e-17 1.098141308642963204e-17
3.800000000000000000e+06 -1.928792358001229805e-10 -4.782142998916758728e+10 -1.097827708828160882e-17 1.097831798338617030e-17
3.810000000000000000e+06 -1.929890038057701251e-10 -4.782142932076412964e+10 -1.097532486021077746e-17 1.097534553571450093e-17
3.820000000000000000e+06 -1.930987422973272228e-10 -4.782142865235951233e+10 -1.097237261328932591e-17 1.097241445640881144e-17
3.830000000000000000e+06 -1.932084520951274853e-10 -4.782142796722693634e+10 -1.096958778468326962e-17 1.096960893082465087e-17
3.840000000000000000e+06 -1.933181340530208618e-10 -4.782142728209358215e+10 -1.096680293799336594e-17 1.096684574442816418e-17
3.850000000000000000e+06 -1.934277890105920812e-10 -4.782142657985778046e+10 -1.096418943224548595e-17 1.096421105922072320e-17
3.860000000000000000e+06 -1.935374178416657986e-10 -4.782142587762074280e+10 -1.096157590700643071e-17 1.096161971075526956e-17
3.870000000000000000e+06 -1.936470214057040220e-10 -4.782142515790242767e+10 -1.095913777613389884e-17 1.095915989470027534e-17
3.880000000000000000e+06 -1.937566005971884589e-10 -4.782142443818283844e+10 -1.095669962754355104e-17 1.095674444020977014e-17
3.890000000000000000e+06 -1.938661562958602771e-10 -4.782142370059113312e+10 -1.095444100002782666e-17 1.095446361788248321e-17
3.900000000000000000e+06 -1.939756894171890311e-10 -4.782142296299856567e+10 -1.095218235358890689e-17 1.095222820248124068e-17
3.910000000000000000e+06 -1.940852008616102674e-10 -4.782142220713571930e+10 -1.095010744278972734e-17 1.095013057350232875e-17
3.920000000000000000e+06 -1.941946915660448151e-10 -4.782142145127149963e+10 -1.094803251081121020e-17 1.094807940727282983e-17
3.930000000000000000e+06 -1.943041624518426556e-10 -4.782142067673035431e+10 -1.094614558206951328e-17 1.094616923950579681e-17
3.940000000000000000e+06 -1.944136144776862147e-10 -4.782141990218901062e+10 -1.094425863257761910e-17 1.094430660818085037e-17
3.950000000000000000e+06 -1.945230485863796695e-10 -4.782141910855039215e+10 -1.094256406017761137e-17 1.094258824977303050e-17
3.960000000000000000e+06 -1.946324657588897433e-10 -4.782141831491031647e+10 -1.094086946745023582e-17 1.094091854915064536e-17
3.970000000000000000e+06 -1.947418669602079237e-10 -4.782141750175376892e+10 -1.093937177057409489e-17 1.093939650970345126e-17
3.980000000000000000e+06 -1.948512531943012337e-10 -4.782141668859623718e+10 -1.093787405478738033e-17 1.093792425435314737e-17
3.990000000000000000e+06 -1.949606254484730396e-10 -4.782141585548341370e+10 -1.093657777287207642e-17 1.093660306705589569e-17
4.000000000000000000e+06 -1.950699847497586740e-10 -4.782141502236941528e+10 -1.093528146839219518e-17 1.093533280936587349e-17
4.010000000000000000e+06 -1.951793321082776777e-10 -4.782141416885860443e+10 -1.093419125127262676e-17 1.093421711934523421e-17
4.020000000000000000e+06 -1.952886685747841411e-10 -4.782141331534565735e+10 -1.093310098689397923e-17 1.093315351778248104e-17
4.030000000000000000e+06 -1.953979951829380538e-10 -4.782141244098783112e+10 -1.093222170702159221e-17 1.093224813719755074e-17
4.040000000000000000e+06 -1.955073130089245795e-10 -4.782141156663519287e+10 -1.093134225427822643e-17 1.093139600705031557e-17
4.050000000000000000e+06 -1.956166231081481405e-10 -4.782141067090640259e+10 -1.093067882644263152e-17 1.093070580302451970e-17
4.060000000000000000e+06 -1.957259265854534084e-10 -4.782140977519838715e+10 -1.093001530846232325e-17 1.093007009320699062e-17
4.070000000000000000e+06 -1.958352245151120973e-10 -4.782140885775074005e+10 -1.092957194942324828e-17 1.092959958855583988e-17
4.080000000000000000e+06 -1.959445180244418765e-10 -4.782140794027346802e+10 -1.092912882469795026e-17 1.092918500865531866e-17
4.090000000000000000e+06 -1.960538082203685524e-10 -4.782140700051878357e+10 -1.092891145248043986e-17 1.092893972686813222e-17
4.100000000000000000e+06 -1.961630962534914905e-10 -4.782140606076403809e+10 -1.092869404358720826e-17 1.092875149465076940e-17
4.110000000000000000e+06 -1.962723832554696369e-10 -4.782140509823591614e+10 -1.092870748055950720e-17 1.092873638804917842e-17
4.120000000000000000e+06 -1.963816704031026828e-10 -4.782140413570650482e+10 -1.092872089323489025e-17 1.092877964114555229e-17
4.130000000000000000e+06 -1.964909588538448914e-10 -4.782140314989804840e+10 -1.092897040802227966e-17 1.092899996326450040e-17
4.140000000000000000e+06 -1.966002498112631307e-10 -4.782140216408837128e+10 -1.092921989872732335e-17 1.092927997206555541e-17
4.150000000000000000e+06 -1.967095444591575474e-10 -4.782140115448310852e+10 -1.092971085705439546e-17 1.092974107187354512e-17
4.160000000000000000e+06 -1.968188440284042224e-10 -4.782140014487631226e+10 -1.093020178933012503e-17 1.093026321353860951e-17
4.170000000000000000e+06 -1.969281497296016794e-10 -4.782139911094522858e+10 -1.093093965311201540e-17 1.093097054398446780e-17
4.180000000000000000e+06 -1.970374628214664432e-10 -4.782139807701296997e+10 -1.093167749212367334e-17 1.093174029255725025e-17
4.190000000000000000e+06 -1.971467845418566710e-10 -4.782139701821412659e+10 -1.093266781363795652e-17 1.093269939473049026e-17
4.200000000000000000e+06 -1.972561161777392252e-10 -4.782139595941362000e+10 -1.093365810836567880e-17 1.093372232070664848e-17
4.210000000000000000e+06 -1.973654589949150187e-10 -4.782139487519627380e+10 -1.093490658129797976e-17 1.093493886754006325e-17
4.220000000000000000e+06 -1.974748143093651786e-10 -4.782139379097721863e+10 -1.093615502892362287e-17 1.093622067719367347e-17
4.230000000000000000e+06 -1.975841834153980275e-10 -4.782139268077524567e+10 -1.093766745745373583e-17 1.093770046093919840e-17
4.240000000000000000e+06 -1.976935676585142355e-10 -4.782139157057196045e+10 -1.093917985880916834e-17 1.093924697194537726e-17
4.250000000000000000e+06 -1.978029683620263085e-10 -4.782139043380850983e+10 -1.094096215058703933e-17 1.094099588952456407e-17
4.260000000000000000e+06 -1.979123869015259895e-10 -4.782138929704321289e+10 -1.094274441085780576e-17 1.094281301701222285e-17
4.270000000000000000e+06 -1.980218246297889241e-10 -4.782138813312797546e+10 -1.094480258022208506e-17 1.094483707379062469e-17
4.280000000000000000e+06 -1.981312829531304367e-10 -4.782138696921203613e+10 -1.094686072112426289e-17 1.094693086536083545e-17
4.290000000000000000e+06 -1.982407632546108839e-10 -4.782138577753852081e+10 -1.094920094192600897e-17 1.094923620025145449e-17
4.300000000000000000e+06 -1.983502669719689665e-10 -4.782138458586302185e+10 -1.095154113278575052e-17 1.095161283986955718e-17
4.310000000000000000e+06 -1.984597955192994618e-10 -4.782138336581911469e+10 -1.095416973021583108e-17 1.095420577649748625e-17
4.320000000000000000e+06 -1.985693503665732749e-10 -4.782138214577370453e+10 -1.095679829679513936e-17 1.095687159925732627e-17
4.330000000000000000e+06 -1.986789329593524776e-10 -4.782138089672521973e+10 -1.095972168679655836e-17 1.095975853277036849e-17
4.340000000000000000e+06 -1.987885448003091905e-10 -4.782137964767501831e+10 -1.096264504283909311e-17 1.096271997818486257e-17
4.350000000000000000e+06 -1.988981873673283691e-10 -4.782137836898030090e+10 -1.096586982270293257e-17 1.096590749220197874e-17
4.360000000000000000e+06 -1.990078621967632485e-10 -4.782137709028377533e+10 -1.096909450166830681e-17 1.096917114552533626e-17
4.370000000000000000e+06 -1.991175707998195581e-10 -4.782137578129163361e+10 -1.097262767219904582e-17 1.097266612720080555e-17
4.380000000000000000e+06 -1.992273147502072499e-10 -4.782137447221985626e+10 -1.097615908765626568e-17 1.097623823836401700e-17
4.390000000000000000e+06 -1.993370955752131165e-10 -4.782137313225122070e+10 -1.098000923119670283e-17 1.098004823147341219e-17
4.400000000000000000e+06 -1.994469149348311729e-10 -4.782137179212313843e+10 -1.098385876094024685e-17 1.098393787975832536e-17
4.410000000000000000e+06 -1.995567743436928651e-10 -4.782137042020289612e+10 -1.098802694286912276e-17 1.098806725350249187e-17
4.420000000000000000e+06 -1.996666754736885647e-10 -4.782136904851167297e+10 -1.099219735631195014e-17 1.099227922437808531e-17
4.430000000000000000e+06 -1.997766199365649093e-10 -4.782136764441310120e+10 -1.099669691891616700e-17 1.099673809992157899e-17
4.440000000000000000e+06 -1.998866094120668670e-10 -4.782136624031655121e+10 -1.100119651689606229e-17 1.100128028211626789e-17
4.450000000000000000e+06 -1.999966455516264098e-10 -4.782136480308814240e+10 -1.100603305960025551e-17 1.100607516608251502e-17
4.460000000000000000e+06 -2.001067300732588958e-10 -4.782136336585755157e+10 -1.101086956375754946e-17 1.101095524657457036e-17
4.470000000000000000e+06 -2.002168646666638433e-10 -4.782136189475270844e+10 -1.101605082036470721e-17 1.101609388242014429e-17
4.480000000000000000e+06 -2.003270510896661765e-10 -4.782136042364567566e+10 -1.102123203015454796e-17 1.102131968810240736e-17
4.490000000000000000e+06 -2.004372910712298423e-10 -4.782135891790383911e+10 -1.102676603252139650e-17 1.102681007492988401e-17
4.500000000000000000e+06 -2.005475864103166201e-10 -4.782135741215948486e+10 -1.103229998362490798e-17 1.103238967395265619e-17
4.510000000000000000e+06 -2.006579388763995590e-10 -4.782135587100074768e+10 -1.103819503417168686e-17 1.103824008705570590e-17
4.520000000000000000e+06 -2.007683503110000443e-10 -4.782135432983985138e+10 -1.104409003276093108e-17 1.104418182291313561e-17
4.530000000000000000e+06 -2.008788225255796920e-10 -4.782135275246498871e+10 -1.105035473633821824e-17 1.105040082835434760e-17
4.540000000000000000e+06 -2.009893574057267970e-10 -4.782135117508750916e+10 -1.105661938378016338e-17 1.105671335292194501e-17
4.550000000000000000e+06 -2.010999568067345264e-10 -4.782134956068276215e+10 -1.106326272706930298e-17 1.106330988857276392e-17
4.560000000000000000e+06 -2.012106226602681854e-10 -4.782134794627537537e+10 -1.106990601451655683e-17 1.107000224078569141e-17
4.570000000000000000e+06 -2.013213568674190365e-10 -4.782134629400675964e+10 -1.107693738079555771e-17 1.107698563995321279e-17
4.580000000000000000e+06 -2.014321614078841006e-10 -4.782134464173597717e+10 -1.108396868776484030e-17 1.108406725161411921e-17
4.590000000000000000e+06 -2.015430382305656020e-10 -4.782134295075517273e+10 -1.109139787298693891e-17 1.109144726456275115e-17
4.600000000000000000e+06 -2.016539893653438517e-10 -4.782134125977178955e+10 -1.109882699560503609e-17 1.109892799164404068e-17
4.610000000000000000e+06 -2.017650168112025691e-10 -4.782133952921522522e+10 -1.110666426320086360e-17 1.110671482267396624e-17
4.620000000000000000e+06 -2.018761226506078495e-10 -4.782133779865742493e+10 -1.111450146844196972e-17 1.111460499145394475e-17
4.630000000000000000e+06 -2.019873089352367302e-10 -4.782133602764585114e+10 -1.112275760674389275e-17 1.112280936118669166e-17
4.640000000000000000e+06 -2.020985778027427291e-10 -4.782133425663200378e+10 -1.113101368105657459e-17 1.113111984977307350e-17
4.650000000000000000e+06 -2.022099313607508467e-10 -4.782133244428408813e+10 -1.113970013396561553e-17 1.113975312282729892e-17
4.660000000000000000e+06 -2.023213718054220422e-10 -4.782133063193470764e+10 -1.114838652664985952e-17 1.114849544184549947e-17
4.670000000000000000e+06 -2.024329013032909738e-10 -4.782132877735430908e+10 -1.115751532075757070e-17 1.115756956990993975e-17
4.680000000000000000e+06 -2.025445221118371894e-10 -4.782132692277270508e+10 -1.116664405380429237e-17 1.116675583529183001e-17
4.690000000000000000e+06 -2.026562364601143816e-10 -4.782132502506822968e+10 -1.117622793632350759e-17 1.117628348296353259e-17
4.700000000000000000e+06 -2.027680466705636678e-10 -4.782132312736216736e+10 -1.118581173380667266e-17 1.118592652621068944e-17
4.710000000000000000e+06 -2.028799550388532757e-10 -4.782132118564880371e+10 -1.119586434384109831e-17 1.119592118907236178e-17
4.720000000000000000e+06 -2.029919639574404827e-10 -4.782131924394190979e+10 -1.120591667216698382e-17 1.120603464871632558e-17
4.730000000000000000e+06 -2.031040757900004033e-10 -4.782131725728176117e+10 -1.121645254125077979e-17 1.121651065272500184e-17
4.740000000000000000e+06 -2.032162930082654952e-10 -4.782131527064461517e+10 -1.122698826477396152e-17 1.122710922076841081e-17
4.750000000000000000e+06 -2.033286180435184641e-10 -4.782131323830715942e+10 -1.123802163281361051e-17 1.123808119826138101e-17
4.760000000000000000e+06 -2.034410534409217798e-10 -4.782131120594349670e+10 -1.124905534746296403e-17 1.124917990374478928e-17
4.770000000000000000e+06 -2.035536017231343603e-10 -4.782130912700102234e+10 -1.126060359543710166e-17 1.126066454671640608e-17
4.780000000000000000e+06 -2.036662655128305137e-10 -4.782130704806333923e+10 -1.127215182244331643e-17 1.127227989568063045e-17
4.790000000000000000e+06 -2.037790474181402831e-10 -4.782130492176703644e+10 -1.128423176085950382e-17 1.128429408437697916e-17
4.800000000000000000e+06 -2.038919501480477078e-10 -4.782130279547608948e+10 -1.129631171025032413e-17 1.129644342649791807e-17
4.810000000000000000e+06 -2.040049764022972196e-10 -4.782130062111078644e+10 -1.130894165002483099e-17 1.130900533315169545e-17
4.820000000000000000e+06 -2.041181289810482204e-10 -4.782129844675306702e+10 -1.132157163003439945e-17 1.132170710131991730e-17
4.830000000000000000e+06 -2.042314106816415459e-10 -4.782129622368824768e+10 -1.133477095877450143e-17 1.133483596857314674e-17
4.840000000000000000e+06 -2.043448244002236960e-10 -4.782129400063324738e+10 -1.134797036239959143e-17 1.134810967891032347e-17
4.850000000000000000e+06 -2.044583730377683125e-10 -4.782129172834362793e+10 -1.136175954177981884e-17 1.136182582843073292e-17
4.860000000000000000e+06 -2.045720595910592996e-10 -4.782128945606721497e+10 -1.137554884290968292e-17 1.137569206498591256e-17
4.870000000000000000e+06 -2.046858870707394038e-10 -4.782128713415980530e+10 -1.138994936661606808e-17 1.139001685128407277e-17
4.880000000000000000e+06 -2.047998585783916082e-10 -4.782128481226866150e+10 -1.140435006580298389e-17 1.140449722622192180e-17
4.890000000000000000e+06 -2.049139772403950567e-10 -4.782128244051842499e+10 -1.141938443291689423e-17 1.141945300531166684e-17
4.900000000000000000e+06 -2.050282462670499590e-10 -4.782128006878851318e+10 -1.143441904723456872e-17 1.143457011179653241e-17
4.910000000000000000e+06 -2.051426689059207275e-10 -4.782127764716759491e+10 -1.145011057774338459e-17 1.145018008484792981e-17
4.920000000000000000e+06 -2.052572484786048268e-10 -4.782127522557216644e+10 -1.146580243640571524e-17 1.146595729493071008e-17
4.930000000000000000e+06 -2.053719883582082068e-10 -4.782127275429502869e+10 -1.148217500693915979e-17 1.148224525484649514e-17
4.940000000000000000e+06 -2.054868919787435991e-10 -4.782127028304835510e+10 -1.149854800885961263e-17 1.149870646658446933e-17
4.950000000000000000e+06 -2.056019628418843437e-10 -4.782126776261450195e+10 -1.151562571056708815e-17 1.151569644758065244e-17
4.960000000000000000e+06 -2.057172044929549545e-10 -4.782126524221874237e+10 -1.153270397375420157e-17 1.153286568313491617e-17
4.970000000000000000e+06 -2.058326205629098892e-10 -4.782126267346122742e+10 -1.155051054703388607e-17 1.155058144247425961e-17
4.980000000000000000e+06 -2.059482147038956108e-10 -4.782126010474829102e+10 -1.156831784545975819e-17 1.156848231441610691e-17
4.990000000000000000e+06 -2.060639906741608070e-10 -4.782125748890319061e+10 -1.158687601222729214e-17 1.158694666046466883e-17
5.000000000000000000e+06 -2.061799522241401779e-10 -4.782125487311293030e+10 -1.160543512383562039e-17 1.160560157495090348e-17
5.010000000000000000e+06 -2.062961032321367944e-10 -4.782125221187387085e+10 -1.162476533529734989e-17 1.162483520755987657e-17
5.020000000000000000e+06 -2.064124475308461164e-10 -4.782124955070339966e+10 -1.164409679628319882e-17 1.164426415694669625e-17
5.030000000000000000e+06 -2.065289891060540811e-10 -4.782124684633203125e+10 -1.166421585558819047e-17 1.166428429275415564e-17
5.040000000000000000e+06 -2.066457318479578931e-10 -4.782124414207533264e+10 -1.168433648056750881e-17 1.168450327845204355e-17
5.050000000000000000e+06 -2.067626798315924004e-10 -4.782124139757825470e+10 -1.170525629094682428e-17 1.170532220641266699e-17
5.060000000000000000e+06 -2.068798369737768141e-10 -4.782123865332255554e+10 -1.172616600170405327e-17 1.172633641655485933e-17
5.070000000000000000e+06 -2.069972073708656838e-10 -4.782123587208044434e+10 -1.174791956029743476e-17 1.174797415901191735e-17
5.080000000000000000e+06 -2.071147953649827742e-10 -4.782123309078625488e+10 -1.176965842778587246e-17 1.176980447275639481e-17
5.090000000000000000e+06 -2.072326043207726755e-10 -4.782123027815291595e+10 -1.179215356553350257e-17 1.179221277393274782e-17
5.100000000000000000e+06 -2.073506384362934478e-10 -4.782122746576036072e+10 -1.181468090141206295e-17 1.181483120601093295e-17
5.110000000000000000e+06 -2.074689017705030379e-10 -4.782122462703273773e+10 -1.183797457771583601e-17 1.183802592288484763e-17
5.120000000000000000e+06 -2.075873979278477633e-10 -4.782122178850926971e+10 -1.186127398649194702e-17 1.186141097247391122e-17
5.130000000000000000e+06 -2.077061308943396404e-10 -4.782121893181325531e+10 -1.188530221661507089e-17 1.188534427071608653e-17
5.140000000000000000e+06 -2.078251039721800667e-10 -4.782121607545603180e+10 -1.190933670777258277e-17 1.190945397090741590e-17
5.150000000000000000e+06 -2.079443209412739130e-10 -4.782121321143202972e+10 -1.193403375469731377e-17 1.193406312772280658e-17
5.160000000000000000e+06 -2.080637846472739896e-10 -4.782121034789144897e+10 -1.195873919618123804e-17 1.195882936622060288e-17
5.170000000000000000e+06 -2.081834985791248004e-10 -4.782120749090533447e+10 -1.198401542311966352e-17 1.198402752125052920e-17
5.180000000000000000e+06 -2.083034649557363997e-10 -4.782120463459919739e+10 -1.200930259204478273e-17 1.200935696442427100e-17
5.190000000000000000e+06 -2.084236869032374248e-10 -4.782120180452550507e+10 -1.203504421531394302e-17 1.203503294340493116e-17
5.200000000000000000e+06 -2.085441658400426813e-10 -4.782119897539434814e+10 -1.206079964125711842e-17 1.206080877076238892e-17
5.210000000000000000e+06 -2.086649045044336272e-10 -4.782119620006332397e+10 -1.208687674141709029e-17 1.208683418056583912e-17
5.220000000000000000e+06 -2.087859033748710195e-10 -4.782119342600639343e+10 -1.211297043053934894e-17 1.211292553634425206e-17
5.230000000000000000e+06 -2.089071648809250153e-10 -4.782119074452223969e+10 -1.213925769578262692e-17 1.213917391056373426e-17
5.240000000000000000e+06 -2.090286885287866769e-10 -4.782118806469817352e+10 -1.216556338431383281e-17 1.216545906210805183e-17
5.250000000000000000e+06 -2.091504767121766965e-10 -4.782118553167356110e+10 -1.219198178592542085e-17 1.219184497388369016e-17
5.260000000000000000e+06 -2.092725281645051860e-10 -4.782118300069301605e+10 -1.221841780740481472e-17 1.221825697139239387e-17
5.270000000000000000e+06 -2.093948458448304355e-10 -4.782118069121626282e+10 -1.224500913000737656e-17 1.224480653354307023e-17
5.280000000000000000e+06 -2.095174283471053340e-10 -4.782117838403741455e+10 -1.227161165071452451e-17 1.227141359594672947e-17
5.290000000000000000e+06 -2.096402803132251926e-10 -4.782117639863695526e+10 -1.229866124751811257e-17 1.229838144267442072e-17
5.300000000000000000e+06 -2.097634015720556743e-10 -4.782117441540911102e+10 -1.232570511646262124e-17 1.232551836204365576e-17
5.310000000000000000e+06 -2.098868003310200513e-10 -4.782117288334418488e+10 -1.235393207852894912e-17 1.235356968888225798e-17
5.320000000000000000e+06 -2.100104802136262687e-10 -4.782117135249270630e+10 -1.238211824156122875e-17 1.238203925594218159e-17
5.330000000000000000e+06 -2.101344559326958446e-10 -4.782117043005245972e+10 -1.241295177350840953e-17 1.241251615638281432e-17
5.340000000000000000e+06 -2.102587392490964283e-10 -4.782116950627854919e+10 -1.244368010434735434e-17 1.244387951668059681e-17
5.350000000000000000e+06 -2.103833556658354211e-10 -4.782116936401534271e+10 -1.247963464571529446e-17 1.247916462192511836e-17
5.360000000000000000e+06 -2.105083319420107345e-10 -4.782116921507813263e+10 -1.251537526681533807e-17 1.251613076116635923e-17
5.370000000000000000e+06 -2.106337101517746240e-10 -4.782117000379496002e+10 -1.256051200848823947e-17 1.256009939901238671e-17
5.380000000000000000e+06 -2.107595421821804924e-10 -4.782117077592111206e+10 -1.260526474969294218e-17 1.260699544425911838e-17
5.390000000000000000e+06 -2.108858936729761640e-10 -4.782117255494608307e+10 -1.266566273243535985e-17 1.266548732665629024e-17
5.400000000000000000e+06 -2.110128554368291995e-10 -4.782117430048564911e+10 -1.272543406724193701e-17 1.272871869426650597e-17
5.410000000000000000e+06 -2.111405235527729880e-10 -4.782117690373111725e+10 -1.280944509244464367e-17 1.280982201932761088e-17
5.420000000000000000e+06 -2.112690443386781176e-10 -4.782117944700825500e+10 -1.289253304685813654e-17 1.289806361742780910e-17
5.430000000000000000e+06 -2.113985474475424867e-10 -4.782118225403192902e+10 -1.301026776773873998e-17 1.301170150873973133e-17
5.440000000000000000e+06 -2.115292496940328825e-10 -4.782118496439041138e+10 -1.312683540833102608e-17 1.313519859904086187e-17
5.450000000000000000e+06 -2.116613055877272764e-10 -4.782118654524166107e+10 -1.328768945256315785e-17 1.329090806879664259e-17
5.460000000000000000e+06 -2.117950034830841526e-10 -4.782118798979072571e+10 -1.344748751457766673e-17 1.345856594089335466e-17
5.470000000000000000e+06 -2.119304867138080598e-10 -4.782118563455481720e+10 -1.365356073443885563e-17 1.365945955427081316e-17
5.480000000000000000e+06 -2.120680746977729206e-10 -4.782118313119689178e+10 -1.385963111169657056e-17 1.387140996940623588e-17
5.490000000000000000e+06 -2.122078140810308727e-10 -4.782117244366587067e+10 -1.409265048673320773e-17 1.410198552473038677e-17
5.500000000000000000e+06 -2.123499277075075712e-10 -4.782116170287294769e+10 -1.432812805709862001e-17 1.433534869038838986e-17
5.510000000000000000e+06 -2.124942229128785681e-10 -4.782113688631591034e+10 -1.453285976860435684e-17 1.454544146392060237e-17
5.520000000000000000e+06 -2.126405849028796615e-10 -4.782111233734431458e+10 -1.474210255303426572e-17 1.473803151927847450e-17
5.530000000000000000e+06 -2.127884691963883528e-10 -4.782106849890224457e+10 -1.483219182727705705e-17 1.484555254998276609e-17
5.540000000000000000e+06 -2.129372287394251953e-10 -4.782102536905622101e+10 -1.492260483873570748e-17 1.491095475028497946e-17
5.550000000000000000e+06 -2.130861797656256915e-10 -4.782096332605538940e+10 -1.486471234272080619e-17 1.487471254996989865e-17
5.560000000000000000e+06 -2.132345229862796103e-10 -4.782090181578882599e+10 -1.479869904781215090e-17 1.480672229496887750e-17
5.570000000000000000e+06 -2.133822036939659951e-10 -4.782083037685169220e+10 -1.474267522971810060e-17 1.474885193659833894e-17
5.580000000000000000e+06 -2.135293764908739848e-10 -4.782075816617514801e+10 -1.468577570639123604e-17 1.472956286812611029e-17
5.590000000000000000e+06 -2.136770476061338488e-10 -4.782068486064427185e+10 -1.485455579106715496e-17 1.486124019428551829e-17
5.600000000000000000e+06 -2.138264676066953449e-10 -4.782061001345397186e+10 -1.503862404496297626e-17 1.506788856452008293e-17
5.610000000000000000e+06 -2.139783197764997342e-10 -4.782052695159197998e+10 -1.532263019218933457e-17 1.533666720284314042e-17
5.620000000000000000e+06 -2.141329202105391216e-10 -4.782044481491635132e+10 -1.562400223067629465e-17 1.558233674665711338e-17
5.630000000000000000e+06 -2.142891118830512358e-10 -4.782034047099263000e+10 -1.558778665675889617e-17 1.560046939201077666e-17
5.640000000000000000e+06 -2.144446759436742957e-10 -4.782024038608750916e+10 -1.554107303575060052e-17 1.547233577376700740e-17
5.650000000000000000e+06 -2.145981595572696573e-10 -4.782013343069023895e+10 -1.513960211542415368e-17 1.512477342702017083e-17
5.660000000000000000e+06 -2.147474679859827723e-10 -4.782002690611692810e+10 -1.472245641623007364e-17 1.476109823563122262e-17
5.670000000000000000e+06 -2.148944157234805365e-10 -4.781996351689720154e+10 -1.466671829428757708e-17 1.461926952979511842e-17
5.680000000000000000e+06 -2.150408023518685179e-10 -4.781989351072433472e+10 -1.460412575771502740e-17 1.466269685467532423e-17
5.690000000000000000e+06 -2.151894951358510852e-10 -4.781987932334780121e+10 -1.514091266438748861e-17 1.510673357913628395e-17
5.700000000000000000e+06 -2.153436206051562877e-10 -4.781986173041339874e+10 -1.562621395526940826e-17 1.565711268978584574e-17
5.710000000000000000e+06 -2.155034362338161438e-10 -4.781985759462976074e+10 -1.639487901809079456e-17 1.640224503802169205e-17
5.720000000000000000e+06 -2.156715181855181040e-10 -4.781985024525666046e+10 -1.718722397061569660e-17 1.720834850066686765e-17
5.730000000000000000e+06 -2.158452941005972541e-10 -4.781977496638710785e+10 -1.760224639690357094e-17 1.769842801895615494e-17
5.740000000000000000e+06 -2.160235631134561600e-10 -4.781971092072752380e+10 -1.814545032310533733e-17 1.794445954113041802e-17
5.750000000000000000e+06 -2.161999991025905778e-10 -4.781952211369732666e+10 -1.704785335554227532e-17 1.713567063690538356e-17
5.760000000000000000e+06 -2.163645201805670281e-10 -4.781935702581300354e+10 -1.591063454806294842e-17 1.587730022906284246e-17
5.770000000000000000e+06 -2.165173274483530438e-10 -4.781922430755637360e+10 -1.459654670082327014e-17 1.443948457011451496e-17
5.780000000000000000e+06 -2.166564511145834927e-10 -4.781906117473471069e+10 -1.333108866034966860e-17 1.337114766716100515e-17
5.790000000000000000e+06 -2.167883363658669004e-10 -4.781905020059610748e+10 -1.294305948125139000e-17 1.283316254285249230e-17
5.800000000000000000e+06 -2.169153123042085115e-10 -4.781904090546786499e+10 -1.248342207641988735e-17 1.229142432012803353e-17
5.810000000000000000e+06 -2.170364674560293411e-10 -4.781915515948979187e+10 -1.171631439840441252e-17 1.163113919094265034e-17
5.820000000000000000e+06 -2.171496385921765896e-10 -4.781928379957718658e+10 -1.060000995448806325e-17 1.065073271510952694e-17
5.830000000000000000e+06 -2.172578751014855251e-10 -4.781959631913834381e+10 -1.136519478385142436e-17 1.104548967164158220e-17
5.840000000000000000e+06 -2.173769424878536079e-10 -4.781974680003816986e+10 -1.242481361434475101e-17 1.314703391314069798e-17
5.850000000000000000e+06 -2.175020629161357835e-10 -4.781971998471370697e+10 -1.262274091750764713e-17 1.329003260158566138e-17
5.860000000000000000e+06 -2.176293973062037900e-10 -4.782007990584642029e+10 -1.226094693437268236e-17 1.104161873337172534e-17
5.870000000000000000e+06 -2.177189136170315116e-10 -4.781940091267545319e+10 -6.225505392897030641e-18 6.254449318786361214e-18
5.880000000000000000e+06 -2.177539074140617065e-10 -4.781865593294975281e+10 -1.058086595074789165e-18 1.599947476814500132e-18
5.890000000000000000e+06 -2.177666911329427853e-10 -4.781884792715068054e+10 -1.213824599208148948e-18 1.306604235993482743e-18
5.900000000000000000e+06 -2.177781839060458873e-10 -4.781890248827897644e+10 -4.864450098954545886e-19 4.663685374473105138e-19
5.910000000000000000e+06 -2.177706745492852817e-10 -4.781895277914562225e+10 1.390031350495754885e-18 1.452973903622289466e-18
5.920000000000000000e+06 -2.177503832790359564e-10 -4.781899455194509888e+10 3.592879514872630722e-18 3.093110132522985504e-18
5.930000000000000000e+06 -2.177155411842795845e-10 -4.781893810685937500e+10 2.450882620899352334e-18 2.775006821190951190e-18
5.940000000000000000e+06 -2.177013656266179694e-10 -4.781860507110824585e+10 -8.655334155566682385e-19 3.042381575332699184e-18
5.950000000000000000e+06 -2.176520277796641849e-10 -4.781645379324604034e+10 1.198286513329710715e-17 9.027017742082169199e-18
5.960000000000000000e+06 -2.174617083239520472e-10 -4.781713356073963928e+10 1.023292226755522876e-16 7.408081623619094175e-17
5.970000000000000000e+06 -1.975968721185212544e-10 -4.781912148739839935e+10 3.794389821744185410e-15 3.801960539668715355e-15
5.980000000000000000e+06 -1.415739118890683251e-10 -4.781859821863574219e+10 7.184821681179935897e-15 7.095716963418141217e-15
5.990000000000000000e+06 -7.138322822573389817e-11 -4.781855944224263763e+10 7.078695594453416849e-15 7.137166046203221033e-15
6.000000000000000000e+06 0.000000000000000000e+00 -4.781845300748496246e+10 7.197950050693363114e-15 7.348324963738752770e-15
