3.153600e+09 -2.602805e+06 1.176726e+06 
6.307200e+09 -5.375268e+06 2.060893e+06 
9.460800e+09 -8.308811e+06 2.789333e+06 
1.261440e+10 -1.127868e+07 3.433148e+06 
1.576800e+10 -1.421915e+07 4.020750e+06 
1.892160e+10 -1.709540e+07 4.565592e+06 
2.207520e+10 -1.988907e+07 5.074795e+06 
2.522880e+10 -2.259104e+07 5.552850e+06 
2.838240e+10 -2.519762e+07 6.002869e+06 
3.153600e+10 -2.770838e+07 6.426610e+06 
3.468960e+10 -3.012491e+07 7.001862e+06 
3.784320e+10 -3.245001e+07 7.594600e+06 
4.099680e+10 -3.468726e+07 8.170535e+06 
4.415040e+10 -3.684062e+07 8.729483e+06 
4.730400e+10 -3.891430e+07 9.272294e+06 
5.045760e+10 -4.091258e+07 9.799852e+06 
5.361120e+10 -4.283972e+07 1.031305e+07 
5.676480e+10 -4.469983e+07 1.081280e+07 
5.991840e+10 -4.649694e+07 1.129997e+07 
6.307200e+10 -4.823488e+07 1.177543e+07 
6.622560e+10 -4.991734e+07 1.224000e+07 
6.937920e+10 -5.154782e+07 1.269445e+07 
7.253280e+10 -5.312962e+07 1.313952e+07 
7.568640e+10 -5.466586e+07 1.357591e+07 
7.884000e+10 -5.615943e+07 1.400426e+07 
8.199360e+10 -5.761309e+07 1.442518e+07 
8.514720e+10 -5.902944e+07 1.483922e+07 
8.830080e+10 -6.041088e+07 1.524690e+07 
9.145440e+10 -6.175967e+07 1.564871e+07 
9.460800e+10 -6.307791e+07 1.604506e+07 
9.776160e+10 -6.436754e+07 1.643638e+07 
1.009152e+11 -6.563038e+07 1.682300e+07 
1.040688e+11 -6.686810e+07 1.720528e+07 
1.072224e+11 -6.808229e+07 1.758350e+07 
1.103760e+11 -6.927437e+07 1.795793e+07 
1.135296e+11 -7.044567e+07 1.832881e+07 
1.166832e+11 -7.159738e+07 1.869636e+07 
1.198368e+11 -7.273064e+07 1.906079e+07 
1.229904e+11 -7.384647e+07 1.942225e+07 
1.261440e+11 -7.494583e+07 1.978090e+07 
1.292976e+11 -7.602961e+07 2.013688e+07 
1.324512e+11 -7.709862e+07 2.049031e+07 
1.356048e+11 -7.815359e+07 2.086241e+07 
1.387584e+11 -7.919517e+07 2.132578e+07 
1.419120e+11 -8.022396e+07 2.177967e+07 
1.450656e+11 -8.124050e+07 2.222453e+07 
1.482192e+11 -8.224529e+07 2.266083e+07 
1.513728e+11 -8.323879e+07 2.308898e+07 
1.545264e+11 -8.422141e+07 2.350937e+07 
1.576800e+11 -8.519353e+07 2.392238e+07 
1.608336e+11 -8.615548e+07 2.432835e+07 
1.639872e+11 -8.710758e+07 2.472761e+07 
1.671408e+11 -8.805008e+07 2.512046e+07 
1.702944e+11 -8.898325e+07 2.550719e+07 
1.734480e+11 -8.990733e+07 2.588805e+07 
1.766016e+11 -9.082253e+07 2.626329e+07 
1.797552e+11 -9.172904e+07 2.663313e+07 
1.829088e+11 -9.262704e+07 2.699778e+07 
1.860624e+11 -9.351668e+07 2.735743e+07 
1.892160e+11 -9.439810e+07 2.771228e+07 
1.923696e+11 -9.527143e+07 2.806248e+07 
1.955232e+11 -9.613680e+07 2.840818e+07 
1.986768e+11 -9.699433e+07 2.874953e+07 
2.018304e+11 -9.784408e+07 2.908668e+07 
2.049840e+11 -9.868615e+07 2.941973e+07 
2.081376e+11 -9.952063e+07 2.974880e+07 
2.112912e+11 -1.003476e+08 3.007398e+07 
2.144448e+11 -1.011672e+08 3.039537e+07 
2.175984e+11 -1.019794e+08 3.071306e+07 
2.207520e+11 -1.027843e+08 3.102712e+07 
2.239056e+11 -1.035820e+08 3.133760e+07 
2.270592e+11 -1.043726e+08 3.164460e+07 
2.302128e+11 -1.051561e+08 3.194816e+07 
2.333664e+11 -1.059327e+08 3.224834e+07 
2.365200e+11 -1.067023e+08 3.254521e+07 
2.396736e+11 -1.074651e+08 3.283880e+07 
2.428272e+11 -1.082210e+08 3.312918e+07 
2.459808e+11 -1.089703e+08 3.341639e+07 
2.491344e+11 -1.097128e+08 3.370048e+07 
2.522880e+11 -1.104487e+08 3.398151e+07 
2.554416e+11 -1.111780e+08 3.425949e+07 
2.585952e+11 -1.119009e+08 3.453446e+07 
2.617488e+11 -1.126172e+08 3.480647e+07 
2.649024e+11 -1.133272e+08 3.507553e+07 
2.680560e+11 -1.140309e+08 3.534170e+07 
2.712096e+11 -1.147282e+08 3.560500e+07 
2.743632e+11 -1.154194e+08 3.586547e+07 
2.775168e+11 -1.161044e+08 3.612315e+07 
2.806704e+11 -1.167832e+08 3.637804e+07 
2.838240e+11 -1.174560e+08 3.663018e+07 
2.869776e+11 -1.181228e+08 3.687960e+07 
2.901312e+11 -1.187836e+08 3.712631e+07 
2.932848e+11 -1.194386e+08 3.737035e+07 
2.964384e+11 -1.200878e+08 3.761174e+07 
2.995920e+11 -1.207312e+08 3.785051e+07 
3.027456e+11 -1.213690e+08 3.808666e+07 
3.058992e+11 -1.220012e+08 3.832025e+07 
3.090528e+11 -1.226278e+08 3.855130e+07 
3.122064e+11 -1.232488e+08 3.879483e+07 
3.153600e+11 -1.238644e+08 3.914262e+07 
3.185136e+11 -1.244746e+08 3.949015e+07 
3.216672e+11 -1.250794e+08 3.983744e+07 
3.248208e+11 -1.256789e+08 4.018450e+07 
3.279744e+11 -1.262733e+08 4.053134e+07 
3.311280e+11 -1.268624e+08 4.087797e+07 
3.342816e+11 -1.274465e+08 4.122440e+07 
3.374352e+11 -1.280256e+08 4.157064e+07 
3.405888e+11 -1.285997e+08 4.191668e+07 
3.437424e+11 -1.291690e+08 4.226254e+07 
3.468960e+11 -1.297334e+08 4.260822e+07 
3.500496e+11 -1.302931e+08 4.295372e+07 
3.532032e+11 -1.308481e+08 4.329906e+07 
3.563568e+11 -1.313984e+08 4.364422e+07 
3.595104e+11 -1.319442e+08 4.398922e+07 
3.626640e+11 -1.324854e+08 4.433407e+07 
3.658176e+11 -1.330222e+08 4.467876e+07 
3.689712e+11 -1.335544e+08 4.502329e+07 
3.721248e+11 -1.340823e+08 4.536768e+07 
3.752784e+11 -1.346059e+08 4.571193e+07 
3.784320e+11 -1.351252e+08 4.605603e+07 
3.815856e+11 -1.356403e+08 4.639998e+07 
3.847392e+11 -1.361512e+08 4.674380e+07 
3.878928e+11 -1.366579e+08 4.708747e+07 
3.910464e+11 -1.371606e+08 4.743102e+07 
3.942000e+11 -1.376592e+08 4.777444e+07 
3.973536e+11 -1.381539e+08 4.811773e+07 
4.005072e+11 -1.386446e+08 4.846091e+07 
4.036608e+11 -1.391314e+08 4.880396e+07 
4.068144e+11 -1.396144e+08 4.914689e+07 
4.099680e+11 -1.400936e+08 4.948971e+07 
4.131216e+11 -1.405691e+08 4.983242e+07 
4.162752e+11 -1.410408e+08 5.017501e+07 
4.194288e+11 -1.415089e+08 5.051750e+07 
4.225824e+11 -1.419733e+08 5.085988e+07 
4.257360e+11 -1.424342e+08 5.120216e+07 
4.288896e+11 -1.428915e+08 5.154435e+07 
4.320432e+11 -1.433454e+08 5.188644e+07 
4.351968e+11 -1.437958e+08 5.222844e+07 
4.383504e+11 -1.442428e+08 5.257034e+07 
4.415040e+11 -1.446864e+08 5.291216e+07 
4.446576e+11 -1.451267e+08 5.325389e+07 
4.478112e+11 -1.455637e+08 5.359554e+07 
4.509648e+11 -1.459975e+08 5.393711e+07 
4.541184e+11 -1.464280e+08 5.427858e+07 
4.572720e+11 -1.469073e+08 5.461997e+07 
4.604256e+11 -1.474423e+08 5.496127e+07 
4.635792e+11 -1.479746e+08 5.530249e+07 
4.667328e+11 -1.485042e+08 5.564363e+07 
4.698864e+11 -1.490313e+08 5.598470e+07 
4.730400e+11 -1.495557e+08 5.632570e+07 
4.761936e+11 -1.500775e+08 5.666662e+07 
4.793472e+11 -1.505967e+08 5.700747e+07 
4.825008e+11 -1.511134e+08 5.734826e+07 
4.856544e+11 -1.516276e+08 5.768899e+07 
4.888080e+11 -1.521393e+08 5.802965e+07 
4.919616e+11 -1.526485e+08 5.837026e+07 
4.951152e+11 -1.531553e+08 5.871081e+07 
4.982688e+11 -1.536596e+08 5.905130e+07 
5.014224e+11 -1.541616e+08 5.939174e+07 
5.045760e+11 -1.546612e+08 5.973212e+07 
5.077296e+11 -1.551585e+08 6.007245e+07 
5.108832e+11 -1.556535e+08 6.041273e+07 
5.140368e+11 -1.561461e+08 6.075296e+07 
5.171904e+11 -1.566365e+08 6.109315e+07 
5.203440e+11 -1.571246e+08 6.143331e+07 
5.234976e+11 -1.576105e+08 6.177342e+07 
5.266512e+11 -1.580941e+08 6.211349e+07 
5.298048e+11 -1.585756e+08 6.245353e+07 
5.329584e+11 -1.590549e+08 6.279353e+07 
5.361120e+11 -1.595320e+08 6.313349e+07 
5.392656e+11 -1.600071e+08 6.347342e+07 
5.424192e+11 -1.604800e+08 6.381332e+07 
5.455728e+11 -1.609509e+08 6.415319e+07 
5.487264e+11 -1.614198e+08 6.449303e+07 
5.518800e+11 -1.618866e+08 6.483284e+07 
5.550336e+11 -1.623515e+08 6.517262e+07 
5.581872e+11 -1.628143e+08 6.551238e+07 
5.613408e+11 -1.632752e+08 6.585211e+07 
5.644944e+11 -1.637342e+08 6.619182e+07 
5.676480e+11 -1.641912e+08 6.653150e+07 
5.708016e+11 -1.646463e+08 6.687116e+07 
5.739552e+11 -1.650995e+08 6.721079e+07 
5.771088e+11 -1.655508e+08 6.755039e+07 
5.802624e+11 -1.660003e+08 6.788997e+07 
5.834160e+11 -1.664479e+08 6.822951e+07 
5.865696e+11 -1.668937e+08 6.856903e+07 
5.897232e+11 -1.673378e+08 6.890853e+07 
