3.153600e+09 -4.808081e+06 4.903091e+06 
6.307200e+09 -9.179315e+06 8.963193e+06 
9.460800e+09 -1.309947e+07 1.253197e+07 
1.261440e+10 -1.673905e+07 1.568776e+07 
1.576800e+10 -1.996145e+07 1.859842e+07 
1.892160e+10 -2.280113e+07 2.136034e+07 
2.207520e+10 -2.537433e+07 2.389329e+07 
2.522880e+10 -2.771814e+07 2.621589e+07 
2.838240e+10 -2.985069e+07 2.835014e+07 
3.153600e+10 -3.179957e+07 3.031749e+07 
3.468960e+10 -3.359684e+07 3.213683e+07 
3.784320e+10 -3.526793e+07 3.382655e+07 
4.099680e+10 -3.683228e+07 3.540316e+07 
4.415040e+10 -3.830299e+07 3.688136e+07 
4.730400e+10 -3.969101e+07 3.827374e+07 
5.045760e+10 -4.100671e+07 3.959100e+07 
5.361120e+10 -4.225853e+07 4.084258e+07 
5.676480e+10 -4.345441e+07 4.203659e+07 
5.991840e+10 -4.460105e+07 4.317997e+07 
6.307200e+10 -4.570398e+07 4.427890e+07 
6.622560e+10 -4.676814e+07 4.536444e+07 
6.937920e+10 -4.779844e+07 4.643544e+07 
7.253280e+10 -4.879881e+07 4.747309e+07 
7.568640e+10 -4.977255e+07 4.850754e+07 
7.884000e+10 -5.072273e+07 4.965071e+07 
8.199360e+10 -5.165200e+07 5.076627e+07 
8.514720e+10 -5.261758e+07 5.185692e+07 
8.830080e+10 -5.363432e+07 5.292513e+07 
9.145440e+10 -5.463414e+07 5.397302e+07 
9.460800e+10 -5.561835e+07 5.500246e+07 
9.776160e+10 -5.658819e+07 5.601510e+07 
1.009152e+11 -5.754474e+07 5.701241e+07 
1.040688e+11 -5.848904e+07 5.799566e+07 
1.072224e+11 -5.942192e+07 5.896592e+07 
1.103760e+11 -6.034420e+07 5.992419e+07 
1.135296e+11 -6.125647e+07 6.087130e+07 
1.166832e+11 -6.215926e+07 6.180799e+07 
1.198368e+11 -6.305298e+07 6.273491e+07 
1.229904e+11 -6.397976e+07 6.365258e+07 
1.261440e+11 -6.499343e+07 6.456152e+07 
1.292976e+11 -6.599894e+07 6.546218e+07 
1.324512e+11 -6.699661e+07 6.635496e+07 
1.356048e+11 -6.798677e+07 6.724025e+07 
1.387584e+11 -6.896976e+07 6.811842e+07 
1.419120e+11 -6.994586e+07 6.898972e+07 
1.450656e+11 -7.091530e+07 6.985437e+07 
1.482192e+11 -7.187825e+07 7.071254e+07 
1.513728e+11 -7.283481e+07 7.156442e+07 
1.545264e+11 -7.378519e+07 7.241020e+07 
1.576800e+11 -7.472955e+07 7.325006e+07 
1.608336e+11 -7.566810e+07 7.408416e+07 
1.639872e+11 -7.660092e+07 7.491261e+07 
1.671408e+11 -7.752815e+07 7.573553e+07 
1.702944e+11 -7.844991e+07 7.655305e+07 
1.734480e+11 -7.936628e+07 7.736522e+07 
1.766016e+11 -8.027735e+07 7.817209e+07 
1.797552e+11 -8.118319e+07 7.897370e+07 
1.829088e+11 -8.208384e+07 7.977011e+07 
1.860624e+11 -8.297934e+07 8.056137e+07 
1.892160e+11 -8.386971e+07 8.134757e+07 
1.923696e+11 -8.475504e+07 8.212878e+07 
1.955232e+11 -8.563535e+07 8.290511e+07 
1.986768e+11 -8.651068e+07 8.367666e+07 
2.018304e+11 -8.738105e+07 8.444350e+07 
2.049840e+11 -8.824656e+07 8.520569e+07 
2.081376e+11 -8.910729e+07 8.596324e+07 
2.112912e+11 -8.996329e+07 8.671615e+07 
2.144448e+11 -9.081461e+07 8.746447e+07 
2.175984e+11 -9.166130e+07 8.820823e+07 
2.207520e+11 -9.250338e+07 8.894747e+07 
2.239056e+11 -9.334086e+07 8.968220e+07 
2.270592e+11 -9.417377e+07 9.041242e+07 
2.302128e+11 -9.500215e+07 9.113814e+07 
2.333664e+11 -9.582605e+07 9.185943e+07 
2.365200e+11 -9.664551e+07 9.257632e+07 
2.396736e+11 -9.746056e+07 9.328884e+07 
2.428272e+11 -9.827119e+07 9.399705e+07 
2.459808e+11 -9.907742e+07 9.470097e+07 
2.491344e+11 -9.987927e+07 9.540062e+07 
2.522880e+11 -1.006768e+08 9.609603e+07 
2.554416e+11 -1.014701e+08 9.678723e+07 
2.585952e+11 -1.022591e+08 9.747424e+07 
2.617488e+11 -1.030441e+08 9.815709e+07 
2.649024e+11 -1.038251e+08 9.883583e+07 
2.680560e+11 -1.046021e+08 9.951049e+07 
2.712096e+11 -1.053752e+08 1.001811e+08 
2.743632e+11 -1.061444e+08 1.008478e+08 
2.775168e+11 -1.069098e+08 1.015107e+08 
2.806704e+11 -1.076714e+08 1.021698e+08 
2.838240e+11 -1.084292e+08 1.028252e+08 
2.869776e+11 -1.091832e+08 1.034769e+08 
2.901312e+11 -1.099335e+08 1.041250e+08 
2.932848e+11 -1.106802e+08 1.047696e+08 
2.964384e+11 -1.114232e+08 1.054107e+08 
2.995920e+11 -1.121627e+08 1.060485e+08 
3.027456e+11 -1.128987e+08 1.066831e+08 
3.058992e+11 -1.136313e+08 1.073144e+08 
3.090528e+11 -1.143604e+08 1.079426e+08 
3.122064e+11 -1.150862e+08 1.085676e+08 
3.153600e+11 -1.158086e+08 1.091895e+08 
3.185136e+11 -1.165277e+08 1.098084e+08 
3.216672e+11 -1.172435e+08 1.104242e+08 
3.248208e+11 -1.179562e+08 1.110372e+08 
3.279744e+11 -1.186658e+08 1.116472e+08 
3.311280e+11 -1.193723e+08 1.122545e+08 
3.342816e+11 -1.200757e+08 1.128589e+08 
3.374352e+11 -1.207762e+08 1.134607e+08 
3.405888e+11 -1.214738e+08 1.140598e+08 
3.437424e+11 -1.221685e+08 1.146564e+08 
3.468960e+11 -1.228603e+08 1.152504e+08 
3.500496e+11 -1.235494e+08 1.158420e+08 
3.532032e+11 -1.242358e+08 1.164311e+08 
3.563568e+11 -1.249195e+08 1.170178e+08 
3.595104e+11 -1.256006e+08 1.176022e+08 
3.626640e+11 -1.262791e+08 1.181843e+08 
3.658176e+11 -1.269553e+08 1.187641e+08 
3.689712e+11 -1.276291e+08 1.193418e+08 
3.721248e+11 -1.283006e+08 1.199174e+08 
3.752784e+11 -1.289700e+08 1.204909e+08 
3.784320e+11 -1.296371e+08 1.210625e+08 
3.815856e+11 -1.303022e+08 1.216320e+08 
3.847392e+11 -1.309653e+08 1.221995e+08 
3.878928e+11 -1.316263e+08 1.227652e+08 
3.910464e+11 -1.322855e+08 1.233292e+08 
3.942000e+11 -1.329428e+08 1.238914e+08 
3.973536e+11 -1.335984e+08 1.244521e+08 
4.005072e+11 -1.342524e+08 1.250112e+08 
4.036608e+11 -1.349048e+08 1.255687e+08 
4.068144e+11 -1.355557e+08 1.261247e+08 
4.099680e+11 -1.362051e+08 1.266793e+08 
4.131216e+11 -1.368531e+08 1.272326e+08 
4.162752e+11 -1.374998e+08 1.277847e+08 
4.194288e+11 -1.381452e+08 1.283356e+08 
4.225824e+11 -1.387894e+08 1.288853e+08 
4.257360e+11 -1.394325e+08 1.294338e+08 
4.288896e+11 -1.400746e+08 1.299811e+08 
4.320432e+11 -1.407157e+08 1.305272e+08 
4.351968e+11 -1.413559e+08 1.310725e+08 
4.383504e+11 -1.419953e+08 1.316170e+08 
4.415040e+11 -1.426340e+08 1.321608e+08 
4.446576e+11 -1.432720e+08 1.327038e+08 
4.478112e+11 -1.439094e+08 1.332460e+08 
4.509648e+11 -1.445462e+08 1.337871e+08 
4.541184e+11 -1.451826e+08 1.343271e+08 
4.572720e+11 -1.458183e+08 1.348662e+08 
4.604256e+11 -1.464534e+08 1.354041e+08 
4.635792e+11 -1.470879e+08 1.359409e+08 
4.667328e+11 -1.477215e+08 1.364766e+08 
4.698864e+11 -1.483543e+08 1.370112e+08 
4.730400e+11 -1.489859e+08 1.375450e+08 
4.761936e+11 -1.496163e+08 1.380780e+08 
4.793472e+11 -1.502454e+08 1.386103e+08 
4.825008e+11 -1.508729e+08 1.391419e+08 
4.856544e+11 -1.514987e+08 1.396727e+08 
4.888080e+11 -1.521226e+08 1.402024e+08 
4.919616e+11 -1.527441e+08 1.407312e+08 
4.951152e+11 -1.533629e+08 1.412589e+08 
4.982688e+11 -1.539790e+08 1.417850e+08 
5.014224e+11 -1.545923e+08 1.423096e+08 
5.045760e+11 -1.552030e+08 1.428324e+08 
5.077296e+11 -1.558116e+08 1.433537e+08 
5.108832e+11 -1.564180e+08 1.438732e+08 
5.140368e+11 -1.570220e+08 1.443909e+08 
5.171904e+11 -1.576235e+08 1.449070e+08 
5.203440e+11 -1.582226e+08 1.454216e+08 
5.234976e+11 -1.588196e+08 1.459349e+08 
5.266512e+11 -1.594146e+08 1.464467e+08 
5.298048e+11 -1.600078e+08 1.469572e+08 
5.329584e+11 -1.605993e+08 1.474662e+08 
5.361120e+11 -1.611892e+08 1.479737e+08 
5.392656e+11 -1.617774e+08 1.484797e+08 
5.424192e+11 -1.623639e+08 1.489842e+08 
5.455728e+11 -1.629489e+08 1.494870e+08 
5.487264e+11 -1.635324e+08 1.499884e+08 
5.518800e+11 -1.641144e+08 1.504884e+08 
5.550336e+11 -1.646949e+08 1.509869e+08 
5.581872e+11 -1.652738e+08 1.514842e+08 
5.613408e+11 -1.658513e+08 1.519800e+08 
5.644944e+11 -1.664273e+08 1.524744e+08 
5.676480e+11 -1.670017e+08 1.529673e+08 
5.708016e+11 -1.675748e+08 1.534587e+08 
5.739552e+11 -1.681463e+08 1.539484e+08 
5.771088e+11 -1.687163e+08 1.544365e+08 
5.802624e+11 -1.692849e+08 1.549230e+08 
5.834160e+11 -1.698520e+08 1.554082e+08 
5.865696e+11 -1.704177e+08 1.558921e+08 
5.897232e+11 -1.709821e+08 1.563747e+08 
5.928768e+11 -1.715450e+08 1.568562e+08 
5.960304e+11 -1.721066e+08 1.573365e+08 
5.991840e+11 -1.726670e+08 1.578156e+08 
6.023376e+11 -1.732262e+08 1.582934e+08 
6.054912e+11 -1.737842e+08 1.587701e+08 
6.086448e+11 -1.743410e+08 1.592456e+08 
6.117984e+11 -1.748966e+08 1.597198e+08 
6.149520e+11 -1.754511e+08 1.601930e+08 
6.181056e+11 -1.760044e+08 1.606649e+08 
6.212592e+11 -1.765566e+08 1.611358e+08 
6.244128e+11 -1.771076e+08 1.616055e+08 
6.275664e+11 -1.776574e+08 1.620740e+08 
6.307200e+11 -1.782062e+08 1.625415e+08 
6.338736e+11 -1.787538e+08 1.630079e+08 
6.370272e+11 -1.793004e+08 1.634732e+08 
6.401808e+11 -1.798459e+08 1.639377e+08 
6.433344e+11 -1.803904e+08 1.644012e+08 
6.464880e+11 -1.809338e+08 1.648639e+08 
6.496416e+11 -1.814763e+08 1.653258e+08 
6.527952e+11 -1.820179e+08 1.657870e+08 
6.559488e+11 -1.825585e+08 1.662476e+08 
6.591024e+11 -1.830983e+08 1.667074e+08 
6.622560e+11 -1.836372e+08 1.671666e+08 
6.654096e+11 -1.841753e+08 1.676251e+08 
6.685632e+11 -1.847125e+08 1.680828e+08 
6.717168e+11 -1.852489e+08 1.685398e+08 
6.748704e+11 -1.857845e+08 1.689961e+08 
6.780240e+11 -1.863191e+08 1.694516e+08 
6.811776e+11 -1.868530e+08 1.699062e+08 
6.843312e+11 -1.873860e+08 1.703601e+08 
6.874848e+11 -1.879182e+08 1.708131e+08 
6.906384e+11 -1.884497e+08 1.712655e+08 
6.937920e+11 -1.889804e+08 1.717170e+08 
6.969456e+11 -1.895103e+08 1.721679e+08 
7.000992e+11 -1.900394e+08 1.726181e+08 
7.032528e+11 -1.905677e+08 1.730676e+08 
7.064064e+11 -1.910950e+08 1.735163e+08 
7.095600e+11 -1.916215e+08 1.739644e+08 
7.127136e+11 -1.921471e+08 1.744117e+08 
7.158672e+11 -1.926719e+08 1.748583e+08 
7.190208e+11 -1.931959e+08 1.753041e+08 
7.221744e+11 -1.937192e+08 1.757492e+08 
7.253280e+11 -1.942417e+08 1.761935e+08 
7.284816e+11 -1.947636e+08 1.766371e+08 
7.316352e+11 -1.952847e+08 1.770800e+08 
7.347888e+11 -1.958051e+08 1.775222e+08 
7.379424e+11 -1.963248e+08 1.779636e+08 
7.410960e+11 -1.968437e+08 1.784044e+08 
7.442496e+11 -1.973618e+08 1.788445e+08 
