# # x,y,sigmaxx,sigmaxy
3.906250000000000000e-03 -1.928905492585524684e+00 7.108809238792324070e-02 -2.532783801292811006e-03 5.104218872626096726e+01
1.171875000000000000e-02 -1.934561974349906510e+00 6.540255728561394921e-02 -5.955504615447142387e-03 4.109964047785934582e+01
1.953125000000000000e-02 -1.942786139994180594e+00 5.717412615875483439e-02 -6.303447079679947752e-03 2.862548594339846986e+01
2.734375000000000000e-02 -1.949955090572967897e+00 5.001301538667723978e-02 -5.647458093827537919e-03 1.861066813945689091e+01
3.515625000000000000e-02 -1.956628405026289652e+00 4.335061141569374055e-02 -4.580769220805502515e-03 1.184800732942276902e+01
4.296875000000000000e-02 -1.961384381887420369e+00 3.859909012806383988e-02 -4.065453934804677365e-03 7.546359149525383003e+00
5.078125000000000000e-02 -1.966591308228644586e+00 3.339736814447702429e-02 -3.365054918116518277e-03 4.857901411065354225e+00
5.859375000000000000e-02 -1.970129055212865410e+00 2.986029150102986751e-02 -3.263932848100725270e-03 3.168563451849049528e+00
6.640625000000000000e-02 -1.975063598749523752e+00 2.492930143112193075e-02 -2.664546248570124395e-03 2.100426872520843258e+00
7.421875000000000000e-02 -1.977906569594310993e+00 2.208616143023167666e-02 -2.696101301623277362e-03 1.415053017072327890e+00
8.203125000000000000e-02 -1.982938279437265194e+00 1.705784534165577515e-02 -1.968557165917291744e-03 9.718690786356940503e-01
8.984375000000000000e-02 -1.984962740501392542e+00 1.503297151242832808e-02 -2.070744208616041773e-03 6.803202167223951768e-01
9.765625000000000000e-02 -1.990254724969790612e+00 9.743961891533481356e-03 -1.145922441771424303e-03 4.872538228626122625e-01
1.054687500000000000e-01 -1.991145054899448708e+00 8.853155684021785099e-03 -1.337690445428795297e-03 3.569285678911500170e-01
1.132812500000000000e-01 -1.996929663149107581e+00 3.070309695283102158e-03 -1.647895882052899331e-04 2.686593241124213827e-01
1.210937500000000000e-01 -1.996217684239718571e+00 3.782092977603346284e-03 -4.719985858358504284e-04 2.076953461338775231e-01
1.289062500000000000e-01 -2.002873032711335988e+00 -2.874035673997021867e-03 1.001480109089644124e-03 1.658123524762006029e-01
1.367187500000000000e-01 -1.999862068543658999e+00 1.376196092617298916e-04 5.584326770809943351e-04 1.366480050128651147e-01
1.445312500000000000e-01 -2.007994010154470210e+00 -7.999643236653586342e-03 2.373409836133362569e-03 1.169631908285404392e-01
1.523437500000000000e-01 -2.001639551713685350e+00 -1.642773601445268739e-03 1.794961048222364552e-03 1.039761884040669160e-01
1.601562500000000000e-01 -2.012202940067971291e+00 -1.221856327383230578e-02 3.952612406912886511e-03 9.662080805898873304e-02
1.679687500000000000e-01 -2.000940150774517257e+00 -9.510008927179347538e-04 3.293947292969143063e-03 9.393025822924465362e-02
1.757812500000000000e-01 -2.015404576355539490e+00 -1.543707136038718897e-02 5.700415850272441340e-03 9.610867537630411739e-02
1.835937500000000000e-01 -1.996950914118212905e+00 3.023026172850329374e-03 5.104854469946964839e-03 1.037370847358056319e-01
1.914062500000000000e-01 -2.017535772165429897e+00 -1.759080813667313059e-02 7.418572234829686959e-03 1.185986430314334983e-01
1.992187500000000000e-01 -1.988841715317448688e+00 1.110879378108464710e-02 7.034933484372353149e-03 1.442356868230809108e-01
2.070312500000000000e-01 -2.018758353417908324e+00 -1.882785548749199567e-02 8.336717696356446897e-03 1.865222449678093364e-01
2.148437500000000000e-01 -1.976347485219431821e+00 2.358613989954583268e-02 8.147010471053792863e-03 2.582606258728732396e-01
2.226562500000000000e-01 -2.019246561169458776e+00 -1.929572244903376976e-02 7.011467418851994281e-03 3.800149028104636839e-01
2.304687500000000000e-01 -1.959843347198179764e+00 4.010185275136823879e-02 7.402654908023762782e-03 6.003395253044213620e-01
2.382812500000000000e-01 -2.018020463497677053e+00 -1.803256021024002287e-02 3.478027597642501748e-03 1.002094836417457335e+00
2.460937500000000000e-01 -1.939571540460878207e+00 6.038554400350260032e-02 6.550959865161315281e-03 1.788239911943084071e+00
2.539062500000000000e-01 -2.014541185896576714e+00 -1.454494285468510562e-02 1.938286476505273826e-03 3.341304275573539595e+00
2.617187500000000000e-01 -1.915099670273317845e+00 8.478748478466036076e-02 1.062270013520882558e-02 6.595349284876105500e+00
2.695312500000000000e-01 -2.013179635596167305e+00 -1.324040007934679242e-02 7.795098345557577649e-03 1.354079688160495465e+01
2.773437500000000000e-01 -1.881044565884304021e+00 1.184365138759599922e-01 2.277834308362973112e-02 2.903257351576251466e+01
2.851562500000000000e-01 -2.024747486328472235e+00 -2.519545833059366746e-02 2.116416287177912831e-02 6.347627072205771270e+01
2.929687500000000000e-01 -1.825404860749063385e+00 1.730695825834733803e-01 3.905092439531718945e-02 1.434995546782436406e+02
3.007812500000000000e-01 -2.069650977331968456e+00 -7.061659589604252218e-02 3.107063549953796924e-02 3.055265727617062339e+02
3.085937500000000000e-01 -1.728656039266465827e+00 2.694436462518235986e-01 4.358221300783957780e-02 6.704177121972478517e+02
3.164062500000000000e-01 -2.115841737188939753e+00 -1.220167466284587388e-01 7.852047700642793282e-02 9.561876724978573066e+02
3.242187500000000000e-01 -1.472820919197204148e+00 3.648903812916159950e-01 1.295841995130331270e-02 1.000000000000000000e+03
3.320312500000000000e-01 -2.236456930496899531e+00 -2.867695520478719118e-01 1.075767109171010816e-03 1.000000000000000000e+03
3.398437500000000000e-01 -1.555338978294549923e+00 4.181482746304236997e-01 -1.622868239377623645e-01 8.637931446028326263e+02
3.476562500000000000e-01 -2.193516884700656533e+00 -2.032628666310891674e-01 -9.860139173398523027e-02 3.163993670417843873e+02
3.554687500000000000e-01 -1.779451409726476641e+00 2.204567561282911869e-01 -9.582873072576037626e-03 3.091084083994156231e+02
3.632812500000000000e-01 -1.858559101800821844e+00 1.315150500651789400e-01 9.950484051641593497e-02 7.534564271187733766e+02
3.710937500000000000e-01 -1.292696328631407932e+00 5.681041490883907974e-01 3.665452162141007442e-01 3.364275947346187512e-01
3.789062500000000000e-01 -1.331068364403740212e+00 -9.838318259103284724e-02 7.874781334328231353e-01 2.235253072670968094e-02
3.867187500000000000e-01 -7.502588730519867966e-01 -1.752622090105588892e+00 -8.653421261411513576e-01 1.155890324017766826e-02
3.945312500000000000e-01 -4.792297899656087878e+00 -6.593392867258323520e+00 4.347576674648480632e-01 1.077127812560389579e-02
4.023437500000000000e-01 -2.092253140917244902e+00 -3.892635062719218109e+00 4.354953890825459806e-01 4.591280054464914884e-02
4.101562500000000000e-01 -4.923283983829670696e+00 -6.864049542197043330e+00 2.415724774549652676e-01 2.101340550107905769e-01
4.179687500000000000e-01 -2.283824076588047980e+00 -4.112619222959921217e+00 4.048173392425283845e-01 1.622986881725339892e+00
4.257812500000000000e-01 -4.604153581789129035e+00 -6.570249636129153359e+00 1.833482376707416261e-01 8.040150281731984094e+00
4.335937500000000000e-01 -2.508496673969541124e+00 -4.330822771741988042e+00 4.120459895632789249e-01 8.420639759750675069e+01
4.414062500000000000e-01 -4.883633186692837747e+00 -6.618753941814368602e+00 4.973318116848385873e-01 4.272495205366900564e+02
4.492187500000000000e-01 -3.909597224242916447e+00 -4.505030546628105981e+00 8.329071975055057919e-01 1.000000000000000000e+03
4.570312500000000000e-01 -5.920597487017912997e+00 -6.264477350826860302e+00 5.697822578838440677e-01 1.000000000000000000e+03
4.648437500000000000e-01 -4.085270061899275440e+00 -4.388738086074740252e+00 4.898716810615155737e-01 1.000000000000000000e+03
4.726562500000000000e-01 -5.303035069790291267e+00 -5.563294174673856674e+00 2.674666886619547768e-01 1.000000000000000000e+03
4.804687500000000000e-01 -4.254716363448416416e+00 -4.457146306240907130e+00 2.304717838015335474e-01 1.000000000000000000e+03
4.882812500000000000e-01 -4.870784295528825858e+00 -5.023603894860790398e+00 6.607467794594867883e-02 1.000000000000000000e+03
4.960937500000000000e-01 -4.496663927691813001e+00 -4.642237510399040978e+00 7.854463341772088825e-02 1.000000000000000000e+03
5.039062500000000000e-01 -4.496663693228565961e+00 -4.642237231194541458e+00 -7.854733544832015468e-02 1.000000000000000000e+03
5.117187500000000000e-01 -4.870783015202118982e+00 -5.023602222155020058e+00 -6.607733536156956689e-02 1.000000000000000000e+03
5.195312500000000000e-01 -4.254716215948124436e+00 -4.457146093463551395e+00 -2.304740934846449818e-01 1.000000000000000000e+03
5.273437500000000000e-01 -5.303032951980165777e+00 -5.563292612932912107e+00 -2.674692811410750437e-01 1.000000000000000000e+03
5.351562500000000000e-01 -4.085270477320643856e+00 -4.388740042625081550e+00 -4.898745467301068857e-01 1.000000000000000000e+03
5.429687500000000000e-01 -5.920594103516352291e+00 -6.264475014043552115e+00 -5.697863919493784124e-01 1.000000000000000000e+03
5.507812500000000000e-01 -3.909593008611714104e+00 -4.505032373009108859e+00 -8.329111098817065795e-01 1.000000000000000000e+03
5.585937500000000000e-01 -4.883623965089451069e+00 -6.618745913801216574e+00 -4.973307706177672038e-01 4.272448907426944515e+02
5.664062500000000000e-01 -2.508492658080271553e+00 -4.330819373154146668e+00 -4.120453070389921701e-01 8.420538539891418850e+01
5.742187500000000000e-01 -4.604141343490228522e+00 -6.570237190182480091e+00 -1.833487943366151063e-01 8.040076800947472790e+00
5.820312500000000000e-01 -2.283819196189332601e+00 -4.112616353985436568e+00 -4.048150675419009414e-01 1.622963070297647858e+00
5.898437500000000000e-01 -4.923267261955365903e+00 -6.864032415588006586e+00 -2.415732903516111529e-01 2.101314630224501434e-01
5.976562500000000000e-01 -2.092240761647280234e+00 -3.892620903217665074e+00 -4.354972289920453488e-01 4.591244146378527236e-02
6.054687500000000000e-01 -4.792311751480857751e+00 -6.593404452863500964e+00 -4.347600145557814488e-01 1.077125996389088382e-02
6.132812500000000000e-01 -7.502606293345391864e-01 -1.752622962831167808e+00 8.653423820065665462e-01 1.155892793357976740e-02
6.210937500000000000e-01 -1.331072066540866405e+00 -9.838594639280917598e-02 -7.874777662249151655e-01 2.235248034343192969e-02
6.289062500000000000e-01 -1.292697194047249809e+00 5.681067198068319168e-01 -3.665408552212596205e-01 3.364279235679946689e-01
6.367187500000000000e-01 -1.858564408828454528e+00 1.315108402315032787e-01 -9.949935445778926302e-02 7.534267284247114276e+02
6.445312500000000000e-01 -1.779442889535856942e+00 2.204651479581752893e-01 9.589567831220412175e-03 3.091046836493339356e+02
6.523437500000000000e-01 -2.193525042956508297e+00 -2.032706955083206646e-01 9.859972960558065214e-02 3.163969291024669701e+02
6.601562500000000000e-01 -1.555333075972185508e+00 4.181545949574887455e-01 1.622855531473837987e-01 8.637908694438779094e+02
6.679687500000000000e-01 -2.236452705645319838e+00 -2.867755534339266887e-01 -1.077349601530386281e-03 1.000000000000000000e+03
6.757812500000000000e-01 -1.472815229995205755e+00 3.648889557723578037e-01 -1.295988832694661141e-02 1.000000000000000000e+03
6.835937500000000000e-01 -2.115840839888242009e+00 -1.220161521427312046e-01 -7.852239928379703415e-02 9.561898890998112392e+02
6.914062500000000000e-01 -1.728655215931071965e+00 2.694443862176464366e-01 -4.358316855187208128e-02 6.704176957579350074e+02
6.992187500000000000e-01 -2.069650319797198712e+00 -7.061597395513707909e-02 -3.107120800742131650e-02 3.055244249505070115e+02
7.070312500000000000e-01 -1.825404468798195845e+00 1.730699725433568759e-01 -3.905094986806271345e-02 1.434977237522949736e+02
7.148437500000000000e-01 -2.024746034465729760e+00 -2.519399675806321959e-02 -2.116393352974794972e-02 6.347533622756758120e+01
7.226562500000000000e-01 -1.881044146694754948e+00 1.184369474194256755e-01 -2.277802808504255511e-02 2.903212386062289241e+01
7.304687500000000000e-01 -2.013178287562830349e+00 -1.323904800942155013e-02 -7.794839430726435876e-03 1.354061325598790333e+01
7.382812500000000000e-01 -1.915099424264014694e+00 8.478773616947676839e-02 -1.062244712636952089e-02 6.595273469848042858e+00
7.460937500000000000e-01 -2.014540404276339736e+00 -1.454416127452540231e-02 -1.938296814668623736e-03 3.341275416997915748e+00
7.539062500000000000e-01 -1.939571326350808755e+00 6.038575622119091157e-02 -6.551104295906816713e-03 1.788229055540318191e+00
7.617187500000000000e-01 -2.018020285654534618e+00 -1.803238278111551907e-02 -3.478087115865099999e-03 1.002090596138124345e+00
7.695312500000000000e-01 -1.959842992147046825e+00 4.010220824334176370e-02 -7.402625132913806180e-03 6.003378185647105791e-01
7.773437500000000000e-01 -2.019246632072616343e+00 -1.929579365428313320e-02 -7.011488960968878872e-03 3.800141896935927410e-01
7.851562500000000000e-01 -1.976347235558803206e+00 2.358638761891374003e-02 -8.147129605673621849e-03 2.582602752226550447e-01
7.929687500000000000e-01 -2.018757997367452539e+00 -1.882750099515340114e-02 -8.336811141690247604e-03 1.865220223052151682e-01
8.007812500000000000e-01 -1.988841821967533896e+00 1.110868726837554998e-02 -7.034923720722409922e-03 1.442355384562515330e-01
8.085937500000000000e-01 -2.017535736691938641e+00 -1.759077255587504496e-02 -7.418565002718113290e-03 1.185985693280986741e-01
8.164062500000000000e-01 -1.996950985420991476e+00 3.022955367086521683e-03 -5.104805789792412479e-03 1.037370533344368628e-01
8.242187500000000000e-01 -2.015404505137219360e+00 -1.543700047015639232e-02 -5.700444627427313921e-03 9.610866218840968811e-02
8.320312500000000000e-01 -2.000940328532412327e+00 -9.511784061951855662e-04 -3.293910191940551714e-03 9.393026275162082162e-02
8.398437500000000000e-01 -2.012203135592871561e+00 -1.221875854744547407e-02 -3.952580619609222246e-03 9.662083178284812390e-02
8.476562500000000000e-01 -2.001639605102642161e+00 -1.642826793908480632e-03 -1.794906312678857174e-03 1.039762304042194246e-01
8.554687500000000000e-01 -2.007994063658213868e+00 -7.999696314333282210e-03 -2.373320076975300209e-03 1.169632485591691473e-01
8.632812500000000000e-01 -1.999862068556964578e+00 1.376196225518766525e-04 -5.584088635897287373e-04 1.366480827989776659e-01
8.710937500000000000e-01 -2.002872983866128109e+00 -2.873986819598162157e-03 -1.001475520653856335e-03 1.658124560435405292e-01
8.789062500000000000e-01 -1.996217697556212256e+00 3.782079648716685227e-03 4.720117142364671611e-04 2.076954826475163329e-01
8.867187500000000000e-01 -1.996929632063246585e+00 3.070340781874847380e-03 1.647873709727909041e-04 2.686595161388448116e-01
8.945312500000000000e-01 -1.991145039351542190e+00 8.853171222307665289e-03 1.337694041337881851e-03 3.569288376074963298e-01
9.023437500000000000e-01 -1.990254693881484460e+00 9.743992975644433230e-03 1.145924272260343164e-03 4.872542034135967093e-01
9.101562500000000000e-01 -1.984962716067983690e+00 1.503299592872764379e-02 2.070748339886331613e-03 6.803207665861932263e-01
9.179687500000000000e-01 -1.982938251674024155e+00 1.705787308941209002e-02 1.968561098952415021e-03 9.718698881002774126e-01
9.257812500000000000e-01 -1.977906540164286575e+00 2.208619084180074577e-02 2.696104724184672247e-03 1.415054219662343238e+00
9.335937500000000000e-01 -1.975063561272754509e+00 2.492933889406645509e-02 2.664548842682156783e-03 2.100428699068496829e+00
9.414062500000000000e-01 -1.970129023840176741e+00 2.986032285541817544e-02 3.263935651537748159e-03 3.168566253511749142e+00
9.492187500000000000e-01 -1.966591271031493005e+00 3.339740533145973966e-02 3.365056429027028263e-03 4.857905781295445813e+00
9.570312500000000000e-01 -1.961384344967763482e+00 3.859912703696743996e-02 4.065455257257094904e-03 7.546366047229936314e+00
9.648437500000000000e-01 -1.956628366442806133e+00 4.335064999069082603e-02 4.580770147149082483e-03 1.184801836243070561e+01
9.726562500000000000e-01 -1.949955052058025329e+00 5.001305389024179870e-02 5.647459101175924048e-03 1.861068581626732410e+01
9.804687500000000000e-01 -1.942786099639473907e+00 5.717416649836815079e-02 6.303448276884317247e-03 2.862551377024923838e+01
9.882812500000000000e-01 -1.934561933666229416e+00 6.540259795317282521e-02 5.955505968647642825e-03 4.109968129586490448e+01
9.960937500000000000e-01 -1.928905450712684377e+00 7.108813425839932698e-02 2.532784267888132847e-03 5.104224018775160943e+01
