0 -1.000000e+00 1.000000e+00 
1 -4.367528e-08 3.372749e-08 
2 -1.911309e-08 1.928662e-08 
3 -1.854934e-09 2.615799e-09 
4 -1.263184e-09 1.135480e-09 
5 -1.217361e-09 1.302474e-09 
6 -1.087920e-09 1.201579e-09 
7 -9.440768e-10 9.293437e-10 
8 -2.823635e-09 2.961850e-09 
9 -3.274898e-09 3.021628e-09 
10 -3.414600e-09 3.120522e-09 
11 -4.232965e-09 3.344681e-09 
12 -3.967912e-09 5.681871e-09 
13 -3.435964e-09 4.402149e-09 
14 -9.211799e-09 1.611783e-09 
15 -4.103896e-09 7.071005e-09 
16 -9.717536e-09 4.359177e-09 
17 -4.137189e-09 1.373266e-08 
18 -8.953736e-09 4.921308e-09 
19 -5.941281e-09 5.261602e-09 
20 -7.487822e-09 4.363461e-09 
21 -8.559469e-09 5.583649e-09 
22 -4.241656e-09 5.729367e-09 
23 -2.346224e-09 6.545764e-09 
24 -6.024576e-09 5.747961e-09 
25 -1.338074e-08 4.438419e-09 
26 -6.139884e-09 1.185924e-08 
27 -5.979161e-09 1.225819e-08 
28 -8.910818e-09 5.686747e-09 
29 -6.183576e-09 5.620262e-09 
30 -8.552749e-09 2.069278e-09 
31 -4.798784e-09 1.013468e-08 
32 -8.169085e-09 5.375775e-09 
33 -1.918591e-09 9.978800e-09 
34 -5.301496e-09 6.851671e-09 
35 -3.559539e-09 1.202819e-08 
36 -1.817208e-08 1.460250e-09 
37 -7.139365e-09 1.058267e-08 
38 -5.539738e-09 8.260266e-09 
39 -7.156092e-09 6.082337e-09 
40 -1.737300e-08 4.504118e-09 
41 -3.300463e-09 1.938814e-08 
42 -1.162366e-08 5.121729e-09 
43 -8.437011e-09 4.193179e-09 
44 -7.676561e-09 3.672114e-09 
45 -4.047002e-09 9.630119e-09 
46 -4.916399e-09 1.009124e-08 
47 -7.874985e-09 4.272471e-09 
48 -8.191596e-09 6.112135e-09 
49 -4.236414e-09 8.365794e-09 
50 -8.126427e-09 4.169683e-09 
51 -1.256168e-08 4.653401e-09 
52 -7.354373e-09 7.393580e-09 
53 -1.117495e-08 7.653042e-09 
54 -4.964630e-09 8.737291e-09 
55 -2.636240e-09 1.334452e-08 
56 -1.104605e-08 3.577308e-09 
57 -8.065889e-09 9.343520e-09 
58 -1.067576e-08 8.122712e-09 
59 -5.764049e-09 1.153883e-08 
60 -1.319996e-08 3.393028e-09 
61 -6.556714e-09 1.080448e-08 
62 -7.727473e-09 7.735599e-09 
63 -1.217061e-08 5.285786e-09 
64 -6.138005e-09 1.402358e-08 
65 -8.877131e-09 8.421791e-09 
66 -4.761565e-09 9.169276e-09 
67 -1.221478e-08 5.861572e-09 
68 -3.711073e-09 1.026499e-08 
69 -1.200886e-08 5.700349e-09 
70 -5.514212e-09 7.082599e-09 
71 -1.734221e-09 1.106921e-08 
72 -8.419325e-09 4.030157e-09 
73 -8.551366e-09 5.976712e-09 
74 -1.314293e-08 2.029157e-09 
75 -3.258500e-09 1.143117e-08 
76 -3.229988e-09 7.071578e-09 
77 -5.809633e-09 1.182083e-08 
78 -1.244581e-08 4.844291e-09 
79 -1.365853e-08 5.289462e-09 
80 -7.016654e-09 1.418189e-08 
81 -9.737071e-09 5.059237e-09 
82 -3.633021e-09 1.020764e-08 
83 -1.044261e-08 3.707827e-09 
84 -4.274438e-09 1.042083e-08 
85 -1.165679e-08 1.089481e-08 
86 -1.349497e-08 8.859814e-09 
87 -1.237788e-08 1.109244e-08 
88 -6.576912e-09 9.986940e-09 
