  0 1.000000e+00 9.886559e-01 1.000000e+00 1.000000e-08
  1 1.627480e-02 2.300539e-02 1.188160e+02 1.000000e-08
  2 1.830454e-05 1.396965e-02 1.313683e-02 1.000000e-08
  3 1.546871e-05 1.355172e-02 7.926170e-03 1.000000e-08
  4 1.426019e-05 1.305290e-02 6.134775e-03 1.000000e-08
  5 1.322074e-05 1.350906e-02 4.761821e-03 1.000000e-08
  6 1.144889e-05 1.377096e-02 3.896948e-03 1.000000e-08
  7 9.260465e-06 1.476131e-02 4.609139e-03 1.000000e-08
  8 7.367436e-06 1.655538e-02 4.670218e-03 1.000000e-08
  9 6.114411e-06 1.839979e-02 4.653474e-03 1.000000e-08
 10 5.320456e-06 1.915069e-02 5.120231e-03 1.000000e-08
 11 4.604421e-06 1.863187e-02 5.603793e-03 1.000000e-08
 12 3.911907e-06 1.778445e-02 5.810922e-03 1.000000e-08
 13 3.403442e-06 1.677705e-02 5.393950e-03 1.000000e-08
 14 3.043701e-06 1.505167e-02 4.386231e-03 1.000000e-08
 15 2.555832e-06 1.285518e-02 3.304150e-03 1.000000e-08
 16 2.006781e-06 1.122056e-02 2.615104e-03 1.000000e-08
 17 1.526147e-06 9.808366e-03 2.236793e-03 1.000000e-08
 18 1.127316e-06 8.137507e-03 1.940751e-03 1.000000e-08
 19 8.063084e-07 6.252542e-03 1.626550e-03 1.000000e-08
 20 5.489656e-07 4.349688e-03 1.284988e-03 1.000000e-08
 21 3.445675e-07 2.697940e-03 9.400203e-04 1.000000e-08
 22 1.898241e-07 1.486406e-03 6.105772e-04 1.000000e-08
 23 8.457037e-08 7.225436e-04 3.201028e-04 1.000000e-08
 24 2.638981e-08 2.722772e-04 1.138388e-04 1.000000e-08
 25 4.501247e-09 5.595300e-05 2.070564e-05 1.000000e-08
 26 2.761452e-10 3.812000e-06 1.254771e-06 1.000000e-08
 27 3.093320e-12 4.424211e-08 1.329031e-08 1.000000e-08
 28 2.166744e-15 3.156185e-11 8.748794e-12 1.000000e-08
