0 -2.170898e-12 4.465364e-11 
1 -2.172367e-12 1.277873e-12 
2 -9.487598e-13 1.770907e-12 
3 -7.257851e-13 1.652110e-12 
4 -6.808517e-13 1.559794e-12 
5 -8.747563e-13 1.597527e-12 
6 -7.621075e-13 1.622383e-12 
7 -8.025693e-13 1.742606e-12 
8 -9.213726e-13 1.967575e-12 
9 -1.049634e-12 2.209969e-12 
10 -1.119636e-12 2.347972e-12 
11 -1.114838e-12 2.336612e-12 
12 -1.087925e-12 2.282841e-12 
13 -1.048377e-12 2.228848e-12 
14 -9.590844e-13 2.073000e-12 
15 -8.332573e-13 1.832232e-12 
16 -7.383141e-13 1.662032e-12 
17 -6.522329e-13 1.548644e-12 
18 -5.409038e-13 1.385181e-12 
19 -4.052260e-13 1.162951e-12 
20 -2.595241e-13 8.963945e-13 
21 -2.123584e-13 6.200066e-13 
22 -1.675235e-13 3.700919e-13 
23 -1.021731e-13 1.759929e-13 
24 -4.082565e-14 5.785021e-14 
25 -8.119528e-15 9.954622e-15 
26 -5.283971e-16 5.821302e-16 
27 -5.931160e-18 6.025400e-18 
28 -4.160024e-21 3.878107e-21 
