0.000000e+00 0.000000e+00 0.000000e+00 5.001449e-01 
6.250000e-03 8.693955e-15 -4.374347e-09 4.938936e-01 
1.250000e-02 1.693522e-14 -1.713797e-08 4.876422e-01 
1.875000e-02 2.473466e-14 -3.777771e-08 4.813911e-01 
2.500000e-02 3.210603e-14 -6.582823e-08 4.751399e-01 
3.125000e-02 3.906318e-14 -1.008740e-07 4.688889e-01 
3.750000e-02 4.561834e-14 -1.425393e-07 4.626379e-01 
4.375000e-02 5.178030e-14 -1.904892e-07 4.563870e-01 
5.000000e-02 5.756140e-14 -2.444233e-07 4.501362e-01 
5.625000e-02 6.297095e-14 -3.040764e-07 4.438854e-01 
6.250000e-02 6.801665e-14 -3.692136e-07 4.376347e-01 
6.875000e-02 7.270576e-14 -4.396298e-07 4.313841e-01 
7.500000e-02 7.704421e-14 -5.151468e-07 4.251335e-01 
8.125000e-02 8.103937e-14 -5.956119e-07 4.188831e-01 
8.750000e-02 8.469545e-14 -6.808965e-07 4.126326e-01 
9.375000e-02 8.801869e-14 -7.708934e-07 4.063822e-01 
1.000000e-01 9.101629e-14 -8.655177e-07 4.001319e-01 
1.062500e-01 9.368812e-14 -9.647022e-07 3.938816e-01 
1.125000e-01 9.604045e-14 -1.068401e-06 3.876314e-01 
1.187500e-01 9.807478e-14 -1.176582e-06 3.813813e-01 
1.250000e-01 9.979162e-14 -1.289234e-06 3.751312e-01 
1.312500e-01 1.011930e-13 -1.406357e-06 3.688811e-01 
1.375000e-01 1.022829e-13 -1.527972e-06 3.626311e-01 
1.437500e-01 1.030534e-13 -1.654106e-06 3.563813e-01 
1.500000e-01 1.035112e-13 -1.784807e-06 3.501314e-01 
1.562500e-01 1.036520e-13 -1.920132e-06 3.438816e-01 
1.625000e-01 1.034750e-13 -2.060154e-06 3.376318e-01 
1.687500e-01 1.029785e-13 -2.204951e-06 3.313822e-01 
1.750000e-01 1.021569e-13 -2.354624e-06 3.251326e-01 
1.812500e-01 1.010111e-13 -2.509271e-06 3.188831e-01 
1.875000e-01 9.952844e-14 -2.669015e-06 3.126336e-01 
1.937500e-01 9.771043e-14 -2.833977e-06 3.063843e-01 
2.000000e-01 9.554769e-14 -3.004299e-06 3.001349e-01 
2.062500e-01 9.303386e-14 -3.180120e-06 2.938857e-01 
2.125000e-01 9.015651e-14 -3.361603e-06 2.876366e-01 
2.187500e-01 8.691258e-14 -3.548902e-06 2.813876e-01 
2.250000e-01 8.328616e-14 -3.742198e-06 2.751386e-01 
2.312500e-01 7.926933e-14 -3.941658e-06 2.688898e-01 
2.375000e-01 7.484829e-14 -4.147479e-06 2.626411e-01 
2.437500e-01 7.000430e-14 -4.359836e-06 2.563925e-01 
2.500000e-01 6.472645e-14 -4.578935e-06 2.501440e-01 
2.562500e-01 5.899184e-14 -4.804954e-06 2.438957e-01 
2.625000e-01 5.278424e-14 -5.038102e-06 2.376475e-01 
2.687500e-01 4.607976e-14 -5.278549e-06 2.313995e-01 
2.750000e-01 3.885259e-14 -5.526494e-06 2.251516e-01 
2.812500e-01 3.107965e-14 -5.782083e-06 2.189040e-01 
2.875000e-01 2.272876e-14 -6.045486e-06 2.126565e-01 
2.937500e-01 1.376393e-14 -6.316794e-06 2.064093e-01 
3.000000e-01 4.149385e-15 -6.596115e-06 2.001622e-01 
3.062500e-01 -6.152750e-15 -6.883446e-06 1.939156e-01 
3.125000e-01 -1.719077e-14 -7.178775e-06 1.876690e-01 
3.187500e-01 -2.901686e-14 -7.481933e-06 1.814230e-01 
3.250000e-01 -4.168301e-14 -7.792696e-06 1.751770e-01 
3.312500e-01 -5.524973e-14 -8.110617e-06 1.689318e-01 
3.375000e-01 -6.978230e-14 -8.435109e-06 1.626865e-01 
3.437500e-01 -8.535614e-14 -8.765270e-06 1.564421e-01 
3.500000e-01 -1.020427e-13 -9.099912e-06 1.501977e-01 
3.562500e-01 -1.199187e-13 -9.437404e-06 1.439543e-01 
3.625000e-01 -1.390619e-13 -9.775604e-06 1.377109e-01 
3.687500e-01 -1.595448e-13 -1.011178e-05 1.314687e-01 
3.750000e-01 -1.814225e-13 -1.044237e-05 1.252264e-01 
3.812500e-01 -2.047375e-13 -1.076314e-05 1.189852e-01 
3.875000e-01 -2.294717e-13 -1.106873e-05 1.127440e-01 
3.937500e-01 -2.555660e-13 -1.135327e-05 1.065037e-01 
4.000000e-01 -2.828545e-13 -1.160992e-05 1.002633e-01 
4.062500e-01 -3.110625e-13 -1.183233e-05 9.402311e-02 
4.125000e-01 -3.397780e-13 -1.201414e-05 8.778291e-02 
4.187500e-01 -3.684339e-13 -1.215146e-05 8.154129e-02 
4.250000e-01 -3.962981e-13 -1.224334e-05 7.529966e-02 
4.312500e-01 -4.225694e-13 -1.229440e-05 6.905599e-02 
4.375000e-01 -4.465938e-13 -1.231111e-05 6.281233e-02 
4.437500e-01 -4.319241e-13 -1.231161e-05 5.617767e-02 
4.500000e-01 -4.173039e-13 -1.231311e-05 4.954301e-02 
4.562500e-01 -4.026096e-13 -1.231475e-05 4.346102e-02 
4.625000e-01 -3.879393e-13 -1.231566e-05 3.737902e-02 
4.687500e-01 -3.731472e-13 -1.231615e-05 3.113713e-02 
4.750000e-01 -3.584656e-13 -1.231651e-05 2.489524e-02 
4.812500e-01 -3.437661e-13 -1.231675e-05 1.868036e-02 
4.875000e-01 -3.290761e-13 -1.231687e-05 1.246548e-02 
4.937500e-01 -3.143804e-13 -1.231691e-05 6.232738e-03 
5.000000e-01 -2.996838e-13 -1.231692e-05 4.977143e-13 
5.062500e-01 -2.849859e-13 -1.231691e-05 -6.232738e-03 
5.125000e-01 -2.702886e-13 -1.231687e-05 -1.246548e-02 
5.187500e-01 -2.555926e-13 -1.231675e-05 -1.868036e-02 
5.250000e-01 -2.408987e-13 -1.231651e-05 -2.489524e-02 
5.312500e-01 -2.262073e-13 -1.231615e-05 -3.113713e-02 
5.375000e-01 -2.115189e-13 -1.231566e-05 -3.737902e-02 
5.437500e-01 -1.968340e-13 -1.231475e-05 -4.346102e-02 
5.500000e-01 -1.821532e-13 -1.231311e-05 -4.954301e-02 
5.562500e-01 -1.674766e-13 -1.231161e-05 -5.617767e-02 
5.625000e-01 -1.528046e-13 -1.231111e-05 -6.281233e-02 
5.687500e-01 -1.256857e-13 -1.229440e-05 -6.905599e-02 
5.750000e-01 -1.007731e-13 -1.224334e-05 -7.529966e-02 
5.812500e-01 -7.800296e-14 -1.215146e-05 -8.154129e-02 
5.875000e-01 -5.726454e-14 -1.201414e-05 -8.778291e-02 
5.937500e-01 -3.840097e-14 -1.183233e-05 -9.402311e-02 
6.000000e-01 -2.124271e-14 -1.160992e-05 -1.002633e-01 
6.062500e-01 -5.620121e-15 -1.135327e-05 -1.065037e-01 
6.125000e-01 8.666467e-15 -1.106873e-05 -1.127440e-01 
6.187500e-01 2.178961e-14 -1.076314e-05 -1.189852e-01 
6.250000e-01 3.398425e-14 -1.044237e-05 -1.252264e-01 
6.312500e-01 4.489985e-14 -1.011178e-05 -1.314687e-01 
6.375000e-01 5.507378e-14 -9.775604e-06 -1.377109e-01 
6.437500e-01 6.488157e-14 -9.437404e-06 -1.439543e-01 
6.500000e-01 7.371769e-14 -9.099912e-06 -1.501977e-01 
6.562500e-01 8.201412e-14 -8.765270e-06 -1.564421e-01 
6.625000e-01 8.974736e-14 -8.435109e-06 -1.626865e-01 
6.687500e-01 9.699729e-14 -8.110617e-06 -1.689318e-01 
6.750000e-01 1.037730e-13 -7.792696e-06 -1.751770e-01 
6.812500e-01 1.101028e-13 -7.481933e-06 -1.814230e-01 
6.875000e-01 1.159913e-13 -7.178775e-06 -1.876690e-01 
6.937500e-01 1.214606e-13 -6.883446e-06 -1.939156e-01 
7.000000e-01 1.265321e-13 -6.596115e-06 -2.001622e-01 
7.062500e-01 1.312048e-13 -6.316794e-06 -2.064093e-01 
7.125000e-01 1.355189e-13 -6.045486e-06 -2.126565e-01 
7.187500e-01 1.394745e-13 -5.782083e-06 -2.189040e-01 
7.250000e-01 1.430805e-13 -5.526494e-06 -2.251516e-01 
7.312500e-01 1.463616e-13 -5.278549e-06 -2.313995e-01 
7.375000e-01 1.493318e-13 -5.038102e-06 -2.376475e-01 
7.437500e-01 1.519700e-13 -4.804954e-06 -2.438957e-01 
7.500000e-01 1.543051e-13 -4.578935e-06 -2.501440e-01 
7.562500e-01 1.563395e-13 -4.359836e-06 -2.563925e-01 
7.625000e-01 1.580747e-13 -4.147479e-06 -2.626411e-01 
7.687500e-01 1.595100e-13 -3.941658e-06 -2.688898e-01 
7.750000e-01 1.606713e-13 -3.742198e-06 -2.751386e-01 
7.812500e-01 1.615635e-13 -3.548902e-06 -2.813876e-01 
7.875000e-01 1.622037e-13 -3.361603e-06 -2.876366e-01 
7.937500e-01 1.625861e-13 -3.180120e-06 -2.938857e-01 
8.000000e-01 1.627392e-13 -3.004299e-06 -3.001349e-01 
8.062500e-01 1.626806e-13 -2.833977e-06 -3.063843e-01 
8.125000e-01 1.624167e-13 -2.669015e-06 -3.126336e-01 
8.187500e-01 1.619429e-13 -2.509271e-06 -3.188831e-01 
8.250000e-01 1.612344e-13 -2.354624e-06 -3.251326e-01 
8.312500e-01 1.602767e-13 -2.204951e-06 -3.313822e-01 
8.375000e-01 1.590198e-13 -2.060154e-06 -3.376318e-01 
8.437500e-01 1.574366e-13 -1.920132e-06 -3.438816e-01 
8.500000e-01 1.555129e-13 -1.784807e-06 -3.501314e-01 
8.562500e-01 1.532161e-13 -1.654106e-06 -3.563813e-01 
8.625000e-01 1.505447e-13 -1.527972e-06 -3.626311e-01 
8.687500e-01 1.474760e-13 -1.406357e-06 -3.688811e-01 
8.750000e-01 1.440505e-13 -1.289234e-06 -3.751312e-01 
8.812500e-01 1.402638e-13 -1.176582e-06 -3.813813e-01 
8.875000e-01 1.361668e-13 -1.068401e-06 -3.876314e-01 
8.937500e-01 1.317702e-13 -9.647022e-07 -3.938816e-01 
9.000000e-01 1.271031e-13 -8.655177e-07 -4.001319e-01 
9.062500e-01 1.221643e-13 -7.708934e-07 -4.063822e-01 
9.125000e-01 1.169917e-13 -6.808965e-07 -4.126326e-01 
9.187500e-01 1.115366e-13 -5.956119e-07 -4.188831e-01 
9.250000e-01 1.057672e-13 -5.151468e-07 -4.251335e-01 
9.312500e-01 9.964627e-14 -4.396298e-07 -4.313841e-01 
9.375000e-01 9.312492e-14 -3.692136e-07 -4.376347e-01 
9.437500e-01 8.635294e-14 -3.040764e-07 -4.438854e-01 
9.500000e-01 7.937077e-14 -2.444233e-07 -4.501362e-01 
9.562500e-01 7.250309e-14 -1.904892e-07 -4.563870e-01 
9.625000e-01 6.515494e-14 -1.425393e-07 -4.626379e-01 
9.687500e-01 5.677283e-14 -1.008740e-07 -4.688889e-01 
9.750000e-01 4.673715e-14 -6.582823e-08 -4.751399e-01 
9.812500e-01 3.529792e-14 -3.777772e-08 -4.813911e-01 
9.875000e-01 2.302314e-14 -1.713797e-08 -4.876422e-01 
9.937500e-01 1.061445e-14 -4.374347e-09 -4.938936e-01 
1.000000e+00 0.000000e+00 0.000000e+00 -5.001449e-01 
