# # x,y
0.000000000000000000e+00 3.200000290947790927e+04
8.000000000000030695e+02 3.200000290959146150e+04
1.600000000000008640e+03 3.200000290789189967e+04
2.400000000000014552e+03 3.200000290305970702e+04
3.200000000000021373e+03 3.200000289468808478e+04
4.000000000000027740e+03 3.200000288258285946e+04
4.800000000000033651e+03 3.200000286672066795e+04
5.600000000000041837e+03 3.200000284697697862e+04
6.400000000000049113e+03 3.200000282330898335e+04
7.200000000000054570e+03 3.200000279556214082e+04
8.000000000000061846e+03 3.200000276365378886e+04
8.800000000000067303e+03 3.200000272739582579e+04
9.600000000000074579e+03 3.200000268666199918e+04
1.040000000000008185e+04 3.200000264122865337e+04
1.120000000000009095e+04 3.200000259092131819e+04
1.200000000000009641e+04 3.200000253547782268e+04
1.280000000000010368e+04 3.200000247466924338e+04
1.360000000000011096e+04 3.200000240819057944e+04
1.440000000000011460e+04 3.200000233574991580e+04
1.520000000000012187e+04 3.200000225699306975e+04
1.600000000000012733e+04 3.200000217155356950e+04
1.680000000000013097e+04 3.200000207901912654e+04
1.760000000000013824e+04 3.200000197893169025e+04
1.840000000000014188e+04 3.200000187080792239e+04
1.920000000000014188e+04 3.200000175407412462e+04
2.000000000000014188e+04 3.200000162817271848e+04
2.080000000000014188e+04 3.200000149205097114e+04
2.160000000000014916e+04 3.200000135065654831e+04
2.240000000000008731e+04 3.200000112233091932e+04
2.320000000000211367e+04 3.200000175486422086e+04
2.400000000008598363e+04 3.199999416470051801e+04
2.480000000382604048e+04 3.200004825052829619e+04
2.560000008761485878e+04 3.199974094478463667e+04
2.640000097464860301e+04 3.200101327689006939e+04
2.720000407979833108e+04 3.199755886550766081e+04
2.800002038484367586e+04 3.200171620040281050e+04
2.880028335162873191e+04 3.200763941528637952e+04
2.960273531911419923e+04 3.198570921320201887e+04
3.041029291738527900e+04 3.198026500465108256e+04
3.121626888162470277e+04 3.201683195798219458e+04
3.201890335659820994e+04 3.208189281831142944e+04
3.281963304129022436e+04 3.215814221832435578e+04
3.361977733614271710e+04 3.223742180191554871e+04
3.441979935709040728e+04 3.231731232947678654e+04
3.521980209278712573e+04 3.239729846614195412e+04
3.601980242129065300e+04 3.247729652167590029e+04
3.681980251022273296e+04 3.255729576702894337e+04
3.761980253315382288e+04 3.263729534592147320e+04
3.841980309883125301e+04 3.271729224827721555e+04
3.921979839777751477e+04 3.279731523841412127e+04
4.001983471466621268e+04 3.287713542444750783e+04
4.081962083283756510e+04 3.295819951678866346e+04
4.162059480667954631e+04 3.303345133995552897e+04
4.241768712467703881e+04 3.312820926935609168e+04
4.322327253771034884e+04 3.318133341705056955e+04
4.402333634842767788e+04 3.327197560133076331e+04
4.480785962210278376e+04 3.339740914775923738e+04
4.560827368462255981e+04 3.346625691764878866e+04
4.641501390254497528e+04 3.345456863641324162e+04
4.721858429433520359e+04 3.339638375785383687e+04
4.801957778157668508e+04 3.332157253189338371e+04
4.881976893418104009e+04 3.324252948358213325e+04
4.961979724041049485e+04 3.316267008377864840e+04
5.041980063686328504e+04 3.308268714850266406e+04
5.121980100695187866e+04 3.300268924834847712e+04
5.201980108413287962e+04 3.292268991448845190e+04
5.281980110895748658e+04 3.284269033444404340e+04
5.361980151834762364e+04 3.276269266774435528e+04
5.441979820123559330e+04 3.268267655872227260e+04
5.521982422081633558e+04 3.260280556138071915e+04
5.601966855858132476e+04 3.252203228655234489e+04
5.682039022754732287e+04 3.244556293407590056e+04
5.761813196816067648e+04 3.235414878524950836e+04
5.842282252026607603e+04 3.229690041860191195e+04
5.922053268712085992e+04 3.220073061221266835e+04
6.000663882837886922e+04 3.209713838045440571e+04
6.080107590325488854e+04 3.203384030220479690e+04
6.160009376804644853e+04 3.200882281394040183e+04
6.240000474455370568e+04 3.200178293066178230e+04
6.320000014781535720e+04 3.200028619918732147e+04
6.400000000294385245e+04 3.200003690490193912e+04
6.480000000003704190e+04 3.200000376148395662e+04
6.560000000000021828e+04 3.200000036579824155e+04
6.640000000000000000e+04 3.200000027331937235e+04
6.720000000000000000e+04 3.200000046679357183e+04
6.800000000000000000e+04 3.200000066655108094e+04
6.880000000000000000e+04 3.200000085246845629e+04
6.960000000000000000e+04 3.200000102459020127e+04
7.039999999999997090e+04 3.200000118397163533e+04
7.119999999999992724e+04 3.200000133168455432e+04
7.199999999999992724e+04 3.200000146861350368e+04
7.279999999999991269e+04 3.200000159559640088e+04
7.359999999999991269e+04 3.200000171334632978e+04
7.439999999999991269e+04 3.200000182253682578e+04
7.519999999999991269e+04 3.200000192376183622e+04
7.599999999999992724e+04 3.200000201757372997e+04
7.679999999999992724e+04 3.200000210447729842e+04
7.759999999999994179e+04 3.200000218493289867e+04
7.839999999999994179e+04 3.200000225937703362e+04
7.919999999999995634e+04 3.200000232819778103e+04
7.999999999999997090e+04 3.200000239177745243e+04
8.079999999999998545e+04 3.200000245044600888e+04
8.160000000000000000e+04 3.200000250454160050e+04
8.240000000000000000e+04 3.200000255434651990e+04
8.320000000000000000e+04 3.200000260016207540e+04
8.400000000000000000e+04 3.200000264223077465e+04
8.480000000000000000e+04 3.200000268082253751e+04
8.560000000000000000e+04 3.200000271614626035e+04
8.640000000000000000e+04 3.200000274844470914e+04
8.720000000000000000e+04 3.200000277789802203e+04
8.800000000000000000e+04 3.200000280472513259e+04
8.880000000000000000e+04 3.200000282908140071e+04
8.960000000000000000e+04 3.200000285116455780e+04
9.040000000000000000e+04 3.200000287110852150e+04
9.120000000000000000e+04 3.200000288909201845e+04
9.200000000000000000e+04 3.200000290523028525e+04
9.280000000000000000e+04 3.200000291968489182e+04
9.360000000000000000e+04 3.200000293255475117e+04
9.440000000000000000e+04 3.200000294398588449e+04
9.520000000000000000e+04 3.200000295406292207e+04
9.600000000000000000e+04 3.200000296291775885e+04
9.680000000000000000e+04 3.200000297062244863e+04
9.760000000000000000e+04 3.200000297729606609e+04
9.840000000000000000e+04 3.200000298299965652e+04
9.920000000000000000e+04 3.200000298784054030e+04
1.000000000000000000e+05 3.200000299187016572e+04
1.008000000000000000e+05 3.200000299518511383e+04
1.016000000000000000e+05 3.200000299782841103e+04
1.024000000000000000e+05 3.200000299988689585e+04
1.032000000000000000e+05 3.200000300139621322e+04
1.040000000000000000e+05 3.200000300243430684e+04
1.048000000000000000e+05 3.200000300303041513e+04
1.056000000000000000e+05 3.200000300325440548e+04
1.064000000000000000e+05 3.200000300312987383e+04
1.072000000000000000e+05 3.200000300271941524e+04
1.080000000000000000e+05 3.200000300204173254e+04
1.088000000000000000e+05 3.200000300115279242e+04
1.096000000000000000e+05 3.200000300006705947e+04
1.104000000000000000e+05 3.200000299883450498e+04
1.112000000000000000e+05 3.200000299746593737e+04
1.120000000000000000e+05 3.200000299600596190e+04
1.128000000000000000e+05 3.200000299446213103e+04
1.136000000000000000e+05 3.200000299287428425e+04
1.144000000000000000e+05 3.200000299124715093e+04
1.152000000000000000e+05 3.200000298961623776e+04
1.160000000000000000e+05 3.200000298798385847e+04
1.168000000000000000e+05 3.200000298638168533e+04
1.176000000000000000e+05 3.200000298480983838e+04
1.184000000000000000e+05 3.200000298329655925e+04
1.192000000000000000e+05 3.200000298184006169e+04
1.200000000000000000e+05 3.200000298046557873e+04
1.208000000000000000e+05 3.200000297916953423e+04
1.216000000000000000e+05 3.200000297797449457e+04
1.224000000000000000e+05 3.200000297687523562e+04
1.232000000000000000e+05 3.200000297589198453e+04
1.240000000000000000e+05 3.200000297501796740e+04
1.248000000000000000e+05 3.200000297427117766e+04
1.256000000000000000e+05 3.200000297364470316e+04
1.264000000000000000e+05 3.200000297314522322e+04
1.272000000000000000e+05 3.200000297281636085e+04
1.280000000000000000e+05 3.200000297243619207e+04
