0.000000e+00 1.000000e+00 -2.183759e-14 0.000000e+00 8.027897e-01
1.219512e-02 1.000000e+00 -2.190061e-14 -7.338332e-05 7.906162e-01
2.439024e-02 1.000000e+00 -2.212615e-14 -1.469809e-04 7.784427e-01
2.439024e-02 1.000000e+00 -2.212615e-14 -1.469809e-04 7.784427e-01
3.658537e-02 1.000000e+00 -2.244120e-14 -2.210062e-04 7.663132e-01
4.878049e-02 1.000000e+00 -2.272488e-14 -2.956747e-04 7.541836e-01
4.878049e-02 1.000000e+00 -2.272488e-14 -2.956747e-04 7.541836e-01
6.097561e-02 1.000000e+00 -2.299549e-14 -3.711994e-04 7.421000e-01
7.317073e-02 1.000000e+00 -2.371887e-14 -4.477977e-04 7.300163e-01
7.317073e-02 1.000000e+00 -2.371887e-14 -4.477977e-04 7.300163e-01
8.536585e-02 1.000000e+00 -2.449430e-14 -5.256818e-04 7.179819e-01
9.756098e-02 1.000000e+00 -2.525180e-14 -6.050714e-04 7.059475e-01
9.756098e-02 1.000000e+00 -2.525180e-14 -6.050714e-04 7.059475e-01
1.097561e-01 1.000000e+00 -2.596534e-14 -6.861778e-04 6.939673e-01
1.219512e-01 1.000000e+00 -2.670607e-14 -7.692222e-04 6.819871e-01
1.219512e-01 1.000000e+00 -2.670607e-14 -7.692222e-04 6.819871e-01
1.341463e-01 1.000000e+00 -2.765843e-14 -8.544141e-04 6.700678e-01
1.463415e-01 1.000000e+00 -2.873743e-14 -9.419751e-04 6.581485e-01
1.463415e-01 1.000000e+00 -2.873743e-14 -9.419751e-04 6.581485e-01
1.585366e-01 1.000000e+00 -2.994827e-14 -1.032110e-03 6.462992e-01
1.707317e-01 1.000000e+00 -3.121852e-14 -1.125040e-03 6.344498e-01
1.707317e-01 1.000000e+00 -3.121852e-14 -1.125040e-03 6.344498e-01
1.829268e-01 1.000000e+00 -3.265443e-14 -1.220959e-03 6.226819e-01
1.951220e-01 1.000000e+00 -3.423694e-14 -1.320082e-03 6.109140e-01
1.951220e-01 1.000000e+00 -3.423694e-14 -1.320082e-03 6.109140e-01
2.073171e-01 1.000000e+00 -3.595214e-14 -1.422588e-03 5.992426e-01
2.195122e-01 1.000000e+00 -3.773371e-14 -1.528675e-03 5.875713e-01
2.195122e-01 1.000000e+00 -3.773371e-14 -1.528675e-03 5.875713e-01
2.317073e-01 1.000000e+00 -3.969568e-14 -1.638495e-03 5.760158e-01
2.439024e-01 1.000000e+00 -4.182505e-14 -1.752214e-03 5.644602e-01
2.439024e-01 1.000000e+00 -4.182505e-14 -1.752214e-03 5.644602e-01
2.560976e-01 1.000000e+00 -4.411402e-14 -1.869934e-03 5.530458e-01
2.682927e-01 1.000000e+00 -4.659858e-14 -1.991763e-03 5.416313e-01
2.682927e-01 1.000000e+00 -4.659858e-14 -1.991763e-03 5.416313e-01
2.804878e-01 1.000000e+00 -4.927482e-14 -2.117719e-03 5.303907e-01
2.926829e-01 1.000000e+00 -5.215880e-14 -2.247806e-03 5.191501e-01
2.926829e-01 1.000000e+00 -5.215880e-14 -2.247806e-03 5.191501e-01
3.048780e-01 1.000000e+00 -5.532380e-14 -2.381892e-03 5.081272e-01
3.170732e-01 1.000000e+00 -5.877265e-14 -2.519794e-03 4.971042e-01
3.170732e-01 1.000000e+00 -5.877265e-14 -2.519794e-03 4.971042e-01
3.292683e-01 1.000000e+00 -6.247780e-14 -2.661122e-03 4.863567e-01
3.414634e-01 1.000000e+00 -6.662769e-14 -2.805357e-03 4.756092e-01
3.414634e-01 1.000000e+00 -6.662769e-14 -2.805357e-03 4.756092e-01
3.536585e-01 1.000000e+00 -7.119999e-14 -2.951636e-03 4.652181e-01
3.658537e-01 1.000000e+00 -7.618212e-14 -3.098815e-03 4.548270e-01
3.658537e-01 1.000000e+00 -7.618212e-14 -3.098815e-03 4.548270e-01
3.780488e-01 1.000000e+00 -8.180956e-14 -3.245207e-03 4.448922e-01
3.902439e-01 1.000000e+00 -8.791579e-14 -3.388511e-03 4.349574e-01
3.902439e-01 1.000000e+00 -8.791579e-14 -3.388511e-03 4.349574e-01
4.024390e-01 1.000000e+00 -9.527101e-14 -3.525372e-03 4.256459e-01
4.146341e-01 1.000000e+00 -1.031744e-13 -3.651156e-03 4.163344e-01
4.146341e-01 1.000000e+00 -1.031744e-13 -3.651156e-03 4.163344e-01
4.268293e-01 1.000000e+00 -1.119937e-13 -3.759937e-03 4.076933e-01
4.390244e-01 1.000000e+00 -1.219996e-13 -3.843303e-03 3.990522e-01
4.390244e-01 1.000000e+00 -1.219996e-13 -3.843303e-03 3.990522e-01
4.512195e-01 1.000000e+00 -1.302743e-13 -3.891457e-03 3.882504e-01
4.634146e-01 1.000000e+00 -1.352503e-13 -3.909074e-03 3.774485e-01
4.634146e-01 1.584893e+01 -1.352503e-13 -3.909074e-03 3.774485e-01
4.756098e-01 1.584893e+01 -1.276132e-13 -3.910415e-03 3.310673e-01
4.878049e-01 1.584893e+01 -1.198382e-13 -3.911554e-03 2.846860e-01
4.878049e-01 1.000000e+03 -1.198382e-13 -3.911554e-03 2.846860e-01
5.000000e-01 1.000000e+03 -1.118688e-13 -3.912397e-03 2.412408e-01
5.121951e-01 1.000000e+03 -1.038752e-13 -3.913056e-03 1.977957e-01
5.121951e-01 1.000000e+03 -1.038752e-13 -3.913056e-03 1.977957e-01
5.243902e-01 1.000000e+03 -9.583306e-14 -3.913623e-03 1.982947e-01
5.365854e-01 1.000000e+03 -8.779609e-14 -3.914096e-03 1.987936e-01
5.365854e-01 1.000000e+03 -8.779609e-14 -3.914096e-03 1.987936e-01
5.487805e-01 1.000000e+03 -7.966804e-14 -3.914489e-03 1.978046e-01
5.609756e-01 1.000000e+03 -7.147061e-14 -3.914809e-03 1.968157e-01
5.609756e-01 1.000000e+03 -7.147061e-14 -3.914809e-03 1.968157e-01
5.731707e-01 1.000000e+03 -6.341351e-14 -3.915059e-03 1.942312e-01
5.853659e-01 1.000000e+03 -5.550267e-14 -3.915239e-03 1.916468e-01
5.853659e-01 1.000000e+03 -5.550267e-14 -3.915239e-03 1.916468e-01
5.975610e-01 1.000000e+03 -4.746108e-14 -3.915351e-03 1.884196e-01
6.097561e-01 1.000000e+03 -3.946098e-14 -3.915395e-03 1.851924e-01
6.097561e-01 1.000000e+03 -3.946098e-14 -3.915395e-03 1.851924e-01
6.219512e-01 1.000000e+03 -3.152770e-14 -3.915374e-03 1.809767e-01
6.341463e-01 1.000000e+03 -2.346040e-14 -3.915291e-03 1.767610e-01
6.341463e-01 1.000000e+03 -2.346040e-14 -3.915291e-03 1.767610e-01
6.463415e-01 1.000000e+03 -1.560010e-14 -3.915146e-03 1.726076e-01
6.585366e-01 1.000000e+03 -7.646505e-15 -3.914939e-03 1.684543e-01
6.585366e-01 1.000000e+03 -7.646505e-15 -3.914939e-03 1.684543e-01
6.707317e-01 1.000000e+03 3.468371e-16 -3.914673e-03 1.624497e-01
6.829268e-01 1.000000e+03 8.375245e-15 -3.914349e-03 1.564451e-01
6.829268e-01 1.000000e+03 8.375245e-15 -3.914349e-03 1.564451e-01
6.951220e-01 1.000000e+03 1.640391e-14 -3.913964e-03 1.358701e-01
7.073171e-01 1.000000e+03 2.442450e-14 -3.913483e-03 1.152952e-01
7.073171e-01 6.309573e+01 2.442450e-14 -3.913483e-03 1.152952e-01
7.195122e-01 6.309573e+01 3.245096e-14 -3.912912e-03 6.928490e-02
7.317073e-01 6.309573e+01 4.046546e-14 -3.912301e-03 2.327462e-02
7.317073e-01 2.511886e-01 4.046546e-14 -3.912301e-03 2.327462e-02
7.439024e-01 2.511886e-01 4.824010e-14 -3.907323e-03 1.305722e-02
7.560976e-01 2.511886e-01 5.604491e-14 -3.896864e-03 2.839831e-03
7.560976e-01 1.000000e-03 5.604491e-14 -3.896864e-03 2.839831e-03
7.682927e-01 1.000000e-03 6.363669e-14 -3.982278e-03 1.324122e-03
7.804878e-01 1.000000e-03 7.355012e-14 -3.275508e-03 -1.915874e-04
7.804878e-01 1.000000e-03 7.355012e-14 -3.275508e-03 -1.915874e-04
7.926829e-01 1.000000e-03 8.740231e-14 -3.729169e-03 -9.646389e-05
8.048780e-01 1.000000e-03 1.010243e-13 -3.598629e-03 -1.340335e-06
8.048780e-01 1.000000e-03 1.010243e-13 -3.598629e-03 -1.340335e-06
8.170732e-01 1.000000e-03 1.139644e-13 -3.244027e-03 -2.149060e-05
8.292683e-01 1.000000e-03 1.286945e-13 -3.021283e-03 -4.164087e-05
8.292683e-01 1.000000e-03 1.286945e-13 -3.021283e-03 -4.164087e-05
8.414634e-01 1.000000e-03 1.418587e-13 -2.843945e-03 -3.255807e-05
8.536585e-01 1.000000e-03 1.490775e-13 -2.623495e-03 -2.347526e-05
8.536585e-01 1.000000e-03 1.490775e-13 -2.623495e-03 -2.347526e-05
8.658537e-01 1.000000e-03 1.510736e-13 -2.387165e-03 -2.330362e-05
8.780488e-01 1.000000e-03 1.554136e-13 -2.161548e-03 -2.313198e-05
8.780488e-01 1.000000e-03 1.554136e-13 -2.161548e-03 -2.313198e-05
8.902439e-01 1.000000e-03 1.646461e-13 -1.940863e-03 -2.131652e-05
9.024390e-01 1.000000e-03 1.737109e-13 -1.719066e-03 -1.950107e-05
9.024390e-01 1.000000e-03 1.737109e-13 -1.719066e-03 -1.950107e-05
9.146341e-01 1.000000e-03 1.790732e-13 -1.498099e-03 -1.867132e-05
9.268293e-01 1.000000e-03 1.774646e-13 -1.279833e-03 -1.784157e-05
9.268293e-01 1.000000e-03 1.774646e-13 -1.279833e-03 -1.784157e-05
9.390244e-01 1.000000e-03 1.821178e-13 -1.063638e-03 -1.717410e-05
9.512195e-01 1.000000e-03 1.826998e-13 -8.488740e-04 -1.650664e-05
9.512195e-01 1.000000e-03 1.826998e-13 -8.488740e-04 -1.650664e-05
9.634146e-01 1.000000e-03 1.854628e-13 -6.353759e-04 -1.615197e-05
9.756098e-01 1.000000e-03 1.884014e-13 -4.229871e-04 -1.579730e-05
9.756098e-01 1.000000e-03 1.884014e-13 -4.229871e-04 -1.579730e-05
9.878049e-01 1.000000e-03 1.931372e-13 -2.113217e-04 -1.567571e-05
1.000000e+00 1.000000e-03 1.931060e-13 0.000000e+00 -1.555411e-05
