# # t,Tmax
3.141592653589793394e-02 9.999999999999998890e-01
6.283185307179586787e-02 9.932521220270126294e-01
9.424777960769380181e-02 9.797563660810385544e-01
1.256637061435917357e-01 9.935013212750590794e-01
1.570796326794896558e-01 1.009659329073103295e+00
1.884955592153875759e-01 1.019033897715567072e+00
2.199114857512854959e-01 1.021326456977304398e+00
2.513274122871834160e-01 1.016358801003529155e+00
2.827433388230813360e-01 1.014927365009294702e+00
3.141592653589792561e-01 1.023683856399083769e+00
3.455751918948771761e-01 1.025691568530011644e+00
3.769911184307750962e-01 1.026286318604838543e+00
4.084070449666730163e-01 1.026082295837424274e+00
4.398229715025709363e-01 1.035000773213802017e+00
4.712388980384688564e-01 1.052752608436205772e+00
5.026548245743668319e-01 1.061816826441342343e+00
5.340707511102648075e-01 1.061707666762161661e+00
5.654866776461627831e-01 1.052392888277906557e+00
5.969026041820607587e-01 1.066302085004691813e+00
6.283185307179587342e-01 1.127966311756942508e+00
6.597344572538567098e-01 1.374586572461549361e+00
6.911503837897546854e-01 2.543460033557889410e+00
7.225663103256526609e-01 2.974075367493735023e+00
7.539822368615506365e-01 5.089607235452829670e+00
7.853981633974486121e-01 8.982367638316890890e+00
8.168140899333465876e-01 1.002066140706929609e+01
8.482300164692445632e-01 2.332528265631468756e+01
8.796459430051425388e-01 2.463779658807165518e+01
9.110618695410405143e-01 4.635343557426086392e+01
9.424777960769384899e-01 6.466575819250221002e+01
9.738937226128364655e-01 8.395357907029173816e+01
1.005309649148734330e+00 1.568808315976017411e+02
1.036725575684632306e+00 1.773966659332434119e+02
1.068141502220530281e+00 3.625066110933950085e+02
1.099557428756428257e+00 5.617945048643927066e+02
1.130973355292326232e+00 6.510344878313840127e+02
1.162389281828224208e+00 1.324382087384896067e+03
1.193805208364122183e+00 1.158838420167242930e+03
1.225221134900020159e+00 2.951068624742954853e+03
1.256637061435918135e+00 3.645971449638681406e+03
1.288052987971816110e+00 4.914477874936797889e+03
1.319468914507714086e+00 1.059352214211144201e+04
1.350884841043612061e+00 9.919357107856092625e+03
1.382300767579510037e+00 2.382443786685831219e+04
1.413716694115408012e+00 2.997739616229215972e+04
1.445132620651305988e+00 4.775027424123317178e+04
1.476548547187203964e+00 7.927367856670699257e+04
1.507964473723101939e+00 7.136282530045682506e+04
1.539380400258999915e+00 1.838855856736748246e+05
1.570796326794897890e+00 2.386547239684470405e+05
1.602212253330795866e+00 3.842690372258072603e+05
1.633628179866693841e+00 6.500113700097838882e+05
1.665044106402591817e+00 6.674109813462747261e+05
1.696460032938489793e+00 1.540034249514837749e+06
1.727875959474387768e+00 1.561889631154147442e+06
1.759291886010285744e+00 2.949028186580536421e+06
1.790707812546183719e+00 5.071271173732700758e+06
1.822123739082081695e+00 5.409913436506463215e+06
1.853539665617979670e+00 1.262481274763667770e+07
1.884955592153877646e+00 1.276314230223763734e+07
1.916371518689775622e+00 2.701598990886698291e+07
1.947787445225673597e+00 3.731306140782216936e+07
1.979203371761571573e+00 4.443580125895286351e+07
2.010619298297469548e+00 9.836460658956208825e+07
2.042035224833367302e+00 1.002623779600100517e+08
2.073451151369265055e+00 2.222089544937190413e+08
2.104867077905162809e+00 3.084105037803112268e+08
2.136283004441060562e+00 4.236428485438651443e+08
2.167698930976958316e+00 7.850404827192475796e+08
2.199114857512856069e+00 6.619486319386913776e+08
2.230530784048753823e+00 1.736346842069111109e+09
2.261946710584651576e+00 2.420018473577897072e+09
2.293362637120549330e+00 3.489034007892503738e+09
2.324778563656447083e+00 6.494555063716404915e+09
2.356194490192344837e+00 5.634047004774695396e+09
2.387610416728242591e+00 1.484226022912122345e+10
2.419026343264140344e+00 1.669164674299120522e+10
2.450442269800038098e+00 2.731068149701009750e+10
2.481858196335935851e+00 5.102736778852916718e+10
2.513274122871833605e+00 4.630598490769014740e+10
2.544690049407731358e+00 1.227674932543618774e+11
2.576105975943629112e+00 1.387660645527920227e+11
2.607521902479526865e+00 2.527222946384182739e+11
2.638937829015424619e+00 3.846051423302232056e+11
2.670353755551322372e+00 3.885618672109169922e+11
2.701769682087220126e+00 9.648668929671148682e+11
2.733185608623117879e+00 1.095515442696948120e+12
2.764601535159015633e+00 2.087687460457486084e+12
2.796017461694913386e+00 3.192268760590662598e+12
2.827433388230811140e+00 3.788711670088211914e+12
2.858849314766708893e+00 7.808949455382244141e+12
2.890265241302606647e+00 7.331382136570910156e+12
2.921681167838504400e+00 1.638873858041312695e+13
2.953097094374402154e+00 2.517322021390958203e+13
2.984513020910299907e+00 3.122047309409208984e+13
3.015928947446197661e+00 6.471245487823249219e+13
3.047344873982095415e+00 5.744580576302944531e+13
3.078760800517993168e+00 1.426844767060196562e+14
3.110176727053890922e+00 1.785663754094731875e+14
3.141592653589788675e+00 2.444237948949768125e+14
3.173008580125686429e+00 5.094949843041826875e+14
3.204424506661584182e+00 4.555322242089690000e+14
3.235840433197481936e+00 1.180382083845196500e+15
3.267256359733379689e+00 1.485194532393393000e+15
3.298672286269277443e+00 2.336463973221280500e+15
3.330088212805175196e+00 3.924898866225045000e+15
3.361504139341072950e+00 3.375814979471532000e+15
3.392920065876970703e+00 9.275445867547678000e+15
3.424335992412868457e+00 1.173497481745777600e+16
3.455751918948766210e+00 1.928738218083472400e+16
3.487167845484663964e+00 3.257115424791414400e+16
3.518583772020561717e+00 3.313165640800916000e+16
3.549999698556459471e+00 7.682194645282513600e+16
3.581415625092357224e+00 7.886605097331768000e+16
3.612831551628254978e+00 1.512004936133933760e+17
3.644247478164152731e+00 2.567251842038246720e+17
3.675663404700050485e+00 2.725998770402434240e+17
3.707079331235948239e+00 6.363051511861432320e+17
3.738495257771845992e+00 6.441072992313601280e+17
3.769911184307743746e+00 1.354802030692064512e+18
3.801327110843641499e+00 1.876432671128649472e+18
3.832743037379539253e+00 2.190527355720522752e+18
3.864158963915437006e+00 5.005126599942867968e+18
3.895574890451334760e+00 5.100312821061637120e+18
3.926990816987232513e+00 1.119967589590565069e+19
3.958406743523130267e+00 1.559517159454104166e+19
3.989822670059028020e+00 2.125894322420408320e+19
4.021238596594925774e+00 3.953833827275827610e+19
4.052654523130823527e+00 3.392889881493114880e+19
4.084070449666721281e+00 8.791781817709925171e+19
4.115486376202619034e+00 1.230867329013573714e+20
4.146902302738516788e+00 1.753062323600538337e+20
4.178318229274414541e+00 3.278885838490436239e+20
4.209734155810312295e+00 2.818518599703883612e+20
4.241150082346210048e+00 7.470008423632481812e+20
4.272566008882107802e+00 8.441637685850139525e+20
4.303981935418005556e+00 1.372739117560458641e+21
4.335397861953903309e+00 2.582192303612592914e+21
4.366813788489801063e+00 2.314678226439289438e+21
4.398229715025698816e+00 6.182964502897809687e+21
4.429645641561596570e+00 7.029205138278174425e+21
4.461061568097494323e+00 1.269751923779413056e+22
4.492477494633392077e+00 1.941237056130940246e+22
4.523893421169289830e+00 1.947364052844647390e+22
4.555309347705187584e+00 4.859938929990404198e+22
4.586725274241085337e+00 5.558172161121990161e+22
4.618141200776983091e+00 1.048812885298146758e+23
4.649557127312880844e+00 1.612017912806033085e+23
4.680973053848778598e+00 1.898804176506626612e+23
4.712388980384676351e+00 3.934601090927461306e+23
4.743804906920574105e+00 3.718435136109349731e+23
4.775220833456471858e+00 8.226983141317713435e+23
4.806636759992369612e+00 1.271223358776278394e+24
4.838052686528267365e+00 1.564015920706337945e+24
4.869468613064165119e+00 3.260682198324102000e+24
4.900884539600062872e+00 2.915373964238791725e+24
4.932300466135960626e+00 7.177430478934398451e+24
4.963716392671858380e+00 9.027248756116071912e+24
4.995132319207756133e+00 1.223382992047675473e+25
5.026548245743653887e+00 2.566170838439426662e+25
5.057964172279551640e+00 2.311710877017867733e+25
5.089380098815449394e+00 5.936773220454625027e+25
5.120796025351347147e+00 7.508653520267615758e+25
5.152211951887244901e+00 1.173040709320919355e+26
5.183627878423142654e+00 1.980072868145451836e+26
5.215043804959040408e+00 1.690649130550564001e+26
5.246459731494938161e+00 4.663415462129882716e+26
5.277875658030835915e+00 5.931046826682261975e+26
5.309291584566733668e+00 9.681330431381423550e+26
5.340707511102631422e+00 1.643048260164901283e+27
5.372123437638529175e+00 1.658481347997611296e+27
5.403539364174426929e+00 3.868980504122861532e+27
5.434955290710324682e+00 3.986413360851247604e+27
5.466371217246222436e+00 7.587971443391034780e+27
5.497787143782120189e+00 1.294764385051775299e+28
5.529203070318017943e+00 1.364242008998617165e+28
5.560618996853915696e+00 3.204252349240895333e+28
5.592034923389813450e+00 3.263113506928031048e+28
5.623450849925711204e+00 6.811139405104950052e+28
5.654866776461608957e+00 9.479854421705345622e+28
5.686282702997506711e+00 1.098701405383760778e+29
5.717698629533404464e+00 2.520171645563693736e+29
5.749114556069302218e+00 2.583323006658768670e+29
5.780530482605199971e+00 5.629942971084459545e+29
5.811946409141097725e+00 7.878004423600623224e+29
5.843362335676995478e+00 1.066368234936579439e+30
5.874778262212893232e+00 1.993538358635527704e+30
5.906194188748790985e+00 1.718993048372856088e+30
5.937610115284688739e+00 4.419359857922004016e+30
5.969026041820586492e+00 6.217258313703721705e+30
6.000441968356484246e+00 8.792774263610683245e+30
6.031857894892381999e+00 1.653104059111693116e+31
6.063273821428279753e+00 1.408483418049517616e+31
6.094689747964177506e+00 3.759816962149833181e+31
6.126105674500075260e+00 4.272239329493185363e+31
6.157521601035973013e+00 6.885069441509060082e+31
6.188937527571870767e+00 1.301810731616499161e+32
6.220353454107768520e+00 1.156590494635092965e+32
6.251769380643666274e+00 3.111864135215843067e+32
