0 -2.163290e-12 4.464437e-11 
1 -2.234577e-12 1.248233e-12 
2 -8.385806e-13 1.648196e-12 
3 -6.097900e-13 1.494711e-12 
4 -6.291413e-12 1.465712e-11 
5 -4.025946e-12 7.513204e-12 
6 -3.149273e-11 2.398206e-11 
7 -1.688523e-10 2.395587e-10 
8 -2.122505e-09 1.536043e-09 
9 -2.151433e-08 2.911465e-08 
10 -4.921635e-07 3.765994e-07 
11 -6.400710e-06 8.291306e-06 
12 -1.075054e-04 7.655810e-05 
13 -1.250448e-03 1.690718e-03 
14 -3.138848e-02 2.339189e-02 
15 -4.442415e-01 5.954319e-01 
16 -1.131241e+01 8.440624e+00 
17 -1.603719e+02 2.149353e+02 
18 -4.083770e+03 3.047067e+03 
19 -5.789428e+04 7.759166e+04 
20 -1.474255e+06 1.099999e+06 
21 -2.089916e+07 2.801002e+07 
22 -5.339505e+08 3.982087e+08 
23 -1.459314e+10 1.925334e+10 
24 -6.736333e+11 9.904687e+11 
