0 -7.876861e-11 7.876861e-11 
1 -3.929341e-12 3.929341e-12 
2 -1.467491e-12 1.467491e-12 
3 -1.265603e-12 1.265603e-12 
4 -1.075862e-11 1.075862e-11 
5 -7.722673e-12 7.722673e-12 
6 -3.921982e-11 3.921982e-11 
7 -2.359687e-10 2.359687e-10 
8 -1.940455e-09 1.940455e-09 
9 -2.616706e-08 2.616706e-08 
10 -4.441868e-07 4.441868e-07 
11 -7.603678e-06 7.603678e-06 
12 -1.023702e-04 1.023702e-04 
13 -1.658221e-03 1.658221e-03 
14 -3.087157e-02 3.087157e-02 
15 -5.855434e-01 5.855434e-01 
16 -1.112448e+01 1.112448e+01 
17 -2.113648e+02 2.113648e+02 
18 -4.015931e+03 4.015931e+03 
19 -7.630271e+04 7.630271e+04 
20 -1.449750e+06 1.449759e+06 
21 -2.753271e+07 2.754446e+07 
22 -5.237662e+08 5.230977e+08 
23 -1.338658e+10 1.719501e+10 
24 -9.705619e+11 1.023627e+12 
