# # x,y
0.000000000000000000e+00 -1.990341787831857800e+01 1.342023426077257474e-08
5.000000000000000000e+03 -1.988467394333565608e+01 1.340913515774609354e-08
1.000000000000000000e+04 -1.983160868007689714e+01 1.337582351599338010e-08
1.500000000000000000e+04 -1.975763009506044909e+01 1.331978929537979609e-08
2.000000000000000000e+04 -1.966304538678377867e+01 1.324026038740570705e-08
2.500000000000000000e+04 -1.951782636070856825e+01 1.313842025480647759e-08
3.000000000000000000e+04 -1.934068035590462387e+01 1.301247487564870124e-08
3.500000000000000000e+04 -1.912439334200462326e+01 1.286236268980224223e-08
4.000000000000000000e+04 -1.887191174674080685e+01 1.268633749572046228e-08
4.500000000000000000e+04 -1.857146104425191879e+01 1.248404796402017774e-08
5.000000000000000000e+04 -1.823825742851477116e+01 1.225300601290060216e-08
5.500000000000000000e+04 -1.784871764568379149e+01 1.199368772171717809e-08
6.000000000000000000e+04 -1.739560216455720365e+01 1.170189177364277131e-08
6.500000000000000000e+04 -1.686137053032871336e+01 1.137070193128148159e-08
7.000000000000000000e+04 -1.622910388815216720e+01 1.100336529176374442e-08
7.500000000000000000e+04 -1.559345113334711641e+01 1.060725916428356557e-08
8.000000000000000000e+04 -1.491106634779134765e+01 1.014930136497755391e-08
8.500000000000000000e+04 -1.352947107527870685e+01 9.580132815017745001e-09
9.000000000000000000e+04 -1.113855661748675629e+01 8.989980434490738381e-09
9.500000000000000000e+04 -1.325830701855011284e+01 8.322259629220118784e-09
1.000000000000000000e+05 -8.265279546205420047e+00 7.237599105494038121e-09
1.050000000000000000e+05 -3.301861963351257145e+00 6.144771235647834507e-09
1.100000000000000000e+05 -5.276856560085434467e+00 5.465776291710368731e-09
1.150000000000000000e+05 -2.921850762388203293e+00 4.849153896807580335e-09
1.200000000000000000e+05 -1.584855137683916837e+00 4.244502941535950983e-09
1.250000000000000000e+05 -8.756381410057656467e-01 3.741580566054253015e-09
1.300000000000000000e+05 -1.964704383281059563e-01 3.291252157110870177e-09
1.350000000000000000e+05 4.544233452179469168e-01 2.858523686197016317e-09
1.400000000000000000e+05 1.017333085183054209e+00 2.452133676083996848e-09
1.450000000000000000e+05 1.505625505582429469e+00 2.074414970538463650e-09
1.500000000000000000e+05 1.944187932938802987e+00 1.719127634770868022e-09
1.550000000000000000e+05 2.339564992638770491e+00 1.381678313717507508e-09
1.600000000000000000e+05 2.690437571960501373e+00 1.061172073321399908e-09
1.650000000000000000e+05 3.003607174789067358e+00 7.565069072793823828e-10
1.700000000000000000e+05 3.289141859509982169e+00 4.662245801360936490e-10
1.750000000000000000e+05 3.546206551662180573e+00 1.887855474892624396e-10
1.800000000000000000e+05 3.779635004175361246e+00 -7.661621185616157650e-11
1.850000000000000000e+05 3.986783542146440595e+00 -3.308499202727420296e-10
1.900000000000000000e+05 4.176031820650678128e+00 -5.746156065897123990e-10
1.950000000000000000e+05 4.344886882463470101e+00 -8.087290248378172382e-10
2.000000000000000000e+05 4.499724136723671108e+00 -1.033622985392485573e-09
2.050000000000000000e+05 4.637592938612215221e+00 -1.249922495445789150e-09
2.100000000000000000e+05 4.761034135182853788e+00 -1.458130740982593578e-09
2.150000000000000000e+05 4.872664418944623321e+00 -1.658699963578626622e-09
2.200000000000000000e+05 4.974401172483339906e+00 -1.851893643212743013e-09
2.250000000000000000e+05 5.065130308736115694e+00 -2.038080610454941567e-09
2.300000000000000000e+05 5.144323953194543719e+00 -2.217755612850036829e-09
2.350000000000000000e+05 5.215471913514193147e+00 -2.391147359847096269e-09
2.400000000000000000e+05 5.280597908888012171e+00 -2.558310742894421613e-09
2.450000000000000000e+05 5.333368287829216570e+00 -2.719942340754044301e-09
2.500000000000000000e+05 5.382540390884969383e+00 -2.875876768247476924e-09
2.550000000000000000e+05 5.427470464434009045e+00 -3.026362878269492548e-09
2.600000000000000000e+05 5.464880358136724681e+00 -3.171806067791130908e-09
2.650000000000000000e+05 5.495047086442355067e+00 -3.312402212142782817e-09
2.700000000000000000e+05 5.524797081248834729e+00 -3.447975789462730869e-09
2.750000000000000000e+05 5.549530446180142462e+00 -3.578970726289665897e-09
2.800000000000000000e+05 5.564835652534384280e+00 -3.705811396392496685e-09
2.850000000000000000e+05 5.581676212197635323e+00 -3.828020346184759591e-09
2.900000000000000000e+05 5.595706086431164294e+00 -3.946044829450101870e-09
2.950000000000000000e+05 5.602598351542837918e+00 -4.060209465955549922e-09
3.000000000000000000e+05 5.610270508157555014e+00 -4.170225952744702249e-09
3.050000000000000000e+05 5.614404657273553312e+00 -4.276427572871595565e-09
3.100000000000000000e+05 5.611647797108162194e+00 -4.379138081541378657e-09
3.150000000000000000e+05 5.610011715674772859e+00 -4.478068387170628807e-09
3.200000000000000000e+05 5.608808206743560731e+00 -4.573319547796061572e-09
3.250000000000000000e+05 5.599761159857735038e+00 -4.665449051761495136e-09
3.300000000000000000e+05 5.599036201427225024e+00 -4.753749413617911920e-09
3.350000000000000000e+05 5.595613726007286459e+00 -4.838901429540925379e-09
3.400000000000000000e+05 5.585166763048619032e+00 -4.921033452154730819e-09
3.450000000000000000e+05 5.572800196299795061e+00 -5.000053709367053493e-09
3.500000000000000000e+05 5.567122638050932437e+00 -5.075646751007979280e-09
3.550000000000000000e+05 5.555721202399581671e+00 -5.148503167548634965e-09
3.600000000000000000e+05 5.544658628175966442e+00 -5.218320084796878867e-09
3.650000000000000000e+05 5.534131099178921431e+00 -5.285219788134820804e-09
3.700000000000000000e+05 5.524662552692461759e+00 -5.349148070504580344e-09
3.750000000000000000e+05 5.505300175980664790e+00 -5.410761592761927825e-09
3.800000000000000000e+05 5.494759933208115399e+00 -5.469140583473657813e-09
3.850000000000000000e+05 5.481242513458710164e+00 -5.525053230278022619e-09
3.900000000000000000e+05 5.469925751967821270e+00 -5.578156596265601980e-09
3.950000000000000000e+05 5.454447372467257082e+00 -5.628825087518585689e-09
4.000000000000000000e+05 5.441965581383556128e+00 -5.676806826711666008e-09
4.050000000000000000e+05 5.436677453748416156e+00 -5.721871832589418489e-09
4.100000000000000000e+05 5.419638813764322549e+00 -5.765013004998188242e-09
4.150000000000000000e+05 5.404522140044718981e+00 -5.805499406408751446e-09
4.200000000000000000e+05 5.391098483814857900e+00 -5.843537899187884020e-09
4.250000000000000000e+05 5.386189443059265614e+00 -5.878805702007962081e-09
4.300000000000000000e+05 5.380670514423400164e+00 -5.911740924870187221e-09
4.350000000000000000e+05 5.369606253399979323e+00 -5.942549436666119167e-09
4.400000000000000000e+05 5.359987189876846969e+00 -5.970922209505963087e-09
4.450000000000000000e+05 5.350611297879368067e+00 -5.996974213378760412e-09
4.500000000000000000e+05 5.341973153292201459e+00 -6.020698748458658651e-09
4.550000000000000000e+05 5.334307817160151899e+00 -6.042095669535884670e-09
4.600000000000000000e+05 5.324766039731912315e+00 -6.061326622970378317e-09
4.650000000000000000e+05 5.317570834711659700e+00 -6.078204472333568551e-09
4.700000000000000000e+05 5.317176189855672419e+00 -6.092559617119454631e-09
4.750000000000000000e+05 5.315122147614602000e+00 -6.104801103986155445e-09
4.800000000000000000e+05 5.312200042128097266e+00 -6.114837277993507400e-09
4.850000000000000000e+05 5.306859902339056134e+00 -6.122755022308870991e-09
4.900000000000000000e+05 5.303420840820763260e+00 -6.128397460831439258e-09
4.950000000000000000e+05 5.305894464487209916e+00 -6.131585388635339199e-09
5.000000000000000000e+05 5.304770153481513262e+00 -6.132767604477233941e-09
