# # t/year,M,M/M0
1.650182001043121517e+07 2.587499957300190400e+16 1.000000000000000000e+00
2.526600953313731030e+07 2.587499869742459200e+16 9.999999661612627433e-01
3.126082511703677848e+07 2.587499738444131200e+16 9.999999154179467498e-01
3.582495263502336293e+07 2.587499564151943200e+16 9.999998480586459459e-01
3.951418970434618741e+07 2.587499347537611600e+16 9.999997643429607841e-01
4.261295091612862051e+07 2.587499089273298000e+16 9.999996645306640231e-01
4.528639369861117005e+07 2.587498790062111600e+16 9.999995488934886323e-01
4.763898024762244523e+07 2.587498450652841200e+16 9.999994177208215707e-01
4.974100033044508845e+07 2.587498071847970000e+16 9.999992713228013086e-01
5.164202461064199358e+07 2.587497654508411600e+16 9.999991100321481419e-01
5.337829858687794954e+07 2.587497199562729200e+16 9.999989342077268972e-01
5.497713989335942268e+07 2.587496708007760800e+16 9.999987442347890720e-01
5.645968995604333282e+07 2.587496180898192800e+16 9.999985405209430578e-01
5.784262441856240481e+07 2.587495619353649200e+16 9.999983234988936154e-01
5.913932995715683699e+07 2.587495024559151600e+16 9.999980936266201770e-01
6.036071730629014224e+07 2.587494397765229600e+16 9.999978513874192565e-01
6.151579763585352153e+07 2.587493740288035600e+16 9.999975972899488585e-01
6.261210042088094354e+07 2.587493053508986800e+16 9.999973318680898116e-01
6.365598240373253077e+07 2.587492338874735600e+16 9.999970556809351097e-01
6.465286003387521207e+07 2.587491597896652000e+16 9.999967693125888513e-01
6.560738706448588520e+07 2.587490832150340800e+16 9.999964733719806098e-01
6.652359213843558729e+07 2.587490043275204800e+16 9.999961684926960137e-01
6.740421323010911047e+07 2.587489233611537200e+16 9.999958555791961246e-01
6.825167795843559504e+07 2.587488405621417200e+16 9.999955355830091319e-01
6.906884489241857827e+07 2.587487561220764400e+16 9.999952092445871799e-01
6.985824265758851171e+07 2.587486702363709600e+16 9.999948773191499329e-01
7.062211917699810863e+07 2.587485831040994400e+16 9.999945405760660710e-01
7.136248207612837851e+07 2.587484949278865600e+16 9.999941997984260755e-01
7.208113208890153468e+07 2.587484059137176800e+16 9.999938557823088159e-01
7.277969087191288173e+07 2.587483162707748000e+16 9.999935093361470573e-01
7.345962431384821236e+07 2.587482262112683600e+16 9.999931612800777581e-01
7.412226218896217644e+07 2.587481359502619600e+16 9.999928124452646117e-01
7.476881482216212153e+07 2.587480457054755200e+16 9.999924636731374328e-01
7.540038729533056915e+07 2.587479556971221600e+16 9.999921158147612177e-01
7.601799161846488714e+07 2.587478661476974000e+16 9.999917697300221286e-01
7.662255720604889095e+07 2.587477772818170000e+16 9.999914262870004400e-01
7.721493993470795453e+07 2.587476893260029200e+16 9.999910863611433109e-01
7.779593000713664293e+07 2.587476025084815600e+16 9.999907508344850759e-01
7.836625880668145418e+07 2.587475170590238800e+16 9.999904205950297387e-01
7.892660489460225403e+07 2.587474332087061600e+16 9.999900965358254901e-01
7.947759927607013285e+07 2.587473511897438800e+16 9.999897795543234436e-01
8.001983003974607587e+07 2.587472712352852000e+16 9.999894705515794957e-01
8.055384645889790356e+07 2.587471935792015600e+16 9.999891704314445295e-01
8.108016262756484747e+07 2.587471184559063200e+16 9.999888800998639748e-01
8.159926069431534410e+07 2.587470461001408800e+16 9.999886004640509141e-01
8.211159374636171758e+07 2.587469767468012400e+16 9.999883324318159517e-01
8.261758838869552314e+07 2.587469106307311600e+16 9.999880769107679646e-01
8.311764705693212152e+07 2.587468479865252800e+16 9.999878348075528223e-01
8.361215009637308121e+07 2.587467890483323600e+16 9.999876070270933281e-01
8.410145763588900864e+07 2.587467340496963600e+16 9.999873944719748220e-01
8.458591128066615760e+07 2.587466832233356400e+16 9.999871980415919737e-01
8.506583564522950351e+07 2.587466368009714400e+16 9.999870186314858689e-01
8.554153974471586943e+07 2.587465950131472800e+16 9.999868571326459010e-01
8.601331826067654788e+07 2.587465580890411200e+16 9.999867144307840183e-01
8.648145269504486024e+07 2.587465262562932800e+16 9.999865914056694782e-01
8.694621242459103465e+07 2.587464997408148800e+16 9.999864889303889948e-01
8.740785566659185290e+07 2.587464787666312400e+16 9.999864078707406678e-01
8.786663036501336098e+07 2.587464635556878800e+16 9.999863490844852487e-01
8.832277302096050978e+07 2.587464543276908000e+16 9.999863134207277460e-01
8.877650409510675073e+07 2.587464512997005200e+16 9.999863017183496794e-01
8.922804506583568454e+07 2.587464546859043200e+16 9.999863148051278960e-01
8.967761003040078282e+07 2.587464646976558000e+16 9.999863534978878921e-01
9.012540630109469593e+07 2.587464815432933200e+16 9.999864186018020407e-01
9.057163495974174142e+07 2.587465054279764400e+16 9.999865109097576532e-01
9.101649137450054288e+07 2.587465365534819600e+16 9.999866312015684988e-01
9.146016568274238706e+07 2.587465751180310400e+16 9.999867802433064501e-01
9.190284324331873655e+07 2.587466213160873200e+16 9.999869587865221066e-01
9.234470506123717129e+07 2.587466753381762800e+16 9.999871675675456872e-01
9.278592818745051324e+07 2.587467373706490400e+16 9.999874073065747604e-01
9.322668609623274207e+07 2.587468075955180400e+16 9.999876787070391959e-01
9.366714904232795537e+07 2.587468861901805200e+16 9.999879824545320206e-01
9.410748440000589192e+07 2.587469733272552800e+16 9.999883192161791445e-01
9.454785698584198952e+07 2.587470691742854400e+16 9.999886896394902802e-01
9.498842936687333882e+07 2.587471738935323200e+16 9.999890943515621355e-01
9.542936215583436191e+07 2.587472876416908400e+16 9.999895339579791820e-01
9.587081429480361938e+07 2.587474105696400400e+16 9.999900090418486487e-01
9.631294303744974732e+07 2.587475428220479600e+16 9.999905201622741879e-01
9.675588851017582417e+07 2.587476845317613200e+16 9.999910678326729974e-01
9.719980600909575820e+07 2.587478358293105200e+16 9.999916525575104354e-01
9.764485018746322393e+07 2.587479968381813600e+16 9.999922748140264162e-01
9.809117530015555024e+07 2.587481676744766800e+16 9.999929350509274562e-01
9.853893544330586493e+07 2.587483484465859200e+16 9.999936336871099174e-01
9.898828479025200009e+07 2.587485392548342400e+16 9.999943711103039812e-01
9.943937782457353175e+07 2.587487401911294800e+16 9.999951476757090729e-01
9.989236957107685506e+07 2.587489513386045200e+16 9.999959637046115235e-01
1.003474158257626444e+08 2.587491727712428400e+16 9.999968194829380597e-01
1.008046733852522373e+08 2.587494045534953600e+16 9.999977152597742114e-01
1.012643002768089026e+08 2.587496467399167200e+16 9.999986512459591026e-01
1.017264559894434214e+08 2.587498993747927200e+16 9.999996276126457140e-01
1.021903997024568021e+08 2.587501619705518000e+16 1.000000642475499468e+00
1.026552967808487862e+08 2.587504339049082000e+16 1.000001693429551253e+00
1.031212775634618104e+08 2.587507150658975200e+16 1.000002780042088313e+00
1.035884724390786737e+08 2.587510053318290000e+16 1.000003901842808185e+00
1.040570120365285128e+08 2.587513045715140400e+16 1.000005058324701768e+00
1.045270274127942920e+08 2.587516126445515600e+16 1.000006248945156440e+00
1.049986197239730358e+08 2.587519293808866400e+16 1.000007473046954587e+00
1.054719114369671047e+08 2.587522546141838400e+16 1.000008729987254430e+00
1.059470360632541627e+08 2.587525881763985600e+16 1.000010019116607918e+00
1.064241282513431907e+08 2.587529298915893600e+16 1.000011339755048301e+00
1.069033239752949625e+08 2.587532795762038800e+16 1.000012691193194359e+00
