0.000000000000000000e+00 0.000000000000000000e+00 0.000000000000000000e+00
0.000000000000000000e+00 5.000000000000000000e+04 0.000000000000000000e+00
5.000000000000000000e+04 5.000000000000000000e+04 1.000000000000000142e+02
5.000000000000000000e+04 0.000000000000000000e+00 1.000000000000000000e+02
2.500000000000000000e+04 2.500000000000000000e+04 9.156995318930900157e-03
0.000000000000000000e+00 2.500000000000000000e+04 0.000000000000000000e+00
2.062201987637829734e+04 2.479446627531606282e+04 6.517684591458546353e-04
1.250000000000000000e+04 2.500000000000000000e+04 2.178714001180729581e-06
8.096667007225885754e+03 1.548562349829996856e+04 6.463556989803262446e-08
5.170066363449436722e+03 2.154144599442203616e+04 7.295026675364563270e-09
9.375000000000000000e+03 2.187500000000000000e+04 2.096944547506577278e-07
3.599270050504826031e+03 1.967810964994237293e+04 2.119987615692274963e-09
2.500000000000000000e+04 0.000000000000000000e+00 8.364547802720964306e-03
7.931011409154659304e+03 1.765176366179075194e+04 5.883362553618342838e-08
1.171875000000000000e+04 2.265625000000000000e+04 1.157744498876668513e-06
1.204018495913456536e+04 1.687660842537990902e+04 1.368845013206752107e-06
5.078125000000000000e+03 2.460937500000000000e+04 7.874710605117390681e-09
0.000000000000000000e+00 1.875000000000000000e+04 0.000000000000000000e+00
1.712125510907101852e+04 2.215749829697632958e+04 5.876879254864954228e-05
0.000000000000000000e+00 1.250000000000000000e+04 0.000000000000000000e+00
7.095235965330789440e+03 2.303581723123409756e+04 3.100541016840679646e-08
9.478221947429483407e+03 2.489677805257051659e+04 2.210532567760698667e-07
4.051728237027288287e+03 1.660054297542485438e+04 2.669494766513958153e-09
6.700980713898477006e+03 1.944247007932205452e+04 2.051916881350867088e-08
8.874442177608736529e+03 1.960868557392581351e+04 1.259278535925774841e-07
7.577842053257178122e+03 2.116456455817175811e+04 4.884261901261712187e-08
1.224125320404125523e+04 1.978654993783533791e+04 1.358285600623399992e-06
1.547175518066118457e+04 2.601881062043978091e+04 1.725002166683791595e-05
1.447831147646313366e+04 2.303847950784562272e+04 8.861138160136612966e-06
0.000000000000000000e+00 3.750000000000000000e+04 0.000000000000000000e+00
2.685704083588930735e+04 2.890726388418729039e+04 2.641622930777609221e-02
1.329068977152768275e+04 2.146004468900378924e+04 3.967380198585048910e-06
7.866772212914757802e+03 3.644953241832984349e+04 6.753816099957905841e-08
1.854638214780381895e+04 2.390778216435107242e+04 1.767943237136186565e-04
1.854319227388966101e+04 2.749436876539516015e+04 1.546426843046131111e-04
1.008985493420984858e+04 1.781686124933969768e+04 3.126564353201254420e-07
1.085486798265957259e+04 2.887829477001341002e+04 6.292167185882085024e-07
1.576414571230087495e+04 1.874316373982697769e+04 2.294268721301066398e-05
0.000000000000000000e+00 2.187500000000000000e+04 0.000000000000000000e+00
2.042810262338536631e+04 2.237563599133590105e+04 5.476859285804268644e-04
5.874608809765716614e+03 1.755703242898668032e+04 1.110220405913295618e-08
2.138137179193356496e+04 2.014412938457819109e+04 9.558288069265628243e-04
0.000000000000000000e+00 1.562500000000000000e+04 0.000000000000000000e+00
1.629650514486610155e+04 2.408815445870805343e+04 3.586330070619319379e-05
2.347698567247305618e+04 2.235871212808806013e+04 3.677736242635162855e-03
2.972468167481279670e+04 2.705571739344973685e+04 1.186202164466952785e-01
1.070236504320246240e+04 3.097704974435122858e+04 6.133505643816188930e-07
3.311955349779973767e+04 3.338068440974853002e+04 6.461240409259005890e-01
2.282365637840846466e+04 2.462785708270709438e+04 2.367255510866203040e-03
9.709285007903188671e+03 3.272711276068818188e+04 2.926037948365980949e-07
3.214701248048661000e+04 3.791527867341078672e+04 3.872216433121863366e-01
1.093191063901219059e+04 2.662290418811107520e+04 6.842913484192978405e-07
1.340349070334880889e+04 2.783634288889349773e+04 3.991157139622134328e-06
3.547641004479716503e+04 2.752826196860154596e+04 1.798154947119727787e+00
3.664403192661447065e+03 3.496039913213968248e+04 2.427024289558706219e-09
2.194639344638908733e+04 2.766530570201943192e+04 1.511209539359979325e-03
9.423974726603328236e+02 1.718750000000000000e+04 1.743964312792801902e-10
2.596162040343645003e+03 1.795859143501391009e+04 7.176871892470537021e-10
3.957523141291567299e+03 2.304045001744271576e+04 2.468478949115105152e-09
2.570675747027043144e+03 2.521565971135155269e+04 9.189857461472433813e-10
2.445343794908578275e+04 2.808178301987745363e+04 6.307383671698029402e-03
1.345049034988865060e+04 3.060865244973843073e+04 4.037222747029497606e-06
6.453223247333709878e+03 3.014268058297982134e+04 2.459725596937648071e-08
8.054540814986036821e+03 2.757094547957779650e+04 8.636167019539601869e-08
8.810601228992951292e+03 3.005549710879627310e+04 1.339243120251566094e-07
0.000000000000000000e+00 3.125000000000000000e+04 0.000000000000000000e+00
1.767806962471334828e+03 2.317406438931904268e+04 4.084882970293465025e-10
1.966954705218907293e+03 2.105068262244986181e+04 4.389069340206881882e-10
1.369449024057385577e+04 1.822421824717416166e+04 4.964323911954248762e-06
1.589537073128075644e+04 1.383324600736683897e+04 2.238366688648928438e-05
1.528347511710861363e+04 1.627360462677273426e+04 1.530951547772013878e-05
1.968367069159413950e+04 1.608001715987677380e+04 3.147062960929502802e-04
1.752501908875007575e+04 1.711887248488676414e+04 7.205215260438162629e-05
1.780288965513231960e+04 1.493409009388791492e+04 8.685860560241519463e-05
1.953319764754460994e+04 1.852952059447159263e+04 2.939255009148344076e-04
2.611100012535443966e+03 1.001367419154207346e+04 7.269885465843991372e-10
1.828080830566360237e+04 1.190288705192447378e+04 1.372224812953169910e-04
2.187500000000000000e+04 0.000000000000000000e+00 1.311092618799013362e-03
2.519512218915164794e+03 1.406250000000000000e+04 6.409991496586144933e-10
7.234714396026352006e+03 2.541842838446660608e+04 3.837389414489066604e-08
6.296765863128264755e+03 2.826085471032824717e+04 1.768039692707793532e-08
3.018046782752855961e+03 2.948086853214466100e+04 1.334349175624160913e-09
4.304178358839284556e+03 2.689676490204081347e+04 3.810457466768325900e-09
0.000000000000000000e+00 2.812500000000000000e+04 0.000000000000000000e+00
2.123587475458039989e+03 2.741100221018914453e+04 5.695659489435898348e-10
1.887740611812578209e+04 2.070927848486583389e+04 1.939356909921641551e-04
1.767835499564809288e+04 1.916000960517069689e+04 8.164029667951320233e-05
1.516767407311207353e+04 1.057859387078134932e+04 1.353123496065476485e-05
2.276695589257366009e+04 1.272037935181718058e+04 2.193344046746636359e-03
7.984356263849219431e+03 9.298003187612199326e+03 5.373228194149226942e-08
2.312952614555513264e+03 1.591872072429153559e+04 6.011449841768920434e-10
5.508226517279661493e+03 1.398973453161682846e+04 7.279794771907812772e-09
1.111629007001774880e+03 2.968750000000000000e+04 2.519577992511608343e-10
1.622910223782458343e+04 8.389113806543211467e+03 2.956260256303444434e-05
2.066992962093903770e+04 1.151016909306540038e+04 5.982500975150940219e-04
2.341196270740181353e+04 9.180779325906698432e+03 3.420727483307072023e-03
2.068563090959487090e+04 1.390490834716516838e+04 6.132767413407048084e-04
2.245709883361084576e+04 1.083534688116749021e+04 1.865390958845936000e-03
2.524986659274178601e+04 1.134426151098034461e+04 9.450794022020791649e-03
2.356977973982668846e+04 1.655181670863888212e+04 3.827977984690211517e-03
2.170251371407840998e+04 1.569166375293837518e+04 1.253307242019641035e-03
2.180017068792295686e+04 1.793652171316848035e+04 1.202751077235844623e-03
2.442643153176545093e+04 1.946969511970986059e+04 6.455724284044370848e-03
0.000000000000000000e+00 9.375000000000000000e+03 0.000000000000000000e+00
2.521395865150044119e+04 1.420747322147907835e+04 9.588785920231773438e-03
2.698817001137187617e+04 8.005150338593458400e+03 2.824992044852831299e-02
2.330620017521142654e+04 1.458986664448728516e+04 3.231038315730409144e-03
8.612056056467095914e+03 1.112286408453972945e+04 1.031596585163328175e-07
2.543935954205860617e+04 9.320883280073256174e+03 1.167578645841147941e-02
3.380674464057425212e+04 7.304170346836583121e+03 8.802585538576708224e-01
2.769387352570846633e+04 1.040532169043226531e+04 3.879173868964346655e-02
2.647186116861901246e+04 1.279141773555332111e+04 2.140994007231267204e-02
2.812500000000000000e+04 0.000000000000000000e+00 4.800328902220528382e-02
3.002279213258120581e+04 1.310401925465297973e+04 1.406881691963760284e-01
0.000000000000000000e+00 6.250000000000000000e+03 0.000000000000000000e+00
1.639587402097305676e+04 1.201266248541382993e+04 3.500747146883535923e-05
3.059001494982412623e+04 2.038999993204030034e+04 2.034443561564888980e-01
3.319557030447528086e+04 1.472892204944452169e+04 6.544490557150769439e-01
3.046251084464860833e+04 8.287449120137438513e+03 1.842899771057613656e-01
3.019620085817891231e+04 1.069149357409163349e+04 1.458658767375469456e-01
2.831075491006802986e+04 1.222721857180282132e+04 5.935636145697155419e-02
1.009678758738958277e+04 8.537620932054453078e+03 3.118977748834619339e-07
3.125000000000000000e+04 0.000000000000000000e+00 2.504856234362682899e-01
2.581910380317659656e+04 1.638061988897119954e+04 1.441373023576141520e-02
2.867107422431703526e+04 8.814171146758877512e+03 7.284619005726854224e-02
6.236239274499288513e+03 1.571742712437960836e+04 1.592639234158925893e-08
6.646631811610059231e+03 1.154566478829043626e+04 2.150178242403950611e-08
1.273660496370142027e+04 1.047683098063717625e+04 2.191911234745394520e-06
5.489106275057082712e+03 8.513645568464618918e+03 7.835929229155875349e-09
1.220727470853301020e+04 7.771858969869531393e+03 1.710273463151242964e-06
1.225999368231757762e+04 1.319158802032427411e+04 1.664529991036660179e-06
1.875000000000000000e+04 0.000000000000000000e+00 1.473374986738076669e-04
1.420136403019222416e+04 1.281168536050886178e+04 6.934103079889457517e-06
1.893728809297434054e+04 1.355966916898999625e+04 1.780878271015364346e-04
2.308614668353174420e+04 2.062974556180349828e+04 2.659097070442267060e-03
5.000000000000000000e+04 2.500000000000000000e+04 9.999999999999998579e+01
3.750000000000000000e+04 0.000000000000000000e+00 3.791439176767898545e+00
1.978356883272925188e+03 1.212251500470422616e+04 4.092270457392784669e-10
3.958572780501846864e+03 1.175490668103803182e+04 2.298864267413571513e-09
8.629860040289588142e+03 1.305258099148429937e+04 8.814547274300084150e-08
1.050762568105267746e+04 1.148472057700069308e+04 4.506896742543829494e-07
1.250000000000000000e+04 0.000000000000000000e+00 1.959198109285277775e-06
1.038404687413908505e+04 1.471195007872000861e+04 3.844167970093638155e-07
2.026763868863620883e+04 6.554257163569867771e+03 4.792110331769685000e-04
2.061919494827086965e+04 8.671864696093840394e+03 5.300045402267830564e-04
1.716844317789982233e+04 1.019651518231731643e+04 5.520435361792730048e-05
5.202176373770489590e+03 1.036014825878865668e+04 6.423336434753040069e-09
2.316078574890983873e+03 7.831808981631633287e+03 5.156675089083742032e-10
2.239316383033182137e+04 6.854251059358486600e+03 1.904885932589906166e-03
2.378313258266791308e+03 5.254184076318559164e+03 5.212471366985066042e-10
1.412022508650426607e+04 8.718783282749060163e+03 7.024404175690095144e-06
1.465536230479147889e+04 5.232006884115777211e+03 9.651165985532223607e-06
0.000000000000000000e+00 3.125000000000000000e+03 0.000000000000000000e+00
6.250000000000000000e+03 0.000000000000000000e+00 1.287198202401959480e-08
2.503741902762054815e+04 6.045280617533265286e+03 8.767166005760851713e-03
6.720967374208718866e+03 6.957463327975232460e+03 2.069672765695768415e-08
7.402252370184745814e+03 3.416673393742617463e+03 3.990458933264640549e-08
4.113895018522416649e+03 7.189399311437120559e+03 2.536550597904112179e-09
2.178836740586474116e+04 3.459459561165819650e+03 1.148427458296428410e-03
8.697897468355848105e+03 6.781587416966725868e+03 9.991232615024591632e-08
2.562695981189454687e+04 3.018875366137136098e+03 1.250241449163521160e-02
1.846205124993045683e+04 7.941998873969523629e+03 1.507756346811614870e-04
1.873143788785668221e+04 5.054943799000967374e+03 1.656565971773201005e-04
5.218055221971373612e+03 4.832349175087014373e+03 6.150227222195806142e-09
2.325622307750954496e+04 4.949224148025627073e+03 2.935777036784767164e-03
4.687500000000000000e+03 9.610874813538429180e+02 4.573948084323678477e-09
5.364766416654791101e+03 2.665905828769969503e+03 7.909323353514832257e-09
3.612643781534972732e+03 3.794230510701288495e+03 1.553242291698919346e-09
1.338906084753991308e+04 1.510800195185055964e+04 3.547744534518655544e-06
3.125000000000000000e+03 0.000000000000000000e+00 6.643065020987608818e-10
3.269819370898063062e+04 2.826081751611430718e+03 5.007920773920607749e-01
2.031250000000000000e+04 1.691686027555576629e+03 4.858418348575027764e-04
2.355113839787138204e+04 1.875440636615812991e+03 3.559770996333853823e-03
2.745110334167977635e+04 4.451820877373333133e+03 3.488561166639365940e-02
2.889531807431405468e+04 6.267055369517909639e+03 7.910630340496967172e-02
2.763821968387116431e+04 1.905921867528457369e+04 4.108163650504670361e-02
2.773148783881511918e+04 2.217348059733592436e+03 3.956691457489661806e-02
3.156105141917767105e+04 5.791028715431169985e+03 3.027811849337321837e-01
2.968750000000000000e+04 3.835896821922163326e+03 1.181192561020031201e-01
2.983911682343003486e+04 1.661475965516735414e+03 1.288319743266016226e-01
3.376892914058659517e+04 4.937276373172709100e+03 8.521874697275690913e-01
3.437500000000000000e+04 0.000000000000000000e+00 1.107379443621754112e+00
3.745723570723580633e+04 6.062097941016762888e+03 4.064781224152334005e+00
3.543169485040099971e+04 6.094459694901355761e+03 1.830866230212585988e+00
3.649463574810443970e+04 9.218477452058185008e+03 2.749739240819723651e+00
2.590630525352325276e+04 1.827840596486521463e+04 1.482643892867677345e-02
2.902584280928925727e+04 1.615983548797515505e+04 8.950813190595563462e-02
2.778204103306517936e+04 2.267927705870960926e+04 4.394204221088163220e-02
3.639565810077587957e+04 3.023409369767353382e+03 2.616170528049788668e+00
3.349350544468231237e+04 1.058818782843130793e+04 7.409915438262262288e-01
4.346321073525028623e+04 9.310799286649400528e+03 2.734560896767206373e+01
2.748683401742787828e+04 1.720502200418978100e+04 3.753776895894296584e-02
2.732123759906580744e+04 1.479984984692441867e+04 3.305405669207140545e-02
3.099674907161185183e+04 1.511230301428666280e+04 2.410604609543450516e-01
3.261415129950866685e+04 1.789147195938980076e+04 5.005783355870021545e-01
2.975964394525600437e+04 1.829277185020472461e+04 1.208658381008556743e-01
3.102702326413073388e+04 1.695491120070541729e+04 2.403924253524627186e-01
2.861426511104856399e+04 2.083332748500417074e+04 7.054870312797910381e-02
2.560163856083607971e+04 2.289334160074003375e+04 1.364715313166945700e-02
3.281250000000000000e+04 9.834106429844678132e+02 5.663483954806286524e-01
4.139461413249420730e+04 1.916211740905268016e+04 1.543279004254173614e+01
3.459411654958781583e+04 2.040501732734309144e+03 1.224066440741023998e+00
3.243889317605172255e+04 8.830648248333754964e+03 4.712194960128254229e-01
3.459851326548481302e+04 9.036639131158655800e+03 1.251731541037856887e+00
3.635025332280513248e+04 1.287482292565033640e+04 2.617911707473714600e+00
4.265695998129951477e+04 3.392652685081465279e+03 2.246069853827406249e+01
3.833276485153845715e+04 2.459347359390186466e+04 5.434672998236811381e+00
2.622424037543254235e+04 2.076610110926320340e+04 1.715560957914836690e-02
3.878123791364976205e+04 3.894775241568757338e+03 6.368073795392720449e+00
4.375000000000000000e+04 0.000000000000000000e+00 2.960856739685612737e+01
3.814061895682488102e+04 1.947387620784379124e+03 5.171394298224325503e+00
4.062500000000000000e+04 0.000000000000000000e+00 1.163806909862061367e+01
4.301571470399713871e+04 1.718646671027834600e+04 2.493550510100644857e+01
4.467211680175305810e+04 2.686949668819585895e+03 3.742302718832942787e+01
4.687500000000000000e+04 0.000000000000000000e+00 5.996340609699760194e+01
5.000000000000000000e+04 1.250000000000000000e+04 1.000000000000000000e+02
4.531250000000000000e+04 9.654782472434612828e+02 4.384801428935033130e+01
5.000000000000000000e+04 6.250000000000000000e+03 1.000000000000000000e+02
4.686046148840896785e+04 2.139098445076221833e+04 6.012360699754901816e+01
4.277463493505460792e+04 2.102014444370322963e+04 2.307249672545507124e+01
5.000000000000000000e+04 3.125000000000000000e+03 9.999999999999998579e+01
3.549924033935895568e+04 1.101019453611533572e+04 1.853208986726539553e+00
3.409381948632300191e+04 1.271246743612662249e+04 1.002328503783551650e+00
3.198643995155694574e+04 1.216104244004753127e+04 3.866171475758085063e-01
3.665201076191203174e+04 1.699909180867184114e+04 2.868647084975384676e+00
3.485148770030424203e+04 2.177318112478684634e+04 1.398696251217771414e+00
4.218750000000000000e+04 1.309750602855852321e+03 1.969533142215092880e+01
3.444479147761822969e+04 1.659330556764476205e+04 1.174616976106661159e+00
3.528771839859071770e+04 1.467779738844719213e+04 1.690869352474212661e+00
3.511631274136654974e+04 1.914648488540998369e+04 1.545420596151059645e+00
3.917252133548569691e+04 2.042444317840762960e+04 7.443255230466861327e+00
3.687197458648184693e+04 2.065018975968440645e+04 3.303837233242452598e+00
3.784776875194397871e+04 1.875922718479183095e+04 4.746998145902799671e+00
3.820489341750815220e+04 2.239862665523362375e+04 5.079329201168877539e+00
3.984909878778011625e+04 6.035197116787906452e+03 9.714730635656326996e+00
4.244518196754476958e+04 2.325273647186309972e+04 2.114433981834203635e+01
4.217397737029894051e+04 5.472460742487870448e+03 1.915412327603387865e+01
4.021282014343114861e+04 2.338279351716080782e+04 1.058521671140414000e+01
4.157647348739842710e+04 2.756550111870966794e+04 1.628718666343885602e+01
4.034510015702325472e+04 2.565331144074032272e+04 1.118253771897769688e+01
2.290932769266142350e+04 3.067669109818074139e+04 2.536562190793285269e-03
3.840022684382859734e+04 2.690573171913526312e+04 5.521916944014139794e+00
3.421306499096142943e+04 2.600770503554100287e+04 1.055118507967055086e+00
3.644628657912998460e+04 2.580562630779562096e+04 2.789483398784408763e+00
3.515573831432349834e+04 2.398444001762667904e+04 1.529305381963699695e+00
3.174114878232555930e+04 2.362476133393706914e+04 3.398504753311961113e-01
2.991054373799670793e+04 2.252831292881568152e+04 1.358971748493841558e-01
3.565456698694820079e+04 2.949711803639652135e+04 1.881366043786331099e+00
3.867581843557288084e+04 8.062657954829458504e+03 6.408493530826171458e+00
5.000000000000000000e+04 1.875000000000000000e+04 9.999999999999998579e+01
4.375828088161790947e+04 7.011948962955410025e+03 2.974220650437867164e+01
4.059045455959689571e+04 2.158791421171614274e+04 1.199732928986610325e+01
3.934325655298624770e+04 1.030803333415724228e+04 8.018974841778010898e+00
4.229739750785069918e+04 1.106620464000751053e+04 1.958121255477378142e+01
4.343242102114922454e+04 1.913709015648826608e+04 2.738570344527729006e+01
3.298663979946590553e+04 2.026240899654227906e+04 6.218303324925928965e-01
3.298320301733619999e+04 2.217299106272389690e+04 6.112626615294104448e-01
4.026287411139367759e+04 2.255714421386961021e+03 1.101038525716386118e+01
3.986297834229718865e+04 1.610394288725470869e+04 9.504943800663870235e+00
4.162368369101282588e+04 8.282835917021307978e+03 1.623884483445365134e+01
5.000000000000000000e+04 9.375000000000000000e+03 1.000000000000000000e+02
2.500000000000000000e+04 5.000000000000000000e+04 8.776966520302367791e-03
3.928980756898316031e+04 3.059852409449661354e+04 7.914926587814912651e+00
1.526302986428013901e+04 3.376644078679499216e+04 1.644074427479410384e-05
1.175246429290225933e+04 3.280059605707013543e+04 1.332349635778120982e-06
7.745296752178396673e+03 3.316492396318931424e+04 5.906238887877675203e-08
4.430491090347364661e+04 4.868404718872779995e+03 3.432698406866168739e+01
4.580607266742803768e+04 1.213158574427318672e+04 4.823617618671185170e+01
4.517766388525699585e+04 8.362496721392888503e+03 4.224170463744552251e+01
4.735264366221924138e+04 2.704252956907135740e+03 6.580704661299834868e+01
4.843750000000000000e+04 1.118329382448332353e+03 7.954943903076423339e+01
4.839455723398190457e+04 4.687500000000000000e+03 7.900073630960338278e+01
4.797825822055642493e+04 6.721273185333969195e+03 7.374868195153840134e+01
4.633756471509046241e+04 4.502844265199792972e+03 5.421864822867071609e+01
4.596433824453430861e+04 6.494795069882384269e+03 5.018086499138376411e+01
1.545616931231185845e+04 3.648982225981363445e+04 2.016868218410785893e-05
1.370660443223006951e+04 3.256072959489324785e+04 5.569940160234251002e-06
1.814140025965431778e+04 3.599621892372128059e+04 1.109236592041422495e-04
3.972031619103197590e+04 1.808802725305157219e+04 8.924572205567338656e+00
3.778127845182101737e+04 1.484329380807755297e+04 4.608011837244620601e+00
3.874472234243025014e+04 1.263850240170099823e+04 6.293231618781411463e+00
3.749740920420220937e+04 1.107605977021168110e+04 4.205969781354760073e+00
4.228943079421684524e+04 1.416942409546087401e+04 2.001730783027005600e+01
4.662728332951213088e+04 1.743475888152740663e+04 5.688879150976823951e+01
4.470499915866403899e+04 2.244560301056374374e+04 3.784627017495619583e+01
4.504719537393065548e+04 2.041498444281523552e+04 4.124318388982359096e+01
4.701149194177376921e+04 2.442967507866930828e+04 6.183148355110431282e+01
6.060834879582724170e+03 3.487177132542610343e+04 1.643581709638178164e-08
2.655661154571848238e+04 2.665511336041909817e+04 2.200030372480319546e-02
3.240006867492386300e+04 2.879912105691290344e+04 4.679015660378290642e-01
2.762494008359850341e+04 2.464984183884078084e+04 4.108632315836068666e-02
4.169207370896250359e+04 1.590916354834435151e+04 1.694838728438912412e+01
4.022814192335115513e+04 1.407296485867128104e+04 1.074257053589807320e+01
4.374121984568731568e+04 1.262153123453408807e+04 2.990422993862414458e+01
4.537558868166423053e+04 1.491341726188637040e+04 4.379018659493844012e+01
5.000000000000000000e+04 1.562500000000000000e+04 1.000000000000000000e+02
4.486070102652575588e+04 1.674039446064779258e+04 3.937242104642695040e+01
4.776744487106624001e+04 1.385932907471934595e+04 7.070372742027595336e+01
4.797256932137177500e+04 1.589424759493255988e+04 7.334003847023062406e+01
4.892890315452359937e+04 2.031250000000000000e+04 8.610757009838020792e+01
5.000000000000000000e+04 2.187500000000000000e+04 9.999999999999998579e+01
4.727918825890333392e+04 1.938132039028009967e+04 6.510711020049011211e+01
5.000000000000000000e+04 3.750000000000000000e+04 9.999999999999998579e+01
1.577994958180361573e+04 3.149172789119647132e+04 2.326634899726370262e-05
2.985397182530140708e+04 2.482366018537931814e+04 1.321214344247623740e-01
4.874951223065269005e+04 2.343750000000000000e+04 8.373505660977939158e+01
5.000000000000000000e+04 2.812500000000000000e+04 1.000000000000000000e+02
2.028955115285208740e+04 2.668873974917833402e+04 4.878903342298092946e-04
1.284507133470928784e+04 3.569215262561226700e+04 2.748758388428318390e-06
4.900977771931258030e+04 2.968750000000000000e+04 8.695864326434472957e+01
0.000000000000000000e+00 3.437500000000000000e+04 0.000000000000000000e+00
1.607396138001385953e+04 2.917762292074246216e+04 2.493710322651177235e-05
2.965269772451288009e+04 3.009067768566829909e+04 1.195489544146368932e-01
1.754980777012991166e+04 3.309001177910357364e+04 8.487569333985908032e-05
4.602096187781529807e+03 3.050491611631508931e+04 5.654537227110346339e-09
1.791308166066980266e+04 3.058701682394301315e+04 1.014128705506974853e-04
4.768965311465733066e+03 3.238375636172656596e+04 6.121706992746448476e-09
1.962727956779935266e+04 4.461656751177363913e+04 2.976386612399690014e-04
2.230852938708351576e+04 3.377614224850232131e+04 1.927259657773857911e-03
1.668685592250512855e+04 2.742396930224540120e+04 4.243314645466267251e-05
1.126351512968897805e+04 3.840796577873736533e+04 1.014315693534439501e-06
2.074363973919523414e+04 3.507735869908153836e+04 6.200159667960437404e-04
2.424636043516140489e+04 3.526424038136936724e+04 5.394228854893877954e-03
2.136014518227268127e+04 3.701693723576979392e+04 1.086371329086665075e-03
2.114924765598928934e+04 3.162540026214315003e+04 8.501994325141205974e-04
9.907692668074078028e+03 3.472950206300826540e+04 3.379326764059924491e-07
2.012793190880422844e+04 2.990643401528725371e+04 4.587213090143364052e-04
1.359766961583581542e+04 3.790102058502884029e+04 5.427617311923327890e-06
3.971697240999611677e+04 2.854207695797639099e+04 8.879248773170397513e+00
2.153681980220461810e+03 3.278770441173471772e+04 6.849526125970081263e-10
1.993144848115560671e+04 3.321124261970975931e+04 3.733696223461845922e-04
3.185862665015912353e+04 2.605955135141469145e+04 3.710414587443044421e-01
1.755791111919691321e+04 2.570019774724032686e+04 7.561026323545195289e-05
5.000000000000000000e+04 3.125000000000000000e+04 1.000000000000000000e+02
1.250000000000000000e+04 5.000000000000000000e+04 2.055544783200760342e-06
1.291588981527719625e+04 4.013276388084984501e+04 3.227087590834680738e-06
8.502074867351497232e+03 4.062498454559310630e+04 1.210543644653176986e-07
9.723669878357748530e+03 3.658200104836159881e+04 3.185250749800518538e-07
2.865711024687368263e+04 2.854873027906458083e+04 7.049251002905174146e-02
3.062705345276552544e+04 2.859545388668150554e+04 1.993072302143706065e-01
1.629347261550652775e+03 3.593750000000000000e+04 4.423100707801167213e-10
4.493463599960951797e+03 3.929492979606163135e+04 4.874359842716772378e-09
0.000000000000000000e+00 4.375000000000000000e+04 0.000000000000000000e+00
4.938331244120270640e+03 3.696328848317444499e+04 7.007650106643024553e-09
2.872469021642049483e+03 3.777739052615505352e+04 1.223917395270266712e-09
2.271547120914369771e+03 4.004380012793644710e+04 7.064643929696974841e-10
0.000000000000000000e+00 4.062500000000000000e+04 0.000000000000000000e+00
1.073056738914573907e+04 4.057243050533608039e+04 5.807486123086609797e-07
6.250000000000000000e+03 5.000000000000000000e+04 1.212439525743936895e-08
1.732840101768164095e+04 3.912416379235911882e+04 7.400664915805979494e-05
1.791269924310162605e+04 4.230278022918457282e+04 9.625812504575941768e-05
1.540476771306643059e+03 4.191613202506776724e+04 3.731603770270959408e-10
1.511189395585873535e+04 3.958361485696829914e+04 1.665684935805231956e-05
9.161637940001917741e+03 3.861822740412497660e+04 1.930797956738418973e-07
1.277214281059011591e+04 4.506908778973037261e+04 2.712704558985083755e-06
6.828505151367186045e+03 3.896316231953727402e+04 3.150868363532001609e-08
9.690785928812412749e+03 4.375630017451180902e+04 3.023734800585699440e-07
1.227222150492447872e+04 4.258427502540320711e+04 1.835198120290673734e-06
1.513525136841024687e+04 4.330095609323389363e+04 1.453629335474814131e-05
1.441114208141285053e+04 4.144676193661770230e+04 9.321796401730249359e-06
3.364052353144746303e+04 3.095159639796926058e+04 8.527193982329953625e-01
3.138390048524084341e+04 3.173802578170845663e+04 2.861140373906247425e-01
2.988619128124804047e+04 3.505880879338959494e+04 1.292662562303132923e-01
3.121154456410340936e+04 3.365842445374296221e+04 2.670279260281566702e-01
3.247028561452588838e+04 3.561302325792460761e+04 4.851324712536358441e-01
3.802048991778447089e+04 3.601669254934373021e+04 4.890820947950245134e+00
3.514735484494865523e+04 3.716275023210090876e+04 1.601193583454120661e+00
2.692170796308357967e+04 3.264838615863878658e+04 2.830187280426928881e-02
2.921775111804375774e+04 3.251154753199859624e+04 9.202844971641355176e-02
2.453463762938867148e+04 3.288304989995405776e+04 6.889499234090858994e-03
2.553505200852791313e+04 3.080123514594071094e+04 1.222263218271167108e-02
2.637423990782572218e+04 4.202103379678295460e+04 1.922044008193705966e-02
4.434561165567144599e+03 4.220255667448278837e+04 3.709620337101792524e-09
6.352776386322180770e+03 4.111586526859401056e+04 2.028245821643773285e-08
6.676509244653056157e+03 4.616511502457205643e+04 2.401594186882550274e-08
3.916509006576523825e+04 4.306063774553858093e+04 7.571010545931404323e+00
1.928859356192104678e+04 3.796401918171061698e+04 2.836532607689875424e-04
2.202984108319212100e+04 4.122085518585977843e+04 1.616016439165187356e-03
2.111136357633977605e+04 3.921187003338028444e+04 8.705611533843539938e-04
2.465406040553610364e+04 3.880665239726642903e+04 6.909145000563170387e-03
1.978024346769577096e+04 4.103488749616570567e+04 3.582124519857648472e-04
1.875000000000000000e+04 5.000000000000000000e+04 1.378697312189503161e-04
1.532799021768645252e+04 4.602176513126004284e+04 1.578343542768139674e-05
3.449853076364862500e+04 4.093334831917958945e+04 1.226304466389624537e+00
3.571907312895186624e+04 3.442156811430912057e+04 2.021466108990298771e+00
3.429152456593016541e+04 3.555404120489722118e+04 1.116250391238293727e+00
3.589849466832311737e+04 3.195657031651492798e+04 2.128092760483362156e+00
3.731261523468694213e+04 3.057449582197163545e+04 3.871719272576464643e+00
1.517910492355147653e+04 4.803578785090665042e+04 1.213453475212503847e-05
2.771959945848124698e+04 3.076347417544990822e+04 4.217819637720909148e-02
8.087276052891374093e+03 4.257373786207428202e+04 7.317085163780526375e-08
2.341875732539891760e+04 3.715415742416273861e+04 3.679430150268120023e-03
2.378818657589510622e+04 4.386787593562222901e+04 4.447812687355153470e-03
2.901030362258333116e+04 4.351222354348035151e+04 8.269117608229817340e-02
9.375000000000000000e+03 5.000000000000000000e+04 2.002788707672441587e-07
1.201862368914144645e+04 4.794232492557125079e+04 1.295629036421518335e-06
2.207458982035259032e+04 4.309865124047957943e+04 1.549356504733647019e-03
2.418850478410930737e+04 4.169443374471095012e+04 5.972385087436342214e-03
2.187500000000000000e+04 5.000000000000000000e+04 1.170172234316991730e-03
2.022472128883403639e+04 4.284797629166909610e+04 5.053919505800227906e-04
2.926881837862022076e+04 3.997967460781108093e+04 9.790850507511320022e-02
1.562500000000000000e+04 5.000000000000000000e+04 1.651700750107975196e-05
1.687341192946572846e+04 4.377418380499255727e+04 4.942445890952364926e-05
3.750000000000000000e+04 5.000000000000000000e+04 4.004289648930825507e+00
1.357665401044543796e+04 4.681549982878541050e+04 5.119517087171817782e-06
3.125000000000000000e+04 5.000000000000000000e+04 2.535097549997710753e-01
1.080312302463971355e+04 4.541809084605751559e+04 5.898536343666476392e-07
2.611031500412294190e+04 4.438546164486927591e+04 1.767063081696143567e-02
2.504209498547130352e+04 4.661009526550320152e+04 9.508814546052821864e-03
1.718750000000000000e+04 4.788314119111916079e+04 5.361329403558741239e-05
1.776798283145995447e+04 4.577228605781346414e+04 9.145146580741354467e-05
1.982660943732776286e+04 4.701070425126068585e+04 3.385726586804955465e-04
2.196446409653991213e+04 4.563727400112380565e+04 1.425292203582318416e-03
2.322750290877071529e+04 4.699613542452130787e+04 2.961154132240302606e-03
3.398970971459515567e+04 3.890467104188250960e+04 9.460297338621425078e-01
3.776656411641498562e+04 3.955457167591250618e+04 4.434375068907723261e+00
2.830423829149963058e+04 4.168481949179900403e+04 5.897633024896214299e-02
3.037925547352540161e+04 4.633120553471350286e+04 1.756957606913346626e-01
2.724561913792254563e+04 4.629939432153217058e+04 3.379963435976584413e-02
3.703641758287525590e+04 3.772411440889642836e+04 3.414110521247362140e+00
2.812500000000000000e+04 5.000000000000000000e+04 4.956470828367116888e-02
1.537612302550857021e+04 2.087426785516414020e+04 1.622668924459939307e-05
1.126139821974433289e+04 4.410411547039196194e+03 8.771188957564312033e-07
1.673776469903789257e+04 6.164769383492131965e+03 4.460085288080826120e-05
1.562500000000000000e+04 0.000000000000000000e+00 1.622916948496442010e-05
1.863457494510264223e+04 2.956152410303157922e+03 1.578145697812346625e-04
1.374451700253036142e+04 2.547274231559386863e+03 5.244865323081557476e-06
1.309297687298468736e+04 4.265198193938434997e+03 2.978135384355065990e-06
1.145831722785943020e+04 2.086585788643147225e+03 9.407605578315448673e-07
9.375000000000000000e+03 0.000000000000000000e+00 1.959443028475658446e-07
9.542726201766827216e+03 3.094516496139623996e+03 2.183901848171113408e-07
1.651610111171259632e+04 3.868761533292900367e+03 3.517890091678911531e-05
1.686024652309082376e+04 1.752488202769894087e+03 4.351503163754712780e-05
7.812500000000000000e+03 1.375688112960129729e+03 5.755836652470788258e-08
1.562500000000000000e+03 1.562500000000000000e+03 3.024338211889269259e-10
3.275925878180803011e+03 2.046019799650100140e+03 1.380534573869795004e-09
4.802411204685718985e+04 1.093750000000000000e+04 7.406212923275597859e+01
4.616182918115019129e+04 1.013534068298222337e+04 5.231296576408922760e+01
4.796312141580390016e+04 8.829800556902260723e+03 7.325800458843234253e+01
2.707803264037030021e+04 3.548429025044132868e+04 2.927463943283454759e-02
2.880804686227065758e+04 3.742270533548460662e+04 7.452586450847713262e-02
2.554287834247760111e+04 3.690969007484003669e+04 1.208389958290771553e-02
3.060368112549237776e+04 3.681385971136189619e+04 1.963625082914877140e-01
2.704607058018955649e+04 3.906021801642788341e+04 3.000671127753832060e-02
3.838140530115320871e+04 3.324347827760374639e+04 5.506351653417158154e+00
4.446663611967844190e+04 3.385496290394604875e+04 3.587880235645579319e+01
4.149582590906226687e+04 3.283464627621306863e+04 1.566256248120979322e+01
4.018130262499595119e+04 3.488781544065506023e+04 1.053210489827728402e+01
4.192400551079743309e+04 3.020601007444323841e+04 1.782936383408319614e+01
4.465708349307585013e+04 2.850316974215667869e+04 3.722464551202693883e+01
4.592703527775542170e+04 2.652002887308884237e+04 4.997632747561002020e+01
4.427056934278660628e+04 2.479637547327955326e+04 3.413955939751085822e+01
4.240680889219227538e+04 2.567822616060629662e+04 2.095316790665575368e+01
4.402342513021949708e+04 2.669919895744024325e+04 3.237477086647403013e+01
4.350728968101111241e+04 3.181310313999940263e+04 2.791857074889805901e+01
4.675386024756205734e+04 3.153403526351729306e+04 5.843990279171365643e+01
4.706203395965723030e+04 3.593750000000000000e+04 6.261604320954579350e+01
4.502857054418636835e+04 3.048688819737302765e+04 4.082921800411568825e+01
4.736573224295972614e+04 2.883952542086833637e+04 6.600379979345690629e+01
5.000000000000000000e+04 3.437500000000000000e+04 9.999999999999998579e+01
4.850122147121364833e+04 3.281250000000000000e+04 8.027706285829093247e+01
4.894650957172310154e+04 3.593750000000000000e+04 8.616045632353176131e+01
5.000000000000000000e+04 4.062500000000000000e+04 9.999999999999998579e+01
4.321594241696024983e+04 3.807220979153092048e+04 2.573624780789916500e+01
4.032280073229236586e+04 3.779113274964330776e+04 1.060400398067030991e+01
4.661403578976917197e+04 3.383727721023584309e+04 5.720180152820902464e+01
5.000000000000000000e+04 4.375000000000000000e+04 1.000000000000000000e+02
4.470286893704425165e+04 3.621910192337066110e+04 3.755639263433953090e+01
4.532527194957644679e+04 3.824162162311080465e+04 4.340738011312487288e+01
4.235284433728825388e+04 3.585655730943478557e+04 2.044179708052556066e+01
4.409572020518420322e+04 4.033441573375168082e+04 3.256442391200614850e+01
4.244348848882919992e+04 4.316806482149480144e+04 2.118704886962401801e+01
4.034514407837398176e+04 4.055796864523875411e+04 1.083538985823447653e+01
4.218054820429207757e+04 3.977705420875078562e+04 1.945107697917298850e+01
4.083043873752697982e+04 4.231633692430474912e+04 1.299333401090922990e+01
4.599066920910144108e+04 4.004014192802781326e+04 5.042212974752087717e+01
4.774181747463899228e+04 3.836992244327180379e+04 7.043780243837893806e+01
4.545569535878103488e+04 4.284353869409523031e+04 4.460473151631416044e+01
4.772174251213965908e+04 4.332737599257431430e+04 7.047814828221851258e+01
5.000000000000000000e+04 4.687500000000000000e+04 1.000000000000000000e+02
4.271447087814940460e+04 3.412151812677000999e+04 2.248568135272930846e+01
4.670129864340189670e+04 4.743067611260172271e+04 5.822895709387701402e+01
4.375000000000000000e+04 5.000000000000000000e+04 2.972442425121388609e+01
4.628087742409038037e+04 4.489003772865330393e+04 5.368640677675752215e+01
3.991266080707406945e+04 4.661423269580716442e+04 9.811091784009644101e+00
4.062500000000000000e+04 5.000000000000000000e+04 1.183865390517131289e+01
4.185388571560728451e+04 4.679927808289964014e+04 1.820055826312272984e+01
3.125000000000000000e+03 5.000000000000000000e+04 1.149682218360789900e-09
6.110342426111556961e+03 4.386993536567481351e+04 1.586187836441879052e-08
7.926784752630708681e+03 4.463928162865775812e+04 7.430770069995032445e-08
4.290424776584064603e+03 4.553628607479298807e+04 3.528843467436343877e-09
2.347279500731282042e+03 4.415780434614424303e+04 7.152519764914678508e-10
0.000000000000000000e+00 4.687500000000000000e+04 0.000000000000000000e+00
1.875677985501926742e+03 4.612286566263592977e+04 4.533780315353490661e-10
1.671488009022488768e+03 4.832851199097750941e+04 3.869149009249677554e-10
3.935371985744603990e+03 4.782758236078146729e+04 2.564986730594498803e-09
5.928653184679520564e+03 4.802310006914959376e+04 1.328141550905125019e-08
9.594441710531069475e+03 4.755487869827615214e+04 2.239943999610962356e-07
7.869281555700212266e+03 4.863245890873792086e+04 6.797923739017151509e-08
3.186474219493016426e+04 4.056033196429465170e+04 3.597483859817308671e-01
3.269047184497139096e+04 4.421484840004681610e+04 5.422062211275887611e-01
3.297146520134457387e+04 4.223081450928129925e+04 6.292523070512906491e-01
3.084958950151714816e+04 4.243474048369930824e+04 2.163876381605910892e-01
2.031250000000000000e+04 4.887422104936197866e+04 4.538893439947682892e-04
2.343750000000000000e+04 4.889710492106911261e+04 3.359680834468658540e-03
3.685275980583919591e+04 4.195103709667369549e+04 3.122501634778326540e+00
3.634437361233765841e+04 4.597464613024354912e+04 2.544648056773335831e+00
3.851541675041638518e+04 4.525397353412921802e+04 5.969473043899356846e+00
3.828358514458607533e+04 4.768601085694094945e+04 5.427853122190162694e+00
3.689408899128259509e+04 4.400018108826497337e+04 3.276336184337641289e+00
3.476106148376756028e+04 4.349618530292149808e+04 1.357215032106868113e+00
2.656250000000000000e+04 4.841651219930074876e+04 2.127188400549517508e-02
2.882228311885633229e+04 4.534541557919065963e+04 7.792062483263240136e-02
3.074580437927394087e+04 4.441131667470520915e+04 2.108919172790880148e-01
3.437500000000000000e+04 5.000000000000000000e+04 1.044384675211610158e+00
2.968750000000000000e+04 4.843311306718685955e+04 1.149274831224915971e-01
3.218906143697485095e+04 4.598745866195476265e+04 4.260469423206684758e-01
3.434530652417904639e+04 4.550674463862719131e+04 1.160473140025804373e+00
3.371541254624142312e+04 4.775763305931546347e+04 8.542494776003209944e-01
3.592574693137340364e+04 4.832565950528253597e+04 2.244636432456903918e+00
3.168031014150400733e+04 4.796927788966963999e+04 3.250341515079708254e-01
1.070543691176133143e+04 6.380656935726197844e+03 4.744882413363591996e-07
4.826300494354977855e+04 2.656250000000000000e+04 7.739178464271583380e+01
4.404241600792513782e+04 4.766478018139558117e+04 3.217296589776903204e+01
4.833421701244612632e+04 4.543940139532202011e+04 7.815961552223257058e+01
4.419854044127398083e+04 4.531650764946806885e+04 3.313823889778521448e+01
4.218750000000000000e+04 4.876363626138951076e+04 1.972478271322525245e+01
4.075621868165442720e+04 4.458134238932790322e+04 1.244953029197322358e+01
4.687500000000000000e+04 5.000000000000000000e+04 5.966890679063853753e+01
4.843750000000000000e+04 4.860383228167598281e+04 7.945159610760659064e+01
4.787661711583610304e+04 4.114640547486647847e+04 7.217297842599397484e+01
