0.000000000000000000e+00 0.000000000000000000e+00 0.000000000000000000e+00
0.000000000000000000e+00 5.000000000000000000e+04 0.000000000000000000e+00
5.000000000000000000e+04 5.000000000000000000e+04 1.000000000000000142e+02
5.000000000000000000e+04 0.000000000000000000e+00 1.000000000000000000e+02
2.500000000000000000e+04 2.500000000000000000e+04 6.605425871749837086e+00
0.000000000000000000e+00 2.500000000000000000e+04 0.000000000000000000e+00
2.062201987637829734e+04 2.479446627531606282e+04 3.116662829938884993e+00
1.250000000000000000e+04 2.500000000000000000e+04 6.015298253689729258e-01
8.096667007225885754e+03 1.548562349829996856e+04 2.166857198693280528e-01
5.170066363449436722e+03 2.154144599442203616e+04 1.013153057946717811e-01
9.375000000000000000e+03 2.187500000000000000e+04 2.966436578939453672e-01
3.599270050504826031e+03 1.967810964994237293e+04 6.258483117772357940e-02
2.500000000000000000e+04 0.000000000000000000e+00 6.522450759191209535e+00
7.931011409154659304e+03 1.765176366179075194e+04 2.092916862577294257e-01
1.171875000000000000e+04 2.265625000000000000e+04 5.081073058726536251e-01
1.204018495913456536e+04 1.687660842537990902e+04 5.470715206112745088e-01
5.078125000000000000e+03 2.460937500000000000e+04 9.962283945081037984e-02
0.000000000000000000e+00 1.875000000000000000e+04 0.000000000000000000e+00
1.712125510907101852e+04 2.215749829697632958e+04 1.590928696767173856e+00
0.000000000000000000e+00 1.250000000000000000e+04 0.000000000000000000e+00
7.095235965330789440e+03 2.303581723123409756e+04 1.662344770388617388e-01
9.478221947429483407e+03 2.489677805257051659e+04 3.009436497520484588e-01
4.051728237027288287e+03 1.660054297542485438e+04 7.268705356394022932e-02
6.700980713898477006e+03 1.944247007932205452e+04 1.518119527976300176e-01
8.874442177608736529e+03 1.960868557392581351e+04 2.615602158519152454e-01
7.577842053257178122e+03 2.116456455817175811e+04 1.910993270337822958e-01
1.224125320404125523e+04 1.978654993783533791e+04 5.625595048666597320e-01
1.547175518066118457e+04 2.601881062043978091e+04 1.137201079556622085e+00
1.447831147646313366e+04 2.303847950784562272e+04 9.217001201837157209e-01
0.000000000000000000e+00 3.750000000000000000e+04 0.000000000000000000e+00
2.685704083588930735e+04 2.890726388418729039e+04 8.895454036924069996e+00
1.329068977152768275e+04 2.146004468900378924e+04 7.215443587185650376e-01
7.866772212914757802e+03 3.644953241832984349e+04 2.045390063725595897e-01
1.854638214780381895e+04 2.390778216435107242e+04 2.116322429869836874e+00
1.854319227388966101e+04 2.749436876539516015e+04 2.101291503855430065e+00
1.008985493420984858e+04 1.781686124933969768e+04 3.517675305743636072e-01
1.085486798265957259e+04 2.887829477001341002e+04 4.153267719655428514e-01
1.576414571230087495e+04 1.874316373982697769e+04 1.220132292018693221e+00
0.000000000000000000e+00 2.187500000000000000e+04 0.000000000000000000e+00
2.042810262338536631e+04 2.237563599133590105e+04 2.981220396069391931e+00
5.874608809765716614e+03 1.755703242898668032e+04 1.235789788160780722e-01
2.138137179193356496e+04 2.014412938457819109e+04 3.571133024449253401e+00
0.000000000000000000e+00 1.562500000000000000e+04 0.000000000000000000e+00
1.629650514486610155e+04 2.408815445870805343e+04 1.352838199329293056e+00
2.347698567247305618e+04 2.235871212808806013e+04 5.117126730985013694e+00
2.972468167481279670e+04 2.705571739344973685e+04 1.352711609298244255e+01
1.070236504320246240e+04 3.097704974435122858e+04 4.052564623123953158e-01
3.311955349779973767e+04 3.338068440974853002e+04 2.136107371559496926e+01
2.282365637840846466e+04 2.462785708270709438e+04 4.571034489930691613e+00
9.709285007903188671e+03 3.272711276068818188e+04 3.229269179835446146e-01
3.214701248048661000e+04 3.791527867341078672e+04 1.877173124816794214e+01
1.093191063901219059e+04 2.662290418811107520e+04 4.250324876992294110e-01
1.340349070334880889e+04 2.783634288889349773e+04 7.313148661944397499e-01
3.547641004479716503e+04 2.752826196860154596e+04 2.847053140021203887e+01
3.664403192661447065e+03 3.496039913213968248e+04 6.369766313375735400e-02
2.194639344638908733e+04 2.766530570201943192e+04 3.955129852517817568e+00
9.423974726603328236e+02 1.718750000000000000e+04 1.472309048478059532e-02
2.596162040343645003e+03 1.795859143501391009e+04 4.201269507593691915e-02
3.957523141291567299e+03 2.304045001744271576e+04 6.969575332041577642e-02
2.570675747027043144e+03 2.521565971135155269e+04 4.153752450852019051e-02
2.445343794908578275e+04 2.808178301987745363e+04 6.029156870271728863e+00
1.345049034988865060e+04 3.060865244973843073e+04 7.371353763407069160e-01
6.453223247333709878e+03 3.014268058297982134e+04 1.455208994407495571e-01
8.054540814986036821e+03 2.757094547957779650e+04 2.152373163175179405e-01
8.810601228992951292e+03 3.005549710879627310e+04 2.588415903690719500e-01
0.000000000000000000e+00 3.125000000000000000e+04 0.000000000000000000e+00
1.767806962471334828e+03 2.317406438931904268e+04 2.765941919106823521e-02
1.966954705218907293e+03 2.105068262244986181e+04 3.058480016641133489e-02
1.369449024057385577e+04 1.822421824717416166e+04 7.830507253410579072e-01
1.589537073128075644e+04 1.383324600736683897e+04 1.239384090253136783e+00
1.528347511710861363e+04 1.627360462677273426e+04 1.095254646694074241e+00
1.968367069159413950e+04 1.608001715987677380e+04 2.608378187951561067e+00
1.752501908875007575e+04 1.711887248488676414e+04 1.725090286771150838e+00
1.780288965513231960e+04 1.493409009388791492e+04 1.826429698081301733e+00
1.953319764754460994e+04 1.852952059447159263e+04 2.542608906589390649e+00
2.611100012535443966e+03 1.001367419154207346e+04 4.169888134463113627e-02
1.828080830566360237e+04 1.190288705192447378e+04 2.014084506263022156e+00
2.187500000000000000e+04 0.000000000000000000e+00 3.881633693005154484e+00
2.519512218915164794e+03 1.406250000000000000e+04 3.962176093307740593e-02
7.234714396026352006e+03 2.541842838446660608e+04 1.739097788369134978e-01
6.296765863128264755e+03 2.826085471032824717e+04 1.356923263299478488e-01
3.018046782752855961e+03 2.948086853214466100e+04 5.009913233154247164e-02
4.304178358839284556e+03 2.689676490204081347e+04 7.794320221850038755e-02
0.000000000000000000e+00 2.812500000000000000e+04 0.000000000000000000e+00
2.123587475458039989e+03 2.741100221018914453e+04 3.333974721042030215e-02
1.887740611812578209e+04 2.070927848486583389e+04 2.239788400184016925e+00
1.767835499564809288e+04 1.916000960517069689e+04 1.780393232546576110e+00
1.516767407311207353e+04 1.057859387078134932e+04 1.068332559460866804e+00
2.276695589257366009e+04 1.272037935181718058e+04 4.541174017741444580e+00
7.984356263849219431e+03 9.298003187612199326e+03 2.084388159222257952e-01
2.312952614555513264e+03 1.591872072429153559e+04 3.705286702661558101e-02
5.508226517279661493e+03 1.398973453161682846e+04 1.088259831744891881e-01
1.111629007001774880e+03 2.968750000000000000e+04 1.726543441079132421e-02
1.622910223782458343e+04 8.389113806543211467e+03 1.328805487400655405e+00
2.066992962093903770e+04 1.151016909306540038e+04 3.141507315318649685e+00
2.341196270740181353e+04 9.180779325906698432e+03 5.079059302972853018e+00
2.068563090959487090e+04 1.390490834716516838e+04 3.142638457178015710e+00
2.245709883361084576e+04 1.083534688116749021e+04 4.311298178879378717e+00
2.524986659274178601e+04 1.134426151098034461e+04 6.867001006308356637e+00
2.356977973982668846e+04 1.655181670863888212e+04 5.219619263662645281e+00
2.170251371407840998e+04 1.569166375293837518e+04 3.797358017853904144e+00
2.180017068792295686e+04 1.793652171316848035e+04 3.822198680249353053e+00
2.442643153176545093e+04 1.946969511970986059e+04 6.032393022176297137e+00
0.000000000000000000e+00 9.375000000000000000e+03 0.000000000000000000e+00
2.521395865150044119e+04 1.420747322147907835e+04 6.837966421996355848e+00
2.698817001137187617e+04 8.005150338593458400e+03 9.064633924258826525e+00
2.330620017521142654e+04 1.458986664448728516e+04 5.005122268798881002e+00
8.612056056467095914e+03 1.112286408453972945e+04 2.467895595496110428e-01
2.543935954205860617e+04 9.320883280073256174e+03 7.121219939811941124e+00
3.380674464057425212e+04 7.304170346836583121e+03 2.330025728052500966e+01
2.769387352570846633e+04 1.040532169043226531e+04 1.006254429564823916e+01
2.647186116861901246e+04 1.279141773555332111e+04 8.375806179637553583e+00
2.812500000000000000e+04 0.000000000000000000e+00 1.068518452800992158e+01
3.002279213258120581e+04 1.310401925465297973e+04 1.415388190681443170e+01
0.000000000000000000e+00 6.250000000000000000e+03 0.000000000000000000e+00
1.639587402097305676e+04 1.201266248541382993e+04 1.376007639880753697e+00
3.059001494982412623e+04 2.038999993204030034e+04 1.532795501224920720e+01
3.319557030447528086e+04 1.472892204944452169e+04 2.158491834362384765e+01
3.046251084464860833e+04 8.287449120137438513e+03 1.508296403218334980e+01
3.019620085817891231e+04 1.069149357409163349e+04 1.443348346009000949e+01
2.831075491006802986e+04 1.222721857180282132e+04 1.109213109498881344e+01
1.009678758738958277e+04 8.537620932054453078e+03 3.469547908423452065e-01
3.125000000000000000e+04 0.000000000000000000e+00 1.674052672689566279e+01
2.581910380317659656e+04 1.638061988897119954e+04 7.557659429717450195e+00
2.867107422431703526e+04 8.814171146758877512e+03 1.168711482220365561e+01
6.236239274499288513e+03 1.571742712437960836e+04 1.361601566918965722e-01
6.646631811610059231e+03 1.154566478829043626e+04 1.514936785734836699e-01
1.273660496370142027e+04 1.047683098063717625e+04 6.325114466430699078e-01
5.489106275057082712e+03 8.513645568464618918e+03 1.100551884783411288e-01
1.220727470853301020e+04 7.771858969869531393e+03 5.687425404152747221e-01
1.225999368231757762e+04 1.319158802032427411e+04 5.762362653226514864e-01
1.875000000000000000e+04 0.000000000000000000e+00 2.155185444130912398e+00
1.420136403019222416e+04 1.281168536050886178e+04 8.746925693280507286e-01
1.893728809297434054e+04 1.355966916898999625e+04 2.254275712250580543e+00
2.308614668353174420e+04 2.062974556180349828e+04 4.785551768304468823e+00
5.000000000000000000e+04 2.500000000000000000e+04 9.999999999999998579e+01
3.750000000000000000e+04 0.000000000000000000e+00 3.553735787005214775e+01
1.978356883272925188e+03 1.212251500470422616e+04 3.079423777389719494e-02
3.958572780501846864e+03 1.175490668103803182e+04 6.961968509470052580e-02
8.629860040289588142e+03 1.305258099148429937e+04 2.444041376688332878e-01
1.050762568105267746e+04 1.148472057700069308e+04 3.876801908982038247e-01
1.250000000000000000e+04 0.000000000000000000e+00 5.963313264176638429e-01
1.038404687413908505e+04 1.471195007872000861e+04 3.733918183336871199e-01
2.026763868863620883e+04 6.554257163569867771e+03 2.906314674901461004e+00
2.061919494827086965e+04 8.671864696093840394e+03 3.066020953492545331e+00
1.716844317789982233e+04 1.019651518231731643e+04 1.595808076094354266e+00
5.202176373770489590e+03 1.036014825878865668e+04 1.022122871348644518e-01
2.316078574890983873e+03 7.831808981631633287e+03 3.653033917542818781e-02
2.239316383033182137e+04 6.854251059358486600e+03 4.275651960431001264e+00
2.378313258266791308e+03 5.254184076318559164e+03 3.730674476310982812e-02
1.412022508650426607e+04 8.718783282749060163e+03 8.654018225048725199e-01
1.465536230479147889e+04 5.232006884115777211e+03 9.574870951488992921e-01
0.000000000000000000e+00 3.125000000000000000e+03 0.000000000000000000e+00
6.250000000000000000e+03 0.000000000000000000e+00 1.330570319481305108e-01
2.503741902762054815e+04 6.045280617533265286e+03 6.624484925010114544e+00
6.720967374208718866e+03 6.957463327975232460e+03 1.527903774025188843e-01
7.402252370184745814e+03 3.416673393742617463e+03 1.827800423497403515e-01
4.113895018522416649e+03 7.189399311437120559e+03 7.314337426386142982e-02
2.178836740586474116e+04 3.459459561165819650e+03 3.819968168773416828e+00
8.697897468355848105e+03 6.781587416966725868e+03 2.500893526621640328e-01
2.562695981189454687e+04 3.018875366137136098e+03 7.294449480611740810e+00
1.846205124993045683e+04 7.941998873969523629e+03 2.083184635927201711e+00
1.873143788785668221e+04 5.054943799000967374e+03 2.169960117630126639e+00
5.218055221971373612e+03 4.832349175087014373e+03 1.008504407116777302e-01
2.325622307750954496e+04 4.949224148025627073e+03 4.912199840823496366e+00
4.687500000000000000e+03 9.610874813538429180e+02 8.847563178312417564e-02
5.364766416654791101e+03 2.665905828769969503e+03 1.060824618986266898e-01
3.612643781534972732e+03 3.794230510701288495e+03 6.091971703280772005e-02
1.338906084753991308e+04 1.510800195185055964e+04 7.273068036926436664e-01
3.125000000000000000e+03 0.000000000000000000e+00 5.026461125278243458e-02
3.269819370898063062e+04 2.826081751611430718e+03 2.022775934604619863e+01
2.031250000000000000e+04 1.691686027555576629e+03 2.937091032499033805e+00
2.355113839787138204e+04 1.875440636615812991e+03 5.168060708858624785e+00
2.745110334167977635e+04 4.451820877373333133e+03 9.686775712512632808e+00
2.889531807431405468e+04 6.267055369517909639e+03 1.201907219059023646e+01
2.763821968387116431e+04 1.905921867528457369e+04 9.998876182875196861e+00
2.773148783881511918e+04 2.217348059733592436e+03 1.008539906166954303e+01
3.156105141917767105e+04 5.791028715431169985e+03 1.744045324411013809e+01
2.968750000000000000e+04 3.835896821922163326e+03 1.345810590355548086e+01
2.983911682343003486e+04 1.661475965516735414e+03 1.377689539463420232e+01
3.376892914058659517e+04 4.937276373172709100e+03 2.314977028041061047e+01
3.437500000000000000e+04 0.000000000000000000e+00 2.489514304522253951e+01
3.745723570723580633e+04 6.062097941016762888e+03 3.555320652561930217e+01
3.543169485040099971e+04 6.094459694901355761e+03 2.833644926217581528e+01
3.649463574810443970e+04 9.218477452058185008e+03 3.193697694904596673e+01
2.590630525352325276e+04 1.827840596486521463e+04 7.639216113279269749e+00
2.902584280928925727e+04 1.615983548797515505e+04 1.231577181222007589e+01
2.778204103306517936e+04 2.267927705870960926e+04 1.020398374305286104e+01
3.639565810077587957e+04 3.023409369767353382e+03 3.157077766417113907e+01
3.349350544468231237e+04 1.058818782843130793e+04 2.236955849416647979e+01
4.346321073525028623e+04 9.310799286649400528e+03 6.293236862487879790e+01
2.748683401742787828e+04 1.720502200418978100e+04 9.778211875879010861e+00
2.732123759906580744e+04 1.479984984692441867e+04 9.508165553147023275e+00
3.099674907161185183e+04 1.511230301428666280e+04 1.623167471138598472e+01
3.261415129950866685e+04 1.789147195938980076e+04 2.002893459540645082e+01
2.975964394525600437e+04 1.829277185020472461e+04 1.360464384934257254e+01
3.102702326413073388e+04 1.695491120070541729e+04 1.628211454528319280e+01
2.861426511104856399e+04 2.083332748500417074e+04 1.154820948137295566e+01
2.560163856083607971e+04 2.289334160074003375e+04 7.304178798161084174e+00
3.281250000000000000e+04 9.834106429844678132e+02 2.059232691688242056e+01
4.139461413249420730e+04 1.916211740905268016e+04 5.256660789637915343e+01
3.459411654958781583e+04 2.040501732734309144e+03 2.559702551080195576e+01
3.243889317605172255e+04 8.830648248333754964e+03 1.963227584279079707e+01
3.459851326548481302e+04 9.036639131158655800e+03 2.564713972626626415e+01
3.635025332280513248e+04 1.287482292565033640e+04 3.145912846782615802e+01
4.265695998129951477e+04 3.392652685081465279e+03 5.885182025460334643e+01
3.833276485153845715e+04 2.459347359390186466e+04 3.895575043713413521e+01
2.622424037543254235e+04 2.076610110926320340e+04 7.984118747400639649e+00
3.878123791364976205e+04 3.894775241568757338e+03 4.075249596742344238e+01
4.375000000000000000e+04 0.000000000000000000e+00 6.444594611520480498e+01
3.814061895682488102e+04 1.947387620784379124e+03 3.816258875025017971e+01
4.062500000000000000e+04 0.000000000000000000e+00 4.882497244588606122e+01
4.301571470399713871e+04 1.718646671027834600e+04 6.069953690269769453e+01
4.467211680175305810e+04 2.686949668819585895e+03 6.942868386997274399e+01
4.687500000000000000e+04 0.000000000000000000e+00 8.174180486574279314e+01
5.000000000000000000e+04 1.250000000000000000e+04 1.000000000000000000e+02
4.531250000000000000e+04 9.654782472434612828e+02 7.298891825909662145e+01
5.000000000000000000e+04 6.250000000000000000e+03 1.000000000000000000e+02
4.686046148840896785e+04 2.139098445076221833e+04 8.168523735854373058e+01
4.277463493505460792e+04 2.102014444370322963e+04 5.939759073100790232e+01
5.000000000000000000e+04 3.125000000000000000e+03 9.999999999999998579e+01
3.549924033935895568e+04 1.101019453611533572e+04 2.853952334790229628e+01
3.409381948632300191e+04 1.271246743612662249e+04 2.413421120998309988e+01
3.198643995155694574e+04 1.216104244004753127e+04 1.851384340464736056e+01
3.665201076191203174e+04 1.699909180867184114e+04 3.249312907758645252e+01
3.485148770030424203e+04 2.177318112478684634e+04 2.644379188717402585e+01
4.218750000000000000e+04 1.309750602855852321e+03 5.647981748531448432e+01
3.444479147761822969e+04 1.659330556764476205e+04 2.519839660609894949e+01
3.528771839859071770e+04 1.467779738844719213e+04 2.784202026068484415e+01
3.511631274136654974e+04 1.914648488540998369e+04 2.727444396591605624e+01
3.917252133548569691e+04 2.042444317840762960e+04 4.248070739547257091e+01
3.687197458648184693e+04 2.065018975968440645e+04 3.343461111098037719e+01
3.784776875194397871e+04 1.875922718479183095e+04 3.712000084531113231e+01
3.820489341750815220e+04 2.239862665523362375e+04 3.839905009379458534e+01
3.984909878778011625e+04 6.035197116787906452e+03 4.552220098877265286e+01
4.244518196754476958e+04 2.325273647186309972e+04 5.774501862311952038e+01
4.217397737029894051e+04 5.472460742487870448e+03 5.637472220038862503e+01
4.021282014343114861e+04 2.338279351716080782e+04 4.702355073646450734e+01
4.157647348739842710e+04 2.756550111870966794e+04 5.342570377786405800e+01
4.034510015702325472e+04 2.565331144074032272e+04 4.766552789317356797e+01
2.290932769266142350e+04 3.067669109818074139e+04 4.644571627079442599e+00
3.840022684382859734e+04 2.690573171913526312e+04 3.922823721399243624e+01
3.421306499096142943e+04 2.600770503554100287e+04 2.453158724573606619e+01
3.644628657912998460e+04 2.580562630779562096e+04 3.188202982603785784e+01
3.515573831432349834e+04 2.398444001762667904e+04 2.734407536020780327e+01
3.174114878232555930e+04 2.362476133393706914e+04 1.788212695308141065e+01
2.991054373799670793e+04 2.252831292881568152e+04 1.390812788379155762e+01
3.565456698694820079e+04 2.949711803639652135e+04 2.900712509687946294e+01
3.867581843557288084e+04 8.062657954829458504e+03 4.043598105057048286e+01
5.000000000000000000e+04 1.875000000000000000e+04 9.999999999999998579e+01
4.375828088161790947e+04 7.011948962955410025e+03 6.451474556236955493e+01
4.059045455959689571e+04 2.158791421171614274e+04 4.875770340215487408e+01
3.934325655298624770e+04 1.030803333415724228e+04 4.324064599836535905e+01
4.229739750785069918e+04 1.106620464000751053e+04 5.695625221424658946e+01
4.343242102114922454e+04 1.913709015648826608e+04 6.278353204111880359e+01
3.298663979946590553e+04 2.026240899654227906e+04 2.106516446432243583e+01
3.298320301733619999e+04 2.217299106272389690e+04 2.102380472702683178e+01
4.026287411139367759e+04 2.255714421386961021e+03 4.730926284506170276e+01
3.986297834229718865e+04 1.610394288725470869e+04 4.552415857658305498e+01
4.162368369101282588e+04 8.282835917021307978e+03 5.367676787891958412e+01
5.000000000000000000e+04 9.375000000000000000e+03 1.000000000000000000e+02
2.500000000000000000e+04 5.000000000000000000e+04 6.597610465485275633e+00
3.928980756898316031e+04 3.059852409449661354e+04 4.302773083864221348e+01
1.526302986428013901e+04 3.376644078679499216e+04 1.087337613496905497e+00
1.175246429290225933e+04 3.280059605707013543e+04 5.153746770538125688e-01
7.745296752178396673e+03 3.316492396318931424e+04 1.990137991354361258e-01
4.430491090347364661e+04 4.868404718872779995e+03 6.745301778726405928e+01
4.580607266742803768e+04 1.213158574427318672e+04 7.569773113790076025e+01
4.517766388525699585e+04 8.362496721392888503e+03 7.221583488831574016e+01
4.735264366221924138e+04 2.704252956907135740e+03 8.451327416078237320e+01
4.843750000000000000e+04 1.118329382448332353e+03 9.083312841694838369e+01
4.839455723398190457e+04 4.687500000000000000e+03 9.058480334340836748e+01
4.797825822055642493e+04 6.721273185333969195e+03 8.816155735578369956e+01
4.633756471509046241e+04 4.502844265199792972e+03 7.871387150596832782e+01
4.596433824453430861e+04 6.494795069882384269e+03 7.660272076373574635e+01
1.545616931231185845e+04 3.648982225981363445e+04 1.138862522943222322e+00
1.370660443223006951e+04 3.256072959489324785e+04 7.897249331611606582e-01
1.814140025965431778e+04 3.599621892372128059e+04 1.931746050828047956e+00
3.972031619103197590e+04 1.808802725305157219e+04 4.485088491773925057e+01
3.778127845182101737e+04 1.484329380807755297e+04 3.682297861833119867e+01
3.874472234243025014e+04 1.263850240170099823e+04 4.063068209948966825e+01
3.749740920420220937e+04 1.107605977021168110e+04 3.575213363147600631e+01
4.228943079421684524e+04 1.416942409546087401e+04 5.695651161489276149e+01
4.662728332951213088e+04 1.743475888152740663e+04 8.031945334596125008e+01
4.470499915866403899e+04 2.244560301056374374e+04 6.960218486299540075e+01
4.504719537393065548e+04 2.041498444281523552e+04 7.150502678179682903e+01
4.701149194177376921e+04 2.442967507866930828e+04 8.255409384530057082e+01
6.060834879582724170e+03 3.487177132542610343e+04 1.303639378159252848e-01
2.655661154571848238e+04 2.665511336041909817e+04 8.452082807475838067e+00
3.240006867492386300e+04 2.879912105691290344e+04 1.947082381877360291e+01
2.762494008359850341e+04 2.464984183884078084e+04 9.978992933815264976e+00
4.169207370896250359e+04 1.590916354834435151e+04 5.404009008588081997e+01
4.022814192335115513e+04 1.407296485867128104e+04 4.715040867343660125e+01
4.374121984568731568e+04 1.262153123453408807e+04 6.446157366489920548e+01
4.537558868166423053e+04 1.491341726188637040e+04 7.328979064969676926e+01
5.000000000000000000e+04 1.562500000000000000e+04 1.000000000000000000e+02
4.486070102652575588e+04 1.674039446064779258e+04 7.050012285213608720e+01
4.776744487106624001e+04 1.385932907471934595e+04 8.690915037756313666e+01
4.797256932137177500e+04 1.589424759493255988e+04 8.810580711204896431e+01
4.892890315452359937e+04 2.031250000000000000e+04 9.372642985023082929e+01
5.000000000000000000e+04 2.187500000000000000e+04 9.999999999999998579e+01
4.727918825890333392e+04 1.938132039028009967e+04 8.410379161651700031e+01
5.000000000000000000e+04 3.750000000000000000e+04 9.999999999999998579e+01
1.577994958180361573e+04 3.149172789119647132e+04 1.213847168277651267e+00
2.985397182530140708e+04 2.482366018537931814e+04 1.381028481898292526e+01
4.874951223065269005e+04 2.343750000000000000e+04 9.267210830731548299e+01
5.000000000000000000e+04 2.812500000000000000e+04 1.000000000000000000e+02
2.028955115285208740e+04 2.668873974917833402e+04 2.920199748453784050e+00
1.284507133470928784e+04 3.569215262561226700e+04 6.435510783466468210e-01
4.900977771931258030e+04 2.968750000000000000e+04 9.418953983284828269e+01
0.000000000000000000e+00 3.437500000000000000e+04 0.000000000000000000e+00
1.607396138001385953e+04 2.917762292074246216e+04 1.276346649314833215e+00
2.965269772451288009e+04 3.009067768566829909e+04 1.343435817355874029e+01
1.754980777012991166e+04 3.309001177910357364e+04 1.747217676733164415e+00
4.602096187781529807e+03 3.050491611631508931e+04 8.695921998503623740e-02
1.791308166066980266e+04 3.058701682394301315e+04 1.854438796411857160e+00
4.768965311465733066e+03 3.238375636172656596e+04 9.039958300755243648e-02
1.962727956779935266e+04 4.461656751177363913e+04 2.569296356905426570e+00
2.230852938708351576e+04 3.377614224850232131e+04 4.216181092015577114e+00
1.668685592250512855e+04 2.742396930224540120e+04 1.452946490840371307e+00
1.126351512968897805e+04 3.840796577873736533e+04 4.618644925326991779e-01
2.074363973919523414e+04 3.507735869908153836e+04 3.156911522196942599e+00
2.424636043516140489e+04 3.526424038136936724e+04 5.788076330426964233e+00
2.136014518227268127e+04 3.701693723576979392e+04 3.567219881170685003e+00
2.114924765598928934e+04 3.162540026214315003e+04 3.412381522674013734e+00
9.907692668074078028e+03 3.472950206300826540e+04 3.337152480047582692e-01
2.012793190880422844e+04 2.990643401528725371e+04 2.842933933876976571e+00
1.359766961583581542e+04 3.790102058502884029e+04 7.709422224353330577e-01
3.971697240999611677e+04 2.854207695797639099e+04 4.479909931866623651e+01
2.153681980220461810e+03 3.278770441173471772e+04 3.402906866331485702e-02
1.993144848115560671e+04 3.321124261970975931e+04 2.733589659086382628e+00
3.185862665015912353e+04 2.605955135141469145e+04 1.820127377507039768e+01
1.755791111919691321e+04 2.570019774724032686e+04 1.720213504546676209e+00
5.000000000000000000e+04 3.125000000000000000e+04 1.000000000000000000e+02
1.250000000000000000e+04 5.000000000000000000e+04 6.001786566552217428e-01
1.291588981527719625e+04 4.013276388084984501e+04 6.640003959596750827e-01
8.502074867351497232e+03 4.062498454559310630e+04 2.431654062202530664e-01
9.723669878357748530e+03 3.658200104836159881e+04 3.216964757442886680e-01
2.865711024687368263e+04 2.854873027906458083e+04 1.165337160524522098e+01
3.062705345276552544e+04 2.859545388668150554e+04 1.538181523345858359e+01
1.629347261550652775e+03 3.593750000000000000e+04 2.567992403712573285e-02
4.493463599960951797e+03 3.929492979606163135e+04 8.313598888442828849e-02
0.000000000000000000e+00 4.375000000000000000e+04 0.000000000000000000e+00
4.938331244120270640e+03 3.696328848317444499e+04 9.456608611497067940e-02
2.872469021642049483e+03 3.777739052615505352e+04 4.716049656303811927e-02
2.271547120914369771e+03 4.004380012793644710e+04 3.603772107943403052e-02
0.000000000000000000e+00 4.062500000000000000e+04 0.000000000000000000e+00
1.073056738914573907e+04 4.057243050533608039e+04 4.049547476118264266e-01
6.250000000000000000e+03 5.000000000000000000e+04 1.320370175623348241e-01
1.732840101768164095e+04 3.912416379235911882e+04 1.664496827315698146e+00
1.791269924310162605e+04 4.230278022918457282e+04 1.844027771127435766e+00
1.540476771306643059e+03 4.191613202506776724e+04 2.396047008312393936e-02
1.511189395585873535e+04 3.958361485696829914e+04 1.061929820674811564e+00
9.161637940001917741e+03 3.861822740412497660e+04 2.821009280624490745e-01
1.277214281059011591e+04 4.506908778973037261e+04 6.442217870723846440e-01
6.828505151367186045e+03 3.896316231953727402e+04 1.590578490126813294e-01
9.690785928812412749e+03 4.375630017451180902e+04 3.237822171666568383e-01
1.227222150492447872e+04 4.258427502540320711e+04 5.715361030807311060e-01
1.513525136841024687e+04 4.330095609323389363e+04 1.064354435113625152e+00
1.441114208141285053e+04 4.144676193661770230e+04 9.128750331089808823e-01
3.364052353144746303e+04 3.095159639796926058e+04 2.288205998650953177e+01
3.138390048524084341e+04 3.173802578170845663e+04 1.703827518719054268e+01
2.988619128124804047e+04 3.505880879338959494e+04 1.385376557562990918e+01
3.121154456410340936e+04 3.365842445374296221e+04 1.667785632420995512e+01
3.247028561452588838e+04 3.561302325792460761e+04 1.969443194799443120e+01
3.802048991778447089e+04 3.601669254934373021e+04 3.773617151003001169e+01
3.514735484494865523e+04 3.716275023210090876e+04 2.740390963374063915e+01
2.692170796308357967e+04 3.264838615863878658e+04 8.996285310109835009e+00
2.921775111804375774e+04 3.251154753199859624e+04 1.260058722885140625e+01
2.453463762938867148e+04 3.288304989995405776e+04 6.109416578457456559e+00
2.553505200852791313e+04 3.080123514594071094e+04 7.212598624111556056e+00
2.637423990782572218e+04 4.202103379678295460e+04 8.207597929941407244e+00
4.434561165567144599e+03 4.220255667448278837e+04 8.037474298128130523e-02
6.352776386322180770e+03 4.111586526859401056e+04 1.399771444622395222e-01
6.676509244653056157e+03 4.616511502457205643e+04 1.512366805008166226e-01
3.916509006576523825e+04 4.306063774553858093e+04 4.252921680492920586e+01
1.928859356192104678e+04 3.796401918171061698e+04 2.430378354209102199e+00
2.202984108319212100e+04 4.122085518585977843e+04 4.004105226440792364e+00
2.111136357633977605e+04 3.921187003338028444e+04 3.379051850862356154e+00
2.465406040553610364e+04 3.880665239726642903e+04 6.199414674714531337e+00
1.978024346769577096e+04 4.103488749616570567e+04 2.648501828302914696e+00
1.875000000000000000e+04 5.000000000000000000e+04 2.168874220153158561e+00
1.532799021768645252e+04 4.602176513126004284e+04 1.102371354828234562e+00
3.449853076364862500e+04 4.093334831917958945e+04 2.534792876129463934e+01
3.571907312895186624e+04 3.442156811430912057e+04 2.929304030340777487e+01
3.429152456593016541e+04 3.555404120489722118e+04 2.477354456270246530e+01
3.589849466832311737e+04 3.195657031651492798e+04 2.987334017789219232e+01
3.731261523468694213e+04 3.057449582197163545e+04 3.501351704172501655e+01
1.517910492355147653e+04 4.803578785090665042e+04 1.061269239406367859e+00
2.771959945848124698e+04 3.076347417544990822e+04 1.013255956432941929e+01
8.087276052891374093e+03 4.257373786207428202e+04 2.161449070442936771e-01
2.341875732539891760e+04 3.715415742416273861e+04 5.113293507536956106e+00
2.378818657589510622e+04 4.386787593562222901e+04 5.405514381265204449e+00
2.901030362258333116e+04 4.351222354348035151e+04 1.223066912751320423e+01
9.375000000000000000e+03 5.000000000000000000e+04 2.912439584982677299e-01
1.201862368914144645e+04 4.794232492557125079e+04 5.385087678874720396e-01
2.207458982035259032e+04 4.309865124047957943e+04 4.031318791456356188e+00
2.418850478410930737e+04 4.169443374471095012e+04 5.817059681954203754e+00
2.187500000000000000e+04 5.000000000000000000e+04 3.875511924775458805e+00
2.022472128883403639e+04 4.284797629166909610e+04 2.894234645235857606e+00
2.926881837862022076e+04 3.997967460781108093e+04 1.266520382623316721e+01
1.562500000000000000e+04 5.000000000000000000e+04 1.157624661446343906e+00
1.687341192946572846e+04 4.377418380499255727e+04 1.518435909227880520e+00
3.750000000000000000e+04 5.000000000000000000e+04 3.566459695356276427e+01
1.357665401044543796e+04 4.681549982878541050e+04 7.757873540933539758e-01
3.125000000000000000e+04 5.000000000000000000e+04 1.665485754822821818e+01
1.080312302463971355e+04 4.541809084605751559e+04 4.129551137449132825e-01
2.611031500412294190e+04 4.438546164486927591e+04 7.904412721956051158e+00
2.504209498547130352e+04 4.661009526550320152e+04 6.671164475866258492e+00
1.718750000000000000e+04 4.788314119111916079e+04 1.599990078997099996e+00
1.776798283145995447e+04 4.577228605781346414e+04 1.814795404497141273e+00
1.982660943732776286e+04 4.701070425126068585e+04 2.673220907448306871e+00
2.196446409653991213e+04 4.563727400112380565e+04 3.972500879948992036e+00
2.322750290877071529e+04 4.699613542452130787e+04 4.910171628879480998e+00
3.398970971459515567e+04 3.890467104188250960e+04 2.377594640921355662e+01
3.776656411641498562e+04 3.955457167591250618e+04 3.672002384451567991e+01
2.830423829149963058e+04 4.168481949179900403e+04 1.104360092313870290e+01
3.037925547352540161e+04 4.633120553471350286e+04 1.488194641450983902e+01
2.724561913792254563e+04 4.629939432153217058e+04 9.452928191337194974e+00
3.703641758287525590e+04 3.772411440889642836e+04 3.399067190954908568e+01
2.812500000000000000e+04 5.000000000000000000e+04 1.072632845039460392e+01
1.537612302550857021e+04 2.087426785516414020e+04 1.115423008867293175e+00
1.126139821974433289e+04 4.410411547039196194e+03 4.636835033162278741e-01
1.673776469903789257e+04 6.164769383492131965e+03 1.476905629412752496e+00
1.562500000000000000e+04 0.000000000000000000e+00 1.161795374937732994e+00
1.863457494510264223e+04 2.956152410303157922e+03 2.133453264752274148e+00
1.374451700253036142e+04 2.547274231559386863e+03 7.868150220476810563e-01
1.309297687298468736e+04 4.265198193938434997e+03 6.871902560970354346e-01
1.145831722785943020e+04 2.086585788643147225e+03 4.769243950099371077e-01
9.375000000000000000e+03 0.000000000000000000e+00 2.907823342153523782e-01
9.542726201766827216e+03 3.094516496139623996e+03 3.085855749419304517e-01
1.651610111171259632e+04 3.868761533292900367e+03 1.402713778243272369e+00
1.686024652309082376e+04 1.752488202769894087e+03 1.501237238677392449e+00
7.812500000000000000e+03 1.375688112960129729e+03 2.019460277211301280e-01
1.562500000000000000e+03 1.562500000000000000e+03 2.455695752505792501e-02
3.275925878180803011e+03 2.046019799650100140e+03 5.526296421314786517e-02
4.802411204685718985e+04 1.093750000000000000e+04 8.841035356510515442e+01
4.616182918115019129e+04 1.013534068298222337e+04 7.772581953258270460e+01
4.796312141580390016e+04 8.829800556902260723e+03 8.805047751507444787e+01
2.707803264037030021e+04 3.548429025044132868e+04 9.146668742200075641e+00
2.880804686227065758e+04 3.742270533548460662e+04 1.186539843774664682e+01
2.554287834247760111e+04 3.690969007484003669e+04 7.179535730081735956e+00
3.060368112549237776e+04 3.681385971136189619e+04 1.535291774171133206e+01
2.704607058018955649e+04 3.906021801642788341e+04 9.135224330341653598e+00
3.838140530115320871e+04 3.324347827760374639e+04 3.914473809534601401e+01
4.446663611967844190e+04 3.385496290394604875e+04 6.834836400686066327e+01
4.149582590906226687e+04 3.283464627621306863e+04 5.305366426217049991e+01
4.018130262499595119e+04 3.488781544065506023e+04 4.694669820698866403e+01
4.192400551079743309e+04 3.020601007444323841e+04 5.511682838192229639e+01
4.465708349307585013e+04 2.850316974215667869e+04 6.934939906985583491e+01
4.592703527775542170e+04 2.652002887308884237e+04 7.641385171860358128e+01
4.427056934278660628e+04 2.479637547327955326e+04 6.725964619411251988e+01
4.240680889219227538e+04 2.567822616060629662e+04 5.756327782784124736e+01
4.402342513021949708e+04 2.669919895744024325e+04 6.598239683343595630e+01
4.350728968101111241e+04 3.181310313999940263e+04 6.320247522405662721e+01
4.675386024756205734e+04 3.153403526351729306e+04 8.105762064840952519e+01
4.706203395965723030e+04 3.593750000000000000e+04 8.287218041690451287e+01
4.502857054418636835e+04 3.048688819737302765e+04 7.140958404869432741e+01
4.736573224295972614e+04 2.883952542086833637e+04 8.460318227332662389e+01
5.000000000000000000e+04 3.437500000000000000e+04 9.999999999999998579e+01
4.850122147121364833e+04 3.281250000000000000e+04 9.120678657303216141e+01
4.894650957172310154e+04 3.593750000000000000e+04 9.381982554305325550e+01
5.000000000000000000e+04 4.062500000000000000e+04 9.999999999999998579e+01
4.321594241696024983e+04 3.807220979153092048e+04 6.166983538982657365e+01
4.032280073229236586e+04 3.779113274964330776e+04 4.748637956053735820e+01
4.661403578976917197e+04 3.383727721023584309e+04 8.028915230850849127e+01
5.000000000000000000e+04 4.375000000000000000e+04 1.000000000000000000e+02
4.470286893704425165e+04 3.621910192337066110e+04 6.958893032221644148e+01
4.532527194957644679e+04 3.824162162311080465e+04 7.301381794697250882e+01
4.235284433728825388e+04 3.585655730943478557e+04 5.730212657576522872e+01
4.409572020518420322e+04 4.033441573375168082e+04 6.633452296533035053e+01
4.244348848882919992e+04 4.316806482149480144e+04 5.776898731083289817e+01
4.034514407837398176e+04 4.055796864523875411e+04 4.763196095386484785e+01
4.218054820429207757e+04 3.977705420875078562e+04 5.643314008425738137e+01
4.083043873752697982e+04 4.231633692430474912e+04 4.992707081787325762e+01
4.599066920910144108e+04 4.004014192802781326e+04 7.675946653251452290e+01
4.774181747463899228e+04 3.836992244327180379e+04 8.676308571030389771e+01
4.545569535878103488e+04 4.284353869409523031e+04 7.374179060545168340e+01
4.772174251213965908e+04 4.332737599257431430e+04 8.667514140609378614e+01
5.000000000000000000e+04 4.687500000000000000e+04 1.000000000000000000e+02
4.271447087814940460e+04 3.412151812677000999e+04 5.909934225818898312e+01
4.670129864340189670e+04 4.743067611260172271e+04 8.080561254319042064e+01
4.375000000000000000e+04 5.000000000000000000e+04 6.447507410612490730e+01
4.628087742409038037e+04 4.489003772865330393e+04 7.841880475712018495e+01
3.991266080707406945e+04 4.661423269580716442e+04 4.575650217581553392e+01
4.062500000000000000e+04 5.000000000000000000e+04 4.891972228882855944e+01
4.185388571560728451e+04 4.679927808289964014e+04 5.490347164000233704e+01
3.125000000000000000e+03 5.000000000000000000e+04 5.138419854895492217e-02
6.110342426111556961e+03 4.386993536567481351e+04 1.306563103995889152e-01
7.926784752630708681e+03 4.463928162865775812e+04 2.100050827411462651e-01
4.290424776584064603e+03 4.553628607479298807e+04 7.732525812545366917e-02
2.347279500731282042e+03 4.415780434614424303e+04 3.758160592147860579e-02
0.000000000000000000e+00 4.687500000000000000e+04 0.000000000000000000e+00
1.875677985501926742e+03 4.612286566263592977e+04 2.928815182019725571e-02
1.671488009022488768e+03 4.832851199097750941e+04 2.620617728551190989e-02
3.935371985744603990e+03 4.782758236078146729e+04 6.930555993884024435e-02
5.928653184679520564e+03 4.802310006914959376e+04 1.250280896426240462e-01
9.594441710531069475e+03 4.755487869827615214e+04 3.116162837640401584e-01
7.869281555700212266e+03 4.863245890873792086e+04 2.082438038750242804e-01
3.186474219493016426e+04 4.056033196429465170e+04 1.815493432786064787e+01
3.269047184497139096e+04 4.421484840004681610e+04 2.026205192045232906e+01
3.297146520134457387e+04 4.223081450928129925e+04 2.101758482183274879e+01
3.084958950151714816e+04 4.243474048369930824e+04 1.583550015592356708e+01
2.031250000000000000e+04 4.887422104936197866e+04 2.920887530979490609e+00
2.343750000000000000e+04 4.889710492106911261e+04 5.084832697075126973e+00
3.685275980583919591e+04 4.195103709667369549e+04 3.325649264243165959e+01
3.634437361233765841e+04 4.597464613024354912e+04 3.141776931258533523e+01
3.851541675041638518e+04 4.525397353412921802e+04 3.976370294080855672e+01
3.828358514458607533e+04 4.768601085694094945e+04 3.878616543540370998e+01
3.689408899128259509e+04 4.400018108826497337e+04 3.346271330004002209e+01
3.476106148376756028e+04 4.349618530292149808e+04 2.617568464181364263e+01
2.656250000000000000e+04 4.841651219930074876e+04 8.457832429031263644e+00
2.882228311885633229e+04 4.534541557919065963e+04 1.194245045990637166e+01
3.074580437927394087e+04 4.441131667470520915e+04 1.564692125678594792e+01
3.437500000000000000e+04 5.000000000000000000e+04 2.483994620575774448e+01
2.968750000000000000e+04 4.843311306718685955e+04 1.345778721101488351e+01
3.218906143697485095e+04 4.598745866195476265e+04 1.897589873536205118e+01
3.434530652417904639e+04 4.550674463862719131e+04 2.495385379530405956e+01
3.371541254624142312e+04 4.775763305931546347e+04 2.303940307180495495e+01
3.592574693137340364e+04 4.832565950528253597e+04 3.002618879676679597e+01
3.168031014150400733e+04 4.796927788966963999e+04 1.769859619289921682e+01
1.070543691176133143e+04 6.380656935726197844e+03 4.011691174878738719e-01
4.826300494354977855e+04 2.656250000000000000e+04 8.982571065041851455e+01
4.404241600792513782e+04 4.766478018139558117e+04 6.605814346329619013e+01
4.833421701244612632e+04 4.543940139532202011e+04 9.023747637060773741e+01
4.419854044127398083e+04 4.531650764946806885e+04 6.686091943713415731e+01
4.218750000000000000e+04 4.876363626138951076e+04 5.650740610945278775e+01
4.075621868165442720e+04 4.458134238932790322e+04 4.951401638212006873e+01
4.687500000000000000e+04 5.000000000000000000e+04 8.175732391171051461e+01
4.843750000000000000e+04 4.860383228167598281e+04 9.084349293344352816e+01
4.787661711583610304e+04 4.114640547486647847e+04 8.755220237657793803e+01
