0.000000000000000000e+00 0.000000000000000000e+00 0.000000000000000000e+00
0.000000000000000000e+00 5.000000000000000000e+04 0.000000000000000000e+00
5.000000000000000000e+04 5.000000000000000000e+04 1.000000000000000142e+02
5.000000000000000000e+04 0.000000000000000000e+00 1.000000000000000000e+02
2.500000000000000000e+04 2.500000000000000000e+04 5.739926589971084070e+00
0.000000000000000000e+00 2.500000000000000000e+04 0.000000000000000000e+00
2.062201987637829734e+04 2.479446627531606282e+04 2.592615187973921209e+00
1.250000000000000000e+04 2.500000000000000000e+04 4.536932662262181948e-01
8.096667007225885754e+03 1.548562349829996856e+04 1.541875486647715787e-01
5.170066363449436722e+03 2.154144599442203616e+04 6.960986597177022672e-02
9.375000000000000000e+03 2.187500000000000000e+04 2.149118689698370777e-01
3.599270050504826031e+03 1.967810964994237293e+04 4.237236103395867343e-02
2.500000000000000000e+04 0.000000000000000000e+00 5.659463766538723739e+00
7.931011409154659304e+03 1.765176366179075194e+04 1.487172674819246809e-01
1.171875000000000000e+04 2.265625000000000000e+04 3.794753462664017252e-01
1.204018495913456536e+04 1.687660842537990902e+04 4.103571990259522462e-01
5.078125000000000000e+03 2.460937500000000000e+04 6.846950766869970562e-02
0.000000000000000000e+00 1.875000000000000000e+04 0.000000000000000000e+00
1.712125510907101852e+04 2.215749829697632958e+04 1.271342704877394647e+00
0.000000000000000000e+00 1.250000000000000000e+04 0.000000000000000000e+00
7.095235965330789440e+03 2.303581723123409756e+04 1.165947980098013537e-01
9.478221947429483407e+03 2.489677805257051659e+04 2.180625862425075168e-01
4.051728237027288287e+03 1.660054297542485438e+04 4.939320165665123108e-02
6.700980713898477006e+03 1.944247007932205452e+04 1.060463506644570703e-01
8.874442177608736529e+03 1.960868557392581351e+04 1.880562510741486115e-01
7.577842053257178122e+03 2.116456455817175811e+04 1.351524740179244066e-01
1.224125320404125523e+04 1.978654993783533791e+04 4.221302311586997424e-01
1.547175518066118457e+04 2.601881062043978091e+04 8.905268496076108597e-01
1.447831147646313366e+04 2.303847950784562272e+04 7.128349567556764299e-01
0.000000000000000000e+00 3.750000000000000000e+04 0.000000000000000000e+00
2.685704083588930735e+04 2.890726388418729039e+04 7.865488861955938660e+00
1.329068977152768275e+04 2.146004468900378924e+04 5.503361578126060305e-01
7.866772212914757802e+03 3.644953241832984349e+04 1.451362151986484161e-01
1.854638214780381895e+04 2.390778216435107242e+04 1.721088864349724634e+00
1.854319227388966101e+04 2.749436876539516015e+04 1.707273976480535804e+00
1.008985493420984858e+04 1.781686124933969768e+04 2.572367139707110173e-01
1.085486798265957259e+04 2.887829477001341002e+04 3.065290080249981619e-01
1.576414571230087495e+04 1.874316373982697769e+04 9.602895003335411017e-01
0.000000000000000000e+00 2.187500000000000000e+04 0.000000000000000000e+00
2.042810262338536631e+04 2.237563599133590105e+04 2.472129958519682091e+00
5.874608809765716614e+03 1.755703242898668032e+04 8.559596681510076022e-02
2.138137179193356496e+04 2.014412938457819109e+04 2.993862599371994282e+00
0.000000000000000000e+00 1.562500000000000000e+04 0.000000000000000000e+00
1.629650514486610155e+04 2.408815445870805343e+04 1.071017667522737193e+00
2.347698567247305618e+04 2.235871212808806013e+04 4.380326198873934374e+00
2.972468167481279670e+04 2.705571739344973685e+04 1.224603554919724147e+01
1.070236504320246240e+04 3.097704974435122858e+04 2.988953998593388284e-01
3.311955349779973767e+04 3.338068440974853002e+04 1.983992640502669502e+01
2.282365637840846466e+04 2.462785708270709438e+04 3.886623886993425536e+00
9.709285007903188671e+03 3.272711276068818188e+04 2.351653493238770043e-01
3.214701248048661000e+04 3.791527867341078672e+04 1.730636295439415306e+01
1.093191063901219059e+04 2.662290418811107520e+04 3.142205278229178722e-01
1.340349070334880889e+04 2.783634288889349773e+04 5.578265890356155499e-01
3.547641004479716503e+04 2.752826196860154596e+04 2.685647328097446618e+01
3.664403192661447065e+03 3.496039913213968248e+04 4.313294748685240348e-02
2.194639344638908733e+04 2.766530570201943192e+04 3.336674328605595097e+00
9.423974726603328236e+02 1.718750000000000000e+04 9.826240186545287872e-03
2.596162040343645003e+03 1.795859143501391009e+04 2.817256531881616802e-02
3.957523141291567299e+03 2.304045001744271576e+04 4.725188365197809798e-02
2.570675747027043144e+03 2.521565971135155269e+04 2.786041309727102164e-02
2.445343794908578275e+04 2.808178301987745363e+04 5.210533917881382315e+00
1.345049034988865060e+04 3.060865244973843073e+04 5.624227324950545892e-01
6.453223247333709878e+03 3.014268058297982134e+04 1.016835725922174971e-01
8.054540814986036821e+03 2.757094547957779650e+04 1.532663111835324554e-01
8.810601228992951292e+03 3.005549710879627310e+04 1.860654907562056537e-01
0.000000000000000000e+00 3.125000000000000000e+04 0.000000000000000000e+00
1.767806962471334828e+03 2.317406438931904268e+04 1.846865998109268811e-02
1.966954705218907293e+03 2.105068262244986181e+04 2.040683687618712050e-02
1.369449024057385577e+04 1.822421824717416166e+04 5.999935366856018470e-01
1.589537073128075644e+04 1.383324600736683897e+04 9.756490602502684295e-01
1.528347511710861363e+04 1.627360462677273426e+04 8.560903301394655607e-01
1.968367069159413950e+04 1.608001715987677380e+04 2.146306932642703114e+00
1.752501908875007575e+04 1.711887248488676414e+04 1.385107051794625566e+00
1.780288965513231960e+04 1.493409009388791492e+04 1.471686279916580409e+00
1.953319764754460994e+04 1.852952059447159263e+04 2.089347556093847924e+00
2.611100012535443966e+03 1.001367419154207346e+04 2.792214694943669084e-02
1.828080830566360237e+04 1.190288705192447378e+04 1.633270632974413328e+00
2.187500000000000000e+04 0.000000000000000000e+00 3.269255398397034718e+00
2.519512218915164794e+03 1.406250000000000000e+04 2.647870763494012888e-02
7.234714396026352006e+03 2.541842838446660608e+04 1.223503113778622170e-01
6.296765863128264755e+03 2.826085471032824717e+04 9.429309102340961701e-02
3.018046782752855961e+03 2.948086853214466100e+04 3.372533342713669724e-02
4.304178358839284556e+03 2.689676490204081347e+04 5.304607788229485227e-02
0.000000000000000000e+00 2.812500000000000000e+04 0.000000000000000000e+00
2.123587475458039989e+03 2.741100221018914453e+04 2.227734031183765603e-02
1.887740611812578209e+04 2.070927848486583389e+04 1.826540820195425852e+00
1.767835499564809288e+04 1.916000960517069689e+04 1.432283198294042048e+00
1.516767407311207353e+04 1.057859387078134932e+04 8.335893147715053297e-01
2.276695589257366009e+04 1.272037935181718058e+04 3.860445390629706264e+00
7.984356263849219431e+03 9.298003187612199326e+03 1.478840178976262021e-01
2.312952614555513264e+03 1.591872072429153559e+04 2.481643992250389189e-02
5.508226517279661493e+03 1.398973453161682846e+04 7.482243175270024416e-02
1.111629007001774880e+03 2.968750000000000000e+04 1.152003486998248033e-02
1.622910223782458343e+04 8.389113806543211467e+03 1.050364961045155976e+00
2.066992962093903770e+04 1.151016909306540038e+04 2.613995112335552040e+00
2.341196270740181353e+04 9.180779325906698432e+03 4.346801526263293525e+00
2.068563090959487090e+04 1.390490834716516838e+04 2.614918266511616185e+00
2.245709883361084576e+04 1.083534688116749021e+04 3.654402951455161919e+00
2.524986659274178601e+04 1.134426151098034461e+04 5.979094875934210407e+00
2.356977973982668846e+04 1.655181670863888212e+04 4.474389233364438390e+00
2.170251371407840998e+04 1.569166375293837518e+04 3.196289812079852410e+00
2.180017068792295686e+04 1.793652171316848035e+04 3.215930572476374483e+00
2.442643153176545093e+04 1.946969511970986059e+04 5.215158184678798214e+00
0.000000000000000000e+00 9.375000000000000000e+03 0.000000000000000000e+00
2.521395865150044119e+04 1.420747322147907835e+04 5.953157412603488297e+00
2.698817001137187617e+04 8.005150338593458400e+03 8.023243010226899230e+00
2.330620017521142654e+04 1.458986664448728516e+04 4.280531013371129845e+00
8.612056056467095914e+03 1.112286408453972945e+04 1.769239157390088413e-01
2.543935954205860617e+04 9.320883280073256174e+03 6.216555492294432383e+00
3.380674464057425212e+04 7.304170346836583121e+03 2.174426269118226784e+01
2.769387352570846633e+04 1.040532169043226531e+04 8.957515354923867079e+00
2.647186116861901246e+04 1.279141773555332111e+04 7.380276899627775222e+00
2.812500000000000000e+04 0.000000000000000000e+00 9.542761175190591416e+00
3.002279213258120581e+04 1.310401925465297973e+04 1.284897071068044738e+01
0.000000000000000000e+00 6.250000000000000000e+03 0.000000000000000000e+00
1.639587402097305676e+04 1.201266248541382993e+04 1.090280819566620041e+00
3.059001494982412623e+04 2.038999993204030034e+04 1.397989606388746431e+01
3.319557030447528086e+04 1.472892204944452169e+04 2.005863857225871882e+01
3.046251084464860833e+04 8.287449120137438513e+03 1.374428191068771277e+01
3.019620085817891231e+04 1.069149357409163349e+04 1.311296960780237164e+01
2.831075491006802986e+04 1.222721857180282132e+04 9.933341078008625757e+00
1.009678758738958277e+04 8.537620932054453078e+03 2.533509226798752456e-01
3.125000000000000000e+04 0.000000000000000000e+00 1.534009349674991185e+01
2.581910380317659656e+04 1.638061988897119954e+04 6.619705243170249886e+00
2.867107422431703526e+04 8.814171146758877512e+03 1.049724997796283610e+01
6.236239274499288513e+03 1.571742712437960836e+04 9.474104090763627029e-02
6.646631811610059231e+03 1.154566478829043626e+04 1.059237883810772302e-01
1.273660496370142027e+04 1.047683098063717625e+04 4.782855041644816785e-01
5.489106275057082712e+03 8.513645568464618918e+03 7.580394284201812105e-02
1.220727470853301020e+04 7.771858969869531393e+03 4.277778481304865266e-01
1.225999368231757762e+04 1.319158802032427411e+04 4.336808194741137990e-01
1.875000000000000000e+04 0.000000000000000000e+00 1.751648352871427949e+00
1.420136403019222416e+04 1.281168536050886178e+04 6.746107534754386403e-01
1.893728809297434054e+04 1.355966916898999625e+04 1.838414692562205799e+00
2.308614668353174420e+04 2.062974556180349828e+04 4.079887378562260025e+00
5.000000000000000000e+04 2.500000000000000000e+04 9.999999999999998579e+01
3.750000000000000000e+04 0.000000000000000000e+00 3.390433144121735154e+01
1.978356883272925188e+03 1.212251500470422616e+04 2.054827359776338971e-02
3.958572780501846864e+03 1.175490668103803182e+04 4.719432532313849044e-02
8.629860040289588142e+03 1.305258099148429937e+04 1.749150951428113943e-01
1.050762568105267746e+04 1.148472057700069308e+04 2.851483570995208550e-01
1.250000000000000000e+04 0.000000000000000000e+00 4.492966258110918099e-01
1.038404687413908505e+04 1.471195007872000861e+04 2.738704502454988310e-01
2.026763868863620883e+04 6.554257163569867771e+03 2.406834135424023469e+00
2.061919494827086965e+04 8.671864696093840394e+03 2.545066004852225117e+00
1.716844317789982233e+04 1.019651518231731643e+04 1.274961149080662270e+00
5.202176373770489590e+03 1.036014825878865668e+04 7.023334396483020547e-02
2.316078574890983873e+03 7.831808981631633287e+03 2.441570675480857558e-02
2.239316383033182137e+04 6.854251059358486600e+03 3.623193951975905325e+00
2.378313258266791308e+03 5.254184076318559164e+03 2.491711860008153159e-02
1.412022508650426607e+04 8.718783282749060163e+03 6.672998935648464247e-01
1.465536230479147889e+04 5.232006884115777211e+03 7.421732208787339413e-01
0.000000000000000000e+00 3.125000000000000000e+03 0.000000000000000000e+00
6.250000000000000000e+03 0.000000000000000000e+00 9.228792210406989993e-02
2.503741902762054815e+04 6.045280617533265286e+03 5.756062908227234765e+00
6.720967374208718866e+03 6.957463327975232460e+03 1.067868049790121621e-01
7.402252370184745814e+03 3.416673393742617463e+03 1.289647631974149000e-01
4.113895018522416649e+03 7.189399311437120559e+03 4.964829902291070796e-02
2.178836740586474116e+04 3.459459561165819650e+03 3.213687687666622939e+00
8.697897468355848105e+03 6.781587416966725868e+03 1.793094614582744495e-01
2.562695981189454687e+04 3.018875366137136098e+03 6.374465177076690914e+00
1.846205124993045683e+04 7.941998873969523629e+03 1.692192382322389888e+00
1.873143788785668221e+04 5.054943799000967374e+03 1.765747997976801820e+00
5.218055221971373612e+03 4.832349175087014373e+03 6.917223585025700228e-02
2.325622307750954496e+04 4.949224148025627073e+03 4.193649507922547315e+00
4.687500000000000000e+03 9.610874813538429180e+02 6.050762532099820262e-02
5.364766416654791101e+03 2.665905828769969503e+03 7.297254038506080509e-02
3.612643781534972732e+03 3.794230510701288495e+03 4.107808394773423272e-02
1.338906084753991308e+04 1.510800195185055964e+04 5.544761770603080508e-01
3.125000000000000000e+03 0.000000000000000000e+00 3.367107151112918445e-02
3.269819370898063062e+04 2.826081751611430718e+03 1.872832819456222708e+01
2.031250000000000000e+04 1.691686027555576629e+03 2.433993109179572567e+00
2.355113839787138204e+04 1.875440636615812991e+03 4.425343083891696061e+00
2.745110334167977635e+04 4.451820877373333133e+03 8.604229102616379521e+00
2.889531807431405468e+04 6.267055369517909639e+03 1.080957796879637378e+01
2.763821968387116431e+04 1.905921867528457369e+04 8.899969010579805939e+00
2.773148783881511918e+04 2.217348059733592436e+03 8.977993586380708990e+00
3.156105141917767105e+04 5.791028715431169985e+03 1.601742806982678147e+01
2.968750000000000000e+04 3.835896821922163326e+03 1.218120176966483115e+01
2.983911682343003486e+04 1.661475965516735414e+03 1.248800278855647150e+01
3.376892914058659517e+04 4.937276373172709100e+03 2.159366147994276020e+01
3.437500000000000000e+04 0.000000000000000000e+00 2.331120940458623281e+01
3.745723570723580633e+04 6.062097941016762888e+03 3.393377637593367524e+01
3.543169485040099971e+04 6.094459694901355761e+03 2.672622647007960239e+01
3.649463574810443970e+04 9.218477452058185008e+03 3.030925319948276453e+01
2.590630525352325276e+04 1.827840596486521463e+04 6.694012615228975172e+00
2.902584280928925727e+04 1.615983548797515505e+04 1.109586242623127816e+01
2.778204103306517936e+04 2.267927705870960926e+04 9.092137461662598952e+00
3.639565810077587957e+04 3.023409369767353382e+03 2.994222956887603004e+01
3.349350544468231237e+04 1.058818782843130793e+04 2.082638366490883897e+01
4.346321073525028623e+04 9.310799286649400528e+03 6.175695416720292030e+01
2.748683401742787828e+04 1.720502200418978100e+04 8.692608606004510463e+00
2.732123759906580744e+04 1.479984984692441867e+04 8.437182384409101843e+00
3.099674907161185183e+04 1.511230301428666280e+04 1.485190702514108096e+01
3.261415129950866685e+04 1.789147195938980076e+04 1.853606328379398249e+01
2.975964394525600437e+04 1.829277185020472461e+04 1.232126004151191090e+01
3.102702326413073388e+04 1.695491120070541729e+04 1.489958674975422959e+01
2.861426511104856399e+04 2.083332748500417074e+04 1.036349728349348354e+01
2.560163856083607971e+04 2.289334160074003375e+04 6.385905207829848607e+00
3.281250000000000000e+04 9.834106429844678132e+02 1.908960588828537297e+01
4.139461413249420730e+04 1.916211740905268016e+04 5.115499128007780882e+01
3.459411654958781583e+04 2.040501732734309144e+03 2.400625686775723366e+01
3.243889317605172255e+04 8.830648248333754964e+03 1.815207359003431975e+01
3.459851326548481302e+04 9.036639131158655800e+03 2.405838966183396721e+01
3.635025332280513248e+04 1.287482292565033640e+04 2.983388218836072170e+01
4.265695998129951477e+04 3.392652685081465279e+03 5.758158606686813386e+01
3.833276485153845715e+04 2.459347359390186466e+04 3.734922570120353669e+01
2.622424037543254235e+04 2.076610110926320340e+04 7.011419763018071016e+00
3.878123791364976205e+04 3.894775241568757338e+03 3.916112465544365762e+01
4.375000000000000000e+04 0.000000000000000000e+00 6.331155880509385980e+01
3.814061895682488102e+04 1.947387620784379124e+03 3.655218738926057398e+01
4.062500000000000000e+04 0.000000000000000000e+00 4.733828774283816188e+01
4.301571470399713871e+04 1.718646671027834600e+04 5.947404539616157848e+01
4.467211680175305810e+04 2.686949668819585895e+03 6.843427070769547527e+01
4.687500000000000000e+04 0.000000000000000000e+00 8.112442104558705580e+01
5.000000000000000000e+04 1.250000000000000000e+04 1.000000000000000000e+02
4.531250000000000000e+04 9.654782472434612828e+02 7.210229557702409409e+01
5.000000000000000000e+04 6.250000000000000000e+03 1.000000000000000000e+02
4.686046148840896785e+04 2.139098445076221833e+04 8.106750195475102316e+01
4.277463493505460792e+04 2.102014444370322963e+04 5.813556111982993713e+01
5.000000000000000000e+04 3.125000000000000000e+03 9.999999999999998579e+01
3.549924033935895568e+04 1.101019453611533572e+04 2.692611729446977975e+01
3.409381948632300191e+04 1.271246743612662249e+04 2.256510034590146319e+01
3.198643995155694574e+04 1.216104244004753127e+04 1.706324956889008249e+01
3.665201076191203174e+04 1.699909180867184114e+04 3.086276438801947819e+01
3.485148770030424203e+04 2.177318112478684634e+04 2.484644557939169118e+01
4.218750000000000000e+04 1.309750602855852321e+03 5.515462439724863231e+01
3.444479147761822969e+04 1.659330556764476205e+04 2.361580524480323717e+01
3.528771839859071770e+04 1.467779738844719213e+04 2.623282826932606326e+01
3.511631274136654974e+04 1.914648488540998369e+04 2.566844151302633392e+01
3.917252133548569691e+04 2.042444317840762960e+04 4.091016345403613741e+01
3.687197458648184693e+04 2.065018975968440645e+04 3.181337674368869273e+01
3.784776875194397871e+04 1.875922718479183095e+04 3.550932575203387387e+01
3.820489341750815220e+04 2.239862665523362375e+04 3.678553017625251442e+01
3.984909878778011625e+04 6.035197116787906452e+03 4.399959620163483720e+01
4.244518196754476958e+04 2.325273647186309972e+04 5.644527136398998834e+01
4.217397737029894051e+04 5.472460742487870448e+03 5.504348485418319825e+01
4.021282014343114861e+04 2.338279351716080782e+04 4.551199017507752131e+01
4.157647348739842710e+04 2.756550111870966794e+04 5.203037772667615712e+01
4.034510015702325472e+04 2.565331144074032272e+04 4.616701532972921029e+01
2.290932769266142350e+04 3.067669109818074139e+04 3.953386891682653559e+00
3.840022684382859734e+04 2.690573171913526312e+04 3.762360422168286078e+01
3.421306499096142943e+04 2.600770503554100287e+04 2.295893954832863670e+01
3.644628657912998460e+04 2.580562630779562096e+04 3.026019425550121866e+01
3.515573831432349834e+04 2.398444001762667904e+04 2.573336233768151615e+01
3.174114878232555930e+04 2.362476133393706914e+04 1.644738318890210849e+01
2.991054373799670793e+04 2.252831292881568152e+04 1.261291500514518304e+01
3.565456698694820079e+04 2.949711803639652135e+04 2.738613329984219646e+01
3.867581843557288084e+04 8.062657954829458504e+03 3.885020215474877858e+01
5.000000000000000000e+04 1.875000000000000000e+04 9.999999999999998579e+01
4.375828088161790947e+04 7.011948962955410025e+03 6.338318935446167757e+01
4.059045455959689571e+04 2.158791421171614274e+04 4.727483457700407854e+01
3.934325655298624770e+04 1.030803333415724228e+04 4.168316005835957583e+01
4.229739750785069918e+04 1.106620464000751053e+04 5.563476008120622396e+01
4.343242102114922454e+04 1.913709015648826608e+04 6.160503479745535316e+01
3.298663979946590553e+04 2.026240899654227906e+04 1.955317892223140319e+01
3.298320301733619999e+04 2.217299106272389690e+04 1.951070073664097748e+01
4.026287411139367759e+04 2.255714421386961021e+03 4.580882400565830181e+01
3.986297834229718865e+04 1.610394288725470869e+04 4.399561785782537982e+01
4.162368369101282588e+04 8.282835917021307978e+03 5.228800839130563816e+01
5.000000000000000000e+04 9.375000000000000000e+03 1.000000000000000000e+02
2.500000000000000000e+04 5.000000000000000000e+04 5.732555966087478083e+00
3.928980756898316031e+04 3.059852409449661354e+04 4.146763311506586547e+01
1.526302986428013901e+04 3.376644078679499216e+04 8.494606011366975240e-01
1.175246429290225933e+04 3.280059605707013543e+04 3.854837626674426088e-01
7.745296752178396673e+03 3.316492396318931424e+04 1.410359572107162951e-01
4.430491090347364661e+04 4.868404718872779995e+03 6.640337808026191624e+01
4.580607266742803768e+04 1.213158574427318672e+04 7.488955263207832047e+01
4.517766388525699585e+04 8.362496721392888503e+03 7.130355687538155962e+01
4.735264366221924138e+04 2.704252956907135740e+03 8.398806455348672273e+01
4.843750000000000000e+04 1.118329382448332353e+03 9.052039691306248415e+01
4.839455723398190457e+04 4.687500000000000000e+03 9.026375540612254156e+01
4.797825822055642493e+04 6.721273185333969195e+03 8.775910945770542071e+01
4.633756471509046241e+04 4.502844265199792972e+03 7.800186473890194350e+01
4.596433824453430861e+04 6.494795069882384269e+03 7.582415047553136844e+01
1.545616931231185845e+04 3.648982225981363445e+04 8.925219945777648212e-01
1.370660443223006951e+04 3.256072959489324785e+04 6.056175014189624228e-01
1.814140025965431778e+04 3.599621892372128059e+04 1.560727103942672667e+00
3.972031619103197590e+04 1.808802725305157219e+04 4.330966441781798437e+01
3.778127845182101737e+04 1.484329380807755297e+04 3.520920558301840231e+01
3.874472234243025014e+04 1.263850240170099823e+04 3.903929137933120330e+01
3.749740920420220937e+04 1.107605977021168110e+04 3.413623344922216063e+01
4.228943079421684524e+04 1.416942409546087401e+04 5.563845071435937228e+01
4.662728332951213088e+04 1.743475888152740663e+04 7.965499547214137976e+01
4.470499915866403899e+04 2.244560301056374374e+04 6.861176048211771672e+01
4.504719537393065548e+04 2.041498444281523552e+04 7.057218938136691122e+01
4.701149194177376921e+04 2.442967507866930828e+04 8.196476689070676969e+01
6.060834879582724170e+03 3.487177132542610343e+04 9.056617899679922368e-02
2.655661154571848238e+04 2.665511336041909817e+04 7.449532075994564018e+00
3.240006867492386300e+04 2.879912105691290344e+04 1.799209205488494945e+01
2.762494008359850341e+04 2.464984183884078084e+04 8.881155610932603750e+00
4.169207370896250359e+04 1.590916354834435151e+04 5.266089930503391514e+01
4.022814192335115513e+04 1.407296485867128104e+04 4.564583452647074324e+01
4.374121984568731568e+04 1.262153123453408807e+04 6.333104617002429393e+01
4.537558868166423053e+04 1.491341726188637040e+04 7.240761367219405997e+01
5.000000000000000000e+04 1.562500000000000000e+04 1.000000000000000000e+02
4.486070102652575588e+04 1.674039446064779258e+04 6.953881210387170597e+01
4.776744487106624001e+04 1.385932907471934595e+04 8.646256613895242538e+01
4.797256932137177500e+04 1.589424759493255988e+04 8.769960319754036959e+01
4.892890315452359937e+04 2.031250000000000000e+04 9.351299726094224241e+01
5.000000000000000000e+04 2.187500000000000000e+04 9.999999999999998579e+01
4.727918825890333392e+04 1.938132039028009967e+04 8.356580501209279532e+01
5.000000000000000000e+04 3.750000000000000000e+04 9.999999999999998579e+01
1.577994958180361573e+04 3.149172789119647132e+04 9.545576935140397401e-01
2.985397182530140708e+04 2.482366018537931814e+04 1.251959279858463248e+01
4.874951223065269005e+04 2.343750000000000000e+04 9.242256612435780028e+01
5.000000000000000000e+04 2.812500000000000000e+04 1.000000000000000000e+02
2.028955115285208740e+04 2.668873974917833402e+04 2.419165459756397851e+00
1.284507133470928784e+04 3.569215262561226700e+04 4.870759889944159537e-01
4.900977771931258030e+04 2.968750000000000000e+04 9.399106043366278129e+01
0.000000000000000000e+00 3.437500000000000000e+04 0.000000000000000000e+00
1.607396138001385953e+04 2.917762292074246216e+04 1.005893603465964015e+00
2.965269772451288009e+04 3.009067768566829909e+04 1.216020922005568394e+01
1.754980777012991166e+04 3.309001177910357364e+04 1.404788528644856260e+00
4.602096187781529807e+03 3.050491611631508931e+04 5.950874658374859932e-02
1.791308166066980266e+04 3.058701682394301315e+04 1.495300953030850755e+00
4.768965311465733066e+03 3.238375636172656596e+04 6.188352634692883408e-02
1.962727956779935266e+04 4.461656751177363913e+04 2.111628736877260160e+00
2.230852938708351576e+04 3.377614224850232131e+04 3.570161035018303508e+00
1.668685592250512855e+04 2.742396930224540120e+04 1.154553373426492557e+00
1.126351512968897805e+04 3.840796577873736533e+04 3.433365686538962791e-01
2.074363973919523414e+04 3.507735869908153836e+04 2.626098947500481007e+00
2.424636043516140489e+04 3.526424038136936724e+04 4.988095613465220346e+00
2.136014518227268127e+04 3.701693723576979392e+04 2.991522628713223497e+00
2.114924765598928934e+04 3.162540026214315003e+04 2.852666667417686153e+00
9.907692668074078028e+03 3.472950206300826540e+04 2.432982295834976993e-01
2.012793190880422844e+04 2.990643401528725371e+04 2.351897485666905041e+00
1.359766961583581542e+04 3.790102058502884029e+04 5.904394309306072453e-01
3.971697240999611677e+04 2.854207695797639099e+04 4.325484998463765862e+01
2.153681980220461810e+03 3.278770441173471772e+04 2.276483091131491221e-02
1.993144848115560671e+04 3.321124261970975931e+04 2.255264496155669818e+00
3.185862665015912353e+04 2.605955135141469145e+04 1.676001059827567374e+01
1.755791111919691321e+04 2.570019774724032686e+04 1.380401461468665492e+00
5.000000000000000000e+04 3.125000000000000000e+04 1.000000000000000000e+02
1.250000000000000000e+04 5.000000000000000000e+04 4.525495441426450882e-01
1.291588981527719625e+04 4.013276388084984501e+04 5.039757626004981450e-01
8.502074867351497232e+03 4.062498454559310630e+04 1.743618366661178753e-01
9.723669878357748530e+03 3.658200104836159881e+04 2.341608694669649882e-01
2.865711024687368263e+04 2.854873027906458083e+04 1.046396895660873660e+01
3.062705345276552544e+04 2.859545388668150554e+04 1.402925439476235070e+01
1.629347261550652775e+03 3.593750000000000000e+04 1.716773753594352803e-02
4.493463599960951797e+03 3.929492979606163135e+04 5.674254418856419790e-02
0.000000000000000000e+00 4.375000000000000000e+04 0.000000000000000000e+00
4.938331244120270640e+03 3.696328848317444499e+04 6.481405268050252633e-02
2.872469021642049483e+03 3.777739052615505352e+04 3.170215813072631977e-02
2.271547120914369771e+03 4.004380012793644710e+04 2.411745358616536328e-02
0.000000000000000000e+00 4.062500000000000000e+04 0.000000000000000000e+00
1.073056738914573907e+04 4.057243050533608039e+04 2.984525504023482489e-01
6.250000000000000000e+03 5.000000000000000000e+04 9.149949880671438829e-02
1.732840101768164095e+04 3.912416379235911882e+04 1.334093031319809608e+00
1.791269924310162605e+04 4.230278022918457282e+04 1.485651939987266301e+00
1.540476771306643059e+03 4.191613202506776724e+04 1.599169872333606676e-02
1.511189395585873535e+04 3.958361485696829914e+04 8.289210688805341842e-01
9.161637940001917741e+03 3.861822740412497660e+04 2.038057376941248555e-01
1.277214281059011591e+04 4.506908778973037261e+04 4.880980165221493472e-01
6.828505151367186045e+03 3.896316231953727402e+04 1.115300653699019540e-01
9.690785928812412749e+03 4.375630017451180902e+04 2.359173744438030629e-01
1.227222150492447872e+04 4.258427502540320711e+04 4.297124177628722230e-01
1.513525136841024687e+04 4.330095609323389363e+04 8.304850222663013870e-01
1.441114208141285053e+04 4.144676193661770230e+04 7.058893184895410622e-01
3.364052353144746303e+04 3.095159639796926058e+04 2.133742577314563604e+01
3.138390048524084341e+04 3.173802578170845663e+04 1.562866337564842922e+01
2.988619128124804047e+04 3.505880879338959494e+04 1.255979772227606617e+01
3.121154456410340936e+04 3.365842445374296221e+04 1.528175380152871909e+01
3.247028561452588838e+04 3.561302325792460761e+04 1.821283660706857077e+01
3.802048991778447089e+04 3.601669254934373021e+04 3.612492994638920862e+01
3.514735484494865523e+04 3.716275023210090876e+04 2.580042269892400952e+01
2.692170796308357967e+04 3.264838615863878658e+04 7.960767859671144642e+00
2.921775111804375774e+04 3.251154753199859624e+04 1.136253840416833505e+01
2.453463762938867148e+04 3.288304989995405776e+04 5.284352867639737106e+00
2.553505200852791313e+04 3.080123514594071094e+04 6.300107109734071287e+00
2.637423990782572218e+04 4.202103379678295460e+04 7.220798756449076983e+00
4.434561165567144599e+03 4.220255667448278837e+04 5.470516796180174834e-02
6.352776386322180770e+03 4.111586526859401056e+04 9.753427502114045411e-02
6.676509244653056157e+03 4.616511502457205643e+04 1.057115953640679340e-01
3.916509006576523825e+04 4.306063774553858093e+04 4.096571113274244169e+01
1.928859356192104678e+04 3.796401918171061698e+04 1.992245871396964851e+00
2.202984108319212100e+04 4.122085518585977843e+04 3.380211732705300953e+00
2.111136357633977605e+04 3.921187003338028444e+04 2.823119645306931158e+00
2.465406040553610364e+04 3.880665239726642903e+04 5.364257121194093259e+00
1.978024346769577096e+04 4.103488749616570567e+04 2.181091241848334583e+00
1.875000000000000000e+04 5.000000000000000000e+04 1.763939444673041868e+00
1.532799021768645252e+04 4.602176513126004284e+04 8.616372829457417115e-01
3.449853076364862500e+04 4.093334831917958945e+04 2.376457905797798276e+01
3.571907312895186624e+04 3.442156811430912057e+04 2.767632447001494356e+01
3.429152456593016541e+04 3.555404120489722118e+04 2.319982710326253539e+01
3.589849466832311737e+04 3.195657031651492798e+04 2.825119070050683590e+01
3.731261523468694213e+04 3.057449582197163545e+04 3.339186213474011566e+01
1.517910492355147653e+04 4.803578785090665042e+04 8.270918117026204719e-01
2.771959945848124698e+04 3.076347417544990822e+04 9.025769882512914677e+00
8.087276052891374093e+03 4.257373786207428202e+04 1.538335914748267252e-01
2.341875732539891760e+04 3.715415742416273861e+04 4.378833814537312463e+00
2.378818657589510622e+04 4.386787593562222901e+04 4.642725225601276762e+00
2.901030362258333116e+04 4.351222354348035151e+04 1.101051254255638945e+01
9.375000000000000000e+03 5.000000000000000000e+04 2.105609642534861103e-01
1.201862368914144645e+04 4.794232492557125079e+04 4.033343888642495489e-01
2.207458982035259032e+04 4.309865124047957943e+04 3.403842612686458491e+00
2.418850478410930737e+04 4.169443374471095012e+04 5.019591582165156218e+00
2.187500000000000000e+04 5.000000000000000000e+04 3.263626853166634589e+00
2.022472128883403639e+04 4.284797629166909610e+04 2.397071107779269905e+00
2.926881837862022076e+04 3.997967460781108093e+04 1.142353359171059246e+01
1.562500000000000000e+04 5.000000000000000000e+04 9.066554221909473021e-01
1.687341192946572846e+04 4.377418380499255727e+04 1.210086197532318497e+00
3.750000000000000000e+04 5.000000000000000000e+04 3.404123513827924796e+01
1.357665401044543796e+04 4.681549982878541050e+04 5.946146665269790299e-01
3.125000000000000000e+04 5.000000000000000000e+04 1.525244545448127553e+01
1.080312302463971355e+04 4.541809084605751559e+04 3.047658942923635594e-01
2.611031500412294190e+04 4.438546164486927591e+04 6.941328577176722803e+00
2.504209498547130352e+04 4.661009526550320152e+04 5.801655930553660134e+00
1.718750000000000000e+04 4.788314119111916079e+04 1.278240693766934610e+00
1.776798283145995447e+04 4.577228605781346414e+04 1.461878059109632755e+00
1.982660943732776286e+04 4.701070425126068585e+04 2.202487754260054942e+00
2.196446409653991213e+04 4.563727400112380565e+04 3.351896899202641666e+00
2.322750290877071529e+04 4.699613542452130787e+04 4.193021323159676683e+00
3.398970971459515567e+04 3.890467104188250960e+04 2.221028662579077917e+01
3.776656411641498562e+04 3.955457167591250618e+04 3.510228214884690345e+01
2.830423829149963058e+04 4.168481949179900403e+04 9.885316493059693954e+00
3.037925547352540161e+04 4.633120553471350286e+04 1.354917137180558662e+01
2.724561913792254563e+04 4.629939432153217058e+04 8.388664672054632732e+00
3.703641758287525590e+04 3.772411440889642836e+04 3.236748338982574325e+01
2.812500000000000000e+04 5.000000000000000000e+04 9.583272936366405759e+00
1.537612302550857021e+04 2.087426785516414020e+04 8.726172477134555017e-01
1.126139821974433289e+04 4.410411547039196194e+03 3.447545469049563271e-01
1.673776469903789257e+04 6.164769383492131965e+03 1.175114041658646302e+00
1.562500000000000000e+04 0.000000000000000000e+00 9.101510516687034702e-01
1.863457494510264223e+04 2.956152410303157922e+03 1.734504212586476912e+00
1.374451700253036142e+04 2.547274231559386863e+03 6.028335638225550408e-01
1.309297687298468736e+04 4.265198193938434997e+03 5.222989878602927183e-01
1.145831722785943020e+04 2.086585788643147225e+03 3.548170305914817857e-01
9.375000000000000000e+03 0.000000000000000000e+00 2.101964179745732242e-01
9.542726201766827216e+03 3.094516496139623996e+03 2.240043644245847954e-01
1.651610111171259632e+04 3.868761533292900367e+03 1.112058355044218017e+00
1.686024652309082376e+04 1.752488202769894087e+03 1.194808853335431076e+00
7.812500000000000000e+03 1.375688112960129729e+03 1.432067577697546668e-01
1.562500000000000000e+03 1.562500000000000000e+03 1.640124369632613849e-02
3.275925878180803011e+03 2.046019799650100140e+03 3.726320438664482149e-02
4.802411204685718985e+04 1.093750000000000000e+04 8.801477952619309519e+01
4.616182918115019129e+04 1.013534068298222337e+04 7.698279049512113659e+01
4.796312141580390016e+04 8.829800556902260723e+03 8.764252552178534472e+01
2.707803264037030021e+04 3.548429025044132868e+04 8.097889569993512282e+00
2.880804686227065758e+04 3.742270533548460662e+04 1.066317641256160620e+01
2.554287834247760111e+04 3.690969007484003669e+04 6.267121193833101067e+00
3.060368112549237776e+04 3.681385971136189619e+04 1.400283124413199687e+01
2.704607058018955649e+04 3.906021801642788341e+04 8.088905164003090675e+00
3.838140530115320871e+04 3.324347827760374639e+04 3.754026165753425204e+01
4.446663611967844190e+04 3.385496290394604875e+04 6.732486505574986779e+01
4.149582590906226687e+04 3.283464627621306863e+04 5.165133345484937166e+01
4.018130262499595119e+04 3.488781544065506023e+04 4.543886486411644654e+01
4.192400551079743309e+04 3.020601007444323841e+04 5.375598409367464114e+01
4.465708349307585013e+04 2.850316974215667869e+04 6.835211610961732731e+01
4.592703527775542170e+04 2.652002887308884237e+04 7.563071630103377174e+01
4.427056934278660628e+04 2.479637547327955326e+04 6.620361340171425013e+01
4.240680889219227538e+04 2.567822616060629662e+04 5.626023956102779522e+01
4.402342513021949708e+04 2.669919895744024325e+04 6.489443642205856122e+01
4.350728968101111241e+04 3.181310313999940263e+04 6.203660116446735628e+01
4.675386024756205734e+04 3.153403526351729306e+04 8.041809661138533727e+01
4.706203395965723030e+04 3.593750000000000000e+04 8.229500970649584701e+01
4.502857054418636835e+04 3.048688819737302765e+04 7.047420481735129272e+01
4.736573224295972614e+04 2.883952542086833637e+04 8.408161023574263027e+01
5.000000000000000000e+04 3.437500000000000000e+04 9.999999999999998579e+01
4.850122147121364833e+04 3.281250000000000000e+04 9.090647890785476193e+01
4.894650957172310154e+04 3.593750000000000000e+04 9.360877708944522624e+01
5.000000000000000000e+04 4.062500000000000000e+04 9.999999999999998579e+01
4.321594241696024983e+04 3.807220979153092048e+04 6.046346702028916553e+01
4.032280073229236586e+04 3.779113274964330776e+04 4.597921430797477882e+01
4.661403578976917197e+04 3.383727721023584309e+04 7.962704192411287352e+01
5.000000000000000000e+04 4.375000000000000000e+04 1.000000000000000000e+02
4.470286893704425165e+04 3.621910192337066110e+04 6.859756780499174056e+01
4.532527194957644679e+04 3.824162162311080465e+04 7.212349743245965783e+01
4.235284433728825388e+04 3.585655730943478557e+04 5.599329292745818520e+01
4.409572020518420322e+04 4.033441573375168082e+04 6.525337809623420071e+01
4.244348848882919992e+04 4.316806482149480144e+04 5.647240712877480462e+01
4.034514407837398176e+04 4.055796864523875411e+04 4.613040440798352648e+01
4.218054820429207757e+04 3.977705420875078562e+04 5.510426731734537498e+01
4.083043873752697982e+04 4.231633692430474912e+04 4.846856111733476524e+01
4.599066920910144108e+04 4.004014192802781326e+04 7.598583863881935940e+01
4.774181747463899228e+04 3.836992244327180379e+04 8.631176111571218712e+01
4.545569535878103488e+04 4.284353869409523031e+04 7.287368832289179466e+01
4.772174251213965908e+04 4.332737599257431430e+04 8.622301970391305304e+01
5.000000000000000000e+04 4.687500000000000000e+04 1.000000000000000000e+02
4.271447087814940460e+04 3.412151812677000999e+04 5.783046423532945823e+01
4.670129864340189670e+04 4.743067611260172271e+04 8.016150856361709032e+01
4.375000000000000000e+04 5.000000000000000000e+04 6.334293391821547203e+01
4.628087742409038037e+04 4.489003772865330393e+04 7.769889538460105882e+01
3.991266080707406945e+04 4.661423269580716442e+04 4.423318846822954242e+01
4.062500000000000000e+04 5.000000000000000000e+04 4.744003391719994767e+01
4.185388571560728451e+04 4.679927808289964014e+04 5.354829383816684185e+01
3.125000000000000000e+03 5.000000000000000000e+04 3.454468884633727505e-02
6.110342426111556961e+03 4.386993536567481351e+04 9.072969573874205274e-02
7.926784752630708681e+03 4.463928162865775812e+04 1.493914295807014792e-01
4.290424776584064603e+03 4.553628607479298807e+04 5.260194095570849826e-02
2.347279500731282042e+03 4.415780434614424303e+04 2.517816930266019576e-02
0.000000000000000000e+00 4.687500000000000000e+04 0.000000000000000000e+00
1.875677985501926742e+03 4.612286566263592977e+04 1.955752486771406354e-02
1.671488009022488768e+03 4.832851199097750941e+04 1.750691524495282675e-02
3.935371985744603990e+03 4.782758236078146729e+04 4.700539752833354096e-02
5.928653184679520564e+03 4.802310006914959376e+04 8.666831899626836755e-02
9.594441710531069475e+03 4.755487869827615214e+04 2.262888654403946431e-01
7.869281555700212266e+03 4.863245890873792086e+04 1.480893770159862066e-01
3.186474219493016426e+04 4.056033196429465170e+04 1.671140999291640128e+01
3.269047184497139096e+04 4.421484840004681610e+04 1.876740979879090077e+01
3.297146520134457387e+04 4.223081450928129925e+04 1.950747542522847056e+01
3.084958950151714816e+04 4.243474048369930824e+04 1.446523580585621005e+01
2.031250000000000000e+04 4.887422104936197866e+04 2.419082904102668241e+00
2.343750000000000000e+04 4.889710492106911261e+04 4.351116608890189141e+00
3.685275980583919591e+04 4.195103709667369549e+04 3.162908150626143566e+01
3.634437361233765841e+04 4.597464613024354912e+04 2.979104389591478252e+01
3.851541675041638518e+04 4.525397353412921802e+04 3.817001457061419245e+01
3.828358514458607533e+04 4.768601085694094945e+04 3.718249967479250984e+01
3.689408899128259509e+04 4.400018108826497337e+04 3.183944008144741034e+01
3.476106148376756028e+04 4.349618530292149808e+04 2.458354241552886066e+01
2.656250000000000000e+04 4.841651219930074876e+04 7.454652132644092433e+00
2.882228311885633229e+04 4.534541557919065963e+04 1.073910608495675412e+01
3.074580437927394087e+04 4.441131667470520915e+04 1.428560724002798565e+01
3.437500000000000000e+04 5.000000000000000000e+04 2.325278170152062174e+01
2.968750000000000000e+04 4.843311306718685955e+04 1.217950322240792715e+01
3.218906143697485095e+04 4.598745866195476265e+04 1.751190240325060188e+01
3.434530652417904639e+04 4.550674463862719131e+04 2.337928415709655994e+01
3.371541254624142312e+04 4.775763305931546347e+04 2.148863294858651329e+01
3.592574693137340364e+04 4.832565950528253597e+04 2.840855735474051258e+01
3.168031014150400733e+04 4.796927788966963999e+04 1.626708016130199042e+01
1.070543691176133143e+04 6.380656935726197844e+03 2.954193199394849478e-01
4.826300494354977855e+04 2.656250000000000000e+04 8.947953378350239007e+01
4.404241600792513782e+04 4.766478018139558117e+04 6.497057325494165525e+01
4.833421701244612632e+04 4.543940139532202011e+04 8.990481998298555766e+01
4.419854044127398083e+04 4.531650764946806885e+04 6.579275616202605192e+01
4.218750000000000000e+04 4.876363626138951076e+04 5.518379928976003157e+01
4.075621868165442720e+04 4.458134238932790322e+04 4.804383950258260683e+01
4.687500000000000000e+04 5.000000000000000000e+04 8.114085461228198426e+01
4.843750000000000000e+04 4.860383228167598281e+04 9.053154157095123367e+01
4.787661711583610304e+04 4.114640547486647847e+04 8.712771869576543793e+01
