0 1.229328e-02 
1 1.224846e-02 
2 1.220381e-02 
3 1.215933e-02 
4 1.211503e-02 
5 1.207090e-02 
6 1.202694e-02 
7 1.198316e-02 
8 1.193954e-02 
9 1.189610e-02 
10 1.185282e-02 
11 1.180971e-02 
12 1.176677e-02 
13 1.172400e-02 
14 1.168140e-02 
15 1.163896e-02 
16 1.159668e-02 
17 1.155457e-02 
18 1.151263e-02 
19 1.147084e-02 
20 1.142922e-02 
21 1.138776e-02 
22 1.134647e-02 
23 1.130533e-02 
24 1.126436e-02 
25 1.122354e-02 
26 1.118288e-02 
27 1.114238e-02 
28 1.110204e-02 
29 1.106186e-02 
30 1.102183e-02 
31 1.098195e-02 
32 1.094224e-02 
33 1.090267e-02 
34 1.086326e-02 
35 1.082401e-02 
36 1.078490e-02 
37 1.074595e-02 
38 1.070715e-02 
39 1.066850e-02 
40 1.063000e-02 
41 1.059165e-02 
42 1.055345e-02 
43 1.051539e-02 
44 1.047749e-02 
45 1.043973e-02 
46 1.040212e-02 
47 1.036466e-02 
48 1.032734e-02 
49 1.029016e-02 
50 1.025313e-02 
51 1.021624e-02 
52 1.017950e-02 
53 1.014290e-02 
54 1.010644e-02 
55 1.007012e-02 
56 1.003394e-02 
57 9.997908e-03 
58 9.962011e-03 
59 9.926254e-03 
60 9.890635e-03 
61 9.855154e-03 
62 9.819811e-03 
63 9.784604e-03 
64 9.749535e-03 
65 9.714601e-03 
66 9.679802e-03 
67 9.645139e-03 
68 9.610609e-03 
69 9.576214e-03 
70 9.541951e-03 
71 9.507822e-03 
72 9.473824e-03 
73 9.439958e-03 
74 9.406223e-03 
75 9.372619e-03 
76 9.339145e-03 
77 9.305801e-03 
78 9.272586e-03 
79 9.239499e-03 
80 9.206540e-03 
81 9.173709e-03 
82 9.141004e-03 
83 9.108427e-03 
84 9.075975e-03 
85 9.043649e-03 
86 9.011447e-03 
87 8.979371e-03 
88 8.947418e-03 
89 8.915589e-03 
90 8.883883e-03 
91 8.852299e-03 
92 8.820838e-03 
93 8.789498e-03 
94 8.758279e-03 
95 8.727181e-03 
96 8.696203e-03 
97 8.665344e-03 
98 8.634605e-03 
99 8.603985e-03 
100 8.573483e-03 
101 8.543098e-03 
102 8.512831e-03 
103 8.482681e-03 
104 8.452647e-03 
105 8.422729e-03 
106 8.392926e-03 
107 8.363238e-03 
108 8.333665e-03 
109 8.304206e-03 
110 8.274861e-03 
111 8.245629e-03 
112 8.216510e-03 
113 8.187503e-03 
114 8.158607e-03 
115 8.129824e-03 
116 8.101151e-03 
117 8.072588e-03 
118 8.044136e-03 
119 8.015794e-03 
120 7.987560e-03 
121 7.959436e-03 
122 7.931419e-03 
123 7.903511e-03 
124 7.875710e-03 
125 7.848016e-03 
126 7.820429e-03 
127 7.792948e-03 
128 7.765573e-03 
129 7.738304e-03 
130 7.711139e-03 
131 7.684079e-03 
132 7.657123e-03 
133 7.630270e-03 
134 7.603521e-03 
135 7.576875e-03 
136 7.550331e-03 
137 7.523890e-03 
138 7.497550e-03 
139 7.471312e-03 
140 7.445174e-03 
141 7.419137e-03 
142 7.393200e-03 
143 7.367362e-03 
144 7.341624e-03 
145 7.315985e-03 
146 7.290445e-03 
147 7.265002e-03 
148 7.239657e-03 
149 7.214410e-03 
150 7.189260e-03 
151 7.164206e-03 
152 7.139248e-03 
153 7.114386e-03 
154 7.089620e-03 
155 7.064949e-03 
156 7.040372e-03 
157 7.015890e-03 
158 6.991501e-03 
159 6.967207e-03 
160 6.943005e-03 
161 6.918896e-03 
162 6.894880e-03 
163 6.870956e-03 
164 6.847123e-03 
165 6.823382e-03 
166 6.799732e-03 
167 6.776173e-03 
168 6.752704e-03 
169 6.729325e-03 
170 6.706036e-03 
171 6.682835e-03 
172 6.659724e-03 
173 6.636701e-03 
174 6.613767e-03 
175 6.590920e-03 
176 6.568160e-03 
177 6.545488e-03 
178 6.522903e-03 
179 6.500404e-03 
180 6.477991e-03 
181 6.455664e-03 
182 6.433423e-03 
183 6.411266e-03 
184 6.389195e-03 
185 6.367207e-03 
186 6.345304e-03 
187 6.323485e-03 
188 6.301749e-03 
189 6.280096e-03 
190 6.258526e-03 
191 6.237039e-03 
192 6.215633e-03 
193 6.194310e-03 
194 6.173068e-03 
195 6.151907e-03 
196 6.130827e-03 
197 6.109827e-03 
198 6.088908e-03 
199 6.068068e-03 
200 6.047308e-03 
201 6.026628e-03 
202 6.006026e-03 
203 5.985503e-03 
204 5.965058e-03 
205 5.944692e-03 
206 5.924403e-03 
207 5.904191e-03 
208 5.884057e-03 
209 5.863999e-03 
210 5.844018e-03 
211 5.824113e-03 
212 5.804284e-03 
213 5.784531e-03 
214 5.764853e-03 
215 5.745250e-03 
216 5.725722e-03 
217 5.706268e-03 
218 5.686888e-03 
219 5.667582e-03 
220 5.648350e-03 
221 5.629191e-03 
222 5.610105e-03 
223 5.591091e-03 
224 5.572150e-03 
225 5.553281e-03 
226 5.534484e-03 
227 5.515758e-03 
228 5.497104e-03 
229 5.478521e-03 
230 5.460008e-03 
231 5.441566e-03 
232 5.423194e-03 
233 5.404892e-03 
234 5.386659e-03 
235 5.368496e-03 
236 5.350402e-03 
237 5.332377e-03 
238 5.314420e-03 
239 5.296531e-03 
240 5.278711e-03 
241 5.260958e-03 
242 5.243273e-03 
243 5.225654e-03 
244 5.208103e-03 
245 5.190618e-03 
246 5.173200e-03 
247 5.155848e-03 
248 5.138562e-03 
249 5.121341e-03 
250 5.104186e-03 
251 5.087096e-03 
252 5.070070e-03 
253 5.053109e-03 
254 5.036213e-03 
255 5.019381e-03 
256 5.002612e-03 
257 4.985907e-03 
258 4.969266e-03 
259 4.952687e-03 
260 4.936172e-03 
261 4.919719e-03 
262 4.903328e-03 
263 4.886999e-03 
264 4.870733e-03 
265 4.854528e-03 
266 4.838384e-03 
267 4.822301e-03 
268 4.806280e-03 
269 4.790319e-03 
270 4.774418e-03 
271 4.758578e-03 
272 4.742797e-03 
273 4.727076e-03 
274 4.711415e-03 
275 4.695813e-03 
276 4.680270e-03 
277 4.664786e-03 
278 4.649360e-03 
279 4.633993e-03 
280 4.618684e-03 
281 4.603432e-03 
282 4.588238e-03 
283 4.573102e-03 
284 4.558023e-03 
285 4.543001e-03 
286 4.528035e-03 
287 4.513126e-03 
288 4.498274e-03 
289 4.483477e-03 
290 4.468737e-03 
291 4.454052e-03 
292 4.439422e-03 
293 4.424848e-03 
294 4.410328e-03 
295 4.395864e-03 
296 4.381454e-03 
297 4.367098e-03 
298 4.352796e-03 
299 4.338549e-03 
300 4.324355e-03 
301 4.310214e-03 
302 4.296127e-03 
303 4.282093e-03 
304 4.268112e-03 
305 4.254184e-03 
306 4.240308e-03 
307 4.226484e-03 
308 4.212712e-03 
309 4.198992e-03 
310 4.185324e-03 
311 4.171707e-03 
312 4.158142e-03 
313 4.144627e-03 
314 4.131164e-03 
315 4.117751e-03 
316 4.104388e-03 
317 4.091076e-03 
318 4.077814e-03 
319 4.064602e-03 
320 4.051439e-03 
321 4.038326e-03 
322 4.025262e-03 
323 4.012247e-03 
324 3.999281e-03 
325 3.986364e-03 
326 3.973495e-03 
327 3.960675e-03 
328 3.947903e-03 
329 3.935178e-03 
330 3.922502e-03 
331 3.909873e-03 
332 3.897291e-03 
333 3.884757e-03 
334 3.872270e-03 
335 3.859829e-03 
336 3.847435e-03 
337 3.835088e-03 
338 3.822787e-03 
339 3.810532e-03 
340 3.798323e-03 
341 3.786160e-03 
342 3.774042e-03 
343 3.761970e-03 
344 3.749943e-03 
345 3.737961e-03 
346 3.726023e-03 
347 3.714131e-03 
348 3.702283e-03 
349 3.690479e-03 
350 3.678720e-03 
351 3.667004e-03 
352 3.655333e-03 
353 3.643705e-03 
354 3.632120e-03 
355 3.620579e-03 
356 3.609081e-03 
357 3.597626e-03 
358 3.586214e-03 
359 3.574844e-03 
360 3.563517e-03 
361 3.552233e-03 
362 3.540990e-03 
363 3.529789e-03 
364 3.518630e-03 
365 3.507513e-03 
366 3.496438e-03 
367 3.485403e-03 
368 3.474410e-03 
369 3.463458e-03 
370 3.452547e-03 
371 3.441676e-03 
372 3.430846e-03 
373 3.420056e-03 
374 3.409307e-03 
375 3.398597e-03 
376 3.387928e-03 
377 3.377298e-03 
378 3.366708e-03 
379 3.356157e-03 
380 3.345646e-03 
381 3.335173e-03 
382 3.324740e-03 
383 3.314346e-03 
384 3.303990e-03 
385 3.293673e-03 
386 3.283394e-03 
387 3.273153e-03 
388 3.262950e-03 
389 3.252786e-03 
390 3.242659e-03 
391 3.232570e-03 
392 3.222518e-03 
393 3.212504e-03 
394 3.202527e-03 
395 3.192586e-03 
396 3.182683e-03 
397 3.172817e-03 
398 3.162987e-03 
399 3.153194e-03 
400 3.143437e-03 
401 3.133716e-03 
402 3.124031e-03 
403 3.114382e-03 
404 3.104769e-03 
405 3.095192e-03 
406 3.085650e-03 
407 3.076144e-03 
408 3.066672e-03 
409 3.057236e-03 
410 3.047835e-03 
411 3.038469e-03 
412 3.029137e-03 
413 3.019840e-03 
414 3.010577e-03 
415 3.001348e-03 
416 2.992154e-03 
417 2.982994e-03 
418 2.973867e-03 
419 2.964775e-03 
420 2.955715e-03 
421 2.946690e-03 
422 2.937698e-03 
423 2.928739e-03 
424 2.919813e-03 
425 2.910920e-03 
426 2.902060e-03 
427 2.893232e-03 
428 2.884437e-03 
429 2.875675e-03 
430 2.866945e-03 
431 2.858247e-03 
432 2.849582e-03 
433 2.840948e-03 
434 2.832346e-03 
435 2.823776e-03 
436 2.815237e-03 
437 2.806730e-03 
438 2.798254e-03 
439 2.789810e-03 
440 2.781396e-03 
441 2.773014e-03 
442 2.764662e-03 
443 2.756341e-03 
444 2.748051e-03 
445 2.739791e-03 
446 2.731562e-03 
447 2.723362e-03 
448 2.715193e-03 
449 2.707054e-03 
450 2.698945e-03 
451 2.690866e-03 
452 2.682817e-03 
453 2.674797e-03 
454 2.666806e-03 
455 2.658845e-03 
456 2.650913e-03 
457 2.643010e-03 
458 2.635136e-03 
459 2.627291e-03 
460 2.619475e-03 
461 2.611687e-03 
462 2.603928e-03 
463 2.596198e-03 
464 2.588496e-03 
465 2.580822e-03 
466 2.573176e-03 
467 2.565558e-03 
468 2.557968e-03 
469 2.550406e-03 
470 2.542871e-03 
471 2.535364e-03 
472 2.527884e-03 
473 2.520432e-03 
474 2.513007e-03 
475 2.505610e-03 
476 2.498239e-03 
477 2.490895e-03 
478 2.483578e-03 
479 2.476288e-03 
480 2.469024e-03 
481 2.461787e-03 
482 2.454576e-03 
483 2.447392e-03 
484 2.440234e-03 
485 2.433102e-03 
486 2.425996e-03 
487 2.418916e-03 
488 2.411861e-03 
489 2.404833e-03 
490 2.397830e-03 
491 2.390852e-03 
492 2.383900e-03 
493 2.376973e-03 
494 2.370072e-03 
495 2.363195e-03 
496 2.356344e-03 
497 2.349517e-03 
498 2.342715e-03 
499 2.335938e-03 
500 2.329186e-03 
501 2.322458e-03 
502 2.315755e-03 
503 2.309076e-03 
504 2.302421e-03 
505 2.295790e-03 
506 2.289184e-03 
507 2.282601e-03 
508 2.276042e-03 
509 2.269508e-03 
510 2.262996e-03 
511 2.256509e-03 
512 2.250045e-03 
513 2.243604e-03 
514 2.237186e-03 
515 2.230792e-03 
516 2.224421e-03 
517 2.218073e-03 
518 2.211748e-03 
519 2.205446e-03 
520 2.199167e-03 
521 2.192910e-03 
522 2.186676e-03 
523 2.180465e-03 
524 2.174276e-03 
525 2.168109e-03 
526 2.161965e-03 
527 2.155843e-03 
528 2.149743e-03 
529 2.143664e-03 
530 2.137608e-03 
531 2.131574e-03 
532 2.125561e-03 
533 2.119570e-03 
534 2.113601e-03 
535 2.107653e-03 
536 2.101727e-03 
537 2.095822e-03 
538 2.089938e-03 
539 2.084075e-03 
540 2.078234e-03 
541 2.072413e-03 
542 2.066613e-03 
543 2.060835e-03 
544 2.055077e-03 
545 2.049339e-03 
546 2.043622e-03 
547 2.037926e-03 
548 2.032250e-03 
549 2.026595e-03 
550 2.020960e-03 
551 2.015345e-03 
552 2.009750e-03 
553 2.004176e-03 
554 1.998621e-03 
555 1.993086e-03 
556 1.987571e-03 
557 1.982076e-03 
558 1.976600e-03 
559 1.971144e-03 
560 1.965707e-03 
561 1.960290e-03 
562 1.954893e-03 
563 1.949514e-03 
564 1.944155e-03 
565 1.938815e-03 
566 1.933494e-03 
567 1.928192e-03 
568 1.922909e-03 
569 1.917644e-03 
570 1.912399e-03 
571 1.907172e-03 
572 1.901964e-03 
573 1.896774e-03 
574 1.891603e-03 
575 1.886450e-03 
576 1.881316e-03 
577 1.876200e-03 
578 1.871102e-03 
579 1.866022e-03 
580 1.860961e-03 
581 1.855917e-03 
582 1.850891e-03 
583 1.845883e-03 
584 1.840893e-03 
585 1.835920e-03 
586 1.830966e-03 
587 1.826028e-03 
588 1.821109e-03 
589 1.816206e-03 
590 1.811321e-03 
591 1.806454e-03 
592 1.801603e-03 
593 1.796770e-03 
594 1.791954e-03 
595 1.787155e-03 
596 1.782373e-03 
597 1.777608e-03 
598 1.772859e-03 
599 1.768128e-03 
600 1.763413e-03 
601 1.758715e-03 
602 1.754033e-03 
603 1.749368e-03 
604 1.744719e-03 
605 1.740087e-03 
606 1.735471e-03 
607 1.730871e-03 
608 1.726288e-03 
609 1.721720e-03 
610 1.717169e-03 
611 1.712634e-03 
612 1.708115e-03 
613 1.703611e-03 
614 1.699124e-03 
615 1.694652e-03 
616 1.690196e-03 
617 1.685755e-03 
618 1.681330e-03 
619 1.676921e-03 
620 1.672527e-03 
621 1.668148e-03 
622 1.663785e-03 
623 1.659437e-03 
624 1.655105e-03 
625 1.650787e-03 
626 1.646485e-03 
627 1.642198e-03 
628 1.637925e-03 
629 1.633668e-03 
630 1.629426e-03 
631 1.625198e-03 
632 1.620985e-03 
633 1.616787e-03 
634 1.612603e-03 
635 1.608434e-03 
636 1.604280e-03 
637 1.600140e-03 
638 1.596014e-03 
639 1.591903e-03 
640 1.587806e-03 
641 1.583724e-03 
642 1.579655e-03 
643 1.575601e-03 
644 1.571561e-03 
645 1.567535e-03 
646 1.563523e-03 
647 1.559525e-03 
648 1.555540e-03 
649 1.551570e-03 
650 1.547613e-03 
651 1.543670e-03 
652 1.539741e-03 
653 1.535825e-03 
654 1.531923e-03 
655 1.528034e-03 
656 1.524159e-03 
657 1.520297e-03 
658 1.516449e-03 
659 1.512613e-03 
660 1.508792e-03 
661 1.504983e-03 
662 1.501187e-03 
663 1.497405e-03 
664 1.493635e-03 
665 1.489879e-03 
666 1.486135e-03 
667 1.482405e-03 
668 1.478687e-03 
669 1.474982e-03 
670 1.471290e-03 
671 1.467610e-03 
672 1.463943e-03 
673 1.460289e-03 
674 1.456647e-03 
675 1.453018e-03 
676 1.449401e-03 
677 1.445797e-03 
678 1.442205e-03 
679 1.438625e-03 
680 1.435057e-03 
681 1.431502e-03 
682 1.427959e-03 
683 1.424428e-03 
684 1.420909e-03 
685 1.417402e-03 
686 1.413907e-03 
687 1.410424e-03 
688 1.406953e-03 
689 1.403494e-03 
690 1.400046e-03 
691 1.396611e-03 
692 1.393187e-03 
693 1.389774e-03 
694 1.386374e-03 
695 1.382984e-03 
696 1.379607e-03 
697 1.376241e-03 
698 1.372886e-03 
699 1.369542e-03 
700 1.366210e-03 
701 1.362890e-03 
702 1.359580e-03 
703 1.356282e-03 
704 1.352995e-03 
705 1.349719e-03 
706 1.346454e-03 
707 1.343201e-03 
708 1.339958e-03 
709 1.336726e-03 
710 1.333505e-03 
711 1.330295e-03 
712 1.327096e-03 
713 1.323908e-03 
714 1.320730e-03 
715 1.317563e-03 
716 1.314407e-03 
717 1.311261e-03 
718 1.308126e-03 
719 1.305002e-03 
720 1.301888e-03 
721 1.298784e-03 
722 1.295691e-03 
723 1.292608e-03 
724 1.289536e-03 
725 1.286474e-03 
726 1.283422e-03 
727 1.280380e-03 
728 1.277349e-03 
729 1.274328e-03 
730 1.271316e-03 
731 1.268315e-03 
732 1.265324e-03 
733 1.262343e-03 
734 1.259372e-03 
735 1.256411e-03 
736 1.253459e-03 
737 1.250518e-03 
738 1.247586e-03 
739 1.244664e-03 
740 1.241752e-03 
741 1.238850e-03 
742 1.235957e-03 
743 1.233073e-03 
744 1.230200e-03 
745 1.227336e-03 
746 1.224481e-03 
747 1.221636e-03 
748 1.218800e-03 
749 1.215974e-03 
750 1.213157e-03 
751 1.210349e-03 
752 1.207551e-03 
753 1.204761e-03 
754 1.201981e-03 
755 1.199211e-03 
756 1.196449e-03 
757 1.193697e-03 
758 1.190953e-03 
759 1.188219e-03 
760 1.185493e-03 
761 1.182777e-03 
762 1.180069e-03 
763 1.177371e-03 
764 1.174681e-03 
765 1.172000e-03 
766 1.169328e-03 
767 1.166665e-03 
768 1.164010e-03 
769 1.161364e-03 
770 1.158727e-03 
771 1.156098e-03 
772 1.153478e-03 
773 1.150867e-03 
774 1.148264e-03 
775 1.145670e-03 
776 1.143084e-03 
777 1.140506e-03 
778 1.137937e-03 
779 1.135376e-03 
780 1.132824e-03 
781 1.130280e-03 
782 1.127744e-03 
783 1.125216e-03 
784 1.122697e-03 
785 1.120186e-03 
786 1.117683e-03 
787 1.115188e-03 
788 1.112701e-03 
789 1.110222e-03 
790 1.107751e-03 
791 1.105288e-03 
792 1.102833e-03 
793 1.100387e-03 
794 1.097947e-03 
795 1.095516e-03 
796 1.093093e-03 
797 1.090678e-03 
798 1.088270e-03 
799 1.085870e-03 
800 1.083478e-03 
801 1.081093e-03 
802 1.078716e-03 
803 1.076347e-03 
804 1.073985e-03 
805 1.071631e-03 
806 1.069285e-03 
807 1.066946e-03 
808 1.064614e-03 
809 1.062290e-03 
810 1.059973e-03 
811 1.057664e-03 
812 1.055362e-03 
813 1.053068e-03 
814 1.050781e-03 
815 1.048501e-03 
816 1.046228e-03 
817 1.043963e-03 
818 1.041704e-03 
819 1.039453e-03 
820 1.037209e-03 
821 1.034973e-03 
822 1.032743e-03 
823 1.030520e-03 
824 1.028305e-03 
825 1.026096e-03 
826 1.023895e-03 
827 1.021700e-03 
828 1.019512e-03 
829 1.017332e-03 
830 1.015158e-03 
831 1.012991e-03 
832 1.010831e-03 
833 1.008677e-03 
834 1.006531e-03 
835 1.004391e-03 
836 1.002258e-03 
837 1.000131e-03 
838 9.980117e-04 
839 9.958986e-04 
840 9.937921e-04 
841 9.916923e-04 
842 9.895990e-04 
843 9.875123e-04 
844 9.854321e-04 
845 9.833584e-04 
846 9.812911e-04 
847 9.792304e-04 
848 9.771760e-04 
849 9.751281e-04 
850 9.730865e-04 
851 9.710513e-04 
852 9.690224e-04 
853 9.669998e-04 
854 9.649835e-04 
855 9.629735e-04 
856 9.609697e-04 
857 9.589721e-04 
858 9.569806e-04 
859 9.549954e-04 
860 9.530163e-04 
861 9.510433e-04 
862 9.490764e-04 
863 9.471156e-04 
864 9.451608e-04 
865 9.432120e-04 
866 9.412693e-04 
867 9.393325e-04 
868 9.374017e-04 
869 9.354768e-04 
870 9.335578e-04 
871 9.316447e-04 
872 9.297375e-04 
873 9.278361e-04 
874 9.259405e-04 
875 9.240508e-04 
876 9.221668e-04 
877 9.202886e-04 
878 9.184161e-04 
879 9.165493e-04 
880 9.146882e-04 
881 9.128328e-04 
882 9.109831e-04 
883 9.091389e-04 
884 9.073004e-04 
885 9.054674e-04 
886 9.036401e-04 
887 9.018182e-04 
888 9.000019e-04 
889 8.981911e-04 
890 8.963857e-04 
891 8.945859e-04 
892 8.927914e-04 
893 8.910024e-04 
894 8.892188e-04 
895 8.874405e-04 
896 8.856676e-04 
897 8.839001e-04 
898 8.821379e-04 
899 8.803809e-04 
900 8.786293e-04 
901 8.768829e-04 
902 8.751417e-04 
903 8.734057e-04 
904 8.716750e-04 
905 8.699494e-04 
906 8.682290e-04 
907 8.665137e-04 
908 8.648036e-04 
909 8.630985e-04 
910 8.613986e-04 
911 8.597037e-04 
912 8.580138e-04 
913 8.563290e-04 
914 8.546492e-04 
915 8.529743e-04 
916 8.513045e-04 
917 8.496395e-04 
918 8.479796e-04 
919 8.463245e-04 
920 8.446743e-04 
921 8.430290e-04 
922 8.413886e-04 
923 8.397530e-04 
924 8.381222e-04 
925 8.364962e-04 
926 8.348750e-04 
927 8.332586e-04 
928 8.316469e-04 
929 8.300400e-04 
930 8.284378e-04 
931 8.268403e-04 
932 8.252474e-04 
933 8.236592e-04 
934 8.220757e-04 
935 8.204968e-04 
936 8.189225e-04 
937 8.173528e-04 
938 8.157877e-04 
939 8.142271e-04 
940 8.126711e-04 
941 8.111196e-04 
942 8.095726e-04 
943 8.080301e-04 
944 8.064921e-04 
945 8.049585e-04 
946 8.034294e-04 
947 8.019047e-04 
948 8.003844e-04 
949 7.988685e-04 
950 7.973570e-04 
951 7.958498e-04 
952 7.943470e-04 
953 7.928485e-04 
954 7.913544e-04 
955 7.898645e-04 
956 7.883789e-04 
957 7.868976e-04 
958 7.854205e-04 
959 7.839476e-04 
960 7.824790e-04 
961 7.810146e-04 
962 7.795543e-04 
963 7.780983e-04 
964 7.766463e-04 
965 7.751986e-04 
966 7.737549e-04 
967 7.723154e-04 
968 7.708799e-04 
969 7.694485e-04 
970 7.680212e-04 
971 7.665980e-04 
972 7.651787e-04 
973 7.637635e-04 
974 7.623523e-04 
975 7.609451e-04 
976 7.595419e-04 
977 7.581426e-04 
978 7.567473e-04 
979 7.553559e-04 
980 7.539684e-04 
981 7.525848e-04 
982 7.512051e-04 
983 7.498293e-04 
984 7.484574e-04 
985 7.470893e-04 
986 7.457250e-04 
987 7.443645e-04 
988 7.430079e-04 
989 7.416550e-04 
990 7.403059e-04 
991 7.389606e-04 
992 7.376190e-04 
993 7.362811e-04 
994 7.349470e-04 
995 7.336166e-04 
996 7.322899e-04 
997 7.309668e-04 
998 7.296474e-04 
999 7.283317e-04 
1000 7.270196e-04 
1001 7.257112e-04 
1002 7.244063e-04 
1003 7.231051e-04 
1004 7.218074e-04 
1005 7.205133e-04 
1006 7.192228e-04 
1007 7.179358e-04 
1008 7.166524e-04 
1009 7.153725e-04 
1010 7.140961e-04 
1011 7.128232e-04 
1012 7.115537e-04 
1013 7.102878e-04 
1014 7.090253e-04 
1015 7.077663e-04 
1016 7.065106e-04 
1017 7.052585e-04 
1018 7.040097e-04 
1019 7.027643e-04 
1020 7.015223e-04 
1021 7.002837e-04 
1022 6.990484e-04 
1023 6.978165e-04 
1024 6.965879e-04 
1025 6.953626e-04 
1026 6.941407e-04 
1027 6.929221e-04 
1028 6.917067e-04 
1029 6.904946e-04 
1030 6.892858e-04 
1031 6.880802e-04 
1032 6.868779e-04 
1033 6.856788e-04 
1034 6.844829e-04 
1035 6.832903e-04 
1036 6.821008e-04 
1037 6.809145e-04 
1038 6.797314e-04 
1039 6.785514e-04 
1040 6.773746e-04 
1041 6.762010e-04 
1042 6.750304e-04 
1043 6.738630e-04 
1044 6.726987e-04 
1045 6.715374e-04 
1046 6.703793e-04 
1047 6.692242e-04 
1048 6.680722e-04 
1049 6.669232e-04 
1050 6.657773e-04 
1051 6.646344e-04 
1052 6.634945e-04 
1053 6.623576e-04 
1054 6.612237e-04 
1055 6.600928e-04 
1056 6.589649e-04 
1057 6.578400e-04 
1058 6.567179e-04 
1059 6.555989e-04 
1060 6.544827e-04 
1061 6.533695e-04 
1062 6.522592e-04 
1063 6.511518e-04 
1064 6.500473e-04 
1065 6.489457e-04 
1066 6.478469e-04 
1067 6.467510e-04 
1068 6.456580e-04 
1069 6.445678e-04 
1070 6.434804e-04 
1071 6.423958e-04 
1072 6.413141e-04 
1073 6.402351e-04 
1074 6.391590e-04 
1075 6.380856e-04 
1076 6.370150e-04 
1077 6.359471e-04 
1078 6.348820e-04 
1079 6.338197e-04 
1080 6.327601e-04 
1081 6.317032e-04 
1082 6.306490e-04 
1083 6.295975e-04 
1084 6.285487e-04 
1085 6.275026e-04 
1086 6.264591e-04 
1087 6.254184e-04 
1088 6.243803e-04 
1089 6.233448e-04 
1090 6.223120e-04 
1091 6.212818e-04 
1092 6.202542e-04 
1093 6.192292e-04 
1094 6.182068e-04 
1095 6.171871e-04 
1096 6.161699e-04 
1097 6.151552e-04 
1098 6.141432e-04 
1099 6.131337e-04 
1100 6.121267e-04 
1101 6.111223e-04 
1102 6.101204e-04 
1103 6.091210e-04 
1104 6.081242e-04 
1105 6.071298e-04 
1106 6.061380e-04 
1107 6.051486e-04 
1108 6.041617e-04 
1109 6.031773e-04 
1110 6.021953e-04 
1111 6.012158e-04 
1112 6.002387e-04 
1113 5.992641e-04 
1114 5.982918e-04 
1115 5.973220e-04 
1116 5.963547e-04 
1117 5.953897e-04 
1118 5.944271e-04 
1119 5.934669e-04 
1120 5.925090e-04 
1121 5.915536e-04 
1122 5.906005e-04 
1123 5.896497e-04 
1124 5.887013e-04 
1125 5.877552e-04 
1126 5.868115e-04 
1127 5.858701e-04 
1128 5.849309e-04 
1129 5.839941e-04 
1130 5.830596e-04 
1131 5.821274e-04 
1132 5.811975e-04 
1133 5.802698e-04 
1134 5.793444e-04 
1135 5.784212e-04 
1136 5.775003e-04 
1137 5.765817e-04 
1138 5.756653e-04 
1139 5.747511e-04 
1140 5.738391e-04 
1141 5.729293e-04 
1142 5.720218e-04 
1143 5.711164e-04 
1144 5.702132e-04 
1145 5.693122e-04 
1146 5.684134e-04 
1147 5.675167e-04 
1148 5.666223e-04 
1149 5.657299e-04 
1150 5.648397e-04 
1151 5.639517e-04 
1152 5.630657e-04 
1153 5.621819e-04 
1154 5.613002e-04 
1155 5.604207e-04 
1156 5.595432e-04 
1157 5.586678e-04 
1158 5.577945e-04 
1159 5.569233e-04 
1160 5.560542e-04 
1161 5.551871e-04 
1162 5.543221e-04 
1163 5.534591e-04 
1164 5.525982e-04 
1165 5.517393e-04 
1166 5.508825e-04 
1167 5.500277e-04 
1168 5.491749e-04 
1169 5.483241e-04 
1170 5.474753e-04 
1171 5.466286e-04 
1172 5.457838e-04 
1173 5.449410e-04 
1174 5.441002e-04 
1175 5.432613e-04 
1176 5.424244e-04 
1177 5.415895e-04 
1178 5.407565e-04 
1179 5.399255e-04 
1180 5.390964e-04 
1181 5.382693e-04 
1182 5.374441e-04 
1183 5.366208e-04 
1184 5.357994e-04 
1185 5.349799e-04 
1186 5.341623e-04 
1187 5.333466e-04 
1188 5.325328e-04 
1189 5.317209e-04 
1190 5.309109e-04 
1191 5.301027e-04 
1192 5.292964e-04 
1193 5.284920e-04 
1194 5.276894e-04 
1195 5.268887e-04 
1196 5.260898e-04 
1197 5.252927e-04 
1198 5.244975e-04 
1199 5.237041e-04 
1200 5.229125e-04 
1201 5.221227e-04 
1202 5.213347e-04 
1203 5.205485e-04 
1204 5.197641e-04 
1205 5.189815e-04 
1206 5.182007e-04 
1207 5.174217e-04 
1208 5.166444e-04 
1209 5.158689e-04 
1210 5.150951e-04 
1211 5.143231e-04 
1212 5.135528e-04 
1213 5.127843e-04 
1214 5.120175e-04 
1215 5.112525e-04 
1216 5.104892e-04 
1217 5.097276e-04 
1218 5.089677e-04 
1219 5.082095e-04 
1220 5.074530e-04 
1221 5.066982e-04 
1222 5.059451e-04 
1223 5.051937e-04 
1224 5.044440e-04 
1225 5.036959e-04 
1226 5.029495e-04 
1227 5.022048e-04 
1228 5.014617e-04 
1229 5.007203e-04 
1230 4.999806e-04 
1231 4.992424e-04 
1232 4.985060e-04 
1233 4.977711e-04 
1234 4.970379e-04 
1235 4.963063e-04 
1236 4.955763e-04 
1237 4.948479e-04 
1238 4.941212e-04 
1239 4.933960e-04 
1240 4.926724e-04 
1241 4.919505e-04 
1242 4.912301e-04 
1243 4.905113e-04 
1244 4.897940e-04 
1245 4.890784e-04 
1246 4.883643e-04 
1247 4.876518e-04 
1248 4.869408e-04 
1249 4.862314e-04 
1250 4.855235e-04 
1251 4.848172e-04 
1252 4.841124e-04 
1253 4.834091e-04 
1254 4.827074e-04 
1255 4.820071e-04 
1256 4.813084e-04 
1257 4.806113e-04 
1258 4.799156e-04 
1259 4.792214e-04 
1260 4.785287e-04 
1261 4.778376e-04 
1262 4.771479e-04 
1263 4.764597e-04 
1264 4.757729e-04 
1265 4.750877e-04 
1266 4.744039e-04 
1267 4.737216e-04 
1268 4.730408e-04 
1269 4.723614e-04 
1270 4.716834e-04 
1271 4.710069e-04 
1272 4.703319e-04 
1273 4.696583e-04 
1274 4.689861e-04 
1275 4.683154e-04 
1276 4.676461e-04 
1277 4.669782e-04 
1278 4.663117e-04 
1279 4.656466e-04 
1280 4.649830e-04 
1281 4.643207e-04 
1282 4.636599e-04 
1283 4.630004e-04 
1284 4.623424e-04 
1285 4.616857e-04 
1286 4.610304e-04 
1287 4.603765e-04 
1288 4.597240e-04 
1289 4.590728e-04 
1290 4.584230e-04 
1291 4.577745e-04 
1292 4.571275e-04 
1293 4.564817e-04 
1294 4.558374e-04 
1295 4.551943e-04 
1296 4.545526e-04 
1297 4.539123e-04 
1298 4.532732e-04 
1299 4.526356e-04 
1300 4.519992e-04 
1301 4.513641e-04 
1302 4.507304e-04 
1303 4.500980e-04 
1304 4.494669e-04 
1305 4.488371e-04 
1306 4.482086e-04 
1307 4.475814e-04 
1308 4.469555e-04 
1309 4.463309e-04 
1310 4.457075e-04 
1311 4.450855e-04 
1312 4.444647e-04 
1313 4.438452e-04 
1314 4.432270e-04 
1315 4.426100e-04 
1316 4.419943e-04 
1317 4.413799e-04 
1318 4.407667e-04 
1319 4.401547e-04 
1320 4.395440e-04 
1321 4.389346e-04 
1322 4.383264e-04 
1323 4.377194e-04 
1324 4.371137e-04 
1325 4.365092e-04 
1326 4.359059e-04 
1327 4.353039e-04 
1328 4.347030e-04 
1329 4.341034e-04 
1330 4.335050e-04 
1331 4.329078e-04 
1332 4.323118e-04 
1333 4.317170e-04 
1334 4.311234e-04 
1335 4.305310e-04 
1336 4.299398e-04 
1337 4.293497e-04 
1338 4.287609e-04 
1339 4.281732e-04 
1340 4.275867e-04 
1341 4.270014e-04 
1342 4.264173e-04 
1343 4.258343e-04 
1344 4.252525e-04 
1345 4.246718e-04 
1346 4.240923e-04 
1347 4.235139e-04 
1348 4.229367e-04 
1349 4.223607e-04 
1350 4.217858e-04 
1351 4.212120e-04 
1352 4.206393e-04 
1353 4.200678e-04 
1354 4.194974e-04 
1355 4.189282e-04 
1356 4.183600e-04 
1357 4.177930e-04 
1358 4.172271e-04 
1359 4.166624e-04 
1360 4.160987e-04 
1361 4.155361e-04 
1362 4.149746e-04 
1363 4.144143e-04 
1364 4.138550e-04 
1365 4.132968e-04 
1366 4.127398e-04 
1367 4.121838e-04 
1368 4.116288e-04 
1369 4.110750e-04 
1370 4.105223e-04 
1371 4.099706e-04 
1372 4.094200e-04 
1373 4.088705e-04 
1374 4.083220e-04 
1375 4.077746e-04 
1376 4.072282e-04 
1377 4.066829e-04 
1378 4.061387e-04 
1379 4.055955e-04 
1380 4.050534e-04 
1381 4.045123e-04 
1382 4.039722e-04 
1383 4.034332e-04 
1384 4.028953e-04 
1385 4.023583e-04 
1386 4.018224e-04 
1387 4.012875e-04 
1388 4.007537e-04 
1389 4.002208e-04 
1390 3.996890e-04 
1391 3.991582e-04 
1392 3.986284e-04 
1393 3.980997e-04 
1394 3.975719e-04 
1395 3.970451e-04 
1396 3.965194e-04 
1397 3.959946e-04 
1398 3.954708e-04 
1399 3.949481e-04 
1400 3.944263e-04 
1401 3.939055e-04 
1402 3.933857e-04 
1403 3.928669e-04 
1404 3.923490e-04 
1405 3.918321e-04 
1406 3.913163e-04 
1407 3.908013e-04 
1408 3.902874e-04 
1409 3.897744e-04 
1410 3.892624e-04 
1411 3.887513e-04 
1412 3.882412e-04 
1413 3.877321e-04 
1414 3.872239e-04 
1415 3.867166e-04 
1416 3.862103e-04 
1417 3.857050e-04 
1418 3.852006e-04 
1419 3.846971e-04 
1420 3.841946e-04 
1421 3.836930e-04 
1422 3.831923e-04 
1423 3.826926e-04 
1424 3.821938e-04 
1425 3.816959e-04 
1426 3.811989e-04 
1427 3.807029e-04 
1428 3.802078e-04 
1429 3.797136e-04 
1430 3.792203e-04 
1431 3.787279e-04 
1432 3.782364e-04 
1433 3.777458e-04 
1434 3.772562e-04 
1435 3.767674e-04 
1436 3.762795e-04 
1437 3.757926e-04 
1438 3.753065e-04 
1439 3.748213e-04 
1440 3.743370e-04 
1441 3.738536e-04 
1442 3.733711e-04 
1443 3.728894e-04 
1444 3.724086e-04 
1445 3.719287e-04 
1446 3.714497e-04 
1447 3.709716e-04 
1448 3.704943e-04 
1449 3.700179e-04 
1450 3.695423e-04 
1451 3.690676e-04 
1452 3.685938e-04 
1453 3.681208e-04 
1454 3.676487e-04 
1455 3.671775e-04 
1456 3.667071e-04 
1457 3.662375e-04 
1458 3.657688e-04 
1459 3.653009e-04 
1460 3.648339e-04 
1461 3.643677e-04 
1462 3.639024e-04 
1463 3.634378e-04 
1464 3.629742e-04 
1465 3.625113e-04 
1466 3.620493e-04 
1467 3.615881e-04 
1468 3.611277e-04 
1469 3.606682e-04 
1470 3.602095e-04 
1471 3.597516e-04 
1472 3.592945e-04 
1473 3.588382e-04 
1474 3.583827e-04 
1475 3.579281e-04 
1476 3.574742e-04 
1477 3.570212e-04 
1478 3.565689e-04 
1479 3.561175e-04 
1480 3.556669e-04 
1481 3.552170e-04 
1482 3.547680e-04 
1483 3.543197e-04 
1484 3.538723e-04 
1485 3.534256e-04 
1486 3.529797e-04 
1487 3.525346e-04 
1488 3.520903e-04 
1489 3.516468e-04 
1490 3.512040e-04 
1491 3.507620e-04 
1492 3.503208e-04 
1493 3.498804e-04 
1494 3.494407e-04 
1495 3.490018e-04 
1496 3.485637e-04 
1497 3.481263e-04 
1498 3.476897e-04 
1499 3.472539e-04 
1500 3.468188e-04 
1501 3.463845e-04 
1502 3.459510e-04 
1503 3.455181e-04 
1504 3.450861e-04 
1505 3.446548e-04 
1506 3.442242e-04 
1507 3.437944e-04 
1508 3.433653e-04 
1509 3.429370e-04 
1510 3.425094e-04 
1511 3.420826e-04 
1512 3.416565e-04 
1513 3.412311e-04 
1514 3.408064e-04 
1515 3.403825e-04 
1516 3.399593e-04 
1517 3.395369e-04 
1518 3.391152e-04 
1519 3.386942e-04 
1520 3.382739e-04 
1521 3.378543e-04 
1522 3.374355e-04 
1523 3.370173e-04 
1524 3.365999e-04 
1525 3.361832e-04 
1526 3.357672e-04 
1527 3.353519e-04 
1528 3.349374e-04 
1529 3.345235e-04 
1530 3.341103e-04 
1531 3.336979e-04 
1532 3.332861e-04 
1533 3.328751e-04 
1534 3.324647e-04 
1535 3.320550e-04 
1536 3.316461e-04 
1537 3.312378e-04 
1538 3.308302e-04 
1539 3.304233e-04 
1540 3.300171e-04 
1541 3.296115e-04 
1542 3.292067e-04 
1543 3.288025e-04 
1544 3.283991e-04 
1545 3.279963e-04 
1546 3.275941e-04 
1547 3.271927e-04 
1548 3.267919e-04 
1549 3.263918e-04 
1550 3.259924e-04 
1551 3.255936e-04 
1552 3.251955e-04 
1553 3.247981e-04 
1554 3.244013e-04 
1555 3.240052e-04 
1556 3.236098e-04 
1557 3.232150e-04 
1558 3.228209e-04 
1559 3.224274e-04 
1560 3.220346e-04 
1561 3.216424e-04 
1562 3.212509e-04 
1563 3.208600e-04 
1564 3.204698e-04 
1565 3.200803e-04 
1566 3.196913e-04 
1567 3.193031e-04 
1568 3.189154e-04 
1569 3.185284e-04 
1570 3.181421e-04 
1571 3.177564e-04 
1572 3.173713e-04 
1573 3.169868e-04 
1574 3.166030e-04 
1575 3.162198e-04 
1576 3.158373e-04 
1577 3.154554e-04 
1578 3.150741e-04 
1579 3.146934e-04 
1580 3.143134e-04 
1581 3.139339e-04 
1582 3.135551e-04 
1583 3.131769e-04 
1584 3.127994e-04 
1585 3.124224e-04 
1586 3.120461e-04 
1587 3.116704e-04 
1588 3.112953e-04 
1589 3.109208e-04 
1590 3.105469e-04 
1591 3.101736e-04 
1592 3.098010e-04 
1593 3.094289e-04 
1594 3.090574e-04 
1595 3.086866e-04 
1596 3.083163e-04 
1597 3.079467e-04 
1598 3.075776e-04 
1599 3.072091e-04 
1600 3.068413e-04 
1601 3.064740e-04 
1602 3.061073e-04 
1603 3.057412e-04 
1604 3.053757e-04 
1605 3.050108e-04 
1606 3.046465e-04 
1607 3.042828e-04 
1608 3.039196e-04 
1609 3.035571e-04 
1610 3.031951e-04 
1611 3.028337e-04 
1612 3.024728e-04 
1613 3.021126e-04 
1614 3.017529e-04 
1615 3.013938e-04 
1616 3.010353e-04 
1617 3.006774e-04 
1618 3.003200e-04 
1619 2.999632e-04 
1620 2.996069e-04 
1621 2.992513e-04 
1622 2.988962e-04 
1623 2.985416e-04 
1624 2.981877e-04 
1625 2.978342e-04 
1626 2.974814e-04 
1627 2.971291e-04 
1628 2.967774e-04 
1629 2.964262e-04 
1630 2.960756e-04 
1631 2.957255e-04 
1632 2.953760e-04 
1633 2.950270e-04 
1634 2.946786e-04 
1635 2.943308e-04 
1636 2.939835e-04 
1637 2.936367e-04 
1638 2.932905e-04 
1639 2.929448e-04 
1640 2.925997e-04 
1641 2.922551e-04 
1642 2.919111e-04 
1643 2.915676e-04 
1644 2.912246e-04 
1645 2.908822e-04 
1646 2.905403e-04 
1647 2.901989e-04 
1648 2.898581e-04 
1649 2.895178e-04 
1650 2.891781e-04 
1651 2.888388e-04 
1652 2.885001e-04 
1653 2.881620e-04 
1654 2.878243e-04 
1655 2.874872e-04 
1656 2.871506e-04 
1657 2.868146e-04 
1658 2.864790e-04 
1659 2.861440e-04 
1660 2.858095e-04 
1661 2.854755e-04 
1662 2.851420e-04 
1663 2.848091e-04 
1664 2.844767e-04 
1665 2.841447e-04 
1666 2.838133e-04 
1667 2.834824e-04 
1668 2.831521e-04 
1669 2.828222e-04 
1670 2.824928e-04 
1671 2.821640e-04 
1672 2.818356e-04 
1673 2.815078e-04 
1674 2.811804e-04 
1675 2.808536e-04 
1676 2.805273e-04 
1677 2.802014e-04 
1678 2.798761e-04 
1679 2.795513e-04 
1680 2.792269e-04 
1681 2.789031e-04 
1682 2.785797e-04 
1683 2.782569e-04 
1684 2.779345e-04 
1685 2.776127e-04 
1686 2.772913e-04 
1687 2.769704e-04 
1688 2.766500e-04 
1689 2.763301e-04 
1690 2.760107e-04 
1691 2.756918e-04 
1692 2.753734e-04 
1693 2.750554e-04 
1694 2.747379e-04 
1695 2.744209e-04 
1696 2.741044e-04 
1697 2.737884e-04 
1698 2.734728e-04 
1699 2.731578e-04 
1700 2.728432e-04 
1701 2.725290e-04 
1702 2.722154e-04 
1703 2.719022e-04 
1704 2.715895e-04 
1705 2.712773e-04 
1706 2.709655e-04 
1707 2.706543e-04 
1708 2.703434e-04 
1709 2.700331e-04 
1710 2.697232e-04 
1711 2.694138e-04 
1712 2.691048e-04 
1713 2.687964e-04 
1714 2.684883e-04 
1715 2.681808e-04 
1716 2.678737e-04 
1717 2.675670e-04 
1718 2.672609e-04 
1719 2.669551e-04 
1720 2.666499e-04 
1721 2.663451e-04 
1722 2.660407e-04 
1723 2.657368e-04 
1724 2.654334e-04 
1725 2.651304e-04 
1726 2.648278e-04 
1727 2.645257e-04 
1728 2.642241e-04 
1729 2.639229e-04 
1730 2.636222e-04 
1731 2.633219e-04 
1732 2.630220e-04 
1733 2.627226e-04 
1734 2.624237e-04 
1735 2.621251e-04 
1736 2.618271e-04 
1737 2.615294e-04 
1738 2.612322e-04 
1739 2.609355e-04 
1740 2.606392e-04 
1741 2.603433e-04 
1742 2.600479e-04 
1743 2.597529e-04 
1744 2.594583e-04 
1745 2.591642e-04 
1746 2.588705e-04 
1747 2.585772e-04 
1748 2.582844e-04 
1749 2.579920e-04 
1750 2.577000e-04 
1751 2.574084e-04 
1752 2.571173e-04 
1753 2.568266e-04 
1754 2.565364e-04 
1755 2.562465e-04 
1756 2.559571e-04 
1757 2.556681e-04 
1758 2.553796e-04 
1759 2.550914e-04 
1760 2.548037e-04 
1761 2.545164e-04 
1762 2.542295e-04 
1763 2.539431e-04 
1764 2.536570e-04 
1765 2.533714e-04 
1766 2.530862e-04 
1767 2.528014e-04 
1768 2.525170e-04 
1769 2.522330e-04 
1770 2.519495e-04 
1771 2.516663e-04 
1772 2.513836e-04 
1773 2.511013e-04 
1774 2.508194e-04 
1775 2.505379e-04 
1776 2.502568e-04 
1777 2.499761e-04 
1778 2.496958e-04 
1779 2.494160e-04 
1780 2.491365e-04 
1781 2.488574e-04 
1782 2.485788e-04 
1783 2.483005e-04 
1784 2.480226e-04 
1785 2.477452e-04 
1786 2.474681e-04 
1787 2.471915e-04 
1788 2.469152e-04 
1789 2.466393e-04 
1790 2.463639e-04 
1791 2.460888e-04 
1792 2.458141e-04 
1793 2.455399e-04 
1794 2.452660e-04 
1795 2.449925e-04 
1796 2.447194e-04 
1797 2.444467e-04 
1798 2.441744e-04 
1799 2.439024e-04 
1800 2.436309e-04 
1801 2.433597e-04 
1802 2.430890e-04 
1803 2.428186e-04 
1804 2.425486e-04 
1805 2.422790e-04 
1806 2.420098e-04 
1807 2.417410e-04 
1808 2.414725e-04 
1809 2.412044e-04 
1810 2.409367e-04 
1811 2.406694e-04 
1812 2.404025e-04 
1813 2.401360e-04 
1814 2.398698e-04 
1815 2.396040e-04 
1816 2.393386e-04 
1817 2.390735e-04 
1818 2.388089e-04 
1819 2.385446e-04 
1820 2.382807e-04 
1821 2.380172e-04 
1822 2.377540e-04 
1823 2.374912e-04 
1824 2.372288e-04 
1825 2.369667e-04 
1826 2.367050e-04 
1827 2.364437e-04 
1828 2.361828e-04 
1829 2.359222e-04 
1830 2.356620e-04 
1831 2.354022e-04 
1832 2.351427e-04 
1833 2.348836e-04 
1834 2.346248e-04 
1835 2.343665e-04 
1836 2.341084e-04 
1837 2.338508e-04 
1838 2.335935e-04 
1839 2.333366e-04 
1840 2.330800e-04 
1841 2.328238e-04 
1842 2.325679e-04 
1843 2.323124e-04 
1844 2.320573e-04 
1845 2.318025e-04 
1846 2.315481e-04 
1847 2.312940e-04 
1848 2.310403e-04 
1849 2.307869e-04 
1850 2.305339e-04 
1851 2.302813e-04 
1852 2.300290e-04 
1853 2.297770e-04 
1854 2.295254e-04 
1855 2.292742e-04 
1856 2.290233e-04 
1857 2.287727e-04 
1858 2.285225e-04 
1859 2.282727e-04 
1860 2.280232e-04 
1861 2.277740e-04 
1862 2.275252e-04 
1863 2.272767e-04 
1864 2.270286e-04 
1865 2.267808e-04 
1866 2.265334e-04 
1867 2.262863e-04 
1868 2.260396e-04 
1869 2.257931e-04 
1870 2.255471e-04 
1871 2.253013e-04 
1872 2.250560e-04 
1873 2.248109e-04 
1874 2.245662e-04 
1875 2.243218e-04 
1876 2.240778e-04 
1877 2.238341e-04 
1878 2.235907e-04 
1879 2.233477e-04 
1880 2.231050e-04 
1881 2.228626e-04 
1882 2.226206e-04 
1883 2.223789e-04 
1884 2.221375e-04 
1885 2.218965e-04 
1886 2.216558e-04 
1887 2.214154e-04 
1888 2.211754e-04 
1889 2.209356e-04 
1890 2.206963e-04 
1891 2.204572e-04 
1892 2.202185e-04 
1893 2.199801e-04 
1894 2.197420e-04 
1895 2.195042e-04 
1896 2.192668e-04 
1897 2.190297e-04 
1898 2.187929e-04 
1899 2.185565e-04 
1900 2.183203e-04 
1901 2.180845e-04 
1902 2.178490e-04 
1903 2.176138e-04 
1904 2.173790e-04 
1905 2.171445e-04 
1906 2.169103e-04 
1907 2.166764e-04 
1908 2.164428e-04 
1909 2.162095e-04 
1910 2.159766e-04 
1911 2.157440e-04 
1912 2.155116e-04 
1913 2.152797e-04 
1914 2.150480e-04 
1915 2.148166e-04 
1916 2.145856e-04 
1917 2.143548e-04 
1918 2.141244e-04 
1919 2.138943e-04 
1920 2.136645e-04 
1921 2.134350e-04 
1922 2.132058e-04 
1923 2.129769e-04 
1924 2.127483e-04 
1925 2.125201e-04 
1926 2.122921e-04 
1927 2.120645e-04 
1928 2.118371e-04 
1929 2.116101e-04 
1930 2.113834e-04 
1931 2.111570e-04 
1932 2.109309e-04 
1933 2.107050e-04 
1934 2.104795e-04 
1935 2.102543e-04 
1936 2.100294e-04 
1937 2.098048e-04 
1938 2.095805e-04 
1939 2.093565e-04 
1940 2.091328e-04 
1941 2.089094e-04 
1942 2.086863e-04 
1943 2.084635e-04 
1944 2.082410e-04 
1945 2.080188e-04 
1946 2.077969e-04 
1947 2.075753e-04 
1948 2.073540e-04 
1949 2.071330e-04 
1950 2.069123e-04 
1951 2.066918e-04 
1952 2.064717e-04 
1953 2.062518e-04 
1954 2.060323e-04 
1955 2.058130e-04 
1956 2.055941e-04 
1957 2.053754e-04 
1958 2.051570e-04 
1959 2.049389e-04 
1960 2.047211e-04 
1961 2.045036e-04 
1962 2.042864e-04 
1963 2.040695e-04 
1964 2.038528e-04 
1965 2.036364e-04 
1966 2.034204e-04 
1967 2.032046e-04 
1968 2.029891e-04 
1969 2.027739e-04 
1970 2.025589e-04 
1971 2.023443e-04 
1972 2.021299e-04 
1973 2.019159e-04 
1974 2.017021e-04 
1975 2.014886e-04 
1976 2.012753e-04 
1977 2.010624e-04 
1978 2.008497e-04 
1979 2.006373e-04 
1980 2.004252e-04 
1981 2.002134e-04 
1982 2.000018e-04 
1983 1.997906e-04 
1984 1.995796e-04 
1985 1.993689e-04 
1986 1.991584e-04 
1987 1.989483e-04 
1988 1.987384e-04 
1989 1.985288e-04 
1990 1.983195e-04 
1991 1.981104e-04 
1992 1.979016e-04 
1993 1.976931e-04 
1994 1.974849e-04 
1995 1.972769e-04 
1996 1.970692e-04 
1997 1.968618e-04 
1998 1.966547e-04 
1999 1.964478e-04 
2000 1.962412e-04 
2001 1.960349e-04 
2002 1.958288e-04 
2003 1.956230e-04 
2004 1.954175e-04 
2005 1.952122e-04 
2006 1.950072e-04 
2007 1.948025e-04 
2008 1.945981e-04 
2009 1.943939e-04 
2010 1.941900e-04 
2011 1.939863e-04 
2012 1.937829e-04 
2013 1.935798e-04 
2014 1.933769e-04 
2015 1.931743e-04 
2016 1.929720e-04 
2017 1.927699e-04 
2018 1.925681e-04 
2019 1.923666e-04 
2020 1.921653e-04 
2021 1.919643e-04 
2022 1.917635e-04 
2023 1.915630e-04 
2024 1.913628e-04 
2025 1.911628e-04 
2026 1.909631e-04 
2027 1.907636e-04 
2028 1.905644e-04 
2029 1.903655e-04 
2030 1.901668e-04 
2031 1.899684e-04 
2032 1.897702e-04 
2033 1.895723e-04 
2034 1.893746e-04 
2035 1.891772e-04 
2036 1.889800e-04 
2037 1.887831e-04 
2038 1.885865e-04 
2039 1.883901e-04 
2040 1.881940e-04 
2041 1.879981e-04 
2042 1.878025e-04 
2043 1.876071e-04 
2044 1.874120e-04 
2045 1.872171e-04 
2046 1.870225e-04 
2047 1.868281e-04 
2048 1.866340e-04 
2049 1.864401e-04 
2050 1.862465e-04 
2051 1.860531e-04 
2052 1.858600e-04 
2053 1.856671e-04 
2054 1.854744e-04 
2055 1.852821e-04 
2056 1.850899e-04 
2057 1.848980e-04 
2058 1.847064e-04 
2059 1.845150e-04 
2060 1.843238e-04 
2061 1.841329e-04 
2062 1.839422e-04 
2063 1.837518e-04 
2064 1.835616e-04 
2065 1.833717e-04 
2066 1.831820e-04 
2067 1.829926e-04 
2068 1.828033e-04 
2069 1.826144e-04 
2070 1.824257e-04 
2071 1.822372e-04 
2072 1.820489e-04 
2073 1.818609e-04 
2074 1.816732e-04 
2075 1.814856e-04 
2076 1.812983e-04 
2077 1.811113e-04 
2078 1.809245e-04 
2079 1.807379e-04 
2080 1.805516e-04 
2081 1.803655e-04 
2082 1.801796e-04 
2083 1.799940e-04 
2084 1.798086e-04 
2085 1.796234e-04 
2086 1.794385e-04 
2087 1.792538e-04 
2088 1.790694e-04 
2089 1.788852e-04 
2090 1.787012e-04 
2091 1.785174e-04 
2092 1.783339e-04 
2093 1.781506e-04 
2094 1.779676e-04 
2095 1.777848e-04 
2096 1.776022e-04 
2097 1.774198e-04 
2098 1.772377e-04 
2099 1.770558e-04 
2100 1.768741e-04 
2101 1.766927e-04 
2102 1.765115e-04 
2103 1.763305e-04 
2104 1.761497e-04 
2105 1.759692e-04 
2106 1.757889e-04 
2107 1.756088e-04 
2108 1.754290e-04 
2109 1.752494e-04 
2110 1.750700e-04 
2111 1.748908e-04 
2112 1.747119e-04 
2113 1.745332e-04 
2114 1.743547e-04 
2115 1.741764e-04 
2116 1.739984e-04 
2117 1.738206e-04 
2118 1.736430e-04 
2119 1.734656e-04 
2120 1.732885e-04 
2121 1.731115e-04 
2122 1.729348e-04 
2123 1.727584e-04 
2124 1.725821e-04 
2125 1.724061e-04 
2126 1.722302e-04 
2127 1.720546e-04 
2128 1.718793e-04 
2129 1.717041e-04 
2130 1.715292e-04 
2131 1.713544e-04 
2132 1.711799e-04 
2133 1.710057e-04 
2134 1.708316e-04 
2135 1.706578e-04 
2136 1.704841e-04 
2137 1.703107e-04 
2138 1.701375e-04 
2139 1.699645e-04 
2140 1.697918e-04 
2141 1.696192e-04 
2142 1.694469e-04 
2143 1.692748e-04 
2144 1.691029e-04 
2145 1.689312e-04 
2146 1.687597e-04 
2147 1.685884e-04 
2148 1.684174e-04 
2149 1.682465e-04 
2150 1.680759e-04 
2151 1.679055e-04 
2152 1.677353e-04 
2153 1.675653e-04 
2154 1.673955e-04 
2155 1.672260e-04 
2156 1.670566e-04 
2157 1.668875e-04 
2158 1.667185e-04 
2159 1.665498e-04 
2160 1.663813e-04 
2161 1.662130e-04 
2162 1.660449e-04 
2163 1.658770e-04 
2164 1.657093e-04 
2165 1.655418e-04 
2166 1.653746e-04 
2167 1.652075e-04 
2168 1.650407e-04 
2169 1.648740e-04 
2170 1.647076e-04 
2171 1.645413e-04 
2172 1.643753e-04 
2173 1.642095e-04 
2174 1.640439e-04 
2175 1.638784e-04 
2176 1.637132e-04 
2177 1.635482e-04 
2178 1.633834e-04 
2179 1.632188e-04 
2180 1.630544e-04 
2181 1.628902e-04 
2182 1.627262e-04 
2183 1.625624e-04 
2184 1.623989e-04 
2185 1.622355e-04 
2186 1.620723e-04 
2187 1.619093e-04 
2188 1.617465e-04 
2189 1.615839e-04 
2190 1.614215e-04 
2191 1.612594e-04 
2192 1.610974e-04 
2193 1.609356e-04 
2194 1.607740e-04 
2195 1.606126e-04 
2196 1.604514e-04 
2197 1.602904e-04 
2198 1.601296e-04 
2199 1.599690e-04 
2200 1.598086e-04 
2201 1.596484e-04 
2202 1.594884e-04 
2203 1.593286e-04 
2204 1.591690e-04 
2205 1.590096e-04 
2206 1.588503e-04 
2207 1.586913e-04 
2208 1.585325e-04 
2209 1.583738e-04 
2210 1.582154e-04 
2211 1.580571e-04 
2212 1.578991e-04 
2213 1.577412e-04 
2214 1.575835e-04 
2215 1.574260e-04 
2216 1.572687e-04 
2217 1.571116e-04 
2218 1.569547e-04 
2219 1.567980e-04 
2220 1.566415e-04 
2221 1.564852e-04 
2222 1.563290e-04 
2223 1.561731e-04 
2224 1.560173e-04 
2225 1.558617e-04 
2226 1.557064e-04 
2227 1.555512e-04 
2228 1.553962e-04 
2229 1.552413e-04 
2230 1.550867e-04 
2231 1.549323e-04 
2232 1.547780e-04 
2233 1.546240e-04 
2234 1.544701e-04 
2235 1.543164e-04 
2236 1.541629e-04 
2237 1.540096e-04 
2238 1.538564e-04 
2239 1.537035e-04 
2240 1.535507e-04 
2241 1.533981e-04 
2242 1.532458e-04 
2243 1.530936e-04 
2244 1.529415e-04 
2245 1.527897e-04 
2246 1.526380e-04 
2247 1.524866e-04 
2248 1.523353e-04 
2249 1.521842e-04 
2250 1.520333e-04 
2251 1.518825e-04 
2252 1.517320e-04 
2253 1.515816e-04 
2254 1.514314e-04 
2255 1.512814e-04 
2256 1.511316e-04 
2257 1.509819e-04 
2258 1.508325e-04 
2259 1.506832e-04 
2260 1.505341e-04 
2261 1.503851e-04 
2262 1.502364e-04 
2263 1.500878e-04 
2264 1.499394e-04 
2265 1.497912e-04 
2266 1.496432e-04 
2267 1.494953e-04 
2268 1.493477e-04 
2269 1.492002e-04 
2270 1.490528e-04 
2271 1.489057e-04 
2272 1.487587e-04 
2273 1.486120e-04 
2274 1.484653e-04 
2275 1.483189e-04 
2276 1.481727e-04 
2277 1.480266e-04 
2278 1.478807e-04 
2279 1.477349e-04 
2280 1.475894e-04 
2281 1.474440e-04 
2282 1.472988e-04 
2283 1.471537e-04 
2284 1.470089e-04 
2285 1.468642e-04 
2286 1.467197e-04 
2287 1.465753e-04 
2288 1.464312e-04 
2289 1.462872e-04 
2290 1.461434e-04 
2291 1.459997e-04 
2292 1.458562e-04 
2293 1.457129e-04 
2294 1.455698e-04 
2295 1.454268e-04 
2296 1.452841e-04 
2297 1.451414e-04 
2298 1.449990e-04 
2299 1.448567e-04 
2300 1.447146e-04 
2301 1.445727e-04 
2302 1.444309e-04 
2303 1.442893e-04 
2304 1.441478e-04 
2305 1.440066e-04 
2306 1.438655e-04 
2307 1.437246e-04 
2308 1.435838e-04 
2309 1.434432e-04 
2310 1.433028e-04 
2311 1.431625e-04 
2312 1.430225e-04 
2313 1.428825e-04 
2314 1.427428e-04 
2315 1.426032e-04 
2316 1.424638e-04 
2317 1.423245e-04 
2318 1.421854e-04 
2319 1.420465e-04 
2320 1.419077e-04 
2321 1.417691e-04 
2322 1.416307e-04 
2323 1.414924e-04 
2324 1.413543e-04 
2325 1.412164e-04 
2326 1.410786e-04 
2327 1.409410e-04 
2328 1.408036e-04 
2329 1.406663e-04 
2330 1.405292e-04 
2331 1.403922e-04 
2332 1.402554e-04 
2333 1.401188e-04 
2334 1.399823e-04 
2335 1.398460e-04 
2336 1.397099e-04 
2337 1.395739e-04 
2338 1.394381e-04 
2339 1.393024e-04 
2340 1.391669e-04 
2341 1.390315e-04 
2342 1.388964e-04 
2343 1.387613e-04 
2344 1.386265e-04 
2345 1.384918e-04 
2346 1.383572e-04 
2347 1.382228e-04 
2348 1.380886e-04 
2349 1.379546e-04 
2350 1.378206e-04 
2351 1.376869e-04 
2352 1.375533e-04 
2353 1.374199e-04 
2354 1.372866e-04 
2355 1.371535e-04 
2356 1.370205e-04 
2357 1.368877e-04 
2358 1.367550e-04 
2359 1.366226e-04 
2360 1.364902e-04 
2361 1.363580e-04 
2362 1.362260e-04 
2363 1.360941e-04 
2364 1.359624e-04 
2365 1.358309e-04 
2366 1.356995e-04 
2367 1.355682e-04 
2368 1.354371e-04 
2369 1.353062e-04 
2370 1.351754e-04 
2371 1.350448e-04 
2372 1.349143e-04 
2373 1.347839e-04 
2374 1.346538e-04 
2375 1.345238e-04 
2376 1.343939e-04 
2377 1.342642e-04 
2378 1.341346e-04 
2379 1.340052e-04 
2380 1.338759e-04 
2381 1.337468e-04 
2382 1.336179e-04 
2383 1.334891e-04 
2384 1.333604e-04 
2385 1.332319e-04 
2386 1.331036e-04 
2387 1.329754e-04 
2388 1.328473e-04 
2389 1.327194e-04 
2390 1.325917e-04 
2391 1.324641e-04 
2392 1.323366e-04 
2393 1.322093e-04 
2394 1.320821e-04 
2395 1.319551e-04 
2396 1.318283e-04 
2397 1.317016e-04 
2398 1.315750e-04 
2399 1.314486e-04 
2400 1.313223e-04 
2401 1.311962e-04 
2402 1.310702e-04 
2403 1.309444e-04 
2404 1.308187e-04 
2405 1.306932e-04 
2406 1.305678e-04 
2407 1.304426e-04 
2408 1.303175e-04 
2409 1.301926e-04 
2410 1.300678e-04 
2411 1.299431e-04 
2412 1.298186e-04 
2413 1.296942e-04 
2414 1.295700e-04 
2415 1.294460e-04 
2416 1.293220e-04 
2417 1.291982e-04 
2418 1.290746e-04 
2419 1.289511e-04 
2420 1.288278e-04 
2421 1.287046e-04 
2422 1.285815e-04 
2423 1.284586e-04 
2424 1.283358e-04 
2425 1.282132e-04 
2426 1.280907e-04 
2427 1.279683e-04 
2428 1.278461e-04 
2429 1.277240e-04 
2430 1.276021e-04 
2431 1.274803e-04 
2432 1.273587e-04 
2433 1.272372e-04 
2434 1.271158e-04 
2435 1.269946e-04 
2436 1.268735e-04 
2437 1.267526e-04 
2438 1.266318e-04 
2439 1.265111e-04 
2440 1.263906e-04 
2441 1.262702e-04 
2442 1.261500e-04 
2443 1.260299e-04 
2444 1.259099e-04 
2445 1.257901e-04 
2446 1.256704e-04 
2447 1.255509e-04 
2448 1.254315e-04 
2449 1.253122e-04 
2450 1.251931e-04 
2451 1.250741e-04 
2452 1.249553e-04 
2453 1.248365e-04 
2454 1.247180e-04 
2455 1.245995e-04 
2456 1.244812e-04 
2457 1.243630e-04 
2458 1.242450e-04 
2459 1.241271e-04 
2460 1.240094e-04 
2461 1.238917e-04 
2462 1.237743e-04 
2463 1.236569e-04 
2464 1.235397e-04 
2465 1.234226e-04 
2466 1.233057e-04 
2467 1.231889e-04 
2468 1.230722e-04 
2469 1.229556e-04 
2470 1.228392e-04 
2471 1.227230e-04 
2472 1.226068e-04 
2473 1.224908e-04 
2474 1.223749e-04 
2475 1.222592e-04 
2476 1.221436e-04 
2477 1.220281e-04 
2478 1.219128e-04 
2479 1.217976e-04 
2480 1.216825e-04 
2481 1.215676e-04 
2482 1.214528e-04 
2483 1.213381e-04 
2484 1.212235e-04 
2485 1.211091e-04 
2486 1.209949e-04 
2487 1.208807e-04 
2488 1.207667e-04 
2489 1.206528e-04 
2490 1.205390e-04 
2491 1.204254e-04 
2492 1.203119e-04 
2493 1.201986e-04 
2494 1.200853e-04 
2495 1.199722e-04 
2496 1.198592e-04 
2497 1.197464e-04 
2498 1.196337e-04 
2499 1.195211e-04 
2500 1.194086e-04 
2501 1.192963e-04 
2502 1.191841e-04 
2503 1.190720e-04 
2504 1.189601e-04 
2505 1.188483e-04 
2506 1.187366e-04 
2507 1.186250e-04 
2508 1.185136e-04 
2509 1.184023e-04 
2510 1.182911e-04 
2511 1.181801e-04 
2512 1.180691e-04 
2513 1.179583e-04 
2514 1.178477e-04 
2515 1.177371e-04 
2516 1.176267e-04 
2517 1.175164e-04 
2518 1.174063e-04 
2519 1.172962e-04 
2520 1.171863e-04 
2521 1.170765e-04 
2522 1.169669e-04 
2523 1.168573e-04 
2524 1.167479e-04 
2525 1.166386e-04 
2526 1.165295e-04 
2527 1.164204e-04 
2528 1.163115e-04 
2529 1.162027e-04 
2530 1.160941e-04 
2531 1.159855e-04 
2532 1.158771e-04 
2533 1.157688e-04 
2534 1.156607e-04 
2535 1.155526e-04 
2536 1.154447e-04 
2537 1.153369e-04 
2538 1.152292e-04 
2539 1.151217e-04 
2540 1.150142e-04 
2541 1.149069e-04 
2542 1.147997e-04 
2543 1.146927e-04 
2544 1.145857e-04 
2545 1.144789e-04 
2546 1.143722e-04 
2547 1.142656e-04 
2548 1.141592e-04 
2549 1.140528e-04 
2550 1.139466e-04 
2551 1.138405e-04 
2552 1.137345e-04 
2553 1.136287e-04 
2554 1.135230e-04 
2555 1.134173e-04 
2556 1.133118e-04 
2557 1.132065e-04 
2558 1.131012e-04 
2559 1.129961e-04 
2560 1.128911e-04 
2561 1.127862e-04 
2562 1.126814e-04 
2563 1.125767e-04 
2564 1.124722e-04 
2565 1.123678e-04 
2566 1.122635e-04 
2567 1.121593e-04 
2568 1.120552e-04 
2569 1.119513e-04 
2570 1.118474e-04 
2571 1.117437e-04 
2572 1.116401e-04 
2573 1.115367e-04 
2574 1.114333e-04 
2575 1.113300e-04 
2576 1.112269e-04 
2577 1.111239e-04 
2578 1.110210e-04 
2579 1.109182e-04 
2580 1.108156e-04 
2581 1.107130e-04 
2582 1.106106e-04 
2583 1.105083e-04 
2584 1.104061e-04 
2585 1.103040e-04 
2586 1.102020e-04 
2587 1.101002e-04 
2588 1.099985e-04 
2589 1.098968e-04 
2590 1.097953e-04 
2591 1.096939e-04 
2592 1.095927e-04 
2593 1.094915e-04 
2594 1.093904e-04 
2595 1.092895e-04 
2596 1.091887e-04 
2597 1.090880e-04 
2598 1.089874e-04 
2599 1.088869e-04 
2600 1.087865e-04 
2601 1.086863e-04 
2602 1.085861e-04 
2603 1.084861e-04 
2604 1.083862e-04 
2605 1.082864e-04 
2606 1.081867e-04 
2607 1.080871e-04 
2608 1.079877e-04 
2609 1.078883e-04 
2610 1.077891e-04 
2611 1.076899e-04 
2612 1.075909e-04 
2613 1.074920e-04 
2614 1.073932e-04 
2615 1.072945e-04 
2616 1.071959e-04 
2617 1.070975e-04 
2618 1.069991e-04 
2619 1.069009e-04 
2620 1.068027e-04 
2621 1.067047e-04 
2622 1.066068e-04 
2623 1.065090e-04 
2624 1.064113e-04 
2625 1.063137e-04 
2626 1.062163e-04 
2627 1.061189e-04 
2628 1.060217e-04 
2629 1.059245e-04 
2630 1.058275e-04 
2631 1.057305e-04 
2632 1.056337e-04 
2633 1.055370e-04 
2634 1.054404e-04 
2635 1.053439e-04 
2636 1.052475e-04 
2637 1.051513e-04 
2638 1.050551e-04 
2639 1.049590e-04 
2640 1.048631e-04 
2641 1.047672e-04 
2642 1.046715e-04 
2643 1.045759e-04 
2644 1.044804e-04 
2645 1.043849e-04 
2646 1.042896e-04 
2647 1.041944e-04 
2648 1.040993e-04 
2649 1.040043e-04 
2650 1.039095e-04 
2651 1.038147e-04 
2652 1.037200e-04 
2653 1.036254e-04 
2654 1.035310e-04 
2655 1.034366e-04 
2656 1.033424e-04 
2657 1.032482e-04 
2658 1.031542e-04 
2659 1.030603e-04 
2660 1.029664e-04 
2661 1.028727e-04 
2662 1.027791e-04 
2663 1.026856e-04 
2664 1.025922e-04 
2665 1.024989e-04 
2666 1.024057e-04 
2667 1.023126e-04 
2668 1.022196e-04 
2669 1.021267e-04 
2670 1.020339e-04 
2671 1.019412e-04 
2672 1.018487e-04 
2673 1.017562e-04 
2674 1.016638e-04 
2675 1.015715e-04 
2676 1.014794e-04 
2677 1.013873e-04 
2678 1.012953e-04 
2679 1.012035e-04 
2680 1.011117e-04 
2681 1.010201e-04 
2682 1.009285e-04 
2683 1.008371e-04 
2684 1.007457e-04 
2685 1.006545e-04 
2686 1.005633e-04 
2687 1.004723e-04 
2688 1.003814e-04 
2689 1.002905e-04 
2690 1.001998e-04 
2691 1.001091e-04 
2692 1.000186e-04 
2693 9.992817e-05 
2694 9.983783e-05 
2695 9.974759e-05 
2696 9.965746e-05 
2697 9.956742e-05 
2698 9.947749e-05 
2699 9.938765e-05 
2700 9.929792e-05 
2701 9.920828e-05 
2702 9.911875e-05 
2703 9.902931e-05 
2704 9.893997e-05 
2705 9.885073e-05 
2706 9.876160e-05 
2707 9.867256e-05 
2708 9.858361e-05 
2709 9.849477e-05 
2710 9.840603e-05 
2711 9.831738e-05 
2712 9.822884e-05 
2713 9.814039e-05 
2714 9.805204e-05 
2715 9.796378e-05 
2716 9.787563e-05 
2717 9.778757e-05 
2718 9.769961e-05 
2719 9.761175e-05 
2720 9.752398e-05 
2721 9.743632e-05 
2722 9.734875e-05 
2723 9.726127e-05 
2724 9.717390e-05 
2725 9.708662e-05 
2726 9.699943e-05 
2727 9.691235e-05 
2728 9.682536e-05 
2729 9.673846e-05 
2730 9.665167e-05 
2731 9.656497e-05 
2732 9.647836e-05 
2733 9.639185e-05 
2734 9.630544e-05 
2735 9.621912e-05 
2736 9.613289e-05 
2737 9.604677e-05 
2738 9.596073e-05 
2739 9.587480e-05 
2740 9.578895e-05 
2741 9.570321e-05 
2742 9.561755e-05 
2743 9.553199e-05 
2744 9.544653e-05 
2745 9.536116e-05 
2746 9.527589e-05 
2747 9.519071e-05 
2748 9.510562e-05 
2749 9.502063e-05 
2750 9.493573e-05 
2751 9.485092e-05 
2752 9.476621e-05 
2753 9.468159e-05 
2754 9.459707e-05 
2755 9.451264e-05 
2756 9.442830e-05 
2757 9.434405e-05 
2758 9.425990e-05 
2759 9.417584e-05 
2760 9.409187e-05 
2761 9.400800e-05 
2762 9.392421e-05 
2763 9.384052e-05 
2764 9.375693e-05 
2765 9.367342e-05 
2766 9.359001e-05 
2767 9.350669e-05 
2768 9.342346e-05 
2769 9.334032e-05 
2770 9.325727e-05 
2771 9.317432e-05 
2772 9.309145e-05 
2773 9.300868e-05 
2774 9.292600e-05 
2775 9.284341e-05 
2776 9.276091e-05 
2777 9.267850e-05 
2778 9.259618e-05 
2779 9.251395e-05 
2780 9.243181e-05 
2781 9.234977e-05 
2782 9.226781e-05 
2783 9.218594e-05 
2784 9.210417e-05 
2785 9.202248e-05 
2786 9.194088e-05 
2787 9.185937e-05 
2788 9.177796e-05 
2789 9.169663e-05 
2790 9.161539e-05 
2791 9.153424e-05 
2792 9.145318e-05 
2793 9.137220e-05 
2794 9.129132e-05 
2795 9.121053e-05 
2796 9.112982e-05 
2797 9.104920e-05 
2798 9.096868e-05 
2799 9.088824e-05 
2800 9.080788e-05 
2801 9.072762e-05 
2802 9.064744e-05 
2803 9.056736e-05 
2804 9.048735e-05 
2805 9.040744e-05 
2806 9.032762e-05 
2807 9.024788e-05 
2808 9.016823e-05 
2809 9.008867e-05 
2810 9.000919e-05 
2811 8.992980e-05 
2812 8.985050e-05 
2813 8.977129e-05 
2814 8.969216e-05 
2815 8.961312e-05 
2816 8.953416e-05 
2817 8.945529e-05 
2818 8.937651e-05 
2819 8.929782e-05 
2820 8.921921e-05 
2821 8.914068e-05 
2822 8.906225e-05 
2823 8.898389e-05 
2824 8.890563e-05 
2825 8.882745e-05 
2826 8.874935e-05 
2827 8.867134e-05 
2828 8.859342e-05 
2829 8.851558e-05 
2830 8.843782e-05 
2831 8.836015e-05 
2832 8.828257e-05 
2833 8.820507e-05 
2834 8.812766e-05 
2835 8.805032e-05 
2836 8.797308e-05 
2837 8.789592e-05 
2838 8.781884e-05 
2839 8.774185e-05 
2840 8.766494e-05 
2841 8.758811e-05 
2842 8.751137e-05 
2843 8.743471e-05 
2844 8.735814e-05 
2845 8.728165e-05 
2846 8.720524e-05 
2847 8.712892e-05 
2848 8.705268e-05 
2849 8.697652e-05 
2850 8.690045e-05 
2851 8.682446e-05 
2852 8.674855e-05 
2853 8.667272e-05 
2854 8.659698e-05 
2855 8.652132e-05 
2856 8.644574e-05 
2857 8.637025e-05 
2858 8.629483e-05 
2859 8.621950e-05 
2860 8.614425e-05 
2861 8.606909e-05 
2862 8.599400e-05 
2863 8.591900e-05 
2864 8.584408e-05 
2865 8.576924e-05 
2866 8.569448e-05 
2867 8.561980e-05 
2868 8.554520e-05 
2869 8.547069e-05 
2870 8.539625e-05 
2871 8.532190e-05 
2872 8.524763e-05 
2873 8.517344e-05 
2874 8.509933e-05 
2875 8.502530e-05 
2876 8.495135e-05 
2877 8.487748e-05 
2878 8.480369e-05 
2879 8.472998e-05 
2880 8.465635e-05 
2881 8.458280e-05 
2882 8.450934e-05 
2883 8.443595e-05 
2884 8.436264e-05 
2885 8.428941e-05 
2886 8.421626e-05 
2887 8.414319e-05 
2888 8.407020e-05 
2889 8.399728e-05 
2890 8.392445e-05 
2891 8.385170e-05 
2892 8.377902e-05 
2893 8.370643e-05 
2894 8.363391e-05 
2895 8.356147e-05 
2896 8.348911e-05 
2897 8.341683e-05 
2898 8.334463e-05 
2899 8.327250e-05 
2900 8.320046e-05 
2901 8.312849e-05 
2902 8.305660e-05 
2903 8.298479e-05 
2904 8.291305e-05 
2905 8.284140e-05 
2906 8.276982e-05 
2907 8.269832e-05 
2908 8.262689e-05 
2909 8.255554e-05 
2910 8.248428e-05 
2911 8.241308e-05 
2912 8.234197e-05 
2913 8.227093e-05 
2914 8.219997e-05 
2915 8.212909e-05 
2916 8.205828e-05 
2917 8.198755e-05 
2918 8.191689e-05 
2919 8.184631e-05 
2920 8.177581e-05 
2921 8.170539e-05 
2922 8.163504e-05 
2923 8.156477e-05 
2924 8.149457e-05 
2925 8.142445e-05 
2926 8.135440e-05 
2927 8.128443e-05 
2928 8.121454e-05 
2929 8.114472e-05 
2930 8.107498e-05 
2931 8.100531e-05 
2932 8.093572e-05 
2933 8.086620e-05 
2934 8.079676e-05 
2935 8.072739e-05 
2936 8.065810e-05 
2937 8.058888e-05 
2938 8.051974e-05 
2939 8.045067e-05 
2940 8.038168e-05 
2941 8.031276e-05 
2942 8.024392e-05 
2943 8.017515e-05 
2944 8.010645e-05 
2945 8.003783e-05 
2946 7.996928e-05 
2947 7.990081e-05 
2948 7.983241e-05 
2949 7.976409e-05 
2950 7.969583e-05 
2951 7.962766e-05 
2952 7.955955e-05 
2953 7.949152e-05 
2954 7.942356e-05 
2955 7.935568e-05 
2956 7.928786e-05 
2957 7.922013e-05 
2958 7.915246e-05 
2959 7.908487e-05 
2960 7.901735e-05 
2961 7.894990e-05 
2962 7.888253e-05 
2963 7.881523e-05 
2964 7.874800e-05 
2965 7.868084e-05 
2966 7.861375e-05 
2967 7.854674e-05 
2968 7.847980e-05 
2969 7.841293e-05 
2970 7.834614e-05 
2971 7.827941e-05 
2972 7.821276e-05 
2973 7.814618e-05 
2974 7.807967e-05 
2975 7.801323e-05 
2976 7.794687e-05 
2977 7.788057e-05 
2978 7.781435e-05 
2979 7.774820e-05 
2980 7.768212e-05 
2981 7.761611e-05 
2982 7.755017e-05 
2983 7.748430e-05 
2984 7.741850e-05 
2985 7.735278e-05 
2986 7.728712e-05 
2987 7.722154e-05 
2988 7.715602e-05 
2989 7.709058e-05 
2990 7.702520e-05 
2991 7.695990e-05 
2992 7.689466e-05 
2993 7.682950e-05 
2994 7.676441e-05 
2995 7.669938e-05 
2996 7.663443e-05 
2997 7.656954e-05 
2998 7.650473e-05 
2999 7.643998e-05 
3000 7.637531e-05 
3001 7.631070e-05 
3002 7.624617e-05 
3003 7.618170e-05 
3004 7.611730e-05 
3005 7.605297e-05 
3006 7.598871e-05 
3007 7.592452e-05 
3008 7.586040e-05 
3009 7.579634e-05 
3010 7.573236e-05 
3011 7.566844e-05 
3012 7.560459e-05 
3013 7.554081e-05 
3014 7.547710e-05 
3015 7.541346e-05 
3016 7.534988e-05 
3017 7.528638e-05 
3018 7.522294e-05 
3019 7.515957e-05 
3020 7.509627e-05 
3021 7.503303e-05 
3022 7.496986e-05 
3023 7.490676e-05 
3024 7.484373e-05 
3025 7.478077e-05 
3026 7.471787e-05 
3027 7.465504e-05 
3028 7.459228e-05 
3029 7.452958e-05 
3030 7.446695e-05 
3031 7.440439e-05 
3032 7.434190e-05 
3033 7.427947e-05 
3034 7.421711e-05 
3035 7.415482e-05 
3036 7.409259e-05 
3037 7.403043e-05 
3038 7.396833e-05 
3039 7.390631e-05 
3040 7.384434e-05 
3041 7.378245e-05 
3042 7.372062e-05 
3043 7.365886e-05 
3044 7.359716e-05 
3045 7.353553e-05 
3046 7.347396e-05 
3047 7.341246e-05 
3048 7.335103e-05 
3049 7.328966e-05 
3050 7.322836e-05 
3051 7.316712e-05 
3052 7.310595e-05 
3053 7.304484e-05 
3054 7.298380e-05 
3055 7.292283e-05 
3056 7.286191e-05 
3057 7.280107e-05 
3058 7.274029e-05 
3059 7.267957e-05 
3060 7.261892e-05 
3061 7.255833e-05 
3062 7.249781e-05 
3063 7.243735e-05 
3064 7.237696e-05 
3065 7.231663e-05 
3066 7.225637e-05 
3067 7.219617e-05 
3068 7.213603e-05 
3069 7.207596e-05 
3070 7.201595e-05 
3071 7.195601e-05 
3072 7.189613e-05 
3073 7.183631e-05 
3074 7.177656e-05 
3075 7.171687e-05 
3076 7.165725e-05 
3077 7.159769e-05 
3078 7.153819e-05 
3079 7.147875e-05 
3080 7.141938e-05 
3081 7.136007e-05 
3082 7.130083e-05 
3083 7.124165e-05 
3084 7.118253e-05 
3085 7.112347e-05 
3086 7.106448e-05 
3087 7.100555e-05 
3088 7.094668e-05 
3089 7.088788e-05 
3090 7.082914e-05 
3091 7.077046e-05 
3092 7.071184e-05 
3093 7.065328e-05 
3094 7.059479e-05 
3095 7.053636e-05 
3096 7.047799e-05 
3097 7.041969e-05 
3098 7.036144e-05 
3099 7.030326e-05 
3100 7.024514e-05 
3101 7.018708e-05 
3102 7.012908e-05 
3103 7.007115e-05 
3104 7.001328e-05 
3105 6.995546e-05 
3106 6.989771e-05 
3107 6.984002e-05 
3108 6.978239e-05 
3109 6.972483e-05 
3110 6.966732e-05 
3111 6.960988e-05 
3112 6.955249e-05 
3113 6.949517e-05 
3114 6.943791e-05 
3115 6.938071e-05 
3116 6.932357e-05 
3117 6.926649e-05 
3118 6.920947e-05 
3119 6.915251e-05 
3120 6.909561e-05 
3121 6.903878e-05 
3122 6.898200e-05 
3123 6.892528e-05 
3124 6.886862e-05 
3125 6.881203e-05 
3126 6.875549e-05 
3127 6.869901e-05 
3128 6.864260e-05 
3129 6.858624e-05 
3130 6.852994e-05 
3131 6.847370e-05 
3132 6.841753e-05 
3133 6.836141e-05 
3134 6.830535e-05 
3135 6.824935e-05 
3136 6.819341e-05 
3137 6.813753e-05 
3138 6.808171e-05 
3139 6.802594e-05 
3140 6.797024e-05 
3141 6.791460e-05 
3142 6.785901e-05 
3143 6.780348e-05 
3144 6.774801e-05 
3145 6.769261e-05 
3146 6.763726e-05 
3147 6.758196e-05 
3148 6.752673e-05 
3149 6.747156e-05 
3150 6.741644e-05 
3151 6.736138e-05 
3152 6.730638e-05 
3153 6.725144e-05 
3154 6.719656e-05 
3155 6.714173e-05 
3156 6.708696e-05 
3157 6.703225e-05 
3158 6.697760e-05 
3159 6.692301e-05 
3160 6.686847e-05 
3161 6.681399e-05 
3162 6.675957e-05 
3163 6.670521e-05 
3164 6.665090e-05 
3165 6.659665e-05 
3166 6.654246e-05 
3167 6.648833e-05 
3168 6.643425e-05 
3169 6.638023e-05 
3170 6.632627e-05 
3171 6.627237e-05 
3172 6.621852e-05 
3173 6.616473e-05 
3174 6.611099e-05 
3175 6.605731e-05 
3176 6.600369e-05 
3177 6.595013e-05 
3178 6.589662e-05 
3179 6.584317e-05 
3180 6.578977e-05 
3181 6.573643e-05 
3182 6.568315e-05 
3183 6.562992e-05 
3184 6.557675e-05 
3185 6.552364e-05 
3186 6.547058e-05 
3187 6.541758e-05 
3188 6.536463e-05 
3189 6.531174e-05 
3190 6.525891e-05 
3191 6.520613e-05 
3192 6.515341e-05 
3193 6.510074e-05 
3194 6.504813e-05 
3195 6.499557e-05 
3196 6.494307e-05 
3197 6.489063e-05 
3198 6.483824e-05 
3199 6.478590e-05 
3200 6.473362e-05 
3201 6.468140e-05 
3202 6.462923e-05 
3203 6.457711e-05 
3204 6.452505e-05 
3205 6.447305e-05 
3206 6.442110e-05 
3207 6.436920e-05 
3208 6.431736e-05 
3209 6.426557e-05 
3210 6.421384e-05 
3211 6.416216e-05 
3212 6.411054e-05 
3213 6.405897e-05 
3214 6.400746e-05 
3215 6.395600e-05 
3216 6.390459e-05 
3217 6.385324e-05 
3218 6.380194e-05 
3219 6.375070e-05 
3220 6.369951e-05 
3221 6.364837e-05 
3222 6.359729e-05 
3223 6.354626e-05 
3224 6.349529e-05 
3225 6.344437e-05 
3226 6.339350e-05 
3227 6.334268e-05 
3228 6.329192e-05 
3229 6.324122e-05 
3230 6.319056e-05 
3231 6.313996e-05 
3232 6.308941e-05 
3233 6.303892e-05 
3234 6.298848e-05 
3235 6.293809e-05 
3236 6.288775e-05 
3237 6.283747e-05 
3238 6.278724e-05 
3239 6.273707e-05 
3240 6.268694e-05 
3241 6.263687e-05 
3242 6.258685e-05 
3243 6.253688e-05 
3244 6.248697e-05 
3245 6.243711e-05 
3246 6.238730e-05 
3247 6.233754e-05 
3248 6.228784e-05 
3249 6.223819e-05 
3250 6.218858e-05 
3251 6.213904e-05 
3252 6.208954e-05 
3253 6.204010e-05 
3254 6.199070e-05 
3255 6.194136e-05 
3256 6.189207e-05 
3257 6.184284e-05 
3258 6.179365e-05 
3259 6.174452e-05 
3260 6.169543e-05 
3261 6.164640e-05 
3262 6.159742e-05 
3263 6.154850e-05 
3264 6.149962e-05 
3265 6.145079e-05 
3266 6.140202e-05 
3267 6.135329e-05 
3268 6.130462e-05 
3269 6.125600e-05 
3270 6.120743e-05 
3271 6.115891e-05 
3272 6.111044e-05 
3273 6.106202e-05 
3274 6.101366e-05 
3275 6.096534e-05 
3276 6.091708e-05 
3277 6.086886e-05 
3278 6.082069e-05 
3279 6.077258e-05 
3280 6.072452e-05 
3281 6.067650e-05 
3282 6.062854e-05 
3283 6.058063e-05 
3284 6.053276e-05 
3285 6.048495e-05 
3286 6.043719e-05 
3287 6.038947e-05 
3288 6.034181e-05 
3289 6.029420e-05 
3290 6.024663e-05 
3291 6.019912e-05 
3292 6.015166e-05 
3293 6.010424e-05 
3294 6.005688e-05 
3295 6.000956e-05 
3296 5.996230e-05 
3297 5.991508e-05 
3298 5.986791e-05 
3299 5.982080e-05 
3300 5.977373e-05 
3301 5.972671e-05 
3302 5.967974e-05 
3303 5.963282e-05 
3304 5.958595e-05 
3305 5.953912e-05 
3306 5.949235e-05 
3307 5.944562e-05 
3308 5.939895e-05 
3309 5.935232e-05 
3310 5.930574e-05 
3311 5.925921e-05 
3312 5.921273e-05 
3313 5.916630e-05 
3314 5.911991e-05 
3315 5.907358e-05 
3316 5.902729e-05 
3317 5.898105e-05 
3318 5.893486e-05 
3319 5.888871e-05 
3320 5.884262e-05 
3321 5.879657e-05 
3322 5.875057e-05 
3323 5.870462e-05 
3324 5.865872e-05 
3325 5.861287e-05 
3326 5.856706e-05 
3327 5.852130e-05 
3328 5.847559e-05 
3329 5.842992e-05 
3330 5.838431e-05 
3331 5.833874e-05 
3332 5.829322e-05 
3333 5.824774e-05 
3334 5.820232e-05 
3335 5.815694e-05 
3336 5.811161e-05 
3337 5.806632e-05 
3338 5.802109e-05 
3339 5.797590e-05 
3340 5.793075e-05 
3341 5.788566e-05 
3342 5.784061e-05 
3343 5.779561e-05 
3344 5.775065e-05 
3345 5.770574e-05 
3346 5.766088e-05 
3347 5.761607e-05 
3348 5.757130e-05 
3349 5.752658e-05 
3350 5.748190e-05 
3351 5.743727e-05 
3352 5.739269e-05 
3353 5.734816e-05 
3354 5.730367e-05 
3355 5.725922e-05 
3356 5.721483e-05 
3357 5.717048e-05 
3358 5.712617e-05 
3359 5.708191e-05 
3360 5.703770e-05 
3361 5.699354e-05 
3362 5.694942e-05 
3363 5.690534e-05 
3364 5.686131e-05 
3365 5.681733e-05 
3366 5.677339e-05 
3367 5.672950e-05 
3368 5.668566e-05 
3369 5.664186e-05 
3370 5.659810e-05 
3371 5.655439e-05 
3372 5.651073e-05 
3373 5.646711e-05 
3374 5.642354e-05 
3375 5.638001e-05 
3376 5.633653e-05 
3377 5.629309e-05 
3378 5.624970e-05 
3379 5.620635e-05 
3380 5.616305e-05 
3381 5.611979e-05 
3382 5.607658e-05 
3383 5.603341e-05 
3384 5.599029e-05 
3385 5.594721e-05 
3386 5.590418e-05 
3387 5.586119e-05 
3388 5.581825e-05 
3389 5.577535e-05 
3390 5.573250e-05 
3391 5.568969e-05 
3392 5.564692e-05 
3393 5.560420e-05 
3394 5.556152e-05 
3395 5.551889e-05 
3396 5.547630e-05 
3397 5.543376e-05 
3398 5.539126e-05 
3399 5.534880e-05 
3400 5.530639e-05 
3401 5.526402e-05 
3402 5.522170e-05 
3403 5.517942e-05 
3404 5.513718e-05 
3405 5.509499e-05 
3406 5.505284e-05 
3407 5.501073e-05 
3408 5.496867e-05 
3409 5.492666e-05 
3410 5.488468e-05 
3411 5.484275e-05 
3412 5.480086e-05 
3413 5.475902e-05 
3414 5.471722e-05 
3415 5.467546e-05 
3416 5.463375e-05 
3417 5.459208e-05 
3418 5.455045e-05 
3419 5.450886e-05 
3420 5.446732e-05 
3421 5.442582e-05 
3422 5.438437e-05 
3423 5.434296e-05 
3424 5.430159e-05 
3425 5.426026e-05 
3426 5.421898e-05 
3427 5.417773e-05 
3428 5.413653e-05 
3429 5.409538e-05 
3430 5.405427e-05 
3431 5.401319e-05 
3432 5.397217e-05 
3433 5.393118e-05 
3434 5.389024e-05 
3435 5.384933e-05 
3436 5.380848e-05 
3437 5.376766e-05 
3438 5.372688e-05 
3439 5.368615e-05 
3440 5.364546e-05 
3441 5.360481e-05 
3442 5.356421e-05 
3443 5.352364e-05 
3444 5.348312e-05 
3445 5.344264e-05 
3446 5.340220e-05 
3447 5.336181e-05 
3448 5.332145e-05 
3449 5.328114e-05 
3450 5.324087e-05 
3451 5.320063e-05 
3452 5.316045e-05 
3453 5.312030e-05 
3454 5.308019e-05 
3455 5.304013e-05 
3456 5.300011e-05 
3457 5.296013e-05 
3458 5.292019e-05 
3459 5.288029e-05 
3460 5.284043e-05 
3461 5.280061e-05 
3462 5.276084e-05 
3463 5.272110e-05 
3464 5.268141e-05 
3465 5.264176e-05 
3466 5.260214e-05 
3467 5.256257e-05 
3468 5.252304e-05 
3469 5.248355e-05 
3470 5.244411e-05 
3471 5.240470e-05 
3472 5.236533e-05 
3473 5.232600e-05 
3474 5.228672e-05 
3475 5.224747e-05 
3476 5.220827e-05 
3477 5.216910e-05 
3478 5.212998e-05 
3479 5.209090e-05 
3480 5.205185e-05 
3481 5.201285e-05 
3482 5.197389e-05 
3483 5.193496e-05 
3484 5.189608e-05 
3485 5.185724e-05 
3486 5.181844e-05 
3487 5.177967e-05 
3488 5.174095e-05 
3489 5.170227e-05 
3490 5.166362e-05 
3491 5.162502e-05 
3492 5.158646e-05 
3493 5.154793e-05 
3494 5.150945e-05 
3495 5.147100e-05 
3496 5.143260e-05 
3497 5.139423e-05 
3498 5.135591e-05 
3499 5.131762e-05 
3500 5.127937e-05 
3501 5.124117e-05 
3502 5.120300e-05 
3503 5.116487e-05 
3504 5.112678e-05 
3505 5.108873e-05 
3506 5.105072e-05 
3507 5.101274e-05 
3508 5.097481e-05 
3509 5.093692e-05 
3510 5.089906e-05 
3511 5.086124e-05 
3512 5.082347e-05 
3513 5.078573e-05 
3514 5.074803e-05 
3515 5.071037e-05 
3516 5.067274e-05 
3517 5.063516e-05 
3518 5.059761e-05 
3519 5.056011e-05 
3520 5.052264e-05 
3521 5.048521e-05 
3522 5.044782e-05 
3523 5.041046e-05 
3524 5.037315e-05 
3525 5.033587e-05 
3526 5.029864e-05 
3527 5.026144e-05 
3528 5.022428e-05 
3529 5.018715e-05 
3530 5.015007e-05 
3531 5.011302e-05 
3532 5.007601e-05 
3533 5.003904e-05 
3534 5.000211e-05 
3535 4.996521e-05 
3536 4.992835e-05 
3537 4.989153e-05 
3538 4.985475e-05 
3539 4.981801e-05 
3540 4.978130e-05 
3541 4.974463e-05 
3542 4.970800e-05 
3543 4.967141e-05 
3544 4.963485e-05 
3545 4.959833e-05 
3546 4.956185e-05 
3547 4.952541e-05 
3548 4.948900e-05 
3549 4.945264e-05 
3550 4.941630e-05 
3551 4.938001e-05 
3552 4.934375e-05 
3553 4.930753e-05 
3554 4.927135e-05 
3555 4.923520e-05 
3556 4.919909e-05 
3557 4.916302e-05 
3558 4.912699e-05 
3559 4.909099e-05 
3560 4.905503e-05 
3561 4.901911e-05 
3562 4.898322e-05 
3563 4.894737e-05 
3564 4.891155e-05 
3565 4.887578e-05 
3566 4.884004e-05 
3567 4.880433e-05 
3568 4.876866e-05 
3569 4.873303e-05 
3570 4.869744e-05 
3571 4.866188e-05 
3572 4.862636e-05 
3573 4.859087e-05 
3574 4.855542e-05 
3575 4.852001e-05 
3576 4.848464e-05 
3577 4.844929e-05 
3578 4.841399e-05 
3579 4.837872e-05 
3580 4.834349e-05 
3581 4.830829e-05 
3582 4.827313e-05 
3583 4.823801e-05 
3584 4.820292e-05 
3585 4.816787e-05 
3586 4.813285e-05 
3587 4.809787e-05 
3588 4.806293e-05 
3589 4.802802e-05 
3590 4.799315e-05 
3591 4.795831e-05 
3592 4.792351e-05 
3593 4.788874e-05 
3594 4.785401e-05 
3595 4.781931e-05 
3596 4.778465e-05 
3597 4.775003e-05 
3598 4.771544e-05 
3599 4.768088e-05 
3600 4.764636e-05 
3601 4.761188e-05 
3602 4.757743e-05 
3603 4.754302e-05 
3604 4.750864e-05 
3605 4.747430e-05 
3606 4.743999e-05 
3607 4.740572e-05 
3608 4.737148e-05 
3609 4.733728e-05 
3610 4.730311e-05 
3611 4.726898e-05 
3612 4.723488e-05 
3613 4.720081e-05 
3614 4.716678e-05 
3615 4.713279e-05 
3616 4.709883e-05 
3617 4.706491e-05 
3618 4.703102e-05 
3619 4.699716e-05 
3620 4.696334e-05 
3621 4.692955e-05 
3622 4.689580e-05 
3623 4.686208e-05 
3624 4.682840e-05 
3625 4.679475e-05 
3626 4.676113e-05 
3627 4.672755e-05 
3628 4.669401e-05 
3629 4.666049e-05 
3630 4.662702e-05 
3631 4.659357e-05 
3632 4.656016e-05 
3633 4.652679e-05 
3634 4.649344e-05 
3635 4.646014e-05 
3636 4.642686e-05 
3637 4.639362e-05 
3638 4.636042e-05 
3639 4.632724e-05 
3640 4.629410e-05 
3641 4.626100e-05 
3642 4.622793e-05 
3643 4.619489e-05 
3644 4.616189e-05 
3645 4.612892e-05 
3646 4.609598e-05 
3647 4.606308e-05 
3648 4.603021e-05 
3649 4.599737e-05 
3650 4.596457e-05 
3651 4.593180e-05 
3652 4.589906e-05 
3653 4.586636e-05 
3654 4.583369e-05 
3655 4.580105e-05 
3656 4.576845e-05 
3657 4.573588e-05 
3658 4.570334e-05 
3659 4.567083e-05 
3660 4.563836e-05 
3661 4.560593e-05 
3662 4.557352e-05 
3663 4.554115e-05 
3664 4.550881e-05 
3665 4.547650e-05 
3666 4.544423e-05 
3667 4.541199e-05 
3668 4.537978e-05 
3669 4.534760e-05 
3670 4.531546e-05 
3671 4.528335e-05 
3672 4.525127e-05 
3673 4.521923e-05 
3674 4.518722e-05 
3675 4.515524e-05 
3676 4.512329e-05 
3677 4.509137e-05 
3678 4.505949e-05 
3679 4.502764e-05 
3680 4.499582e-05 
3681 4.496404e-05 
3682 4.493228e-05 
3683 4.490056e-05 
3684 4.486887e-05 
3685 4.483722e-05 
3686 4.480559e-05 
3687 4.477400e-05 
3688 4.474244e-05 
3689 4.471091e-05 
3690 4.467941e-05 
3691 4.464795e-05 
3692 4.461652e-05 
3693 4.458511e-05 
3694 4.455375e-05 
3695 4.452241e-05 
3696 4.449110e-05 
3697 4.445983e-05 
3698 4.442859e-05 
3699 4.439738e-05 
3700 4.436620e-05 
3701 4.433505e-05 
3702 4.430393e-05 
3703 4.427285e-05 
3704 4.424180e-05 
3705 4.421078e-05 
3706 4.417979e-05 
3707 4.414883e-05 
3708 4.411790e-05 
3709 4.408700e-05 
3710 4.405614e-05 
3711 4.402531e-05 
3712 4.399450e-05 
3713 4.396373e-05 
3714 4.393299e-05 
3715 4.390228e-05 
3716 4.387161e-05 
3717 4.384096e-05 
3718 4.381034e-05 
3719 4.377976e-05 
3720 4.374920e-05 
3721 4.371868e-05 
3722 4.368819e-05 
3723 4.365773e-05 
3724 4.362730e-05 
3725 4.359690e-05 
3726 4.356653e-05 
3727 4.353619e-05 
3728 4.350588e-05 
3729 4.347561e-05 
3730 4.344536e-05 
3731 4.341515e-05 
3732 4.338496e-05 
3733 4.335481e-05 
3734 4.332468e-05 
3735 4.329459e-05 
3736 4.326452e-05 
3737 4.323449e-05 
3738 4.320449e-05 
3739 4.317452e-05 
3740 4.314457e-05 
3741 4.311466e-05 
3742 4.308478e-05 
3743 4.305493e-05 
3744 4.302511e-05 
3745 4.299532e-05 
3746 4.296555e-05 
3747 4.293582e-05 
3748 4.290612e-05 
3749 4.287645e-05 
3750 4.284681e-05 
3751 4.281720e-05 
3752 4.278762e-05 
3753 4.275806e-05 
3754 4.272854e-05 
3755 4.269905e-05 
3756 4.266959e-05 
3757 4.264016e-05 
3758 4.261075e-05 
3759 4.258138e-05 
3760 4.255204e-05 
3761 4.252272e-05 
3762 4.249344e-05 
3763 4.246418e-05 
3764 4.243496e-05 
3765 4.240576e-05 
3766 4.237659e-05 
3767 4.234746e-05 
3768 4.231835e-05 
3769 4.228927e-05 
3770 4.226022e-05 
3771 4.223120e-05 
3772 4.220221e-05 
3773 4.217325e-05 
3774 4.214432e-05 
3775 4.211541e-05 
3776 4.208654e-05 
3777 4.205769e-05 
3778 4.202888e-05 
3779 4.200009e-05 
3780 4.197133e-05 
3781 4.194260e-05 
3782 4.191390e-05 
3783 4.188523e-05 
3784 4.185659e-05 
3785 4.182797e-05 
3786 4.179939e-05 
3787 4.177083e-05 
3788 4.174230e-05 
3789 4.171381e-05 
3790 4.168534e-05 
3791 4.165689e-05 
3792 4.162848e-05 
3793 4.160010e-05 
3794 4.157174e-05 
3795 4.154341e-05 
3796 4.151511e-05 
3797 4.148684e-05 
3798 4.145860e-05 
3799 4.143039e-05 
3800 4.140220e-05 
3801 4.137405e-05 
3802 4.134592e-05 
3803 4.131782e-05 
3804 4.128974e-05 
3805 4.126170e-05 
3806 4.123368e-05 
3807 4.120570e-05 
3808 4.117774e-05 
3809 4.114981e-05 
3810 4.112190e-05 
3811 4.109403e-05 
3812 4.106618e-05 
3813 4.103836e-05 
3814 4.101057e-05 
3815 4.098280e-05 
3816 4.095507e-05 
3817 4.092736e-05 
3818 4.089968e-05 
3819 4.087203e-05 
3820 4.084440e-05 
3821 4.081680e-05 
3822 4.078923e-05 
3823 4.076169e-05 
3824 4.073418e-05 
3825 4.070669e-05 
3826 4.067923e-05 
3827 4.065180e-05 
3828 4.062440e-05 
3829 4.059702e-05 
3830 4.056967e-05 
3831 4.054235e-05 
3832 4.051506e-05 
3833 4.048779e-05 
3834 4.046055e-05 
3835 4.043334e-05 
3836 4.040615e-05 
3837 4.037899e-05 
3838 4.035186e-05 
3839 4.032476e-05 
3840 4.029768e-05 
3841 4.027063e-05 
3842 4.024361e-05 
3843 4.021662e-05 
3844 4.018965e-05 
3845 4.016271e-05 
3846 4.013579e-05 
3847 4.010891e-05 
3848 4.008205e-05 
3849 4.005521e-05 
3850 4.002841e-05 
3851 4.000163e-05 
3852 3.997487e-05 
3853 3.994815e-05 
3854 3.992145e-05 
3855 3.989477e-05 
3856 3.986813e-05 
3857 3.984151e-05 
3858 3.981492e-05 
3859 3.978835e-05 
3860 3.976181e-05 
3861 3.973530e-05 
3862 3.970881e-05 
3863 3.968235e-05 
3864 3.965592e-05 
3865 3.962951e-05 
3866 3.960313e-05 
3867 3.957677e-05 
3868 3.955044e-05 
3869 3.952414e-05 
3870 3.949787e-05 
3871 3.947162e-05 
3872 3.944539e-05 
3873 3.941920e-05 
3874 3.939303e-05 
3875 3.936688e-05 
3876 3.934076e-05 
3877 3.931467e-05 
3878 3.928860e-05 
3879 3.926256e-05 
3880 3.923655e-05 
3881 3.921056e-05 
3882 3.918460e-05 
3883 3.915866e-05 
3884 3.913275e-05 
3885 3.910686e-05 
3886 3.908100e-05 
3887 3.905517e-05 
3888 3.902936e-05 
3889 3.900358e-05 
3890 3.897782e-05 
3891 3.895209e-05 
3892 3.892639e-05 
3893 3.890071e-05 
3894 3.887505e-05 
3895 3.884943e-05 
3896 3.882382e-05 
3897 3.879825e-05 
3898 3.877269e-05 
3899 3.874717e-05 
3900 3.872167e-05 
3901 3.869619e-05 
3902 3.867074e-05 
3903 3.864532e-05 
3904 3.861992e-05 
3905 3.859454e-05 
3906 3.856919e-05 
3907 3.854387e-05 
3908 3.851857e-05 
3909 3.849330e-05 
3910 3.846805e-05 
3911 3.844283e-05 
3912 3.841763e-05 
3913 3.839246e-05 
3914 3.836731e-05 
3915 3.834219e-05 
3916 3.831709e-05 
3917 3.829201e-05 
3918 3.826697e-05 
3919 3.824194e-05 
3920 3.821695e-05 
3921 3.819197e-05 
3922 3.816702e-05 
3923 3.814210e-05 
3924 3.811720e-05 
3925 3.809233e-05 
3926 3.806748e-05 
3927 3.804265e-05 
3928 3.801785e-05 
3929 3.799308e-05 
3930 3.796833e-05 
3931 3.794360e-05 
3932 3.791890e-05 
3933 3.789422e-05 
3934 3.786957e-05 
3935 3.784494e-05 
3936 3.782034e-05 
3937 3.779576e-05 
3938 3.777120e-05 
3939 3.774667e-05 
3940 3.772216e-05 
3941 3.769768e-05 
3942 3.767323e-05 
3943 3.764879e-05 
3944 3.762438e-05 
3945 3.760000e-05 
3946 3.757564e-05 
3947 3.755130e-05 
3948 3.752699e-05 
3949 3.750270e-05 
3950 3.747844e-05 
3951 3.745420e-05 
3952 3.742998e-05 
3953 3.740579e-05 
3954 3.738162e-05 
3955 3.735747e-05 
3956 3.733335e-05 
3957 3.730926e-05 
3958 3.728519e-05 
3959 3.726114e-05 
3960 3.723711e-05 
3961 3.721311e-05 
3962 3.718913e-05 
3963 3.716518e-05 
3964 3.714125e-05 
3965 3.711734e-05 
3966 3.709346e-05 
3967 3.706960e-05 
3968 3.704577e-05 
3969 3.702196e-05 
3970 3.699817e-05 
3971 3.697440e-05 
3972 3.695066e-05 
3973 3.692694e-05 
3974 3.690325e-05 
3975 3.687958e-05 
3976 3.685593e-05 
3977 3.683231e-05 
3978 3.680871e-05 
3979 3.678513e-05 
3980 3.676158e-05 
3981 3.673805e-05 
3982 3.671454e-05 
3983 3.669105e-05 
3984 3.666759e-05 
3985 3.664416e-05 
3986 3.662074e-05 
3987 3.659735e-05 
3988 3.657398e-05 
3989 3.655064e-05 
3990 3.652731e-05 
3991 3.650402e-05 
3992 3.648074e-05 
3993 3.645749e-05 
3994 3.643426e-05 
3995 3.641105e-05 
3996 3.638786e-05 
3997 3.636470e-05 
3998 3.634156e-05 
3999 3.631845e-05 
4000 3.629536e-05 
4001 3.627229e-05 
4002 3.624924e-05 
