0 1.229328e-03 
1 1.228880e-03 
2 1.228432e-03 
3 1.227984e-03 
4 1.227536e-03 
5 1.227089e-03 
6 1.226641e-03 
7 1.226194e-03 
8 1.225747e-03 
9 1.225300e-03 
10 1.224854e-03 
11 1.224407e-03 
12 1.223961e-03 
13 1.223515e-03 
14 1.223069e-03 
15 1.222623e-03 
16 1.222177e-03 
17 1.221732e-03 
18 1.221286e-03 
19 1.220841e-03 
20 1.220396e-03 
21 1.219951e-03 
22 1.219507e-03 
23 1.219062e-03 
24 1.218618e-03 
25 1.218174e-03 
26 1.217730e-03 
27 1.217286e-03 
28 1.216843e-03 
29 1.216399e-03 
30 1.215956e-03 
31 1.215513e-03 
32 1.215070e-03 
33 1.214627e-03 
34 1.214185e-03 
35 1.213742e-03 
36 1.213300e-03 
37 1.212858e-03 
38 1.212416e-03 
39 1.211975e-03 
40 1.211533e-03 
41 1.211092e-03 
42 1.210651e-03 
43 1.210210e-03 
44 1.209769e-03 
45 1.209328e-03 
46 1.208888e-03 
47 1.208448e-03 
48 1.208007e-03 
49 1.207567e-03 
50 1.207128e-03 
51 1.206688e-03 
52 1.206249e-03 
53 1.205809e-03 
54 1.205370e-03 
55 1.204931e-03 
56 1.204492e-03 
57 1.204054e-03 
58 1.203615e-03 
59 1.203177e-03 
60 1.202739e-03 
61 1.202301e-03 
62 1.201864e-03 
63 1.201426e-03 
64 1.200989e-03 
65 1.200551e-03 
66 1.200114e-03 
67 1.199677e-03 
68 1.199241e-03 
69 1.198804e-03 
70 1.198368e-03 
71 1.197932e-03 
72 1.197496e-03 
73 1.197060e-03 
74 1.196624e-03 
75 1.196188e-03 
76 1.195753e-03 
77 1.195318e-03 
78 1.194883e-03 
79 1.194448e-03 
80 1.194013e-03 
81 1.193579e-03 
82 1.193145e-03 
83 1.192710e-03 
84 1.192276e-03 
85 1.191843e-03 
86 1.191409e-03 
87 1.190975e-03 
88 1.190542e-03 
89 1.190109e-03 
90 1.189676e-03 
91 1.189243e-03 
92 1.188811e-03 
93 1.188378e-03 
94 1.187946e-03 
95 1.187514e-03 
96 1.187082e-03 
97 1.186650e-03 
98 1.186218e-03 
99 1.185787e-03 
100 1.185355e-03 
101 1.184924e-03 
102 1.184493e-03 
103 1.184063e-03 
104 1.183632e-03 
105 1.183201e-03 
106 1.182771e-03 
107 1.182341e-03 
108 1.181911e-03 
109 1.181481e-03 
110 1.181052e-03 
111 1.180622e-03 
112 1.180193e-03 
113 1.179764e-03 
114 1.179335e-03 
115 1.178906e-03 
116 1.178477e-03 
117 1.178049e-03 
118 1.177621e-03 
119 1.177193e-03 
120 1.176765e-03 
121 1.176337e-03 
122 1.175909e-03 
123 1.175482e-03 
124 1.175054e-03 
125 1.174627e-03 
126 1.174200e-03 
127 1.173774e-03 
128 1.173347e-03 
129 1.172921e-03 
130 1.172494e-03 
131 1.172068e-03 
132 1.171642e-03 
133 1.171216e-03 
134 1.170791e-03 
135 1.170365e-03 
136 1.169940e-03 
137 1.169515e-03 
138 1.169090e-03 
139 1.168665e-03 
140 1.168240e-03 
141 1.167816e-03 
142 1.167392e-03 
143 1.166968e-03 
144 1.166544e-03 
145 1.166120e-03 
146 1.165696e-03 
147 1.165273e-03 
148 1.164849e-03 
149 1.164426e-03 
150 1.164003e-03 
151 1.163580e-03 
152 1.163158e-03 
153 1.162735e-03 
154 1.162313e-03 
155 1.161891e-03 
156 1.161469e-03 
157 1.161047e-03 
158 1.160625e-03 
159 1.160204e-03 
160 1.159783e-03 
161 1.159361e-03 
162 1.158940e-03 
163 1.158520e-03 
164 1.158099e-03 
165 1.157678e-03 
166 1.157258e-03 
167 1.156838e-03 
168 1.156418e-03 
169 1.155998e-03 
170 1.155578e-03 
171 1.155159e-03 
172 1.154739e-03 
173 1.154320e-03 
174 1.153901e-03 
175 1.153482e-03 
176 1.153063e-03 
177 1.152645e-03 
178 1.152226e-03 
179 1.151808e-03 
180 1.151390e-03 
181 1.150972e-03 
182 1.150555e-03 
183 1.150137e-03 
184 1.149720e-03 
185 1.149302e-03 
186 1.148885e-03 
187 1.148468e-03 
188 1.148051e-03 
189 1.147635e-03 
190 1.147218e-03 
191 1.146802e-03 
192 1.146386e-03 
193 1.145970e-03 
194 1.145554e-03 
195 1.145139e-03 
196 1.144723e-03 
197 1.144308e-03 
198 1.143893e-03 
199 1.143478e-03 
200 1.143063e-03 
201 1.142648e-03 
202 1.142234e-03 
203 1.141819e-03 
204 1.141405e-03 
205 1.140991e-03 
206 1.140577e-03 
207 1.140164e-03 
208 1.139750e-03 
209 1.139337e-03 
210 1.138924e-03 
211 1.138511e-03 
212 1.138098e-03 
213 1.137685e-03 
214 1.137272e-03 
215 1.136860e-03 
216 1.136448e-03 
217 1.136036e-03 
218 1.135624e-03 
219 1.135212e-03 
220 1.134800e-03 
221 1.134389e-03 
222 1.133978e-03 
223 1.133566e-03 
224 1.133155e-03 
225 1.132745e-03 
226 1.132334e-03 
227 1.131924e-03 
228 1.131513e-03 
229 1.131103e-03 
230 1.130693e-03 
231 1.130283e-03 
232 1.129873e-03 
233 1.129464e-03 
234 1.129055e-03 
235 1.128645e-03 
236 1.128236e-03 
237 1.127827e-03 
238 1.127419e-03 
239 1.127010e-03 
240 1.126602e-03 
241 1.126193e-03 
242 1.125785e-03 
243 1.125377e-03 
244 1.124970e-03 
245 1.124562e-03 
246 1.124155e-03 
247 1.123747e-03 
248 1.123340e-03 
249 1.122933e-03 
250 1.122526e-03 
251 1.122120e-03 
252 1.121713e-03 
253 1.121307e-03 
254 1.120901e-03 
255 1.120494e-03 
256 1.120089e-03 
257 1.119683e-03 
258 1.119277e-03 
259 1.118872e-03 
260 1.118467e-03 
261 1.118062e-03 
262 1.117657e-03 
263 1.117252e-03 
264 1.116847e-03 
265 1.116443e-03 
266 1.116038e-03 
267 1.115634e-03 
268 1.115230e-03 
269 1.114827e-03 
270 1.114423e-03 
271 1.114019e-03 
272 1.113616e-03 
273 1.113213e-03 
274 1.112810e-03 
275 1.112407e-03 
276 1.112004e-03 
277 1.111601e-03 
278 1.111199e-03 
279 1.110797e-03 
280 1.110395e-03 
281 1.109993e-03 
282 1.109591e-03 
283 1.109189e-03 
284 1.108788e-03 
285 1.108386e-03 
286 1.107985e-03 
287 1.107584e-03 
288 1.107183e-03 
289 1.106783e-03 
290 1.106382e-03 
291 1.105982e-03 
292 1.105582e-03 
293 1.105181e-03 
294 1.104782e-03 
295 1.104382e-03 
296 1.103982e-03 
297 1.103583e-03 
298 1.103183e-03 
299 1.102784e-03 
300 1.102385e-03 
301 1.101986e-03 
302 1.101588e-03 
303 1.101189e-03 
304 1.100791e-03 
305 1.100393e-03 
306 1.099995e-03 
307 1.099597e-03 
308 1.099199e-03 
309 1.098801e-03 
310 1.098404e-03 
311 1.098007e-03 
312 1.097609e-03 
313 1.097212e-03 
314 1.096816e-03 
315 1.096419e-03 
316 1.096022e-03 
317 1.095626e-03 
318 1.095230e-03 
319 1.094834e-03 
320 1.094438e-03 
321 1.094042e-03 
322 1.093647e-03 
323 1.093251e-03 
324 1.092856e-03 
325 1.092461e-03 
326 1.092066e-03 
327 1.091671e-03 
328 1.091276e-03 
329 1.090882e-03 
330 1.090487e-03 
331 1.090093e-03 
332 1.089699e-03 
333 1.089305e-03 
334 1.088911e-03 
335 1.088518e-03 
336 1.088124e-03 
337 1.087731e-03 
338 1.087338e-03 
339 1.086945e-03 
340 1.086552e-03 
341 1.086159e-03 
342 1.085767e-03 
343 1.085375e-03 
344 1.084982e-03 
345 1.084590e-03 
346 1.084198e-03 
347 1.083807e-03 
348 1.083415e-03 
349 1.083023e-03 
350 1.082632e-03 
351 1.082241e-03 
352 1.081850e-03 
353 1.081459e-03 
354 1.081068e-03 
355 1.080678e-03 
356 1.080287e-03 
357 1.079897e-03 
358 1.079507e-03 
359 1.079117e-03 
360 1.078727e-03 
361 1.078338e-03 
362 1.077948e-03 
363 1.077559e-03 
364 1.077170e-03 
365 1.076781e-03 
366 1.076392e-03 
367 1.076003e-03 
368 1.075615e-03 
369 1.075226e-03 
370 1.074838e-03 
371 1.074450e-03 
372 1.074062e-03 
373 1.073674e-03 
374 1.073286e-03 
375 1.072899e-03 
376 1.072511e-03 
377 1.072124e-03 
378 1.071737e-03 
379 1.071350e-03 
380 1.070963e-03 
381 1.070577e-03 
382 1.070190e-03 
383 1.069804e-03 
384 1.069418e-03 
385 1.069032e-03 
386 1.068646e-03 
387 1.068260e-03 
388 1.067874e-03 
389 1.067489e-03 
390 1.067104e-03 
391 1.066719e-03 
392 1.066334e-03 
393 1.065949e-03 
394 1.065564e-03 
395 1.065180e-03 
396 1.064795e-03 
397 1.064411e-03 
398 1.064027e-03 
399 1.063643e-03 
400 1.063259e-03 
401 1.062876e-03 
402 1.062492e-03 
403 1.062109e-03 
404 1.061726e-03 
405 1.061343e-03 
406 1.060960e-03 
407 1.060577e-03 
408 1.060194e-03 
409 1.059812e-03 
410 1.059430e-03 
411 1.059048e-03 
412 1.058666e-03 
413 1.058284e-03 
414 1.057902e-03 
415 1.057520e-03 
416 1.057139e-03 
417 1.056758e-03 
418 1.056377e-03 
419 1.055996e-03 
420 1.055615e-03 
421 1.055234e-03 
422 1.054854e-03 
423 1.054473e-03 
424 1.054093e-03 
425 1.053713e-03 
426 1.053333e-03 
427 1.052953e-03 
428 1.052574e-03 
429 1.052194e-03 
430 1.051815e-03 
431 1.051436e-03 
432 1.051057e-03 
433 1.050678e-03 
434 1.050299e-03 
435 1.049920e-03 
436 1.049542e-03 
437 1.049164e-03 
438 1.048786e-03 
439 1.048408e-03 
440 1.048030e-03 
441 1.047652e-03 
442 1.047274e-03 
443 1.046897e-03 
444 1.046520e-03 
445 1.046143e-03 
446 1.045766e-03 
447 1.045389e-03 
448 1.045012e-03 
449 1.044635e-03 
450 1.044259e-03 
451 1.043883e-03 
452 1.043507e-03 
453 1.043131e-03 
454 1.042755e-03 
455 1.042379e-03 
456 1.042004e-03 
457 1.041628e-03 
458 1.041253e-03 
459 1.040878e-03 
460 1.040503e-03 
461 1.040128e-03 
462 1.039754e-03 
463 1.039379e-03 
464 1.039005e-03 
465 1.038631e-03 
466 1.038257e-03 
467 1.037883e-03 
468 1.037509e-03 
469 1.037135e-03 
470 1.036762e-03 
471 1.036388e-03 
472 1.036015e-03 
473 1.035642e-03 
474 1.035269e-03 
475 1.034896e-03 
476 1.034524e-03 
477 1.034151e-03 
478 1.033779e-03 
479 1.033407e-03 
480 1.033035e-03 
481 1.032663e-03 
482 1.032291e-03 
483 1.031920e-03 
484 1.031548e-03 
485 1.031177e-03 
486 1.030806e-03 
487 1.030435e-03 
488 1.030064e-03 
489 1.029693e-03 
490 1.029322e-03 
491 1.028952e-03 
492 1.028582e-03 
493 1.028211e-03 
494 1.027841e-03 
495 1.027472e-03 
496 1.027102e-03 
497 1.026732e-03 
498 1.026363e-03 
499 1.025993e-03 
500 1.025624e-03 
501 1.025255e-03 
502 1.024886e-03 
503 1.024518e-03 
504 1.024149e-03 
505 1.023781e-03 
506 1.023412e-03 
507 1.023044e-03 
508 1.022676e-03 
509 1.022308e-03 
510 1.021941e-03 
511 1.021573e-03 
512 1.021205e-03 
513 1.020838e-03 
514 1.020471e-03 
515 1.020104e-03 
516 1.019737e-03 
517 1.019370e-03 
518 1.019004e-03 
519 1.018637e-03 
520 1.018271e-03 
521 1.017905e-03 
522 1.017539e-03 
523 1.017173e-03 
524 1.016807e-03 
525 1.016442e-03 
526 1.016076e-03 
527 1.015711e-03 
528 1.015346e-03 
529 1.014981e-03 
530 1.014616e-03 
531 1.014251e-03 
532 1.013886e-03 
533 1.013522e-03 
534 1.013158e-03 
535 1.012793e-03 
536 1.012429e-03 
537 1.012066e-03 
538 1.011702e-03 
539 1.011338e-03 
540 1.010975e-03 
541 1.010611e-03 
542 1.010248e-03 
543 1.009885e-03 
544 1.009522e-03 
545 1.009159e-03 
546 1.008797e-03 
547 1.008434e-03 
548 1.008072e-03 
549 1.007710e-03 
550 1.007348e-03 
551 1.006986e-03 
552 1.006624e-03 
553 1.006262e-03 
554 1.005901e-03 
555 1.005539e-03 
556 1.005178e-03 
557 1.004817e-03 
558 1.004456e-03 
559 1.004095e-03 
560 1.003735e-03 
561 1.003374e-03 
562 1.003014e-03 
563 1.002654e-03 
564 1.002293e-03 
565 1.001933e-03 
566 1.001574e-03 
567 1.001214e-03 
568 1.000854e-03 
569 1.000495e-03 
570 1.000136e-03 
571 9.997766e-04 
572 9.994176e-04 
573 9.990587e-04 
574 9.987000e-04 
575 9.983414e-04 
576 9.979830e-04 
577 9.976247e-04 
578 9.972665e-04 
579 9.969085e-04 
580 9.965506e-04 
581 9.961929e-04 
582 9.958353e-04 
583 9.954778e-04 
584 9.951205e-04 
585 9.947633e-04 
586 9.944063e-04 
587 9.940494e-04 
588 9.936926e-04 
589 9.933360e-04 
590 9.929795e-04 
591 9.926231e-04 
592 9.922669e-04 
593 9.919108e-04 
594 9.915549e-04 
595 9.911991e-04 
596 9.908434e-04 
597 9.904879e-04 
598 9.901325e-04 
599 9.897772e-04 
600 9.894221e-04 
601 9.890671e-04 
602 9.887123e-04 
603 9.883576e-04 
604 9.880030e-04 
605 9.876486e-04 
606 9.872943e-04 
607 9.869402e-04 
608 9.865861e-04 
609 9.862323e-04 
610 9.858785e-04 
611 9.855249e-04 
612 9.851715e-04 
613 9.848181e-04 
614 9.844649e-04 
615 9.841119e-04 
616 9.837590e-04 
617 9.834062e-04 
618 9.830535e-04 
619 9.827010e-04 
620 9.823487e-04 
621 9.819964e-04 
622 9.816443e-04 
623 9.812924e-04 
624 9.809405e-04 
625 9.805888e-04 
626 9.802373e-04 
627 9.798859e-04 
628 9.795346e-04 
629 9.791834e-04 
630 9.788324e-04 
631 9.784816e-04 
632 9.781308e-04 
633 9.777802e-04 
634 9.774298e-04 
635 9.770794e-04 
636 9.767292e-04 
637 9.763792e-04 
638 9.760293e-04 
639 9.756795e-04 
640 9.753298e-04 
641 9.749803e-04 
642 9.746309e-04 
643 9.742817e-04 
644 9.739326e-04 
645 9.735836e-04 
646 9.732348e-04 
647 9.728861e-04 
648 9.725375e-04 
649 9.721891e-04 
650 9.718408e-04 
651 9.714926e-04 
652 9.711446e-04 
653 9.707967e-04 
654 9.704489e-04 
655 9.701013e-04 
656 9.697538e-04 
657 9.694065e-04 
658 9.690592e-04 
659 9.687122e-04 
660 9.683652e-04 
661 9.680184e-04 
662 9.676717e-04 
663 9.673252e-04 
664 9.669787e-04 
665 9.666325e-04 
666 9.662863e-04 
667 9.659403e-04 
668 9.655944e-04 
669 9.652487e-04 
670 9.649031e-04 
671 9.645576e-04 
672 9.642123e-04 
673 9.638671e-04 
674 9.635220e-04 
675 9.631770e-04 
676 9.628322e-04 
677 9.624876e-04 
678 9.621430e-04 
679 9.617986e-04 
680 9.614543e-04 
681 9.611102e-04 
682 9.607662e-04 
683 9.604223e-04 
684 9.600786e-04 
685 9.597350e-04 
686 9.593915e-04 
687 9.590482e-04 
688 9.587050e-04 
689 9.583619e-04 
690 9.580190e-04 
691 9.576761e-04 
692 9.573335e-04 
693 9.569909e-04 
694 9.566485e-04 
695 9.563062e-04 
696 9.559641e-04 
697 9.556221e-04 
698 9.552802e-04 
699 9.549385e-04 
700 9.545968e-04 
701 9.542554e-04 
702 9.539140e-04 
703 9.535728e-04 
704 9.532317e-04 
705 9.528907e-04 
706 9.525499e-04 
707 9.522092e-04 
708 9.518687e-04 
709 9.515282e-04 
710 9.511880e-04 
711 9.508478e-04 
712 9.505078e-04 
713 9.501679e-04 
714 9.498281e-04 
715 9.494885e-04 
716 9.491490e-04 
717 9.488096e-04 
718 9.484703e-04 
719 9.481312e-04 
720 9.477922e-04 
721 9.474534e-04 
722 9.471147e-04 
723 9.467761e-04 
724 9.464376e-04 
725 9.460993e-04 
726 9.457611e-04 
727 9.454231e-04 
728 9.450851e-04 
729 9.447473e-04 
730 9.444097e-04 
731 9.440721e-04 
732 9.437347e-04 
733 9.433974e-04 
734 9.430603e-04 
735 9.427233e-04 
736 9.423864e-04 
737 9.420496e-04 
738 9.417130e-04 
739 9.413765e-04 
740 9.410402e-04 
741 9.407039e-04 
742 9.403678e-04 
743 9.400319e-04 
744 9.396960e-04 
745 9.393603e-04 
746 9.390247e-04 
747 9.386893e-04 
748 9.383539e-04 
749 9.380187e-04 
750 9.376837e-04 
751 9.373487e-04 
752 9.370139e-04 
753 9.366793e-04 
754 9.363447e-04 
755 9.360103e-04 
756 9.356760e-04 
757 9.353419e-04 
758 9.350078e-04 
759 9.346739e-04 
760 9.343402e-04 
761 9.340065e-04 
762 9.336730e-04 
763 9.333396e-04 
764 9.330064e-04 
765 9.326733e-04 
766 9.323403e-04 
767 9.320074e-04 
768 9.316747e-04 
769 9.313420e-04 
770 9.310096e-04 
771 9.306772e-04 
772 9.303450e-04 
773 9.300129e-04 
774 9.296809e-04 
775 9.293491e-04 
776 9.290174e-04 
777 9.286858e-04 
778 9.283544e-04 
779 9.280230e-04 
780 9.276918e-04 
781 9.273608e-04 
782 9.270298e-04 
783 9.266990e-04 
784 9.263683e-04 
785 9.260378e-04 
786 9.257074e-04 
787 9.253771e-04 
788 9.250469e-04 
789 9.247168e-04 
790 9.243869e-04 
791 9.240571e-04 
792 9.237275e-04 
793 9.233979e-04 
794 9.230685e-04 
795 9.227393e-04 
796 9.224101e-04 
797 9.220811e-04 
798 9.217522e-04 
799 9.214234e-04 
800 9.210948e-04 
801 9.207663e-04 
802 9.204379e-04 
803 9.201096e-04 
804 9.197815e-04 
805 9.194535e-04 
806 9.191256e-04 
807 9.187978e-04 
808 9.184702e-04 
809 9.181427e-04 
810 9.178153e-04 
811 9.174881e-04 
812 9.171610e-04 
813 9.168340e-04 
814 9.165071e-04 
815 9.161804e-04 
816 9.158538e-04 
817 9.155273e-04 
818 9.152009e-04 
819 9.148747e-04 
820 9.145486e-04 
821 9.142226e-04 
822 9.138967e-04 
823 9.135710e-04 
824 9.132454e-04 
825 9.129199e-04 
826 9.125946e-04 
827 9.122694e-04 
828 9.119443e-04 
829 9.116193e-04 
830 9.112944e-04 
831 9.109697e-04 
832 9.106451e-04 
833 9.103206e-04 
834 9.099963e-04 
835 9.096721e-04 
836 9.093480e-04 
837 9.090240e-04 
838 9.087002e-04 
839 9.083764e-04 
840 9.080528e-04 
841 9.077294e-04 
842 9.074060e-04 
843 9.070828e-04 
844 9.067597e-04 
845 9.064367e-04 
846 9.061139e-04 
847 9.057912e-04 
848 9.054686e-04 
849 9.051461e-04 
850 9.048238e-04 
851 9.045015e-04 
852 9.041794e-04 
853 9.038575e-04 
854 9.035356e-04 
855 9.032139e-04 
856 9.028923e-04 
857 9.025708e-04 
858 9.022495e-04 
859 9.019283e-04 
860 9.016072e-04 
861 9.012862e-04 
862 9.009653e-04 
863 9.006446e-04 
864 9.003240e-04 
865 9.000035e-04 
866 8.996832e-04 
867 8.993629e-04 
868 8.990428e-04 
869 8.987228e-04 
870 8.984030e-04 
871 8.980832e-04 
872 8.977636e-04 
873 8.974441e-04 
874 8.971247e-04 
875 8.968055e-04 
876 8.964864e-04 
877 8.961674e-04 
878 8.958485e-04 
879 8.955298e-04 
880 8.952111e-04 
881 8.948926e-04 
882 8.945742e-04 
883 8.942560e-04 
884 8.939379e-04 
885 8.936198e-04 
886 8.933020e-04 
887 8.929842e-04 
888 8.926665e-04 
889 8.923490e-04 
890 8.920316e-04 
891 8.917143e-04 
892 8.913972e-04 
893 8.910802e-04 
894 8.907633e-04 
895 8.904465e-04 
896 8.901298e-04 
897 8.898133e-04 
898 8.894969e-04 
899 8.891806e-04 
900 8.888644e-04 
901 8.885483e-04 
902 8.882324e-04 
903 8.879166e-04 
904 8.876009e-04 
905 8.872853e-04 
906 8.869699e-04 
907 8.866546e-04 
908 8.863394e-04 
909 8.860243e-04 
910 8.857094e-04 
911 8.853945e-04 
912 8.850798e-04 
913 8.847652e-04 
914 8.844508e-04 
915 8.841364e-04 
916 8.838222e-04 
917 8.835081e-04 
918 8.831941e-04 
919 8.828802e-04 
920 8.825665e-04 
921 8.822529e-04 
922 8.819394e-04 
923 8.816260e-04 
924 8.813128e-04 
925 8.809996e-04 
926 8.806866e-04 
927 8.803737e-04 
928 8.800610e-04 
929 8.797483e-04 
930 8.794358e-04 
931 8.791234e-04 
932 8.788111e-04 
933 8.784989e-04 
934 8.781869e-04 
935 8.778750e-04 
936 8.775631e-04 
937 8.772515e-04 
938 8.769399e-04 
939 8.766285e-04 
940 8.763171e-04 
941 8.760059e-04 
942 8.756948e-04 
943 8.753839e-04 
944 8.750730e-04 
945 8.747623e-04 
946 8.744517e-04 
947 8.741412e-04 
948 8.738309e-04 
949 8.735206e-04 
950 8.732105e-04 
951 8.729005e-04 
952 8.725906e-04 
953 8.722809e-04 
954 8.719712e-04 
955 8.716617e-04 
956 8.713523e-04 
957 8.710430e-04 
958 8.707338e-04 
959 8.704248e-04 
960 8.701159e-04 
961 8.698071e-04 
962 8.694984e-04 
963 8.691898e-04 
964 8.688814e-04 
965 8.685730e-04 
966 8.682648e-04 
967 8.679567e-04 
968 8.676487e-04 
969 8.673409e-04 
970 8.670332e-04 
971 8.667255e-04 
972 8.664180e-04 
973 8.661107e-04 
974 8.658034e-04 
975 8.654963e-04 
976 8.651892e-04 
977 8.648823e-04 
978 8.645755e-04 
979 8.642689e-04 
980 8.639623e-04 
981 8.636559e-04 
982 8.633496e-04 
983 8.630434e-04 
984 8.627373e-04 
985 8.624314e-04 
986 8.621255e-04 
987 8.618198e-04 
988 8.615142e-04 
989 8.612087e-04 
990 8.609033e-04 
991 8.605981e-04 
992 8.602930e-04 
993 8.599879e-04 
994 8.596830e-04 
995 8.593783e-04 
996 8.590736e-04 
997 8.587691e-04 
998 8.584646e-04 
999 8.581603e-04 
1000 8.578561e-04 
1001 8.575521e-04 
1002 8.572481e-04 
1003 8.569443e-04 
1004 8.566406e-04 
1005 8.563369e-04 
1006 8.560335e-04 
1007 8.557301e-04 
1008 8.554268e-04 
1009 8.551237e-04 
1010 8.548207e-04 
1011 8.545178e-04 
1012 8.542150e-04 
1013 8.539123e-04 
1014 8.536098e-04 
1015 8.533074e-04 
1016 8.530050e-04 
1017 8.527028e-04 
1018 8.524008e-04 
1019 8.520988e-04 
1020 8.517969e-04 
1021 8.514952e-04 
1022 8.511936e-04 
1023 8.508921e-04 
1024 8.505907e-04 
1025 8.502894e-04 
1026 8.499883e-04 
1027 8.496872e-04 
1028 8.493863e-04 
1029 8.490855e-04 
1030 8.487848e-04 
1031 8.484843e-04 
1032 8.481838e-04 
1033 8.478835e-04 
1034 8.475832e-04 
1035 8.472831e-04 
1036 8.469831e-04 
1037 8.466833e-04 
1038 8.463835e-04 
1039 8.460839e-04 
1040 8.457843e-04 
1041 8.454849e-04 
1042 8.451856e-04 
1043 8.448864e-04 
1044 8.445874e-04 
1045 8.442884e-04 
1046 8.439896e-04 
1047 8.436909e-04 
1048 8.433923e-04 
1049 8.430938e-04 
1050 8.427954e-04 
1051 8.424971e-04 
1052 8.421990e-04 
1053 8.419010e-04 
1054 8.416030e-04 
1055 8.413052e-04 
1056 8.410076e-04 
1057 8.407100e-04 
1058 8.404125e-04 
1059 8.401152e-04 
1060 8.398180e-04 
1061 8.395209e-04 
1062 8.392239e-04 
1063 8.389270e-04 
1064 8.386302e-04 
1065 8.383336e-04 
1066 8.380370e-04 
1067 8.377406e-04 
1068 8.374443e-04 
1069 8.371481e-04 
1070 8.368520e-04 
1071 8.365560e-04 
1072 8.362602e-04 
1073 8.359645e-04 
1074 8.356688e-04 
1075 8.353733e-04 
1076 8.350779e-04 
1077 8.347826e-04 
1078 8.344875e-04 
1079 8.341924e-04 
1080 8.338975e-04 
1081 8.336027e-04 
1082 8.333079e-04 
1083 8.330133e-04 
1084 8.327189e-04 
1085 8.324245e-04 
1086 8.321302e-04 
1087 8.318361e-04 
1088 8.315421e-04 
1089 8.312481e-04 
1090 8.309543e-04 
1091 8.306606e-04 
1092 8.303671e-04 
1093 8.300736e-04 
1094 8.297802e-04 
1095 8.294870e-04 
1096 8.291939e-04 
1097 8.289009e-04 
1098 8.286080e-04 
1099 8.283152e-04 
1100 8.280225e-04 
1101 8.277299e-04 
1102 8.274375e-04 
1103 8.271452e-04 
1104 8.268529e-04 
1105 8.265608e-04 
1106 8.262688e-04 
1107 8.259769e-04 
1108 8.256852e-04 
1109 8.253935e-04 
1110 8.251020e-04 
1111 8.248105e-04 
1112 8.245192e-04 
1113 8.242280e-04 
1114 8.239369e-04 
1115 8.236459e-04 
1116 8.233551e-04 
1117 8.230643e-04 
1118 8.227736e-04 
1119 8.224831e-04 
1120 8.221927e-04 
1121 8.219024e-04 
1122 8.216122e-04 
1123 8.213221e-04 
1124 8.210321e-04 
1125 8.207422e-04 
1126 8.204525e-04 
1127 8.201628e-04 
1128 8.198733e-04 
1129 8.195839e-04 
1130 8.192946e-04 
1131 8.190054e-04 
1132 8.187163e-04 
1133 8.184273e-04 
1134 8.181385e-04 
1135 8.178497e-04 
1136 8.175611e-04 
1137 8.172726e-04 
1138 8.169841e-04 
1139 8.166958e-04 
1140 8.164077e-04 
1141 8.161196e-04 
1142 8.158316e-04 
1143 8.155437e-04 
1144 8.152560e-04 
1145 8.149684e-04 
1146 8.146808e-04 
1147 8.143934e-04 
1148 8.141061e-04 
1149 8.138189e-04 
1150 8.135318e-04 
1151 8.132449e-04 
1152 8.129580e-04 
1153 8.126712e-04 
1154 8.123846e-04 
1155 8.120981e-04 
1156 8.118116e-04 
1157 8.115253e-04 
1158 8.112391e-04 
1159 8.109530e-04 
1160 8.106671e-04 
1161 8.103812e-04 
1162 8.100954e-04 
1163 8.098098e-04 
1164 8.095242e-04 
1165 8.092388e-04 
1166 8.089535e-04 
1167 8.086683e-04 
1168 8.083832e-04 
1169 8.080982e-04 
1170 8.078133e-04 
1171 8.075286e-04 
1172 8.072439e-04 
1173 8.069593e-04 
1174 8.066749e-04 
1175 8.063906e-04 
1176 8.061064e-04 
1177 8.058222e-04 
1178 8.055382e-04 
1179 8.052544e-04 
1180 8.049706e-04 
1181 8.046869e-04 
1182 8.044033e-04 
1183 8.041199e-04 
1184 8.038365e-04 
1185 8.035533e-04 
1186 8.032702e-04 
1187 8.029871e-04 
1188 8.027042e-04 
1189 8.024214e-04 
1190 8.021387e-04 
1191 8.018562e-04 
1192 8.015737e-04 
1193 8.012913e-04 
1194 8.010091e-04 
1195 8.007269e-04 
1196 8.004449e-04 
1197 8.001630e-04 
1198 7.998811e-04 
1199 7.995994e-04 
1200 7.993178e-04 
1201 7.990363e-04 
1202 7.987549e-04 
1203 7.984737e-04 
1204 7.981925e-04 
1205 7.979114e-04 
1206 7.976305e-04 
1207 7.973496e-04 
1208 7.970689e-04 
1209 7.967883e-04 
1210 7.965077e-04 
1211 7.962273e-04 
1212 7.959470e-04 
1213 7.956668e-04 
1214 7.953867e-04 
1215 7.951067e-04 
1216 7.948269e-04 
1217 7.945471e-04 
1218 7.942675e-04 
1219 7.939879e-04 
1220 7.937085e-04 
1221 7.934291e-04 
1222 7.931499e-04 
1223 7.928708e-04 
1224 7.925918e-04 
1225 7.923129e-04 
1226 7.920341e-04 
1227 7.917554e-04 
1228 7.914768e-04 
1229 7.911983e-04 
1230 7.909200e-04 
1231 7.906417e-04 
1232 7.903635e-04 
1233 7.900855e-04 
1234 7.898076e-04 
1235 7.895297e-04 
1236 7.892520e-04 
1237 7.889744e-04 
1238 7.886969e-04 
1239 7.884195e-04 
1240 7.881422e-04 
1241 7.878650e-04 
1242 7.875879e-04 
1243 7.873109e-04 
1244 7.870340e-04 
1245 7.867573e-04 
1246 7.864806e-04 
1247 7.862041e-04 
1248 7.859276e-04 
1249 7.856513e-04 
1250 7.853751e-04 
1251 7.850989e-04 
1252 7.848229e-04 
1253 7.845470e-04 
1254 7.842712e-04 
1255 7.839955e-04 
1256 7.837199e-04 
1257 7.834444e-04 
1258 7.831690e-04 
1259 7.828937e-04 
1260 7.826186e-04 
1261 7.823435e-04 
1262 7.820686e-04 
1263 7.817937e-04 
1264 7.815190e-04 
1265 7.812443e-04 
1266 7.809698e-04 
1267 7.806954e-04 
1268 7.804210e-04 
1269 7.801468e-04 
1270 7.798727e-04 
1271 7.795987e-04 
1272 7.793248e-04 
1273 7.790510e-04 
1274 7.787773e-04 
1275 7.785037e-04 
1276 7.782302e-04 
1277 7.779569e-04 
1278 7.776836e-04 
1279 7.774104e-04 
1280 7.771374e-04 
1281 7.768644e-04 
1282 7.765916e-04 
1283 7.763188e-04 
1284 7.760462e-04 
1285 7.757737e-04 
1286 7.755012e-04 
1287 7.752289e-04 
1288 7.749567e-04 
1289 7.746846e-04 
1290 7.744126e-04 
1291 7.741407e-04 
1292 7.738689e-04 
1293 7.735972e-04 
1294 7.733256e-04 
1295 7.730541e-04 
1296 7.727827e-04 
1297 7.725114e-04 
1298 7.722402e-04 
1299 7.719692e-04 
1300 7.716982e-04 
1301 7.714274e-04 
1302 7.711566e-04 
1303 7.708859e-04 
1304 7.706154e-04 
1305 7.703450e-04 
1306 7.700746e-04 
1307 7.698044e-04 
1308 7.695342e-04 
1309 7.692642e-04 
1310 7.689943e-04 
1311 7.687245e-04 
1312 7.684548e-04 
1313 7.681851e-04 
1314 7.679156e-04 
1315 7.676462e-04 
1316 7.673769e-04 
1317 7.671077e-04 
1318 7.668386e-04 
1319 7.665697e-04 
1320 7.663008e-04 
1321 7.660320e-04 
1322 7.657633e-04 
1323 7.654947e-04 
1324 7.652263e-04 
1325 7.649579e-04 
1326 7.646896e-04 
1327 7.644215e-04 
1328 7.641534e-04 
1329 7.638854e-04 
1330 7.636176e-04 
1331 7.633498e-04 
1332 7.630822e-04 
1333 7.628146e-04 
1334 7.625472e-04 
1335 7.622799e-04 
1336 7.620126e-04 
1337 7.617455e-04 
1338 7.614785e-04 
1339 7.612115e-04 
1340 7.609447e-04 
1341 7.606780e-04 
1342 7.604114e-04 
1343 7.601448e-04 
1344 7.598784e-04 
1345 7.596121e-04 
1346 7.593459e-04 
1347 7.590798e-04 
1348 7.588138e-04 
1349 7.585479e-04 
1350 7.582821e-04 
1351 7.580164e-04 
1352 7.577508e-04 
1353 7.574853e-04 
1354 7.572199e-04 
1355 7.569546e-04 
1356 7.566894e-04 
1357 7.564243e-04 
1358 7.561594e-04 
1359 7.558945e-04 
1360 7.556297e-04 
1361 7.553650e-04 
1362 7.551004e-04 
1363 7.548360e-04 
1364 7.545716e-04 
1365 7.543073e-04 
1366 7.540432e-04 
1367 7.537791e-04 
1368 7.535151e-04 
1369 7.532513e-04 
1370 7.529875e-04 
1371 7.527238e-04 
1372 7.524603e-04 
1373 7.521968e-04 
1374 7.519335e-04 
1375 7.516702e-04 
1376 7.514070e-04 
1377 7.511440e-04 
1378 7.508810e-04 
1379 7.506182e-04 
1380 7.503554e-04 
1381 7.500928e-04 
1382 7.498302e-04 
1383 7.495678e-04 
1384 7.493054e-04 
1385 7.490432e-04 
1386 7.487810e-04 
1387 7.485190e-04 
1388 7.482571e-04 
1389 7.479952e-04 
1390 7.477335e-04 
1391 7.474718e-04 
1392 7.472103e-04 
1393 7.469489e-04 
1394 7.466875e-04 
1395 7.464263e-04 
1396 7.461651e-04 
1397 7.459041e-04 
1398 7.456432e-04 
1399 7.453823e-04 
1400 7.451216e-04 
1401 7.448609e-04 
1402 7.446004e-04 
1403 7.443400e-04 
1404 7.440796e-04 
1405 7.438194e-04 
1406 7.435593e-04 
1407 7.432992e-04 
1408 7.430393e-04 
1409 7.427794e-04 
1410 7.425197e-04 
1411 7.422601e-04 
1412 7.420005e-04 
1413 7.417411e-04 
1414 7.414818e-04 
1415 7.412225e-04 
1416 7.409634e-04 
1417 7.407043e-04 
1418 7.404454e-04 
1419 7.401866e-04 
1420 7.399278e-04 
1421 7.396692e-04 
1422 7.394106e-04 
1423 7.391522e-04 
1424 7.388939e-04 
1425 7.386356e-04 
1426 7.383775e-04 
1427 7.381194e-04 
1428 7.378615e-04 
1429 7.376036e-04 
1430 7.373459e-04 
1431 7.370882e-04 
1432 7.368307e-04 
1433 7.365732e-04 
1434 7.363159e-04 
1435 7.360586e-04 
1436 7.358015e-04 
1437 7.355444e-04 
1438 7.352875e-04 
1439 7.350306e-04 
1440 7.347738e-04 
1441 7.345172e-04 
1442 7.342606e-04 
1443 7.340042e-04 
1444 7.337478e-04 
1445 7.334915e-04 
1446 7.332354e-04 
1447 7.329793e-04 
1448 7.327233e-04 
1449 7.324674e-04 
1450 7.322117e-04 
1451 7.319560e-04 
1452 7.317004e-04 
1453 7.314449e-04 
1454 7.311896e-04 
1455 7.309343e-04 
1456 7.306791e-04 
1457 7.304240e-04 
1458 7.301690e-04 
1459 7.299141e-04 
1460 7.296593e-04 
1461 7.294046e-04 
1462 7.291500e-04 
1463 7.288955e-04 
1464 7.286411e-04 
1465 7.283868e-04 
1466 7.281326e-04 
1467 7.278785e-04 
1468 7.276245e-04 
1469 7.273706e-04 
1470 7.271168e-04 
1471 7.268631e-04 
1472 7.266094e-04 
1473 7.263559e-04 
1474 7.261025e-04 
1475 7.258492e-04 
1476 7.255959e-04 
1477 7.253428e-04 
1478 7.250897e-04 
1479 7.248368e-04 
1480 7.245840e-04 
1481 7.243312e-04 
1482 7.240786e-04 
1483 7.238260e-04 
1484 7.235736e-04 
1485 7.233212e-04 
1486 7.230689e-04 
1487 7.228168e-04 
1488 7.225647e-04 
1489 7.223127e-04 
1490 7.220609e-04 
1491 7.218091e-04 
1492 7.215574e-04 
1493 7.213058e-04 
1494 7.210543e-04 
1495 7.208030e-04 
1496 7.205517e-04 
1497 7.203005e-04 
1498 7.200494e-04 
1499 7.197984e-04 
1500 7.195475e-04 
1501 7.192966e-04 
1502 7.190459e-04 
1503 7.187953e-04 
1504 7.185448e-04 
1505 7.182944e-04 
1506 7.180440e-04 
1507 7.177938e-04 
1508 7.175437e-04 
1509 7.172936e-04 
1510 7.170437e-04 
1511 7.167938e-04 
1512 7.165441e-04 
1513 7.162944e-04 
1514 7.160448e-04 
1515 7.157954e-04 
1516 7.155460e-04 
1517 7.152967e-04 
1518 7.150476e-04 
1519 7.147985e-04 
1520 7.145495e-04 
1521 7.143006e-04 
1522 7.140518e-04 
1523 7.138031e-04 
1524 7.135545e-04 
1525 7.133060e-04 
1526 7.130576e-04 
1527 7.128092e-04 
1528 7.125610e-04 
1529 7.123129e-04 
1530 7.120649e-04 
1531 7.118169e-04 
1532 7.115691e-04 
1533 7.113213e-04 
1534 7.110737e-04 
1535 7.108261e-04 
1536 7.105787e-04 
1537 7.103313e-04 
1538 7.100840e-04 
1539 7.098368e-04 
1540 7.095898e-04 
1541 7.093428e-04 
1542 7.090959e-04 
1543 7.088491e-04 
1544 7.086024e-04 
1545 7.083558e-04 
1546 7.081092e-04 
1547 7.078628e-04 
1548 7.076165e-04 
1549 7.073703e-04 
1550 7.071241e-04 
1551 7.068781e-04 
1552 7.066321e-04 
1553 7.063863e-04 
1554 7.061405e-04 
1555 7.058949e-04 
1556 7.056493e-04 
1557 7.054038e-04 
1558 7.051584e-04 
1559 7.049132e-04 
1560 7.046680e-04 
1561 7.044229e-04 
1562 7.041779e-04 
1563 7.039329e-04 
1564 7.036881e-04 
1565 7.034434e-04 
1566 7.031988e-04 
1567 7.029542e-04 
1568 7.027098e-04 
1569 7.024654e-04 
1570 7.022212e-04 
1571 7.019770e-04 
1572 7.017330e-04 
1573 7.014890e-04 
1574 7.012451e-04 
1575 7.010013e-04 
1576 7.007576e-04 
1577 7.005140e-04 
1578 7.002705e-04 
1579 7.000271e-04 
1580 6.997838e-04 
1581 6.995406e-04 
1582 6.992974e-04 
1583 6.990544e-04 
1584 6.988115e-04 
1585 6.985686e-04 
1586 6.983258e-04 
1587 6.980832e-04 
1588 6.978406e-04 
1589 6.975981e-04 
1590 6.973557e-04 
1591 6.971134e-04 
1592 6.968712e-04 
1593 6.966291e-04 
1594 6.963871e-04 
1595 6.961452e-04 
1596 6.959034e-04 
1597 6.956616e-04 
1598 6.954200e-04 
1599 6.951784e-04 
1600 6.949370e-04 
1601 6.946956e-04 
1602 6.944543e-04 
1603 6.942132e-04 
1604 6.939721e-04 
1605 6.937311e-04 
1606 6.934902e-04 
1607 6.932494e-04 
1608 6.930086e-04 
1609 6.927680e-04 
1610 6.925275e-04 
1611 6.922870e-04 
1612 6.920467e-04 
1613 6.918064e-04 
1614 6.915663e-04 
1615 6.913262e-04 
1616 6.910862e-04 
1617 6.908463e-04 
1618 6.906065e-04 
1619 6.903668e-04 
1620 6.901272e-04 
1621 6.898877e-04 
1622 6.896483e-04 
1623 6.894089e-04 
1624 6.891697e-04 
1625 6.889305e-04 
1626 6.886915e-04 
1627 6.884525e-04 
1628 6.882136e-04 
1629 6.879748e-04 
1630 6.877361e-04 
1631 6.874975e-04 
1632 6.872590e-04 
1633 6.870206e-04 
1634 6.867823e-04 
1635 6.865440e-04 
1636 6.863059e-04 
1637 6.860678e-04 
1638 6.858299e-04 
1639 6.855920e-04 
1640 6.853542e-04 
1641 6.851165e-04 
1642 6.848789e-04 
1643 6.846414e-04 
1644 6.844040e-04 
1645 6.841667e-04 
1646 6.839294e-04 
1647 6.836923e-04 
1648 6.834552e-04 
1649 6.832183e-04 
1650 6.829814e-04 
1651 6.827446e-04 
1652 6.825079e-04 
1653 6.822713e-04 
1654 6.820348e-04 
1655 6.817984e-04 
1656 6.815621e-04 
1657 6.813258e-04 
1658 6.810897e-04 
1659 6.808536e-04 
1660 6.806177e-04 
1661 6.803818e-04 
1662 6.801460e-04 
1663 6.799103e-04 
1664 6.796747e-04 
1665 6.794392e-04 
1666 6.792038e-04 
1667 6.789684e-04 
1668 6.787332e-04 
1669 6.784980e-04 
1670 6.782630e-04 
1671 6.780280e-04 
1672 6.777931e-04 
1673 6.775583e-04 
1674 6.773236e-04 
1675 6.770890e-04 
1676 6.768545e-04 
1677 6.766201e-04 
1678 6.763857e-04 
1679 6.761515e-04 
1680 6.759173e-04 
1681 6.756832e-04 
1682 6.754492e-04 
1683 6.752154e-04 
1684 6.749815e-04 
1685 6.747478e-04 
1686 6.745142e-04 
1687 6.742807e-04 
1688 6.740472e-04 
1689 6.738139e-04 
1690 6.735806e-04 
1691 6.733474e-04 
1692 6.731143e-04 
1693 6.728813e-04 
1694 6.726484e-04 
1695 6.724156e-04 
1696 6.721829e-04 
1697 6.719502e-04 
1698 6.717177e-04 
1699 6.714852e-04 
1700 6.712528e-04 
1701 6.710206e-04 
1702 6.707884e-04 
1703 6.705562e-04 
1704 6.703242e-04 
1705 6.700923e-04 
1706 6.698605e-04 
1707 6.696287e-04 
1708 6.693970e-04 
1709 6.691655e-04 
1710 6.689340e-04 
1711 6.687026e-04 
1712 6.684713e-04 
1713 6.682401e-04 
1714 6.680089e-04 
1715 6.677779e-04 
1716 6.675469e-04 
1717 6.673161e-04 
1718 6.670853e-04 
1719 6.668546e-04 
1720 6.666240e-04 
1721 6.663935e-04 
1722 6.661631e-04 
1723 6.659327e-04 
1724 6.657025e-04 
1725 6.654723e-04 
1726 6.652422e-04 
1727 6.650123e-04 
1728 6.647824e-04 
1729 6.645526e-04 
1730 6.643228e-04 
1731 6.640932e-04 
1732 6.638637e-04 
1733 6.636342e-04 
1734 6.634048e-04 
1735 6.631756e-04 
1736 6.629464e-04 
1737 6.627173e-04 
1738 6.624882e-04 
1739 6.622593e-04 
1740 6.620305e-04 
1741 6.618017e-04 
1742 6.615731e-04 
1743 6.613445e-04 
1744 6.611160e-04 
1745 6.608876e-04 
1746 6.606593e-04 
1747 6.604310e-04 
1748 6.602029e-04 
1749 6.599748e-04 
1750 6.597469e-04 
1751 6.595190e-04 
1752 6.592912e-04 
1753 6.590635e-04 
1754 6.588359e-04 
1755 6.586084e-04 
1756 6.583809e-04 
1757 6.581536e-04 
1758 6.579263e-04 
1759 6.576991e-04 
1760 6.574720e-04 
1761 6.572450e-04 
1762 6.570181e-04 
1763 6.567913e-04 
1764 6.565645e-04 
1765 6.563378e-04 
1766 6.561113e-04 
1767 6.558848e-04 
1768 6.556584e-04 
1769 6.554321e-04 
1770 6.552058e-04 
1771 6.549797e-04 
1772 6.547537e-04 
1773 6.545277e-04 
1774 6.543018e-04 
1775 6.540760e-04 
1776 6.538503e-04 
1777 6.536247e-04 
1778 6.533991e-04 
1779 6.531737e-04 
1780 6.529483e-04 
1781 6.527231e-04 
1782 6.524979e-04 
1783 6.522728e-04 
1784 6.520478e-04 
1785 6.518228e-04 
1786 6.515980e-04 
1787 6.513732e-04 
1788 6.511485e-04 
1789 6.509240e-04 
1790 6.506995e-04 
1791 6.504750e-04 
1792 6.502507e-04 
1793 6.500265e-04 
1794 6.498023e-04 
1795 6.495782e-04 
1796 6.493543e-04 
1797 6.491304e-04 
1798 6.489065e-04 
1799 6.486828e-04 
1800 6.484592e-04 
1801 6.482356e-04 
1802 6.480121e-04 
1803 6.477888e-04 
1804 6.475655e-04 
1805 6.473422e-04 
1806 6.471191e-04 
1807 6.468961e-04 
1808 6.466731e-04 
1809 6.464502e-04 
1810 6.462274e-04 
1811 6.460047e-04 
1812 6.457821e-04 
1813 6.455596e-04 
1814 6.453371e-04 
1815 6.451148e-04 
1816 6.448925e-04 
1817 6.446703e-04 
1818 6.444482e-04 
1819 6.442262e-04 
1820 6.440042e-04 
1821 6.437824e-04 
1822 6.435606e-04 
1823 6.433389e-04 
1824 6.431173e-04 
1825 6.428958e-04 
1826 6.426744e-04 
1827 6.424530e-04 
1828 6.422318e-04 
1829 6.420106e-04 
1830 6.417895e-04 
1831 6.415685e-04 
1832 6.413476e-04 
1833 6.411268e-04 
1834 6.409060e-04 
1835 6.406853e-04 
1836 6.404648e-04 
1837 6.402443e-04 
1838 6.400238e-04 
1839 6.398035e-04 
1840 6.395833e-04 
1841 6.393631e-04 
1842 6.391430e-04 
1843 6.389230e-04 
1844 6.387031e-04 
1845 6.384833e-04 
1846 6.382636e-04 
1847 6.380439e-04 
1848 6.378243e-04 
1849 6.376048e-04 
1850 6.373854e-04 
1851 6.371661e-04 
1852 6.369469e-04 
1853 6.367277e-04 
1854 6.365087e-04 
1855 6.362897e-04 
1856 6.360708e-04 
1857 6.358520e-04 
1858 6.356332e-04 
1859 6.354146e-04 
1860 6.351960e-04 
1861 6.349775e-04 
1862 6.347591e-04 
1863 6.345408e-04 
1864 6.343226e-04 
1865 6.341044e-04 
1866 6.338864e-04 
1867 6.336684e-04 
1868 6.334505e-04 
1869 6.332327e-04 
1870 6.330149e-04 
1871 6.327973e-04 
1872 6.325797e-04 
1873 6.323622e-04 
1874 6.321448e-04 
1875 6.319275e-04 
1876 6.317103e-04 
1877 6.314931e-04 
1878 6.312761e-04 
1879 6.310591e-04 
1880 6.308422e-04 
1881 6.306254e-04 
1882 6.304086e-04 
1883 6.301920e-04 
1884 6.299754e-04 
1885 6.297589e-04 
1886 6.295425e-04 
1887 6.293262e-04 
1888 6.291100e-04 
1889 6.288938e-04 
1890 6.286777e-04 
1891 6.284617e-04 
1892 6.282458e-04 
1893 6.280300e-04 
1894 6.278143e-04 
1895 6.275986e-04 
1896 6.273830e-04 
1897 6.271675e-04 
1898 6.269521e-04 
1899 6.267368e-04 
1900 6.265215e-04 
1901 6.263064e-04 
1902 6.260913e-04 
1903 6.258763e-04 
1904 6.256614e-04 
1905 6.254465e-04 
1906 6.252318e-04 
1907 6.250171e-04 
1908 6.248025e-04 
1909 6.245880e-04 
1910 6.243736e-04 
1911 6.241592e-04 
1912 6.239450e-04 
1913 6.237308e-04 
1914 6.235167e-04 
1915 6.233027e-04 
1916 6.230887e-04 
1917 6.228749e-04 
1918 6.226611e-04 
1919 6.224474e-04 
1920 6.222338e-04 
1921 6.220203e-04 
1922 6.218068e-04 
1923 6.215935e-04 
1924 6.213802e-04 
1925 6.211670e-04 
1926 6.209538e-04 
1927 6.207408e-04 
1928 6.205279e-04 
1929 6.203150e-04 
1930 6.201022e-04 
1931 6.198895e-04 
1932 6.196768e-04 
1933 6.194643e-04 
1934 6.192518e-04 
1935 6.190394e-04 
1936 6.188271e-04 
1937 6.186149e-04 
1938 6.184028e-04 
1939 6.181907e-04 
1940 6.179787e-04 
1941 6.177668e-04 
1942 6.175550e-04 
1943 6.173432e-04 
1944 6.171316e-04 
1945 6.169200e-04 
1946 6.167085e-04 
1947 6.164971e-04 
1948 6.162858e-04 
1949 6.160745e-04 
1950 6.158633e-04 
1951 6.156522e-04 
1952 6.154412e-04 
1953 6.152303e-04 
1954 6.150194e-04 
1955 6.148087e-04 
1956 6.145980e-04 
1957 6.143874e-04 
1958 6.141768e-04 
1959 6.139664e-04 
1960 6.137560e-04 
1961 6.135457e-04 
1962 6.133355e-04 
1963 6.131254e-04 
1964 6.129154e-04 
1965 6.127054e-04 
1966 6.124955e-04 
1967 6.122857e-04 
1968 6.120760e-04 
1969 6.118663e-04 
1970 6.116568e-04 
1971 6.114473e-04 
1972 6.112379e-04 
1973 6.110285e-04 
1974 6.108193e-04 
1975 6.106101e-04 
1976 6.104010e-04 
1977 6.101920e-04 
1978 6.099831e-04 
1979 6.097743e-04 
1980 6.095655e-04 
1981 6.093568e-04 
1982 6.091482e-04 
1983 6.089397e-04 
1984 6.087312e-04 
1985 6.085228e-04 
1986 6.083146e-04 
1987 6.081063e-04 
1988 6.078982e-04 
1989 6.076902e-04 
1990 6.074822e-04 
1991 6.072743e-04 
1992 6.070665e-04 
1993 6.068588e-04 
1994 6.066511e-04 
1995 6.064435e-04 
1996 6.062360e-04 
1997 6.060286e-04 
1998 6.058213e-04 
1999 6.056140e-04 
2000 6.054068e-04 
2001 6.051997e-04 
2002 6.049927e-04 
2003 6.047858e-04 
2004 6.045789e-04 
2005 6.043721e-04 
2006 6.041654e-04 
2007 6.039588e-04 
2008 6.037523e-04 
2009 6.035458e-04 
2010 6.033394e-04 
2011 6.031331e-04 
2012 6.029269e-04 
2013 6.027207e-04 
2014 6.025146e-04 
2015 6.023086e-04 
2016 6.021027e-04 
2017 6.018969e-04 
2018 6.016911e-04 
2019 6.014854e-04 
2020 6.012798e-04 
2021 6.010743e-04 
2022 6.008689e-04 
2023 6.006635e-04 
2024 6.004582e-04 
2025 6.002530e-04 
2026 6.000479e-04 
2027 5.998428e-04 
2028 5.996378e-04 
2029 5.994329e-04 
2030 5.992281e-04 
2031 5.990234e-04 
2032 5.988187e-04 
2033 5.986141e-04 
2034 5.984096e-04 
2035 5.982052e-04 
2036 5.980008e-04 
2037 5.977966e-04 
2038 5.975924e-04 
2039 5.973883e-04 
2040 5.971842e-04 
2041 5.969803e-04 
2042 5.967764e-04 
2043 5.965726e-04 
2044 5.963688e-04 
2045 5.961652e-04 
2046 5.959616e-04 
2047 5.957581e-04 
2048 5.955547e-04 
2049 5.953514e-04 
2050 5.951481e-04 
2051 5.949449e-04 
2052 5.947418e-04 
2053 5.945388e-04 
2054 5.943358e-04 
2055 5.941330e-04 
2056 5.939302e-04 
2057 5.937275e-04 
2058 5.935248e-04 
2059 5.933222e-04 
2060 5.931198e-04 
2061 5.929174e-04 
2062 5.927150e-04 
2063 5.925128e-04 
2064 5.923106e-04 
2065 5.921085e-04 
2066 5.919065e-04 
2067 5.917045e-04 
2068 5.915026e-04 
2069 5.913009e-04 
2070 5.910991e-04 
2071 5.908975e-04 
2072 5.906959e-04 
2073 5.904945e-04 
2074 5.902930e-04 
2075 5.900917e-04 
2076 5.898905e-04 
2077 5.896893e-04 
2078 5.894882e-04 
2079 5.892872e-04 
2080 5.890862e-04 
2081 5.888853e-04 
2082 5.886845e-04 
2083 5.884838e-04 
2084 5.882832e-04 
2085 5.880826e-04 
2086 5.878821e-04 
2087 5.876817e-04 
2088 5.874814e-04 
2089 5.872811e-04 
2090 5.870809e-04 
2091 5.868808e-04 
2092 5.866808e-04 
2093 5.864808e-04 
2094 5.862810e-04 
2095 5.860812e-04 
2096 5.858814e-04 
2097 5.856818e-04 
2098 5.854822e-04 
2099 5.852827e-04 
2100 5.850833e-04 
2101 5.848840e-04 
2102 5.846847e-04 
2103 5.844855e-04 
2104 5.842864e-04 
2105 5.840873e-04 
2106 5.838884e-04 
2107 5.836895e-04 
2108 5.834907e-04 
2109 5.832919e-04 
2110 5.830933e-04 
2111 5.828947e-04 
2112 5.826962e-04 
2113 5.824978e-04 
2114 5.822994e-04 
2115 5.821011e-04 
2116 5.819029e-04 
2117 5.817048e-04 
2118 5.815067e-04 
2119 5.813087e-04 
2120 5.811108e-04 
2121 5.809130e-04 
2122 5.807153e-04 
2123 5.805176e-04 
2124 5.803200e-04 
2125 5.801224e-04 
2126 5.799250e-04 
2127 5.797276e-04 
2128 5.795303e-04 
2129 5.793331e-04 
2130 5.791359e-04 
2131 5.789389e-04 
2132 5.787419e-04 
2133 5.785449e-04 
2134 5.783481e-04 
2135 5.781513e-04 
2136 5.779546e-04 
2137 5.777580e-04 
2138 5.775614e-04 
2139 5.773649e-04 
2140 5.771685e-04 
2141 5.769722e-04 
2142 5.767760e-04 
2143 5.765798e-04 
2144 5.763837e-04 
2145 5.761877e-04 
2146 5.759917e-04 
2147 5.757958e-04 
2148 5.756000e-04 
2149 5.754043e-04 
2150 5.752086e-04 
2151 5.750131e-04 
2152 5.748176e-04 
2153 5.746221e-04 
2154 5.744268e-04 
2155 5.742315e-04 
2156 5.740363e-04 
2157 5.738411e-04 
2158 5.736461e-04 
2159 5.734511e-04 
2160 5.732562e-04 
2161 5.730614e-04 
2162 5.728666e-04 
2163 5.726719e-04 
2164 5.724773e-04 
2165 5.722828e-04 
2166 5.720883e-04 
2167 5.718939e-04 
2168 5.716996e-04 
2169 5.715053e-04 
2170 5.713112e-04 
2171 5.711171e-04 
2172 5.709231e-04 
2173 5.707291e-04 
2174 5.705352e-04 
2175 5.703414e-04 
2176 5.701477e-04 
2177 5.699541e-04 
2178 5.697605e-04 
2179 5.695670e-04 
2180 5.693736e-04 
2181 5.691802e-04 
2182 5.689869e-04 
2183 5.687937e-04 
2184 5.686006e-04 
2185 5.684075e-04 
2186 5.682145e-04 
2187 5.680216e-04 
2188 5.678288e-04 
2189 5.676360e-04 
2190 5.674433e-04 
2191 5.672507e-04 
2192 5.670581e-04 
2193 5.668657e-04 
2194 5.666733e-04 
2195 5.664809e-04 
2196 5.662887e-04 
2197 5.660965e-04 
2198 5.659044e-04 
2199 5.657124e-04 
2200 5.655204e-04 
2201 5.653285e-04 
2202 5.651367e-04 
2203 5.649450e-04 
2204 5.647533e-04 
2205 5.645617e-04 
2206 5.643702e-04 
2207 5.641787e-04 
2208 5.639873e-04 
2209 5.637960e-04 
2210 5.636048e-04 
2211 5.634137e-04 
2212 5.632226e-04 
2213 5.630316e-04 
2214 5.628406e-04 
2215 5.626497e-04 
2216 5.624590e-04 
2217 5.622682e-04 
2218 5.620776e-04 
2219 5.618870e-04 
2220 5.616965e-04 
2221 5.615061e-04 
2222 5.613157e-04 
2223 5.611254e-04 
2224 5.609352e-04 
2225 5.607451e-04 
2226 5.605550e-04 
2227 5.603650e-04 
2228 5.601751e-04 
2229 5.599852e-04 
2230 5.597954e-04 
2231 5.596057e-04 
2232 5.594161e-04 
2233 5.592265e-04 
2234 5.590370e-04 
2235 5.588476e-04 
2236 5.586583e-04 
2237 5.584690e-04 
2238 5.582798e-04 
2239 5.580907e-04 
2240 5.579016e-04 
2241 5.577126e-04 
2242 5.575237e-04 
2243 5.573349e-04 
2244 5.571461e-04 
2245 5.569574e-04 
2246 5.567688e-04 
2247 5.565802e-04 
2248 5.563917e-04 
2249 5.562033e-04 
2250 5.560150e-04 
2251 5.558267e-04 
2252 5.556385e-04 
2253 5.554504e-04 
2254 5.552623e-04 
2255 5.550744e-04 
2256 5.548864e-04 
2257 5.546986e-04 
2258 5.545108e-04 
2259 5.543231e-04 
2260 5.541355e-04 
2261 5.539480e-04 
2262 5.537605e-04 
2263 5.535731e-04 
2264 5.533857e-04 
2265 5.531985e-04 
2266 5.530113e-04 
2267 5.528241e-04 
2268 5.526371e-04 
2269 5.524501e-04 
2270 5.522632e-04 
2271 5.520764e-04 
2272 5.518896e-04 
2273 5.517029e-04 
2274 5.515163e-04 
2275 5.513297e-04 
2276 5.511432e-04 
2277 5.509568e-04 
2278 5.507705e-04 
2279 5.505842e-04 
2280 5.503980e-04 
2281 5.502119e-04 
2282 5.500258e-04 
2283 5.498398e-04 
2284 5.496539e-04 
2285 5.494680e-04 
2286 5.492823e-04 
2287 5.490966e-04 
2288 5.489109e-04 
2289 5.487254e-04 
2290 5.485399e-04 
2291 5.483544e-04 
2292 5.481691e-04 
2293 5.479838e-04 
2294 5.477986e-04 
2295 5.476135e-04 
2296 5.474284e-04 
2297 5.472434e-04 
2298 5.470585e-04 
2299 5.468736e-04 
2300 5.466888e-04 
2301 5.465041e-04 
2302 5.463194e-04 
2303 5.461349e-04 
2304 5.459503e-04 
2305 5.457659e-04 
2306 5.455815e-04 
2307 5.453972e-04 
2308 5.452130e-04 
2309 5.450289e-04 
2310 5.448448e-04 
2311 5.446607e-04 
2312 5.444768e-04 
2313 5.442929e-04 
2314 5.441091e-04 
2315 5.439254e-04 
2316 5.437417e-04 
2317 5.435581e-04 
2318 5.433746e-04 
2319 5.431911e-04 
2320 5.430077e-04 
2321 5.428244e-04 
2322 5.426412e-04 
2323 5.424580e-04 
2324 5.422749e-04 
2325 5.420918e-04 
2326 5.419089e-04 
2327 5.417260e-04 
2328 5.415431e-04 
2329 5.413604e-04 
2330 5.411777e-04 
2331 5.409951e-04 
2332 5.408125e-04 
2333 5.406300e-04 
2334 5.404476e-04 
2335 5.402653e-04 
2336 5.400830e-04 
2337 5.399008e-04 
2338 5.397186e-04 
2339 5.395366e-04 
2340 5.393546e-04 
2341 5.391726e-04 
2342 5.389908e-04 
2343 5.388090e-04 
2344 5.386273e-04 
2345 5.384456e-04 
2346 5.382640e-04 
2347 5.380825e-04 
2348 5.379011e-04 
2349 5.377197e-04 
2350 5.375384e-04 
2351 5.373571e-04 
2352 5.371760e-04 
2353 5.369949e-04 
2354 5.368138e-04 
2355 5.366329e-04 
2356 5.364520e-04 
2357 5.362712e-04 
2358 5.360904e-04 
2359 5.359097e-04 
2360 5.357291e-04 
2361 5.355485e-04 
2362 5.353681e-04 
2363 5.351876e-04 
2364 5.350073e-04 
2365 5.348270e-04 
2366 5.346468e-04 
2367 5.344667e-04 
2368 5.342866e-04 
2369 5.341066e-04 
2370 5.339267e-04 
2371 5.337468e-04 
2372 5.335670e-04 
2373 5.333873e-04 
2374 5.332076e-04 
2375 5.330280e-04 
2376 5.328485e-04 
2377 5.326690e-04 
2378 5.324896e-04 
2379 5.323103e-04 
2380 5.321311e-04 
2381 5.319519e-04 
2382 5.317728e-04 
2383 5.315937e-04 
2384 5.314147e-04 
2385 5.312358e-04 
2386 5.310570e-04 
2387 5.308782e-04 
2388 5.306995e-04 
2389 5.305209e-04 
2390 5.303423e-04 
2391 5.301638e-04 
2392 5.299854e-04 
2393 5.298070e-04 
2394 5.296287e-04 
2395 5.294504e-04 
2396 5.292723e-04 
2397 5.290942e-04 
2398 5.289162e-04 
2399 5.287382e-04 
2400 5.285603e-04 
2401 5.283825e-04 
2402 5.282047e-04 
2403 5.280270e-04 
2404 5.278494e-04 
2405 5.276718e-04 
2406 5.274944e-04 
2407 5.273169e-04 
2408 5.271396e-04 
2409 5.269623e-04 
2410 5.267851e-04 
2411 5.266079e-04 
2412 5.264308e-04 
2413 5.262538e-04 
2414 5.260769e-04 
2415 5.259000e-04 
2416 5.257232e-04 
2417 5.255464e-04 
2418 5.253697e-04 
2419 5.251931e-04 
2420 5.250166e-04 
2421 5.248401e-04 
2422 5.246637e-04 
2423 5.244873e-04 
2424 5.243111e-04 
2425 5.241348e-04 
2426 5.239587e-04 
2427 5.237826e-04 
2428 5.236066e-04 
2429 5.234307e-04 
2430 5.232548e-04 
2431 5.230790e-04 
2432 5.229032e-04 
2433 5.227275e-04 
2434 5.225519e-04 
2435 5.223764e-04 
2436 5.222009e-04 
2437 5.220255e-04 
2438 5.218502e-04 
2439 5.216749e-04 
2440 5.214997e-04 
2441 5.213245e-04 
2442 5.211494e-04 
2443 5.209744e-04 
2444 5.207995e-04 
2445 5.206246e-04 
2446 5.204498e-04 
2447 5.202751e-04 
2448 5.201004e-04 
2449 5.199258e-04 
2450 5.197512e-04 
2451 5.195767e-04 
2452 5.194023e-04 
2453 5.192280e-04 
2454 5.190537e-04 
2455 5.188795e-04 
2456 5.187053e-04 
2457 5.185312e-04 
2458 5.183572e-04 
2459 5.181833e-04 
2460 5.180094e-04 
2461 5.178356e-04 
2462 5.176618e-04 
2463 5.174881e-04 
2464 5.173145e-04 
2465 5.171409e-04 
2466 5.169675e-04 
2467 5.167940e-04 
2468 5.166207e-04 
2469 5.164474e-04 
2470 5.162742e-04 
2471 5.161010e-04 
2472 5.159279e-04 
2473 5.157549e-04 
2474 5.155819e-04 
2475 5.154090e-04 
2476 5.152362e-04 
2477 5.150634e-04 
2478 5.148907e-04 
2479 5.147181e-04 
2480 5.145455e-04 
2481 5.143730e-04 
2482 5.142006e-04 
2483 5.140282e-04 
2484 5.138559e-04 
2485 5.136836e-04 
2486 5.135115e-04 
2487 5.133393e-04 
2488 5.131673e-04 
2489 5.129953e-04 
2490 5.128234e-04 
2491 5.126516e-04 
2492 5.124798e-04 
2493 5.123080e-04 
2494 5.121364e-04 
2495 5.119648e-04 
2496 5.117933e-04 
2497 5.116218e-04 
2498 5.114504e-04 
2499 5.112791e-04 
2500 5.111078e-04 
2501 5.109366e-04 
2502 5.107655e-04 
2503 5.105944e-04 
2504 5.104234e-04 
2505 5.102525e-04 
2506 5.100816e-04 
2507 5.099108e-04 
2508 5.097400e-04 
2509 5.095694e-04 
2510 5.093988e-04 
2511 5.092282e-04 
2512 5.090577e-04 
2513 5.088873e-04 
2514 5.087169e-04 
2515 5.085466e-04 
2516 5.083764e-04 
2517 5.082063e-04 
2518 5.080362e-04 
2519 5.078661e-04 
2520 5.076962e-04 
2521 5.075262e-04 
2522 5.073564e-04 
2523 5.071866e-04 
2524 5.070169e-04 
2525 5.068473e-04 
2526 5.066777e-04 
2527 5.065082e-04 
2528 5.063387e-04 
2529 5.061693e-04 
2530 5.060000e-04 
2531 5.058307e-04 
2532 5.056615e-04 
2533 5.054924e-04 
2534 5.053233e-04 
2535 5.051543e-04 
2536 5.049854e-04 
2537 5.048165e-04 
2538 5.046477e-04 
2539 5.044790e-04 
2540 5.043103e-04 
2541 5.041416e-04 
2542 5.039731e-04 
2543 5.038046e-04 
2544 5.036362e-04 
2545 5.034678e-04 
2546 5.032995e-04 
2547 5.031313e-04 
2548 5.029631e-04 
2549 5.027950e-04 
2550 5.026269e-04 
2551 5.024590e-04 
2552 5.022910e-04 
2553 5.021232e-04 
2554 5.019554e-04 
2555 5.017877e-04 
2556 5.016200e-04 
2557 5.014524e-04 
2558 5.012849e-04 
2559 5.011174e-04 
2560 5.009500e-04 
2561 5.007826e-04 
2562 5.006153e-04 
2563 5.004481e-04 
2564 5.002810e-04 
2565 5.001139e-04 
2566 4.999468e-04 
2567 4.997799e-04 
2568 4.996130e-04 
2569 4.994461e-04 
2570 4.992794e-04 
2571 4.991126e-04 
2572 4.989460e-04 
2573 4.987794e-04 
2574 4.986129e-04 
2575 4.984464e-04 
2576 4.982800e-04 
2577 4.981137e-04 
2578 4.979474e-04 
2579 4.977812e-04 
2580 4.976151e-04 
2581 4.974490e-04 
2582 4.972830e-04 
2583 4.971170e-04 
2584 4.969511e-04 
2585 4.967853e-04 
2586 4.966195e-04 
2587 4.964538e-04 
2588 4.962882e-04 
2589 4.961226e-04 
2590 4.959571e-04 
2591 4.957916e-04 
2592 4.956262e-04 
2593 4.954609e-04 
2594 4.952956e-04 
2595 4.951304e-04 
2596 4.949653e-04 
2597 4.948002e-04 
2598 4.946352e-04 
2599 4.944703e-04 
2600 4.943054e-04 
2601 4.941405e-04 
2602 4.939758e-04 
2603 4.938111e-04 
2604 4.936464e-04 
2605 4.934819e-04 
2606 4.933173e-04 
2607 4.931529e-04 
2608 4.929885e-04 
2609 4.928242e-04 
2610 4.926599e-04 
2611 4.924957e-04 
2612 4.923316e-04 
2613 4.921675e-04 
2614 4.920035e-04 
2615 4.918395e-04 
2616 4.916756e-04 
2617 4.915118e-04 
2618 4.913480e-04 
2619 4.911843e-04 
2620 4.910207e-04 
2621 4.908571e-04 
2622 4.906936e-04 
2623 4.905301e-04 
2624 4.903667e-04 
2625 4.902034e-04 
2626 4.900401e-04 
2627 4.898769e-04 
2628 4.897137e-04 
2629 4.895506e-04 
2630 4.893876e-04 
2631 4.892247e-04 
2632 4.890617e-04 
2633 4.888989e-04 
2634 4.887361e-04 
2635 4.885734e-04 
2636 4.884108e-04 
2637 4.882482e-04 
2638 4.880856e-04 
2639 4.879232e-04 
2640 4.877608e-04 
2641 4.875984e-04 
2642 4.874361e-04 
2643 4.872739e-04 
2644 4.871117e-04 
2645 4.869496e-04 
2646 4.867876e-04 
2647 4.866256e-04 
2648 4.864637e-04 
2649 4.863018e-04 
2650 4.861400e-04 
2651 4.859783e-04 
2652 4.858166e-04 
2653 4.856550e-04 
2654 4.854935e-04 
2655 4.853320e-04 
2656 4.851706e-04 
2657 4.850092e-04 
2658 4.848479e-04 
2659 4.846866e-04 
2660 4.845255e-04 
2661 4.843643e-04 
2662 4.842033e-04 
2663 4.840423e-04 
2664 4.838813e-04 
2665 4.837204e-04 
2666 4.835596e-04 
2667 4.833989e-04 
2668 4.832382e-04 
2669 4.830775e-04 
2670 4.829170e-04 
2671 4.827565e-04 
2672 4.825960e-04 
2673 4.824356e-04 
2674 4.822753e-04 
2675 4.821150e-04 
2676 4.819548e-04 
2677 4.817947e-04 
2678 4.816346e-04 
2679 4.814745e-04 
2680 4.813146e-04 
2681 4.811547e-04 
2682 4.809948e-04 
2683 4.808350e-04 
2684 4.806753e-04 
2685 4.805156e-04 
2686 4.803560e-04 
2687 4.801965e-04 
2688 4.800370e-04 
2689 4.798776e-04 
2690 4.797182e-04 
2691 4.795589e-04 
2692 4.793997e-04 
2693 4.792405e-04 
2694 4.790814e-04 
2695 4.789223e-04 
2696 4.787633e-04 
2697 4.786044e-04 
2698 4.784455e-04 
2699 4.782867e-04 
2700 4.781279e-04 
2701 4.779692e-04 
2702 4.778106e-04 
2703 4.776520e-04 
2704 4.774935e-04 
2705 4.773350e-04 
2706 4.771766e-04 
2707 4.770183e-04 
2708 4.768600e-04 
2709 4.767018e-04 
2710 4.765436e-04 
2711 4.763855e-04 
2712 4.762275e-04 
2713 4.760695e-04 
2714 4.759116e-04 
2715 4.757537e-04 
2716 4.755959e-04 
2717 4.754382e-04 
2718 4.752805e-04 
2719 4.751229e-04 
2720 4.749653e-04 
2721 4.748078e-04 
2722 4.746503e-04 
2723 4.744930e-04 
2724 4.743356e-04 
2725 4.741784e-04 
2726 4.740212e-04 
2727 4.738640e-04 
2728 4.737069e-04 
2729 4.735499e-04 
2730 4.733929e-04 
2731 4.732360e-04 
2732 4.730792e-04 
2733 4.729224e-04 
2734 4.727657e-04 
2735 4.726090e-04 
2736 4.724524e-04 
2737 4.722958e-04 
2738 4.721393e-04 
2739 4.719829e-04 
2740 4.718265e-04 
2741 4.716702e-04 
2742 4.715139e-04 
2743 4.713577e-04 
2744 4.712016e-04 
2745 4.710455e-04 
2746 4.708895e-04 
2747 4.707335e-04 
2748 4.705776e-04 
2749 4.704218e-04 
2750 4.702660e-04 
2751 4.701103e-04 
2752 4.699546e-04 
2753 4.697990e-04 
2754 4.696435e-04 
2755 4.694880e-04 
2756 4.693325e-04 
2757 4.691772e-04 
2758 4.690219e-04 
2759 4.688666e-04 
2760 4.687114e-04 
2761 4.685563e-04 
2762 4.684012e-04 
2763 4.682462e-04 
2764 4.680912e-04 
2765 4.679363e-04 
2766 4.677815e-04 
2767 4.676267e-04 
2768 4.674719e-04 
2769 4.673173e-04 
2770 4.671627e-04 
2771 4.670081e-04 
2772 4.668536e-04 
2773 4.666992e-04 
2774 4.665448e-04 
2775 4.663905e-04 
2776 4.662362e-04 
2777 4.660820e-04 
2778 4.659279e-04 
2779 4.657738e-04 
2780 4.656198e-04 
2781 4.654658e-04 
2782 4.653119e-04 
2783 4.651580e-04 
2784 4.650043e-04 
2785 4.648505e-04 
2786 4.646968e-04 
2787 4.645432e-04 
2788 4.643897e-04 
2789 4.642362e-04 
2790 4.640827e-04 
2791 4.639293e-04 
2792 4.637760e-04 
2793 4.636227e-04 
2794 4.634695e-04 
2795 4.633164e-04 
2796 4.631633e-04 
2797 4.630102e-04 
2798 4.628572e-04 
2799 4.627043e-04 
2800 4.625514e-04 
2801 4.623986e-04 
2802 4.622459e-04 
2803 4.620932e-04 
2804 4.619406e-04 
2805 4.617880e-04 
2806 4.616355e-04 
2807 4.614830e-04 
2808 4.613306e-04 
2809 4.611782e-04 
2810 4.610260e-04 
2811 4.608737e-04 
2812 4.607215e-04 
2813 4.605694e-04 
2814 4.604174e-04 
2815 4.602654e-04 
2816 4.601134e-04 
2817 4.599615e-04 
2818 4.598097e-04 
2819 4.596579e-04 
2820 4.595062e-04 
2821 4.593546e-04 
2822 4.592030e-04 
2823 4.590514e-04 
2824 4.588999e-04 
2825 4.587485e-04 
2826 4.585971e-04 
2827 4.584458e-04 
2828 4.582946e-04 
2829 4.581434e-04 
2830 4.579922e-04 
2831 4.578411e-04 
2832 4.576901e-04 
2833 4.575391e-04 
2834 4.573882e-04 
2835 4.572374e-04 
2836 4.570866e-04 
2837 4.569358e-04 
2838 4.567851e-04 
2839 4.566345e-04 
2840 4.564839e-04 
2841 4.563334e-04 
2842 4.561830e-04 
2843 4.560325e-04 
2844 4.558822e-04 
2845 4.557319e-04 
2846 4.555817e-04 
2847 4.554315e-04 
2848 4.552814e-04 
2849 4.551313e-04 
2850 4.549813e-04 
2851 4.548314e-04 
2852 4.546815e-04 
2853 4.545316e-04 
2854 4.543819e-04 
2855 4.542321e-04 
2856 4.540825e-04 
2857 4.539329e-04 
2858 4.537833e-04 
2859 4.536338e-04 
2860 4.534844e-04 
2861 4.533350e-04 
2862 4.531857e-04 
2863 4.530364e-04 
2864 4.528872e-04 
2865 4.527380e-04 
2866 4.525889e-04 
2867 4.524399e-04 
2868 4.522909e-04 
2869 4.521420e-04 
2870 4.519931e-04 
2871 4.518443e-04 
2872 4.516955e-04 
2873 4.515468e-04 
2874 4.513982e-04 
2875 4.512496e-04 
2876 4.511010e-04 
2877 4.509525e-04 
2878 4.508041e-04 
2879 4.506557e-04 
2880 4.505074e-04 
2881 4.503592e-04 
2882 4.502110e-04 
2883 4.500628e-04 
2884 4.499147e-04 
2885 4.497667e-04 
2886 4.496187e-04 
2887 4.494708e-04 
2888 4.493229e-04 
2889 4.491751e-04 
2890 4.490274e-04 
2891 4.488797e-04 
2892 4.487320e-04 
2893 4.485844e-04 
2894 4.484369e-04 
2895 4.482894e-04 
2896 4.481420e-04 
2897 4.479946e-04 
2898 4.478473e-04 
2899 4.477001e-04 
2900 4.475529e-04 
2901 4.474057e-04 
2902 4.472586e-04 
2903 4.471116e-04 
2904 4.469646e-04 
2905 4.468177e-04 
2906 4.466708e-04 
2907 4.465240e-04 
2908 4.463773e-04 
2909 4.462306e-04 
2910 4.460839e-04 
2911 4.459373e-04 
2912 4.457908e-04 
2913 4.456443e-04 
2914 4.454979e-04 
2915 4.453515e-04 
2916 4.452052e-04 
2917 4.450590e-04 
2918 4.449128e-04 
2919 4.447666e-04 
2920 4.446205e-04 
2921 4.444745e-04 
2922 4.443285e-04 
2923 4.441826e-04 
2924 4.440367e-04 
2925 4.438909e-04 
2926 4.437451e-04 
2927 4.435994e-04 
2928 4.434538e-04 
2929 4.433082e-04 
2930 4.431626e-04 
2931 4.430172e-04 
2932 4.428717e-04 
2933 4.427264e-04 
2934 4.425810e-04 
2935 4.424358e-04 
2936 4.422906e-04 
2937 4.421454e-04 
2938 4.420003e-04 
2939 4.418552e-04 
2940 4.417103e-04 
2941 4.415653e-04 
2942 4.414204e-04 
2943 4.412756e-04 
2944 4.411308e-04 
2945 4.409861e-04 
2946 4.408414e-04 
2947 4.406968e-04 
2948 4.405523e-04 
2949 4.404078e-04 
2950 4.402633e-04 
2951 4.401189e-04 
2952 4.399746e-04 
2953 4.398303e-04 
2954 4.396861e-04 
2955 4.395419e-04 
2956 4.393978e-04 
2957 4.392537e-04 
2958 4.391097e-04 
2959 4.389658e-04 
2960 4.388218e-04 
2961 4.386780e-04 
2962 4.385342e-04 
2963 4.383905e-04 
2964 4.382468e-04 
2965 4.381031e-04 
2966 4.379596e-04 
2967 4.378160e-04 
2968 4.376726e-04 
2969 4.375292e-04 
2970 4.373858e-04 
2971 4.372425e-04 
2972 4.370992e-04 
2973 4.369560e-04 
2974 4.368129e-04 
2975 4.366698e-04 
2976 4.365268e-04 
2977 4.363838e-04 
2978 4.362409e-04 
2979 4.360980e-04 
2980 4.359552e-04 
2981 4.358124e-04 
2982 4.356697e-04 
2983 4.355270e-04 
2984 4.353844e-04 
2985 4.352419e-04 
2986 4.350994e-04 
2987 4.349569e-04 
2988 4.348145e-04 
2989 4.346722e-04 
2990 4.345299e-04 
2991 4.343877e-04 
2992 4.342455e-04 
2993 4.341034e-04 
2994 4.339613e-04 
2995 4.338193e-04 
2996 4.336773e-04 
2997 4.335354e-04 
2998 4.333936e-04 
2999 4.332518e-04 
3000 4.331100e-04 
3001 4.329683e-04 
3002 4.328267e-04 
3003 4.326851e-04 
3004 4.325435e-04 
3005 4.324021e-04 
3006 4.322606e-04 
3007 4.321193e-04 
3008 4.319779e-04 
3009 4.318367e-04 
3010 4.316955e-04 
3011 4.315543e-04 
3012 4.314132e-04 
3013 4.312721e-04 
3014 4.311311e-04 
3015 4.309902e-04 
3016 4.308493e-04 
3017 4.307084e-04 
3018 4.305677e-04 
3019 4.304269e-04 
3020 4.302862e-04 
3021 4.301456e-04 
3022 4.300050e-04 
3023 4.298645e-04 
3024 4.297240e-04 
3025 4.295836e-04 
3026 4.294432e-04 
3027 4.293029e-04 
3028 4.291627e-04 
3029 4.290225e-04 
3030 4.288823e-04 
3031 4.287422e-04 
3032 4.286022e-04 
3033 4.284622e-04 
3034 4.283222e-04 
3035 4.281823e-04 
3036 4.280425e-04 
3037 4.279027e-04 
3038 4.277630e-04 
3039 4.276233e-04 
3040 4.274837e-04 
3041 4.273441e-04 
3042 4.272046e-04 
3043 4.270651e-04 
3044 4.269257e-04 
3045 4.267863e-04 
3046 4.266470e-04 
3047 4.265077e-04 
3048 4.263685e-04 
3049 4.262294e-04 
3050 4.260903e-04 
3051 4.259512e-04 
3052 4.258122e-04 
3053 4.256733e-04 
3054 4.255344e-04 
3055 4.253955e-04 
3056 4.252568e-04 
3057 4.251180e-04 
3058 4.249793e-04 
3059 4.248407e-04 
3060 4.247021e-04 
3061 4.245636e-04 
3062 4.244251e-04 
3063 4.242867e-04 
3064 4.241483e-04 
3065 4.240100e-04 
3066 4.238717e-04 
3067 4.237335e-04 
3068 4.235954e-04 
3069 4.234573e-04 
3070 4.233192e-04 
3071 4.231812e-04 
3072 4.230432e-04 
3073 4.229053e-04 
3074 4.227675e-04 
3075 4.226297e-04 
3076 4.224919e-04 
3077 4.223543e-04 
3078 4.222166e-04 
3079 4.220790e-04 
3080 4.219415e-04 
3081 4.218040e-04 
3082 4.216666e-04 
3083 4.215292e-04 
3084 4.213918e-04 
3085 4.212546e-04 
3086 4.211173e-04 
3087 4.209802e-04 
3088 4.208430e-04 
3089 4.207060e-04 
3090 4.205689e-04 
3091 4.204320e-04 
3092 4.202950e-04 
3093 4.201582e-04 
3094 4.200214e-04 
3095 4.198846e-04 
3096 4.197479e-04 
3097 4.196112e-04 
3098 4.194746e-04 
3099 4.193380e-04 
3100 4.192015e-04 
3101 4.190651e-04 
3102 4.189287e-04 
3103 4.187923e-04 
3104 4.186560e-04 
3105 4.185198e-04 
3106 4.183836e-04 
3107 4.182474e-04 
3108 4.181113e-04 
3109 4.179753e-04 
3110 4.178393e-04 
3111 4.177033e-04 
3112 4.175675e-04 
3113 4.174316e-04 
3114 4.172958e-04 
3115 4.171601e-04 
3116 4.170244e-04 
3117 4.168888e-04 
3118 4.167532e-04 
3119 4.166176e-04 
3120 4.164822e-04 
3121 4.163467e-04 
3122 4.162113e-04 
3123 4.160760e-04 
3124 4.159407e-04 
3125 4.158055e-04 
3126 4.156703e-04 
3127 4.155352e-04 
3128 4.154001e-04 
3129 4.152651e-04 
3130 4.151301e-04 
3131 4.149952e-04 
3132 4.148603e-04 
3133 4.147255e-04 
3134 4.145907e-04 
3135 4.144560e-04 
3136 4.143213e-04 
3137 4.141867e-04 
3138 4.140522e-04 
3139 4.139176e-04 
3140 4.137832e-04 
3141 4.136488e-04 
3142 4.135144e-04 
3143 4.133801e-04 
3144 4.132458e-04 
3145 4.131116e-04 
3146 4.129774e-04 
3147 4.128433e-04 
3148 4.127092e-04 
3149 4.125752e-04 
3150 4.124413e-04 
3151 4.123074e-04 
3152 4.121735e-04 
3153 4.120397e-04 
3154 4.119059e-04 
3155 4.117722e-04 
3156 4.116386e-04 
3157 4.115049e-04 
3158 4.113714e-04 
3159 4.112379e-04 
3160 4.111044e-04 
3161 4.109710e-04 
3162 4.108376e-04 
3163 4.107043e-04 
3164 4.105711e-04 
3165 4.104379e-04 
3166 4.103047e-04 
3167 4.101716e-04 
3168 4.100385e-04 
3169 4.099055e-04 
3170 4.097726e-04 
3171 4.096397e-04 
3172 4.095068e-04 
3173 4.093740e-04 
3174 4.092412e-04 
3175 4.091085e-04 
3176 4.089759e-04 
3177 4.088433e-04 
3178 4.087107e-04 
3179 4.085782e-04 
3180 4.084457e-04 
3181 4.083133e-04 
3182 4.081810e-04 
3183 4.080487e-04 
3184 4.079164e-04 
3185 4.077842e-04 
3186 4.076520e-04 
3187 4.075199e-04 
3188 4.073879e-04 
3189 4.072558e-04 
3190 4.071239e-04 
3191 4.069920e-04 
3192 4.068601e-04 
3193 4.067283e-04 
3194 4.065965e-04 
3195 4.064648e-04 
3196 4.063331e-04 
3197 4.062015e-04 
3198 4.060700e-04 
3199 4.059384e-04 
3200 4.058070e-04 
3201 4.056756e-04 
3202 4.055442e-04 
3203 4.054129e-04 
3204 4.052816e-04 
3205 4.051504e-04 
3206 4.050192e-04 
3207 4.048881e-04 
3208 4.047570e-04 
3209 4.046260e-04 
3210 4.044950e-04 
3211 4.043641e-04 
3212 4.042332e-04 
3213 4.041024e-04 
3214 4.039716e-04 
3215 4.038409e-04 
3216 4.037102e-04 
3217 4.035796e-04 
3218 4.034490e-04 
3219 4.033185e-04 
3220 4.031880e-04 
3221 4.030576e-04 
3222 4.029272e-04 
3223 4.027968e-04 
3224 4.026665e-04 
3225 4.025363e-04 
3226 4.024061e-04 
3227 4.022760e-04 
3228 4.021459e-04 
3229 4.020159e-04 
3230 4.018859e-04 
3231 4.017559e-04 
3232 4.016260e-04 
3233 4.014962e-04 
3234 4.013664e-04 
3235 4.012366e-04 
3236 4.011069e-04 
3237 4.009773e-04 
3238 4.008477e-04 
3239 4.007181e-04 
3240 4.005886e-04 
3241 4.004592e-04 
3242 4.003297e-04 
3243 4.002004e-04 
3244 4.000711e-04 
3245 3.999418e-04 
3246 3.998126e-04 
3247 3.996834e-04 
3248 3.995543e-04 
3249 3.994252e-04 
3250 3.992962e-04 
3251 3.991673e-04 
3252 3.990383e-04 
3253 3.989095e-04 
3254 3.987806e-04 
3255 3.986519e-04 
3256 3.985231e-04 
3257 3.983944e-04 
3258 3.982658e-04 
3259 3.981372e-04 
3260 3.980087e-04 
3261 3.978802e-04 
3262 3.977518e-04 
3263 3.976234e-04 
3264 3.974950e-04 
3265 3.973667e-04 
3266 3.972385e-04 
3267 3.971103e-04 
3268 3.969821e-04 
3269 3.968540e-04 
3270 3.967260e-04 
3271 3.965980e-04 
3272 3.964700e-04 
3273 3.963421e-04 
3274 3.962142e-04 
3275 3.960864e-04 
3276 3.959587e-04 
3277 3.958309e-04 
3278 3.957033e-04 
3279 3.955757e-04 
3280 3.954481e-04 
3281 3.953206e-04 
3282 3.951931e-04 
3283 3.950656e-04 
3284 3.949383e-04 
3285 3.948109e-04 
3286 3.946836e-04 
3287 3.945564e-04 
3288 3.944292e-04 
3289 3.943021e-04 
3290 3.941750e-04 
3291 3.940479e-04 
3292 3.939209e-04 
3293 3.937940e-04 
3294 3.936671e-04 
3295 3.935402e-04 
3296 3.934134e-04 
3297 3.932866e-04 
3298 3.931599e-04 
3299 3.930333e-04 
3300 3.929066e-04 
3301 3.927801e-04 
3302 3.926535e-04 
3303 3.925271e-04 
3304 3.924006e-04 
3305 3.922742e-04 
3306 3.921479e-04 
3307 3.920216e-04 
3308 3.918954e-04 
3309 3.917692e-04 
3310 3.916430e-04 
3311 3.915169e-04 
3312 3.913909e-04 
3313 3.912649e-04 
3314 3.911389e-04 
3315 3.910130e-04 
3316 3.908872e-04 
3317 3.907613e-04 
3318 3.906356e-04 
3319 3.905099e-04 
3320 3.903842e-04 
3321 3.902586e-04 
3322 3.901330e-04 
3323 3.900075e-04 
3324 3.898820e-04 
3325 3.897565e-04 
3326 3.896311e-04 
3327 3.895058e-04 
3328 3.893805e-04 
3329 3.892553e-04 
3330 3.891300e-04 
3331 3.890049e-04 
3332 3.888798e-04 
3333 3.887547e-04 
3334 3.886297e-04 
3335 3.885047e-04 
3336 3.883798e-04 
3337 3.882549e-04 
3338 3.881301e-04 
3339 3.880053e-04 
3340 3.878806e-04 
3341 3.877559e-04 
3342 3.876313e-04 
3343 3.875067e-04 
3344 3.873821e-04 
3345 3.872576e-04 
3346 3.871332e-04 
3347 3.870088e-04 
3348 3.868844e-04 
3349 3.867601e-04 
3350 3.866358e-04 
3351 3.865116e-04 
3352 3.863874e-04 
3353 3.862633e-04 
3354 3.861392e-04 
3355 3.860152e-04 
3356 3.858912e-04 
3357 3.857673e-04 
3358 3.856434e-04 
3359 3.855195e-04 
3360 3.853957e-04 
3361 3.852720e-04 
3362 3.851483e-04 
3363 3.850246e-04 
3364 3.849010e-04 
3365 3.847774e-04 
3366 3.846539e-04 
3367 3.845304e-04 
3368 3.844070e-04 
3369 3.842836e-04 
3370 3.841603e-04 
3371 3.840370e-04 
3372 3.839137e-04 
3373 3.837905e-04 
3374 3.836674e-04 
3375 3.835443e-04 
3376 3.834212e-04 
3377 3.832982e-04 
3378 3.831752e-04 
3379 3.830523e-04 
3380 3.829294e-04 
3381 3.828066e-04 
3382 3.826838e-04 
3383 3.825611e-04 
3384 3.824384e-04 
3385 3.823157e-04 
3386 3.821931e-04 
3387 3.820706e-04 
3388 3.819481e-04 
3389 3.818256e-04 
3390 3.817032e-04 
3391 3.815808e-04 
3392 3.814585e-04 
3393 3.813362e-04 
3394 3.812140e-04 
3395 3.810918e-04 
3396 3.809697e-04 
3397 3.808476e-04 
3398 3.807255e-04 
3399 3.806035e-04 
3400 3.804816e-04 
3401 3.803597e-04 
3402 3.802378e-04 
3403 3.801160e-04 
3404 3.799942e-04 
3405 3.798725e-04 
3406 3.797508e-04 
3407 3.796291e-04 
3408 3.795075e-04 
3409 3.793860e-04 
3410 3.792645e-04 
3411 3.791430e-04 
3412 3.790216e-04 
3413 3.789003e-04 
3414 3.787789e-04 
3415 3.786577e-04 
3416 3.785364e-04 
3417 3.784153e-04 
3418 3.782941e-04 
3419 3.781730e-04 
3420 3.780520e-04 
3421 3.779310e-04 
3422 3.778100e-04 
3423 3.776891e-04 
3424 3.775682e-04 
3425 3.774474e-04 
3426 3.773266e-04 
3427 3.772059e-04 
3428 3.770852e-04 
3429 3.769646e-04 
3430 3.768440e-04 
3431 3.767234e-04 
3432 3.766029e-04 
3433 3.764825e-04 
3434 3.763621e-04 
3435 3.762417e-04 
3436 3.761214e-04 
3437 3.760011e-04 
3438 3.758809e-04 
3439 3.757607e-04 
3440 3.756405e-04 
3441 3.755204e-04 
3442 3.754004e-04 
3443 3.752804e-04 
3444 3.751604e-04 
3445 3.750405e-04 
3446 3.749206e-04 
3447 3.748008e-04 
3448 3.746810e-04 
3449 3.745612e-04 
3450 3.744416e-04 
3451 3.743219e-04 
3452 3.742023e-04 
3453 3.740827e-04 
3454 3.739632e-04 
3455 3.738438e-04 
3456 3.737243e-04 
3457 3.736049e-04 
3458 3.734856e-04 
3459 3.733663e-04 
3460 3.732471e-04 
3461 3.731279e-04 
3462 3.730087e-04 
3463 3.728896e-04 
3464 3.727705e-04 
3465 3.726515e-04 
3466 3.725325e-04 
3467 3.724136e-04 
3468 3.722947e-04 
3469 3.721758e-04 
3470 3.720570e-04 
3471 3.719383e-04 
3472 3.718196e-04 
3473 3.717009e-04 
3474 3.715823e-04 
3475 3.714637e-04 
3476 3.713452e-04 
3477 3.712267e-04 
3478 3.711082e-04 
3479 3.709898e-04 
3480 3.708715e-04 
3481 3.707532e-04 
3482 3.706349e-04 
3483 3.705167e-04 
3484 3.703985e-04 
3485 3.702803e-04 
3486 3.701623e-04 
3487 3.700442e-04 
3488 3.699262e-04 
3489 3.698082e-04 
3490 3.696903e-04 
3491 3.695725e-04 
3492 3.694546e-04 
3493 3.693368e-04 
3494 3.692191e-04 
3495 3.691014e-04 
3496 3.689838e-04 
3497 3.688662e-04 
3498 3.687486e-04 
3499 3.686311e-04 
3500 3.685136e-04 
3501 3.683962e-04 
3502 3.682788e-04 
3503 3.681614e-04 
3504 3.680441e-04 
3505 3.679269e-04 
3506 3.678097e-04 
3507 3.676925e-04 
3508 3.675754e-04 
3509 3.674583e-04 
3510 3.673413e-04 
3511 3.672243e-04 
3512 3.671073e-04 
3513 3.669904e-04 
3514 3.668736e-04 
3515 3.667567e-04 
3516 3.666400e-04 
3517 3.665232e-04 
3518 3.664065e-04 
3519 3.662899e-04 
3520 3.661733e-04 
3521 3.660567e-04 
3522 3.659402e-04 
3523 3.658238e-04 
3524 3.657073e-04 
3525 3.655910e-04 
3526 3.654746e-04 
3527 3.653583e-04 
3528 3.652421e-04 
3529 3.651259e-04 
3530 3.650097e-04 
3531 3.648936e-04 
3532 3.647775e-04 
3533 3.646615e-04 
3534 3.645455e-04 
3535 3.644295e-04 
3536 3.643136e-04 
3537 3.641978e-04 
3538 3.640820e-04 
3539 3.639662e-04 
3540 3.638505e-04 
3541 3.637348e-04 
3542 3.636191e-04 
3543 3.635035e-04 
3544 3.633880e-04 
3545 3.632725e-04 
3546 3.631570e-04 
3547 3.630416e-04 
3548 3.629262e-04 
3549 3.628108e-04 
3550 3.626955e-04 
3551 3.625803e-04 
3552 3.624651e-04 
3553 3.623499e-04 
3554 3.622348e-04 
3555 3.621197e-04 
3556 3.620046e-04 
3557 3.618897e-04 
3558 3.617747e-04 
3559 3.616598e-04 
3560 3.615449e-04 
3561 3.614301e-04 
3562 3.613153e-04 
3563 3.612006e-04 
3564 3.610859e-04 
3565 3.609712e-04 
3566 3.608566e-04 
3567 3.607420e-04 
3568 3.606275e-04 
3569 3.605130e-04 
3570 3.603986e-04 
3571 3.602842e-04 
3572 3.601698e-04 
3573 3.600555e-04 
3574 3.599413e-04 
3575 3.598270e-04 
3576 3.597129e-04 
3577 3.595987e-04 
3578 3.594846e-04 
3579 3.593706e-04 
3580 3.592566e-04 
3581 3.591426e-04 
3582 3.590287e-04 
3583 3.589148e-04 
3584 3.588009e-04 
3585 3.586871e-04 
3586 3.585734e-04 
3587 3.584597e-04 
3588 3.583460e-04 
3589 3.582324e-04 
3590 3.581188e-04 
3591 3.580052e-04 
3592 3.578917e-04 
3593 3.577783e-04 
3594 3.576649e-04 
3595 3.575515e-04 
3596 3.574381e-04 
3597 3.573249e-04 
3598 3.572116e-04 
3599 3.570984e-04 
3600 3.569852e-04 
3601 3.568721e-04 
3602 3.567590e-04 
3603 3.566460e-04 
3604 3.565330e-04 
3605 3.564201e-04 
3606 3.563071e-04 
3607 3.561943e-04 
3608 3.560815e-04 
3609 3.559687e-04 
3610 3.558559e-04 
3611 3.557432e-04 
3612 3.556306e-04 
3613 3.555180e-04 
3614 3.554054e-04 
3615 3.552929e-04 
3616 3.551804e-04 
3617 3.550679e-04 
3618 3.549555e-04 
3619 3.548431e-04 
3620 3.547308e-04 
3621 3.546185e-04 
3622 3.545063e-04 
3623 3.543941e-04 
3624 3.542820e-04 
3625 3.541699e-04 
3626 3.540578e-04 
3627 3.539458e-04 
3628 3.538338e-04 
3629 3.537218e-04 
3630 3.536099e-04 
3631 3.534981e-04 
3632 3.533862e-04 
3633 3.532745e-04 
3634 3.531627e-04 
3635 3.530510e-04 
3636 3.529394e-04 
3637 3.528278e-04 
3638 3.527162e-04 
3639 3.526047e-04 
3640 3.524932e-04 
3641 3.523818e-04 
3642 3.522703e-04 
3643 3.521590e-04 
3644 3.520477e-04 
3645 3.519364e-04 
3646 3.518252e-04 
3647 3.517140e-04 
3648 3.516028e-04 
3649 3.514917e-04 
3650 3.513806e-04 
3651 3.512696e-04 
3652 3.511586e-04 
3653 3.510477e-04 
3654 3.509368e-04 
3655 3.508259e-04 
3656 3.507151e-04 
3657 3.506043e-04 
3658 3.504936e-04 
3659 3.503829e-04 
3660 3.502722e-04 
3661 3.501616e-04 
3662 3.500510e-04 
3663 3.499405e-04 
3664 3.498300e-04 
3665 3.497196e-04 
3666 3.496091e-04 
3667 3.494988e-04 
3668 3.493885e-04 
3669 3.492782e-04 
3670 3.491679e-04 
3671 3.490577e-04 
3672 3.489476e-04 
3673 3.488374e-04 
3674 3.487274e-04 
3675 3.486173e-04 
3676 3.485073e-04 
3677 3.483974e-04 
3678 3.482875e-04 
3679 3.481776e-04 
3680 3.480677e-04 
3681 3.479580e-04 
3682 3.478482e-04 
3683 3.477385e-04 
3684 3.476288e-04 
3685 3.475192e-04 
3686 3.474096e-04 
3687 3.473001e-04 
3688 3.471906e-04 
3689 3.470811e-04 
3690 3.469717e-04 
3691 3.468623e-04 
3692 3.467529e-04 
3693 3.466436e-04 
3694 3.465344e-04 
3695 3.464252e-04 
3696 3.463160e-04 
3697 3.462068e-04 
3698 3.460977e-04 
3699 3.459887e-04 
3700 3.458797e-04 
3701 3.457707e-04 
3702 3.456618e-04 
3703 3.455529e-04 
3704 3.454440e-04 
3705 3.453352e-04 
3706 3.452264e-04 
3707 3.451177e-04 
3708 3.450090e-04 
3709 3.449004e-04 
3710 3.447917e-04 
3711 3.446832e-04 
3712 3.445746e-04 
3713 3.444662e-04 
3714 3.443577e-04 
3715 3.442493e-04 
3716 3.441409e-04 
3717 3.440326e-04 
3718 3.439243e-04 
3719 3.438161e-04 
3720 3.437079e-04 
3721 3.435997e-04 
3722 3.434916e-04 
3723 3.433835e-04 
3724 3.432754e-04 
3725 3.431674e-04 
3726 3.430595e-04 
3727 3.429516e-04 
3728 3.428437e-04 
3729 3.427358e-04 
3730 3.426280e-04 
3731 3.425203e-04 
3732 3.424125e-04 
3733 3.423049e-04 
3734 3.421972e-04 
3735 3.420896e-04 
3736 3.419820e-04 
3737 3.418745e-04 
3738 3.417670e-04 
3739 3.416596e-04 
3740 3.415522e-04 
3741 3.414448e-04 
3742 3.413375e-04 
3743 3.412302e-04 
3744 3.411230e-04 
3745 3.410158e-04 
3746 3.409086e-04 
3747 3.408015e-04 
3748 3.406944e-04 
3749 3.405874e-04 
3750 3.404804e-04 
3751 3.403734e-04 
3752 3.402665e-04 
3753 3.401596e-04 
3754 3.400528e-04 
3755 3.399460e-04 
3756 3.398392e-04 
3757 3.397325e-04 
3758 3.396258e-04 
3759 3.395191e-04 
3760 3.394125e-04 
3761 3.393060e-04 
3762 3.391994e-04 
3763 3.390930e-04 
3764 3.389865e-04 
3765 3.388801e-04 
3766 3.387737e-04 
3767 3.386674e-04 
3768 3.385611e-04 
3769 3.384549e-04 
3770 3.383487e-04 
3771 3.382425e-04 
3772 3.381364e-04 
3773 3.380303e-04 
3774 3.379242e-04 
3775 3.378182e-04 
3776 3.377123e-04 
3777 3.376063e-04 
3778 3.375004e-04 
3779 3.373946e-04 
3780 3.372888e-04 
3781 3.371830e-04 
3782 3.370773e-04 
3783 3.369716e-04 
3784 3.368659e-04 
3785 3.367603e-04 
3786 3.366547e-04 
3787 3.365492e-04 
3788 3.364437e-04 
3789 3.363382e-04 
3790 3.362328e-04 
3791 3.361274e-04 
3792 3.360221e-04 
3793 3.359168e-04 
3794 3.358115e-04 
3795 3.357063e-04 
3796 3.356011e-04 
3797 3.354960e-04 
3798 3.353909e-04 
3799 3.352858e-04 
3800 3.351808e-04 
3801 3.350758e-04 
3802 3.349708e-04 
3803 3.348659e-04 
3804 3.347610e-04 
3805 3.346562e-04 
3806 3.345514e-04 
3807 3.344467e-04 
3808 3.343419e-04 
3809 3.342373e-04 
3810 3.341326e-04 
3811 3.340280e-04 
3812 3.339235e-04 
3813 3.338189e-04 
3814 3.337145e-04 
3815 3.336100e-04 
3816 3.335056e-04 
3817 3.334013e-04 
3818 3.332969e-04 
3819 3.331926e-04 
3820 3.330884e-04 
3821 3.329842e-04 
3822 3.328800e-04 
3823 3.327759e-04 
3824 3.326718e-04 
3825 3.325677e-04 
3826 3.324637e-04 
3827 3.323597e-04 
3828 3.322558e-04 
3829 3.321519e-04 
3830 3.320480e-04 
3831 3.319442e-04 
3832 3.318404e-04 
3833 3.317367e-04 
3834 3.316330e-04 
3835 3.315293e-04 
3836 3.314257e-04 
3837 3.313221e-04 
3838 3.312185e-04 
3839 3.311150e-04 
3840 3.310116e-04 
3841 3.309081e-04 
3842 3.308047e-04 
3843 3.307014e-04 
3844 3.305980e-04 
3845 3.304948e-04 
3846 3.303915e-04 
3847 3.302883e-04 
3848 3.301851e-04 
3849 3.300820e-04 
3850 3.299789e-04 
3851 3.298759e-04 
3852 3.297728e-04 
3853 3.296699e-04 
3854 3.295669e-04 
3855 3.294640e-04 
3856 3.293612e-04 
3857 3.292583e-04 
3858 3.291556e-04 
3859 3.290528e-04 
3860 3.289501e-04 
3861 3.288474e-04 
3862 3.287448e-04 
3863 3.286422e-04 
3864 3.285397e-04 
3865 3.284371e-04 
3866 3.283347e-04 
3867 3.282322e-04 
3868 3.281298e-04 
3869 3.280275e-04 
3870 3.279251e-04 
3871 3.278228e-04 
3872 3.277206e-04 
3873 3.276184e-04 
3874 3.275162e-04 
3875 3.274141e-04 
3876 3.273120e-04 
3877 3.272099e-04 
3878 3.271079e-04 
3879 3.270059e-04 
3880 3.269039e-04 
3881 3.268020e-04 
3882 3.267002e-04 
3883 3.265983e-04 
3884 3.264965e-04 
3885 3.263948e-04 
3886 3.262931e-04 
3887 3.261914e-04 
3888 3.260897e-04 
3889 3.259881e-04 
3890 3.258866e-04 
3891 3.257850e-04 
3892 3.256835e-04 
3893 3.255821e-04 
3894 3.254807e-04 
3895 3.253793e-04 
3896 3.252779e-04 
3897 3.251766e-04 
3898 3.250754e-04 
3899 3.249741e-04 
3900 3.248730e-04 
3901 3.247718e-04 
3902 3.246707e-04 
3903 3.245696e-04 
3904 3.244686e-04 
3905 3.243676e-04 
3906 3.242666e-04 
3907 3.241657e-04 
3908 3.240648e-04 
3909 3.239639e-04 
3910 3.238631e-04 
3911 3.237623e-04 
3912 3.236616e-04 
3913 3.235609e-04 
3914 3.234602e-04 
3915 3.233596e-04 
3916 3.232590e-04 
3917 3.231584e-04 
3918 3.230579e-04 
3919 3.229574e-04 
3920 3.228570e-04 
3921 3.227566e-04 
3922 3.226562e-04 
3923 3.225559e-04 
3924 3.224556e-04 
3925 3.223553e-04 
3926 3.222551e-04 
3927 3.221550e-04 
3928 3.220548e-04 
3929 3.219547e-04 
3930 3.218546e-04 
3931 3.217546e-04 
3932 3.216546e-04 
3933 3.215546e-04 
3934 3.214547e-04 
3935 3.213548e-04 
3936 3.212550e-04 
3937 3.211552e-04 
3938 3.210554e-04 
3939 3.209557e-04 
3940 3.208560e-04 
3941 3.207563e-04 
3942 3.206567e-04 
3943 3.205571e-04 
3944 3.204576e-04 
3945 3.203580e-04 
3946 3.202586e-04 
3947 3.201591e-04 
3948 3.200597e-04 
3949 3.199604e-04 
3950 3.198610e-04 
3951 3.197617e-04 
3952 3.196625e-04 
3953 3.195633e-04 
3954 3.194641e-04 
3955 3.193649e-04 
3956 3.192658e-04 
3957 3.191668e-04 
3958 3.190677e-04 
3959 3.189687e-04 
3960 3.188698e-04 
3961 3.187708e-04 
3962 3.186720e-04 
3963 3.185731e-04 
3964 3.184743e-04 
3965 3.183755e-04 
3966 3.182768e-04 
3967 3.181781e-04 
3968 3.180794e-04 
3969 3.179808e-04 
3970 3.178822e-04 
3971 3.177836e-04 
3972 3.176851e-04 
3973 3.175866e-04 
3974 3.174882e-04 
3975 3.173898e-04 
3976 3.172914e-04 
3977 3.171930e-04 
3978 3.170947e-04 
3979 3.169965e-04 
3980 3.168983e-04 
3981 3.168001e-04 
3982 3.167019e-04 
3983 3.166038e-04 
3984 3.165057e-04 
3985 3.164077e-04 
3986 3.163097e-04 
3987 3.162117e-04 
3988 3.161137e-04 
3989 3.160158e-04 
3990 3.159180e-04 
3991 3.158201e-04 
3992 3.157224e-04 
3993 3.156246e-04 
3994 3.155269e-04 
3995 3.154292e-04 
3996 3.153316e-04 
3997 3.152339e-04 
3998 3.151364e-04 
3999 3.150388e-04 
4000 3.149413e-04 
4001 3.148439e-04 
4002 3.147464e-04 
4003 3.146490e-04 
4004 3.145517e-04 
4005 3.144544e-04 
4006 3.143571e-04 
4007 3.142598e-04 
4008 3.141626e-04 
4009 3.140654e-04 
4010 3.139683e-04 
4011 3.138712e-04 
4012 3.137741e-04 
4013 3.136771e-04 
4014 3.135801e-04 
4015 3.134831e-04 
4016 3.133862e-04 
