5.062500e+04 6.250000e+02 4.905442e-15 
5.187500e+04 1.875000e+03 4.680986e-15 
5.312500e+04 3.125000e+03 4.661410e-15 
5.437500e+04 4.375000e+03 5.413141e-15 
5.562500e+04 5.625000e+03 6.877435e-15 
5.687500e+04 6.875000e+03 1.124338e-14 
5.937500e+04 8.125000e+03 1.363832e-14 
6.062500e+04 9.375000e+03 2.170048e-14 
5.812500e+04 1.062500e+04 7.484027e-15 
5.687500e+04 1.187500e+04 1.453931e-14 
5.437500e+04 1.312500e+04 1.202597e-14 
5.312500e+04 1.437500e+04 1.121084e-14 
5.062500e+04 1.562500e+04 1.030801e-14 
4.937500e+04 1.687500e+04 1.042162e-14 
4.812500e+04 1.812500e+04 9.866783e-15 
4.562500e+04 1.937500e+04 9.675200e-15 
4.437500e+04 2.062500e+04 9.535874e-15 
4.187500e+04 2.187500e+04 9.075842e-15 
4.062500e+04 2.312500e+04 9.223868e-15 
3.937500e+04 2.437500e+04 8.899707e-15 
3.687500e+04 2.562500e+04 8.961805e-15 
3.562500e+04 2.687500e+04 8.869935e-15 
3.312500e+04 2.812500e+04 8.843543e-15 
3.187500e+04 2.937500e+04 8.842520e-15 
