5.125000e+04 0.000000e+00 5.017655e-15 
5.125000e+04 6.250000e+02 4.954793e-15 
5.125000e+04 1.250000e+03 4.910780e-15 
5.125000e+04 1.875000e+03 4.715608e-15 
5.250000e+04 2.500000e+03 4.711495e-15 
5.312500e+04 3.125000e+03 4.661410e-15 
5.375000e+04 3.750000e+03 5.130813e-15 
5.500000e+04 4.375000e+03 5.576977e-15 
5.500000e+04 5.000000e+03 6.598444e-15 
5.625000e+04 5.625000e+03 6.992490e-15 
5.625000e+04 6.250000e+03 8.344927e-15 
5.750000e+04 6.875000e+03 1.266138e-14 
5.750000e+04 7.500000e+03 1.504870e-14 
6.000000e+04 8.125000e+03 1.681702e-14 
6.000000e+04 8.750000e+03 1.919620e-14 
5.875000e+04 9.375000e+03 2.286398e-14 
5.812500e+04 1.000000e+04 1.969114e-14 
6.000000e+04 1.062500e+04 8.686040e-15 
6.000000e+04 1.125000e+04 2.106349e-14 
5.687500e+04 1.187500e+04 1.453931e-14 
5.562500e+04 1.250000e+04 1.237265e-14 
5.437500e+04 1.312500e+04 1.202597e-14 
5.375000e+04 1.375000e+04 1.205008e-14 
5.312500e+04 1.437500e+04 1.121084e-14 
5.187500e+04 1.500000e+04 1.124888e-14 
5.125000e+04 1.562500e+04 1.087755e-14 
5.062500e+04 1.625000e+04 1.067160e-14 
4.937500e+04 1.687500e+04 1.042162e-14 
4.875000e+04 1.750000e+04 1.038659e-14 
4.750000e+04 1.812500e+04 1.007712e-14 
4.687500e+04 1.875000e+04 1.000261e-14 
4.625000e+04 1.937500e+04 9.752400e-15 
4.500000e+04 2.000000e+04 9.779675e-15 
4.437500e+04 2.062500e+04 9.535874e-15 
4.312500e+04 2.125000e+04 9.469168e-15 
4.250000e+04 2.187500e+04 9.418468e-15 
4.125000e+04 2.250000e+04 9.295829e-15 
4.062500e+04 2.312500e+04 9.223868e-15 
4.000000e+04 2.375000e+04 9.190684e-15 
3.875000e+04 2.437500e+04 9.127138e-15 
3.812500e+04 2.500000e+04 9.060995e-15 
3.687500e+04 2.562500e+04 8.961805e-15 
3.625000e+04 2.625000e+04 9.033506e-15 
3.500000e+04 2.687500e+04 8.890022e-15 
3.437500e+04 2.750000e+04 8.899326e-15 
3.375000e+04 2.812500e+04 8.962076e-15 
3.250000e+04 2.875000e+04 9.051083e-15 
3.187500e+04 2.937500e+04 8.842520e-15 
3.125000e+04 3.000000e+04 8.904773e-15 
