0.000000e+00 -2.752857e-21 0.000000e+00 0.000000e+00 0.000000e+00
3.200000e+04 2.415537e-20 -3.128237e-12 0.000000e+00 0.000000e+00
6.400000e+04 6.528983e-20 -6.544349e-12 0.000000e+00 0.000000e+00
9.600000e+04 6.462250e-20 -1.056017e-11 0.000000e+00 0.000000e+00
1.280000e+05 8.203352e-20 -1.551195e-11 0.000000e+00 0.000000e+00
1.600000e+05 7.993873e-20 -2.181448e-11 0.000000e+00 0.000000e+00
1.920000e+05 6.911259e-20 -2.992374e-11 0.000000e+00 0.000000e+00
2.240000e+05 7.088970e-20 -4.043740e-11 0.000000e+00 0.000000e+00
2.560000e+05 5.190724e-20 -5.389820e-11 0.000000e+00 0.000000e+00
2.880000e+05 -3.811648e-21 -7.052993e-11 0.000000e+00 0.000000e+00
3.200000e+05 -1.172671e-20 -8.734009e-11 0.000000e+00 0.000000e+00
3.520000e+05 -4.584477e-20 -9.908344e-11 0.000000e+00 0.000000e+00
3.840000e+05 -9.105604e-20 -1.003979e-10 0.000000e+00 0.000000e+00
4.160000e+05 -9.086502e-20 -8.782913e-11 0.000000e+00 0.000000e+00
4.480000e+05 -9.607816e-20 -6.396070e-11 0.000000e+00 0.000000e+00
4.800000e+05 -1.057341e-19 -3.322077e-11 0.000000e+00 0.000000e+00
5.120000e+05 -1.060379e-19 0.000000e+00 0.000000e+00 0.000000e+00
