0.000000e+00 -3.129678e-21 0.000000e+00 0.000000e+00 0.000000e+00
1.600000e+04 -5.426305e-21 -6.562409e-11 0.000000e+00 0.000000e+00
3.200000e+04 -2.223461e-21 -6.156707e-11 0.000000e+00 0.000000e+00
4.800000e+04 -4.314574e-21 -7.571819e-11 0.000000e+00 0.000000e+00
6.400000e+04 -6.617445e-21 -6.642453e-11 0.000000e+00 0.000000e+00
8.000000e+04 -6.682922e-21 -7.957498e-11 0.000000e+00 0.000000e+00
9.600000e+04 -8.760106e-21 -7.051926e-11 0.000000e+00 0.000000e+00
1.120000e+05 -7.543829e-21 -8.402851e-11 0.000000e+00 0.000000e+00
1.280000e+05 -6.121137e-21 -7.551995e-11 0.000000e+00 0.000000e+00
1.440000e+05 -6.268729e-21 -8.959982e-11 0.000000e+00 0.000000e+00
1.600000e+05 -4.446923e-21 -8.185654e-11 0.000000e+00 0.000000e+00
1.760000e+05 -3.705769e-21 -9.672166e-11 0.000000e+00 0.000000e+00
1.920000e+05 -3.433039e-21 -8.999864e-11 0.000000e+00 0.000000e+00
2.080000e+05 -2.895314e-21 -1.058964e-10 0.000000e+00 0.000000e+00
2.240000e+05 -2.295859e-21 -1.004805e-10 0.000000e+00 0.000000e+00
2.400000e+05 -1.730462e-21 -1.176693e-10 0.000000e+00 0.000000e+00
2.560000e+05 -1.699654e-21 -1.137971e-10 0.000000e+00 0.000000e+00
2.720000e+05 -1.171598e-21 -1.324194e-10 0.000000e+00 0.000000e+00
2.880000e+05 -9.943777e-22 -1.298372e-10 0.000000e+00 0.000000e+00
3.040000e+05 -1.158053e-21 -1.493939e-10 0.000000e+00 0.000000e+00
3.200000e+05 -1.299375e-21 -1.463537e-10 0.000000e+00 0.000000e+00
3.360000e+05 -2.028247e-21 -1.647710e-10 0.000000e+00 0.000000e+00
3.520000e+05 4.309611e-22 -1.578555e-10 0.000000e+00 0.000000e+00
3.680000e+05 1.790404e-22 -1.717337e-10 0.000000e+00 0.000000e+00
3.840000e+05 6.206623e-22 -1.586799e-10 0.000000e+00 0.000000e+00
4.000000e+05 2.661535e-21 -1.661624e-10 0.000000e+00 0.000000e+00
4.160000e+05 3.040835e-21 -1.465183e-10 0.000000e+00 0.000000e+00
4.320000e+05 5.137205e-21 -1.476244e-10 0.000000e+00 0.000000e+00
4.480000e+05 6.564505e-21 -1.227796e-10 0.000000e+00 0.000000e+00
4.640000e+05 8.046813e-21 -1.192157e-10 0.000000e+00 0.000000e+00
4.800000e+05 1.140275e-20 -9.092378e-11 0.000000e+00 0.000000e+00
4.960000e+05 9.508512e-21 -8.037417e-11 0.000000e+00 0.000000e+00
5.120000e+05 7.729189e-21 0.000000e+00 0.000000e+00 0.000000e+00
