2.527208e+06 1.776357e-15 8.944297e-17
5.054415e+06 1.625771e-03 3.131275e-14
7.581623e+06 4.463975e-03 6.234433e-14
1.010883e+07 8.205666e-03 9.310757e-14
1.263604e+07 1.265554e-02 1.236124e-13
1.516325e+07 1.768414e-02 1.538671e-13
1.769045e+07 2.319987e-02 1.838789e-13
2.021766e+07 2.913428e-02 2.136542e-13
2.274487e+07 3.543411e-02 2.431988e-13
2.527208e+07 4.205661e-02 2.725179e-13
2.779928e+07 4.896660e-02 3.016163e-13
3.032649e+07 5.613457e-02 3.304985e-13
3.285370e+07 6.353538e-02 3.591688e-13
3.538091e+07 7.114735e-02 3.876309e-13
3.790811e+07 7.895152e-02 4.158887e-13
4.043532e+07 8.693125e-02 4.439456e-13
4.296253e+07 9.507172e-02 4.718049e-13
4.548974e+07 1.033597e-01 4.994698e-13
4.801694e+07 1.117833e-01 5.269433e-13
5.054415e+07 1.203318e-01 5.542284e-13
5.307136e+07 1.289954e-01 5.813277e-13
5.559857e+07 1.377652e-01 6.082440e-13
5.812577e+07 1.466331e-01 6.349798e-13
6.065298e+07 1.555915e-01 6.615376e-13
6.318019e+07 1.646335e-01 6.879197e-13
6.570740e+07 1.737528e-01 7.141285e-13
6.823460e+07 1.829434e-01 7.401661e-13
7.076181e+07 1.921999e-01 7.660348e-13
7.328902e+07 2.015171e-01 7.917367e-13
7.581623e+07 2.108902e-01 8.172737e-13
7.834343e+07 2.203148e-01 8.426479e-13
8.087064e+07 2.297867e-01 8.678612e-13
8.339785e+07 2.393020e-01 8.929153e-13
8.592506e+07 2.488570e-01 9.178123e-13
8.845226e+07 2.584483e-01 9.425537e-13
9.097947e+07 2.680725e-01 9.671414e-13
9.350668e+07 2.777266e-01 9.915771e-13
9.603389e+07 2.874078e-01 1.015862e-12
9.856109e+07 2.971132e-01 1.039999e-12
1.010883e+08 3.068404e-01 1.063988e-12
1.036155e+08 3.165867e-01 1.087831e-12
1.061427e+08 3.263499e-01 1.111531e-12
1.086699e+08 3.361278e-01 1.135087e-12
1.111971e+08 3.459184e-01 1.158502e-12
1.137243e+08 3.557195e-01 1.181778e-12
1.162515e+08 3.655293e-01 1.204915e-12
1.187788e+08 3.753461e-01 1.227914e-12
1.213060e+08 3.851680e-01 1.250778e-12
1.238332e+08 3.949935e-01 1.273508e-12
1.263604e+08 4.048210e-01 1.296104e-12
1.288876e+08 4.146491e-01 1.318568e-12
1.314148e+08 4.244762e-01 1.340901e-12
1.339420e+08 4.343012e-01 1.363105e-12
1.364692e+08 4.441226e-01 1.385180e-12
1.389964e+08 4.539392e-01 1.407128e-12
1.415236e+08 4.637500e-01 1.428950e-12
1.440508e+08 4.735536e-01 1.450648e-12
1.465780e+08 4.833492e-01 1.472221e-12
1.491052e+08 4.931356e-01 1.493671e-12
1.516325e+08 5.029118e-01 1.515000e-12
1.541597e+08 5.126769e-01 1.536209e-12
1.566869e+08 5.224301e-01 1.557297e-12
1.592141e+08 5.321704e-01 1.578267e-12
1.617413e+08 5.418970e-01 1.599120e-12
1.642685e+08 5.516092e-01 1.619856e-12
1.667957e+08 5.613061e-01 1.640476e-12
1.693229e+08 5.709871e-01 1.660981e-12
1.718501e+08 5.806514e-01 1.681373e-12
1.743773e+08 5.902984e-01 1.701652e-12
1.769045e+08 5.999274e-01 1.721819e-12
1.794317e+08 6.095378e-01 1.741875e-12
1.819589e+08 6.191291e-01 1.761821e-12
1.844861e+08 6.287006e-01 1.781658e-12
1.870134e+08 6.382518e-01 1.801387e-12
1.895406e+08 6.477823e-01 1.821008e-12
1.920678e+08 6.572914e-01 1.840522e-12
1.945950e+08 6.667787e-01 1.859930e-12
1.971222e+08 6.762439e-01 1.879234e-12
1.996494e+08 6.856863e-01 1.898433e-12
2.021766e+08 6.951056e-01 1.917528e-12
2.047038e+08 7.045014e-01 1.936522e-12
2.072310e+08 7.138733e-01 1.955413e-12
2.097582e+08 7.232210e-01 1.974203e-12
2.122854e+08 7.325440e-01 1.992892e-12
2.148126e+08 7.418420e-01 2.011482e-12
2.173398e+08 7.511148e-01 2.029973e-12
2.198671e+08 7.603619e-01 2.048366e-12
2.223943e+08 7.695831e-01 2.066662e-12
2.249215e+08 7.787781e-01 2.084860e-12
2.274487e+08 7.879466e-01 2.102963e-12
2.299759e+08 7.970884e-01 2.120970e-12
2.325031e+08 8.062032e-01 2.138883e-12
2.350303e+08 8.152907e-01 2.156701e-12
2.375575e+08 8.243507e-01 2.174426e-12
2.400847e+08 8.333830e-01 2.192059e-12
2.426119e+08 8.423875e-01 2.209599e-12
2.451391e+08 8.513638e-01 2.227048e-12
2.476663e+08 8.603118e-01 2.244406e-12
2.501935e+08 8.692313e-01 2.261674e-12
2.527208e+08 8.781221e-01 2.278853e-12
2.552480e+08 8.869841e-01 2.295942e-12
2.577752e+08 8.958170e-01 2.312943e-12
2.603024e+08 9.046209e-01 2.329856e-12
2.628296e+08 9.133954e-01 2.346682e-12
2.653568e+08 9.221405e-01 2.363422e-12
2.678840e+08 9.308560e-01 2.380076e-12
2.704112e+08 9.395418e-01 2.396644e-12
2.729384e+08 9.481978e-01 2.413127e-12
2.754656e+08 9.568238e-01 2.429526e-12
2.779928e+08 9.654199e-01 2.445841e-12
2.805200e+08 9.739858e-01 2.462073e-12
2.830472e+08 9.825214e-01 2.478222e-12
2.855745e+08 9.910268e-01 2.494289e-12
2.881017e+08 9.995017e-01 2.510275e-12
2.906289e+08 1.007946e+00 2.526179e-12
2.931561e+08 1.016360e+00 2.542003e-12
2.956833e+08 1.024743e+00 2.557746e-12
2.982105e+08 1.033096e+00 2.573410e-12
3.007377e+08 1.041418e+00 2.588995e-12
3.032649e+08 1.049709e+00 2.604502e-12
3.057921e+08 1.057969e+00 2.619930e-12
3.083193e+08 1.066198e+00 2.635280e-12
3.108465e+08 1.074397e+00 2.650554e-12
3.133737e+08 1.082564e+00 2.665751e-12
3.159009e+08 1.090700e+00 2.680871e-12
3.184281e+08 1.098805e+00 2.695916e-12
3.209554e+08 1.106880e+00 2.710886e-12
3.234826e+08 1.114923e+00 2.725781e-12
3.260098e+08 1.122935e+00 2.740601e-12
3.285370e+08 1.130915e+00 2.755348e-12
3.310642e+08 1.138865e+00 2.770021e-12
3.335914e+08 1.146783e+00 2.784621e-12
3.361186e+08 1.154670e+00 2.799148e-12
3.386458e+08 1.162526e+00 2.813603e-12
3.411730e+08 1.170351e+00 2.827987e-12
3.437002e+08 1.178145e+00 2.842299e-12
3.462274e+08 1.185907e+00 2.856540e-12
3.487546e+08 1.193638e+00 2.870711e-12
3.512818e+08 1.201338e+00 2.884811e-12
3.538091e+08 1.209007e+00 2.898842e-12
3.563363e+08 1.216645e+00 2.912804e-12
3.588635e+08 1.224251e+00 2.926696e-12
3.613907e+08 1.231827e+00 2.940521e-12
3.639179e+08 1.239371e+00 2.954277e-12
3.664451e+08 1.246884e+00 2.967965e-12
3.689723e+08 1.254366e+00 2.981586e-12
3.714995e+08 1.261817e+00 2.995140e-12
3.740267e+08 1.269236e+00 3.008628e-12
3.765539e+08 1.276625e+00 3.022049e-12
3.790811e+08 1.283983e+00 3.035405e-12
3.816083e+08 1.291310e+00 3.048695e-12
3.841355e+08 1.298606e+00 3.061920e-12
3.866628e+08 1.305871e+00 3.075080e-12
3.891900e+08 1.313105e+00 3.088176e-12
3.917172e+08 1.320308e+00 3.101208e-12
3.942444e+08 1.327481e+00 3.114176e-12
3.967716e+08 1.334622e+00 3.127081e-12
3.992988e+08 1.341733e+00 3.139922e-12
4.018260e+08 1.348814e+00 3.152702e-12
4.043532e+08 1.355863e+00 3.165418e-12
4.068804e+08 1.362882e+00 3.178073e-12
4.094076e+08 1.369871e+00 3.190667e-12
4.119348e+08 1.376829e+00 3.203199e-12
4.144620e+08 1.383757e+00 3.215669e-12
4.169892e+08 1.390654e+00 3.228080e-12
4.195164e+08 1.397521e+00 3.240430e-12
4.220437e+08 1.404357e+00 3.252720e-12
4.245709e+08 1.411163e+00 3.264950e-12
4.270981e+08 1.417939e+00 3.277121e-12
4.296253e+08 1.424685e+00 3.289233e-12
4.321525e+08 1.431401e+00 3.301286e-12
4.346797e+08 1.438087e+00 3.313281e-12
4.372069e+08 1.444743e+00 3.325217e-12
4.397341e+08 1.451369e+00 3.337096e-12
4.422613e+08 1.457965e+00 3.348917e-12
4.447885e+08 1.464531e+00 3.360681e-12
4.473157e+08 1.471067e+00 3.372388e-12
4.498429e+08 1.477574e+00 3.384038e-12
4.523701e+08 1.484051e+00 3.395632e-12
4.548974e+08 1.490499e+00 3.407170e-12
4.574246e+08 1.496917e+00 3.418652e-12
4.599518e+08 1.503305e+00 3.430079e-12
4.624790e+08 1.509664e+00 3.441450e-12
4.650062e+08 1.515994e+00 3.452767e-12
4.675334e+08 1.522295e+00 3.464029e-12
4.700606e+08 1.528566e+00 3.475236e-12
4.725878e+08 1.534809e+00 3.486389e-12
4.751150e+08 1.541022e+00 3.497489e-12
4.776422e+08 1.547206e+00 3.508535e-12
4.801694e+08 1.553362e+00 3.519528e-12
4.826966e+08 1.559488e+00 3.530467e-12
4.852238e+08 1.565586e+00 3.541354e-12
4.877511e+08 1.571655e+00 3.552188e-12
4.902783e+08 1.577695e+00 3.562971e-12
4.928055e+08 1.583707e+00 3.573701e-12
4.953327e+08 1.589690e+00 3.584379e-12
4.978599e+08 1.595645e+00 3.595006e-12
5.003871e+08 1.601571e+00 3.605582e-12
5.029143e+08 1.607470e+00 3.616107e-12
5.054415e+08 1.613340e+00 3.626581e-12
5.079687e+08 1.619181e+00 3.637004e-12
5.104959e+08 1.624995e+00 3.647378e-12
5.130231e+08 1.630781e+00 3.657701e-12
5.155503e+08 1.636538e+00 3.667975e-12
5.180775e+08 1.642268e+00 3.678199e-12
5.206047e+08 1.647970e+00 3.688374e-12
5.231320e+08 1.653645e+00 3.698500e-12
5.256592e+08 1.659291e+00 3.708577e-12
5.281864e+08 1.664911e+00 3.718606e-12
5.307136e+08 1.670502e+00 3.728586e-12
5.332408e+08 1.676066e+00 3.738518e-12
5.357680e+08 1.681603e+00 3.748403e-12
5.382952e+08 1.687113e+00 3.758239e-12
5.408224e+08 1.692595e+00 3.768029e-12
5.433496e+08 1.698051e+00 3.777771e-12
5.458768e+08 1.703479e+00 3.787467e-12
5.484040e+08 1.708880e+00 3.797115e-12
5.509312e+08 1.714255e+00 3.806717e-12
5.534584e+08 1.719602e+00 3.816273e-12
5.559857e+08 1.724923e+00 3.825783e-12
5.585129e+08 1.730217e+00 3.835247e-12
5.610401e+08 1.735485e+00 3.844665e-12
5.635673e+08 1.740726e+00 3.854038e-12
5.660945e+08 1.745940e+00 3.863366e-12
5.686217e+08 1.751129e+00 3.872649e-12
5.711489e+08 1.756291e+00 3.881887e-12
5.736761e+08 1.761426e+00 3.891080e-12
5.762033e+08 1.766536e+00 3.900230e-12
5.787305e+08 1.771620e+00 3.909335e-12
5.812577e+08 1.776677e+00 3.918396e-12
5.837849e+08 1.781709e+00 3.927413e-12
5.863121e+08 1.786715e+00 3.936387e-12
5.888394e+08 1.791695e+00 3.945317e-12
5.913666e+08 1.796650e+00 3.954205e-12
5.938938e+08 1.801579e+00 3.963049e-12
5.964210e+08 1.806482e+00 3.971851e-12
5.989482e+08 1.811360e+00 3.980610e-12
6.014754e+08 1.816213e+00 3.989327e-12
6.040026e+08 1.821040e+00 3.998002e-12
6.065298e+08 1.825842e+00 4.006635e-12
6.090570e+08 1.830620e+00 4.015226e-12
6.115842e+08 1.835372e+00 4.023776e-12
6.141114e+08 1.840099e+00 4.032284e-12
6.166386e+08 1.844801e+00 4.040751e-12
6.191658e+08 1.849478e+00 4.049177e-12
6.216931e+08 1.854131e+00 4.057563e-12
6.242203e+08 1.858759e+00 4.065907e-12
6.267475e+08 1.863362e+00 4.074212e-12
6.292747e+08 1.867941e+00 4.082476e-12
6.318019e+08 1.872496e+00 4.090700e-12
6.343291e+08 1.877026e+00 4.098884e-12
6.368563e+08 1.881532e+00 4.107028e-12
6.393835e+08 1.886014e+00 4.115133e-12
6.419107e+08 1.890472e+00 4.123199e-12
6.444379e+08 1.894905e+00 4.131226e-12
6.469651e+08 1.899315e+00 4.139213e-12
6.494923e+08 1.903701e+00 4.147162e-12
6.520195e+08 1.908063e+00 4.155072e-12
6.545467e+08 1.912401e+00 4.162944e-12
6.570740e+08 1.916716e+00 4.170777e-12
6.596012e+08 1.921007e+00 4.178573e-12
6.621284e+08 1.925275e+00 4.186330e-12
6.646556e+08 1.929519e+00 4.194050e-12
6.671828e+08 1.933740e+00 4.201732e-12
6.697100e+08 1.937938e+00 4.209377e-12
6.722372e+08 1.942112e+00 4.216984e-12
6.747644e+08 1.946264e+00 4.224555e-12
6.772916e+08 1.950392e+00 4.232088e-12
6.798188e+08 1.954497e+00 4.239585e-12
6.823460e+08 1.958580e+00 4.247045e-12
6.848732e+08 1.962640e+00 4.254469e-12
6.874004e+08 1.966677e+00 4.261857e-12
6.899277e+08 1.970692e+00 4.269208e-12
6.924549e+08 1.974683e+00 4.276524e-12
6.949821e+08 1.978653e+00 4.283804e-12
6.975093e+08 1.982600e+00 4.291048e-12
7.000365e+08 1.986525e+00 4.298257e-12
7.025637e+08 1.990427e+00 4.305431e-12
7.050909e+08 1.994308e+00 4.312569e-12
7.076181e+08 1.998166e+00 4.319673e-12
7.101453e+08 2.002002e+00 4.326742e-12
7.126725e+08 2.005816e+00 4.333776e-12
7.151997e+08 2.009609e+00 4.340775e-12
7.177269e+08 2.013379e+00 4.347741e-12
7.202541e+08 2.017128e+00 4.354672e-12
7.227814e+08 2.020856e+00 4.361569e-12
7.253086e+08 2.024561e+00 4.368432e-12
7.278358e+08 2.028246e+00 4.375262e-12
7.303630e+08 2.031908e+00 4.382058e-12
7.328902e+08 2.035550e+00 4.388820e-12
7.354174e+08 2.039170e+00 4.395549e-12
7.379446e+08 2.042769e+00 4.402245e-12
7.404718e+08 2.046347e+00 4.408909e-12
7.429990e+08 2.049904e+00 4.415539e-12
7.455262e+08 2.053440e+00 4.422137e-12
7.480534e+08 2.056955e+00 4.428702e-12
7.505806e+08 2.060449e+00 4.435235e-12
7.531078e+08 2.063923e+00 4.441735e-12
7.556350e+08 2.067376e+00 4.448203e-12
7.581623e+08 2.070808e+00 4.454640e-12
7.606895e+08 2.074220e+00 4.461045e-12
7.632167e+08 2.077611e+00 4.467418e-12
7.657439e+08 2.080982e+00 4.473759e-12
7.682711e+08 2.084333e+00 4.480069e-12
7.707983e+08 2.087663e+00 4.486348e-12
7.733255e+08 2.090973e+00 4.492596e-12
7.758527e+08 2.094264e+00 4.498812e-12
7.783799e+08 2.097534e+00 4.504998e-12
7.809071e+08 2.100784e+00 4.511154e-12
7.834343e+08 2.104014e+00 4.517278e-12
7.859615e+08 2.107225e+00 4.523373e-12
7.884887e+08 2.110416e+00 4.529437e-12
7.910160e+08 2.113587e+00 4.535470e-12
7.935432e+08 2.116739e+00 4.541474e-12
7.960704e+08 2.119871e+00 4.547448e-12
7.985976e+08 2.122984e+00 4.553392e-12
8.011248e+08 2.126078e+00 4.559307e-12
8.036520e+08 2.129152e+00 4.565192e-12
8.061792e+08 2.132207e+00 4.571048e-12
8.087064e+08 2.135243e+00 4.576875e-12
8.112336e+08 2.138260e+00 4.582672e-12
8.137608e+08 2.141257e+00 4.588441e-12
8.162880e+08 2.144236e+00 4.594180e-12
8.188152e+08 2.147196e+00 4.599891e-12
8.213424e+08 2.150138e+00 4.605574e-12
8.238697e+08 2.153060e+00 4.611228e-12
8.263969e+08 2.155964e+00 4.616854e-12
8.289241e+08 2.158849e+00 4.622451e-12
8.314513e+08 2.161716e+00 4.628021e-12
8.339785e+08 2.164565e+00 4.633562e-12
8.365057e+08 2.167395e+00 4.639076e-12
8.390329e+08 2.170207e+00 4.644562e-12
8.415601e+08 2.173000e+00 4.650020e-12
8.440873e+08 2.175776e+00 4.655451e-12
8.466145e+08 2.178533e+00 4.660855e-12
8.491417e+08 2.181272e+00 4.666232e-12
8.516689e+08 2.183994e+00 4.671581e-12
8.541961e+08 2.186697e+00 4.676904e-12
8.567234e+08 2.189383e+00 4.682200e-12
8.592506e+08 2.192051e+00 4.687469e-12
8.617778e+08 2.194702e+00 4.692711e-12
8.643050e+08 2.197334e+00 4.697927e-12
8.668322e+08 2.199950e+00 4.703117e-12
8.693594e+08 2.202547e+00 4.708280e-12
8.718866e+08 2.205128e+00 4.713418e-12
