0.000000e+00 9.265855e-04 2.933523e-04 1.000000e-07
1.000000e+00 4.010877e-04 6.940083e-05 1.000000e-07
2.000000e+00 3.742057e-04 5.721775e-05 1.000000e-07
3.000000e+00 3.240651e-04 4.311535e-05 1.000000e-07
4.000000e+00 2.789710e-04 3.206451e-05 1.000000e-07
5.000000e+00 2.400359e-04 2.377213e-05 1.000000e-07
6.000000e+00 2.065297e-04 1.760793e-05 1.000000e-07
7.000000e+00 1.777022e-04 1.303827e-05 1.000000e-07
8.000000e+00 1.529000e-04 9.653643e-06 1.000000e-07
9.000000e+00 1.315605e-04 7.147443e-06 1.000000e-07
1.000000e+01 1.131999e-04 5.291851e-06 1.000000e-07
1.100000e+01 9.740221e-05 3.918003e-06 1.000000e-07
1.200000e+01 8.380948e-05 2.900834e-06 1.000000e-07
1.300000e+01 7.211386e-05 2.147741e-06 1.000000e-07
1.400000e+01 6.205051e-05 1.590162e-06 1.000000e-07
1.500000e+01 5.339157e-05 1.177339e-06 1.000000e-07
1.600000e+01 4.594103e-05 8.716899e-07 1.000000e-07
1.700000e+01 3.953022e-05 6.453910e-07 1.000000e-07
1.800000e+01 3.401404e-05 4.778422e-07 1.000000e-07
1.900000e+01 2.926762e-05 3.537909e-07 1.000000e-07
2.000000e+01 2.518355e-05 2.619436e-07 1.000000e-07
2.100000e+01 2.166939e-05 1.939403e-07 1.000000e-07
2.200000e+01 1.864562e-05 1.435914e-07 1.000000e-07
2.300000e+01 1.604379e-05 1.063145e-07 1.000000e-07
2.400000e+01 1.380502e-05 7.871419e-08 1.000000e-07
2.500000e+01 1.187866e-05 5.827913e-08 1.000000e-07
2.600000e+01 1.022110e-05 4.315002e-08 1.000000e-07
2.700000e+01 8.794848e-06 3.194686e-08 1.000000e-07
2.800000e+01 7.567612e-06 2.365431e-08 1.000000e-07
2.900000e+01 6.511627e-06 1.751298e-08 1.000000e-07
3.000000e+01 5.602994e-06 1.296515e-08 1.000000e-07
3.100000e+01 4.821152e-06 9.601533e-09 1.000000e-07
3.200000e+01 4.148409e-06 7.108615e-09 1.000000e-07
3.300000e+01 3.569540e-06 5.263146e-09 1.000000e-07
3.400000e+01 3.071447e-06 3.895798e-09 1.000000e-07
3.500000e+01 2.642858e-06 2.884699e-09 1.000000e-07
3.600000e+01 2.274074e-06 2.136420e-09 1.000000e-07
3.700000e+01 1.956751e-06 1.581481e-09 1.000000e-07
3.800000e+01 1.683706e-06 1.170769e-09 1.000000e-07
3.900000e+01 1.448762e-06 8.672494e-10 1.000000e-07
4.000000e+01 1.246603e-06 6.421312e-10 1.000000e-07
4.100000e+01 1.072652e-06 4.755820e-10 1.000000e-07
4.200000e+01 9.229742e-07 3.509919e-10 1.000000e-07
4.300000e+01 7.941833e-07 2.603779e-10 1.000000e-07
4.400000e+01 6.833634e-07 1.931806e-10 1.000000e-07
4.500000e+01 5.880077e-07 1.421137e-10 1.000000e-07
4.600000e+01 5.059573e-07 1.060605e-10 1.000000e-07
4.700000e+01 4.353554e-07 7.859335e-11 1.000000e-07
4.800000e+01 3.746065e-07 5.855094e-11 1.000000e-07
4.900000e+01 3.223341e-07 4.244716e-11 1.000000e-07
5.000000e+01 2.773557e-07 3.143286e-11 1.000000e-07
5.100000e+01 2.386531e-07 2.425971e-11 1.000000e-07
5.200000e+01 2.053519e-07 1.665557e-11 1.000000e-07
5.300000e+01 1.766967e-07 1.308087e-11 1.000000e-07
5.400000e+01 1.520403e-07 9.588108e-12 1.000000e-07
5.500000e+01 1.308254e-07 6.966872e-12 1.000000e-07
5.600000e+01 1.125704e-07 4.559242e-12 1.000000e-07
5.700000e+01 9.686236e-08 4.142242e-12 1.000000e-07
