0.000000e+00 3.623227e-02 4.883848e-02 1.000000e-07
1.000000e+00 1.039029e-01 4.880557e-01 1.000000e-07
2.000000e+00 7.664386e-02 4.553969e-01 1.000000e-07
3.000000e+00 2.640604e-02 1.547942e-01 1.000000e-07
4.000000e+00 7.508345e-03 3.827216e-02 1.000000e-07
5.000000e+00 2.039440e-03 5.774923e-03 1.000000e-07
6.000000e+00 6.344216e-04 3.239615e-05 1.000000e-07
7.000000e+00 2.097995e-04 3.223523e-04 1.000000e-07
8.000000e+00 6.334086e-05 1.237840e-04 1.000000e-07
9.000000e+00 1.761682e-05 4.050397e-05 1.000000e-07
1.000000e+01 4.750644e-06 1.644425e-05 1.000000e-07
1.100000e+01 1.327684e-06 7.596192e-06 1.000000e-07
1.200000e+01 3.974712e-07 3.262291e-06 1.000000e-07
1.300000e+01 1.298775e-07 1.211027e-06 1.000000e-07
1.400000e+01 4.712374e-08 3.826982e-07 1.000000e-07
1.500000e+01 1.937555e-08 9.967867e-08 1.000000e-07
