0.000000e+00 2.110499e-01 7.697074e-01 1.000000e-07
1.000000e+00 9.966256e-02 7.410992e-01 1.000000e-07
2.000000e+00 2.163556e-02 2.489716e-02 1.000000e-07
3.000000e+00 8.155344e-03 1.199622e-01 1.000000e-07
4.000000e+00 4.490492e-03 7.768639e-02 1.000000e-07
5.000000e+00 1.739122e-03 3.077460e-02 1.000000e-07
6.000000e+00 6.155952e-04 1.062092e-02 1.000000e-07
7.000000e+00 2.203868e-04 3.715306e-03 1.000000e-07
8.000000e+00 7.752998e-05 1.302482e-03 1.000000e-07
9.000000e+00 2.524358e-05 4.222780e-04 1.000000e-07
1.000000e+01 7.167394e-06 1.188385e-04 1.000000e-07
1.100000e+01 1.745255e-06 2.766138e-05 1.000000e-07
1.200000e+01 4.549539e-07 4.878403e-06 1.000000e-07
1.300000e+01 1.457838e-07 4.398760e-07 1.000000e-07
1.400000e+01 4.982755e-08 8.473394e-08 1.000000e-07
