0.000000e+00 2.153211e-01 7.963929e-01 1.000000e-07
1.000000e+00 9.196511e-02 7.327790e-01 1.000000e-07
2.000000e+00 1.976305e-02 2.077590e-02 1.000000e-07
3.000000e+00 7.665734e-03 1.230680e-01 1.000000e-07
4.000000e+00 4.229608e-03 7.874037e-02 1.000000e-07
5.000000e+00 1.616384e-03 3.083790e-02 1.000000e-07
6.000000e+00 5.655933e-04 1.057488e-02 1.000000e-07
7.000000e+00 2.027495e-04 3.710951e-03 1.000000e-07
8.000000e+00 7.201573e-05 1.310419e-03 1.000000e-07
9.000000e+00 2.367984e-05 4.267602e-04 1.000000e-07
1.000000e+01 6.763617e-06 1.200926e-04 1.000000e-07
1.100000e+01 1.627996e-06 2.784789e-05 1.000000e-07
1.200000e+01 4.034046e-07 4.884373e-06 1.000000e-07
1.300000e+01 1.266040e-07 4.462214e-07 1.000000e-07
1.400000e+01 4.304688e-08 7.735268e-08 1.000000e-07
