0.000000e+00 9.196079e-04 2.961099e-04 1.000000e-07
1.000000e+00 3.979827e-04 7.005427e-05 1.000000e-07
2.000000e+00 3.712971e-04 5.775627e-05 1.000000e-07
3.000000e+00 3.215361e-04 4.352094e-05 1.000000e-07
4.000000e+00 2.767860e-04 3.236599e-05 1.000000e-07
5.000000e+00 2.381497e-04 2.399552e-05 1.000000e-07
6.000000e+00 2.049021e-04 1.777330e-05 1.000000e-07
7.000000e+00 1.762983e-04 1.316065e-05 1.000000e-07
8.000000e+00 1.516894e-04 9.744203e-06 1.000000e-07
9.000000e+00 1.305168e-04 7.214461e-06 1.000000e-07
1.000000e+01 1.123004e-04 5.341434e-06 1.000000e-07
1.100000e+01 9.662703e-05 3.954696e-06 1.000000e-07
1.200000e+01 8.314158e-05 2.927989e-06 1.000000e-07
1.300000e+01 7.153847e-05 2.167838e-06 1.000000e-07
1.400000e+01 6.155488e-05 1.605035e-06 1.000000e-07
1.500000e+01 5.296470e-05 1.188332e-06 1.000000e-07
1.600000e+01 4.557340e-05 8.798283e-07 1.000000e-07
1.700000e+01 3.921364e-05 6.514173e-07 1.000000e-07
1.800000e+01 3.374143e-05 4.822946e-07 1.000000e-07
1.900000e+01 2.903290e-05 3.570852e-07 1.000000e-07
2.000000e+01 2.498145e-05 2.643845e-07 1.000000e-07
2.100000e+01 2.149539e-05 1.957469e-07 1.000000e-07
2.200000e+01 1.849581e-05 1.449346e-07 1.000000e-07
2.300000e+01 1.591482e-05 1.072999e-07 1.000000e-07
2.400000e+01 1.369399e-05 7.944348e-08 1.000000e-07
2.500000e+01 1.178308e-05 5.883293e-08 1.000000e-07
2.600000e+01 1.013883e-05 4.353673e-08 1.000000e-07
2.700000e+01 8.724020e-06 3.224248e-08 1.000000e-07
2.800000e+01 7.506642e-06 2.387734e-08 1.000000e-07
2.900000e+01 6.459145e-06 1.767506e-08 1.000000e-07
3.000000e+01 5.557816e-06 1.309334e-08 1.000000e-07
3.100000e+01 4.782265e-06 9.688059e-09 1.000000e-07
3.200000e+01 4.114937e-06 7.169964e-09 1.000000e-07
3.300000e+01 3.540726e-06 5.306794e-09 1.000000e-07
3.400000e+01 3.046645e-06 3.931482e-09 1.000000e-07
3.500000e+01 2.621513e-06 2.911897e-09 1.000000e-07
3.600000e+01 2.255696e-06 2.163032e-09 1.000000e-07
3.700000e+01 1.940932e-06 1.595649e-09 1.000000e-07
3.800000e+01 1.670091e-06 1.175990e-09 1.000000e-07
3.900000e+01 1.437043e-06 8.775833e-10 1.000000e-07
4.000000e+01 1.236519e-06 6.586189e-10 1.000000e-07
4.100000e+01 1.063971e-06 4.809260e-10 1.000000e-07
4.200000e+01 9.155005e-07 3.488738e-10 1.000000e-07
4.300000e+01 7.877513e-07 2.607403e-10 1.000000e-07
4.400000e+01 6.778258e-07 1.967968e-10 1.000000e-07
4.500000e+01 5.832384e-07 1.390899e-10 1.000000e-07
4.600000e+01 5.018557e-07 1.086946e-10 1.000000e-07
4.700000e+01 4.318241e-07 7.696954e-11 1.000000e-07
4.800000e+01 3.715674e-07 6.038037e-11 1.000000e-07
4.900000e+01 3.197169e-07 4.407652e-11 1.000000e-07
5.000000e+01 2.751040e-07 3.075762e-11 1.000000e-07
5.100000e+01 2.367162e-07 2.469669e-11 1.000000e-07
5.200000e+01 2.036838e-07 1.561795e-11 1.000000e-07
5.300000e+01 1.752627e-07 1.357692e-11 1.000000e-07
5.400000e+01 1.508052e-07 1.198952e-11 1.000000e-07
5.500000e+01 1.297609e-07 1.714850e-12 1.000000e-07
5.600000e+01 1.116552e-07 6.725287e-12 1.000000e-07
5.700000e+01 9.607134e-08 7.705392e-12 1.000000e-07
