#istep,Nusselt,vrms,qy bottom, qy top
0.000000e+00 4.9810329069 45.8526774060 4.9810329034 4.9810329069 
1.000000e+00 18.7552688523 843.6706533014 18.7552688515 18.7552688523 
2.000000e+00 19.3896935231 576.1329308768 19.3896935231 19.3896935231 
3.000000e+00 17.3691081185 412.5787265973 17.3691081180 17.3691081185 
4.000000e+00 16.1291383708 364.7540230313 16.1291383700 16.1291383708 
5.000000e+00 15.6536687085 354.8510486598 15.6536687092 15.6536687085 
6.000000e+00 15.4929750535 352.4941549915 15.4929750548 15.4929750535 
7.000000e+00 15.4376173010 351.6255720229 15.4376173013 15.4376173010 
8.000000e+00 15.4184873400 351.3080793409 15.4184873406 15.4184873400 
9.000000e+00 15.4124218380 351.2245357314 15.4124218381 15.4124218380 
1.000000e+01 15.4107875518 351.2128351235 15.4107875521 15.4107875518 
1.100000e+01 15.4104422233 351.2142586310 15.4104422247 15.4104422233 
1.200000e+01 15.4103970708 351.2156989719 15.4103970713 15.4103970708 
1.300000e+01 15.4104002550 351.2161773490 15.4104002556 15.4104002550 
1.400000e+01 15.4104045085 351.2162571086 15.4104045103 15.4104045085 
1.500000e+01 15.4104059086 351.2162422804 15.4104059080 15.4104059086 
