#istep,Nusselt,vrms,qy bottom, qy top
0.000000e+00 4.9415932331 45.8527156813 4.9415932231 4.9415932331 
1.000000e+00 18.8383316572 843.6613522588 18.8383316525 18.8383316572 
2.000000e+00 19.2923939589 576.2953933821 19.2923939528 19.2923939589 
3.000000e+00 17.1761756317 412.6271265345 17.1761756270 17.1761756317 
4.000000e+00 15.9112191838 364.8669062146 15.9112191809 15.9112191838 
5.000000e+00 15.4297405139 355.0153230047 15.4297405129 15.4297405139 
6.000000e+00 15.2666458455 352.6519464975 15.2666458465 15.2666458455 
7.000000e+00 15.2098757591 351.7658294797 15.2098757592 15.2098757591 
8.000000e+00 15.1899619800 351.4380161605 15.1899619796 15.1899619800 
9.000000e+00 15.1835205771 351.3502565748 15.1835205764 15.1835205771 
1.000000e+01 15.1817261421 351.3370656570 15.1817261409 15.1817261421 
1.100000e+01 15.1813183742 351.3379919910 15.1813183703 15.1813183742 
1.200000e+01 15.1812506479 351.3392791187 15.1812506411 15.1812506479 
1.300000e+01 15.1812462646 351.3397183307 15.1812462635 15.1812462646 
1.400000e+01 15.1812481838 351.3397918348 15.1812481834 15.1812481838 
1.500000e+01 15.1812489226 351.3397775816 15.1812489240 15.1812489226 
