# #y,T
0.000000000000000000e+00 9.999999999999985567e-01
1.041666666666666609e-02 7.832180458415245461e-01
2.083333333333333218e-02 6.258201118559277853e-01
3.125000000000000000e-02 5.353719779287668956e-01
4.166666666666666435e-02 4.895413048171855519e-01
5.208333333333332871e-02 4.676700950111051247e-01
6.250000000000000000e-02 4.611658569394579410e-01
7.291666666666665741e-02 4.625422367721261918e-01
8.333333333333332871e-02 4.679279395117261764e-01
9.375000000000000000e-02 4.746479866955083948e-01
1.041666666666666574e-01 4.811878090991461576e-01
1.145833333333333287e-01 4.868102343866314019e-01
1.250000000000000000e-01 4.911862841701797877e-01
1.354166666666666574e-01 4.943678921031524620e-01
1.458333333333333148e-01 4.964933847988891591e-01
1.562500000000000000e-01 4.978362329547579290e-01
1.666666666666666574e-01 4.986036609367659467e-01
1.770833333333333148e-01 4.990268159109245705e-01
1.875000000000000000e-01 4.992324707576223930e-01
1.979166666666666574e-01 4.993454575266467188e-01
2.083333333333333148e-01 4.994087134105598125e-01
2.187500000000000000e-01 4.994699668947783500e-01
2.291666666666666574e-01 4.995288268562942391e-01
2.395833333333333148e-01 4.995983733060275211e-01
2.500000000000000000e-01 4.996665148007531920e-01
2.604166666666666297e-01 4.997370934139828136e-01
2.708333333333333148e-01 4.997996856714281844e-01
2.812500000000000000e-01 4.998579565649403089e-01
2.916666666666666297e-01 4.999054962415958592e-01
3.020833333333333148e-01 4.999469273437864292e-01
3.125000000000000000e-01 4.999785565488932826e-01
3.229166666666666297e-01 5.000050405965810185e-01
3.333333333333333148e-01 5.000239735839966393e-01
3.437500000000000000e-01 5.000393299005676528e-01
3.541666666666666297e-01 5.000492502017552798e-01
3.645833333333333148e-01 5.000568437335939365e-01
3.750000000000000000e-01 5.000605591273661332e-01
3.854166666666666297e-01 5.000627485600573907e-01
3.958333333333333148e-01 5.000621324845270221e-01
4.062500000000000000e-01 5.000604787276131669e-01
4.166666666666666297e-01 5.000567815480668754e-01
4.270833333333333148e-01 5.000523644630900932e-01
4.375000000000000000e-01 5.000464871228880170e-01
4.479166666666666297e-01 5.000401212115759275e-01
4.583333333333333148e-01 5.000327740679229027e-01
4.687500000000000000e-01 5.000251232363466247e-01
4.791666666666666297e-01 5.000169072137002901e-01
4.895833333333333148e-01 5.000085457642902131e-01
5.000000000000000000e-01 4.999999997813630581e-01
5.104166666666666297e-01 4.999914537986872576e-01
5.208333333333332593e-01 4.999830923489244072e-01
5.312500000000000000e-01 4.999748763256233741e-01
5.416666666666666297e-01 4.999672254935188520e-01
5.520833333333332593e-01 4.999598783495648457e-01
5.625000000000000000e-01 4.999535124379684281e-01
5.729166666666666297e-01 4.999476350975511907e-01
5.833333333333332593e-01 4.999432180123981051e-01
5.937500000000000000e-01 4.999395208327544471e-01
6.041666666666666297e-01 4.999378670757724241e-01
6.145833333333332593e-01 4.999372510002469960e-01
6.250000000000000000e-01 4.999394404329752239e-01
6.354166666666666297e-01 4.999431558267886100e-01
6.458333333333332593e-01 4.999507493586529128e-01
6.562500000000000000e-01 4.999606696599364075e-01
6.666666666666666297e-01 4.999760259766228288e-01
6.770833333333332593e-01 4.999949589641219938e-01
6.875000000000000000e-01 5.000214430119486186e-01
6.979166666666666297e-01 5.000530722172573661e-01
7.083333333333332593e-01 5.000945033196604328e-01
7.187500000000000000e-01 5.001420429965492964e-01
7.291666666666666297e-01 5.002003138903255985e-01
7.395833333333332593e-01 5.002629061480076134e-01
7.500000000000000000e-01 5.003334847614797631e-01
7.604166666666666297e-01 5.004016262566050033e-01
7.708333333333332593e-01 5.004711727067274740e-01
7.812500000000000000e-01 5.005300326686205059e-01
7.916666666666666297e-01 5.005912861531081059e-01
8.020833333333332593e-01 5.006545420370224209e-01
8.125000000000000000e-01 5.007675288057408247e-01
8.229166666666666297e-01 5.009731836515726178e-01
8.333333333333332593e-01 5.013963386241898634e-01
8.437500000000000000e-01 5.021637666039016068e-01
8.541666666666666297e-01 5.035066147571171102e-01
8.645833333333332593e-01 5.056321074500104151e-01
8.750000000000000000e-01 5.088137153809677571e-01
8.854166666666666297e-01 5.131897651645768166e-01
8.958333333333332593e-01 5.188121904564366726e-01
9.062500000000000000e-01 5.253520128700851499e-01
9.166666666666666297e-01 5.320720600705574066e-01
9.270833333333332593e-01 5.374577628341159485e-01
9.375000000000000000e-01 5.388341426982786730e-01
9.479166666666666297e-01 5.323299046663980683e-01
9.583333333333332593e-01 5.104586949092314585e-01
9.687500000000000000e-01 4.646280218542928608e-01
9.791666666666666297e-01 3.741798879904496000e-01
9.895833333333332593e-01 2.167819540746884210e-01
1.000000000000000000e+00 0.000000000000000000e+00
