# #y,T
0.000000000000000000e+00 1.000000000000000666e+00
2.083333333333333218e-02 9.278390444305255613e-01
4.166666666666666435e-02 8.579013927355169100e-01
6.250000000000000000e-02 7.922095590186493119e-01
8.333333333333332871e-02 7.323304676133147728e-01
1.041666666666666574e-01 6.793605686072542449e-01
1.250000000000000000e-01 6.337983704594200018e-01
1.458333333333333148e-01 5.956715938748167183e-01
1.666666666666666574e-01 5.645977395158799927e-01
1.875000000000000000e-01 5.399070911348264890e-01
2.083333333333333148e-01 5.208149595780799945e-01
2.291666666666666574e-01 5.064476114951605989e-01
2.500000000000000000e-01 4.960187295036410093e-01
2.708333333333333148e-01 4.887699133018036934e-01
2.916666666666666297e-01 4.840938097569752463e-01
3.125000000000000000e-01 4.814473991107325324e-01
3.333333333333333148e-01 4.804178201214630017e-01
3.541666666666666297e-01 4.806509291258922456e-01
3.750000000000000000e-01 4.818786537320097207e-01
3.958333333333333148e-01 4.838744713131925557e-01
4.166666666666666297e-01 4.864610235499106650e-01
4.375000000000000000e-01 4.894867042245089062e-01
4.583333333333333148e-01 4.928251234740860798e-01
4.791666666666666297e-01 4.963636160535913056e-01
5.000000000000000000e-01 5.000000000005334622e-01
5.208333333333332593e-01 5.036363839474651272e-01
5.416666666666666297e-01 5.071748765269402659e-01
5.625000000000000000e-01 5.105132957764692003e-01
5.833333333333332593e-01 5.135389764510048805e-01
6.041666666666666297e-01 5.161255286876529347e-01
6.250000000000000000e-01 5.181213462687680460e-01
6.458333333333332593e-01 5.193490708748277340e-01
6.666666666666666297e-01 5.195821798792136237e-01
6.875000000000000000e-01 5.185526008899116190e-01
7.083333333333332593e-01 5.159061902436460345e-01
7.291666666666666297e-01 5.112300866987989911e-01
7.500000000000000000e-01 5.039812704969400814e-01
7.708333333333332593e-01 4.935523885053954007e-01
7.916666666666666297e-01 4.791850404224552995e-01
8.125000000000000000e-01 4.600929088656919852e-01
8.333333333333332593e-01 4.354022604846295996e-01
8.541666666666666297e-01 4.043284061256840478e-01
8.750000000000000000e-01 3.662016295410718270e-01
8.958333333333332593e-01 3.206394313932234841e-01
9.166666666666666297e-01 2.676695323871459142e-01
9.375000000000000000e-01 2.077904409817882547e-01
9.583333333333332593e-01 1.420986072648285914e-01
9.791666666666666297e-01 7.216095556966718727e-02
1.000000000000000000e+00 0.000000000000000000e+00
