# #y,T
0.000000000000000000e+00 9.999999999999993339e-01
3.125000000000000000e-02 6.253977683584798219e-01
6.250000000000000000e-02 4.909751834105465229e-01
9.375000000000000000e-02 4.630626511244395060e-01
1.250000000000000000e-01 4.744300913186837443e-01
1.562500000000000000e-01 4.856401143556306477e-01
1.875000000000000000e-01 4.954154225153967750e-01
2.187500000000000000e-01 4.985173105728464282e-01
2.500000000000000000e-01 5.003412941374527634e-01
2.812500000000000000e-01 5.001555468646905478e-01
3.125000000000000000e-01 5.004732601391372881e-01
3.437500000000000000e-01 5.002150129399589584e-01
3.750000000000000000e-01 5.003908294442178661e-01
4.062500000000000000e-01 5.002126030853064620e-01
4.375000000000000000e-01 5.002389522240153763e-01
4.687500000000000000e-01 5.000884466155699482e-01
5.000000000000000000e-01 5.000000000312948556e-01
5.312500000000000000e-01 4.999115534469046884e-01
5.625000000000000000e-01 4.997610478384699739e-01
5.937500000000000000e-01 4.997873969771204905e-01
6.250000000000000000e-01 4.996091706183073411e-01
6.562500000000000000e-01 4.997849871226083818e-01
6.875000000000000000e-01 4.995267399235953643e-01
7.187500000000000000e-01 4.998444531982805250e-01
7.500000000000000000e-01 4.996587059254853913e-01
7.812500000000000000e-01 5.014826894894178766e-01
8.125000000000000000e-01 5.045845775457390436e-01
8.437500000000000000e-01 5.143598857039577421e-01
8.750000000000000000e-01 5.255699087402768699e-01
9.062500000000000000e-01 5.369373489379656306e-01
9.375000000000000000e-01 5.090248166557612697e-01
9.687500000000000000e-01 3.746022316925126106e-01
1.000000000000000000e+00 0.000000000000000000e+00
