# #y,T
0.000000000000000000e+00 9.999999999999985567e-01
1.041666666666666609e-02 8.551197704712139025e-01
2.083333333333333218e-02 7.286081111085467299e-01
3.125000000000000000e-02 6.312107081507245532e-01
4.166666666666666435e-02 5.629752366461844293e-01
5.208333333333332871e-02 5.180116262372282954e-01
6.250000000000000000e-02 4.901918274338699089e-01
7.291666666666665741e-02 4.737222385915734191e-01
8.333333333333332871e-02 4.652429222022678723e-01
9.375000000000000000e-02 4.620039198370243239e-01
1.041666666666666574e-01 4.622671047834769897e-01
1.145833333333333287e-01 4.646977024094331998e-01
1.250000000000000000e-01 4.683529006800177807e-01
1.354166666666666574e-01 4.725740447102323993e-01
1.458333333333333148e-01 4.768832906945358330e-01
1.562500000000000000e-01 4.809906041072068983e-01
1.666666666666666574e-01 4.846950053223849086e-01
1.770833333333333148e-01 4.879140664375940517e-01
1.875000000000000000e-01 4.906039768542184154e-01
1.979166666666666574e-01 4.927913715740698808e-01
2.083333333333333148e-01 4.945093163322364371e-01
2.187500000000000000e-01 4.958289609094735928e-01
2.291666666666666574e-01 4.968081236646696985e-01
2.395833333333333148e-01 4.975227215930118629e-01
2.500000000000000000e-01 4.980262484354550656e-01
2.604166666666666297e-01 4.983797061909882031e-01
2.708333333333333148e-01 4.986207552918462960e-01
2.812500000000000000e-01 4.987901946805971543e-01
2.916666666666666297e-01 4.989092666263148512e-01
3.020833333333333148e-01 4.990013079209985603e-01
3.125000000000000000e-01 4.990754138602361278e-01
3.229166666666666297e-01 4.991429881298207749e-01
3.333333333333333148e-01 4.992060309967452647e-01
3.437500000000000000e-01 4.992692015868943622e-01
3.541666666666666297e-01 4.993313176542173437e-01
3.645833333333333148e-01 4.993939345645014294e-01
3.750000000000000000e-01 4.994550442756953146e-01
3.854166666666666297e-01 4.995151608902446139e-01
3.958333333333333148e-01 4.995725570425244011e-01
4.062500000000000000e-01 4.996276316566618525e-01
4.166666666666666297e-01 4.996792769901987619e-01
4.270833333333333148e-01 4.997280530821022193e-01
4.375000000000000000e-01 4.997734436041682549e-01
4.479166666666666297e-01 4.998161546901581653e-01
4.583333333333333148e-01 4.998561165534243234e-01
4.687500000000000000e-01 4.998940822051219368e-01
4.791666666666666297e-01 4.999302889382082893e-01
4.895833333333333148e-01 4.999654451573891101e-01
5.000000000000000000e-01 4.999999995794862651e-01
5.104166666666666297e-01 5.000345540022347324e-01
5.208333333333332593e-01 5.000697102193034649e-01
5.312500000000000000e-01 5.001059169490910117e-01
5.416666666666666297e-01 5.001438825980826230e-01
5.520833333333332593e-01 5.001838444593628141e-01
5.625000000000000000e-01 5.002265555436163913e-01
5.729166666666666297e-01 5.002719460642692795e-01
5.833333333333332593e-01 5.003207221548955363e-01
5.937500000000000000e-01 5.003723674873443716e-01
6.041666666666666297e-01 5.004274421005345808e-01
6.145833333333332593e-01 5.004848382520200589e-01
6.250000000000000000e-01 5.005449548658084113e-01
6.354166666666666297e-01 5.006060645761469807e-01
6.458333333333332593e-01 5.006686814856147194e-01
6.562500000000000000e-01 5.007307975522392596e-01
6.666666666666666297e-01 5.007939681417896693e-01
6.770833333333332593e-01 5.008570110081321802e-01
6.875000000000000000e-01 5.009245852772462593e-01
6.979166666666666297e-01 5.009986912160420136e-01
7.083333333333332593e-01 5.010907325103211019e-01
7.187500000000000000e-01 5.012098044556483334e-01
7.291666666666666297e-01 5.013792438438446908e-01
7.395833333333332593e-01 5.016202929438110525e-01
7.500000000000000000e-01 5.019737506981080122e-01
7.604166666666666297e-01 5.024772775389900747e-01
7.708333333333332593e-01 5.031918754652227044e-01
7.812500000000000000e-01 5.041710382175857985e-01
7.916666666666666297e-01 5.054906827911657130e-01
8.020833333333332593e-01 5.072086275446791026e-01
8.125000000000000000e-01 5.093960222588628239e-01
8.229166666666666297e-01 5.120859326687808855e-01
8.333333333333332593e-01 5.153049937762311794e-01
8.437500000000000000e-01 5.190093949825069775e-01
8.541666666666666297e-01 5.231167083849695976e-01
8.645833333333332593e-01 5.274259543575741116e-01
8.750000000000000000e-01 5.316470983745559264e-01
8.854166666666666297e-01 5.353022966305068797e-01
8.958333333333332593e-01 5.377328942407814116e-01
9.062500000000000000e-01 5.379960791715994173e-01
9.166666666666666297e-01 5.347570767932419145e-01
9.270833333333332593e-01 5.262777603973174401e-01
9.375000000000000000e-01 5.098081715624721566e-01
9.479166666666666297e-01 4.819883727909846094e-01
9.583333333333332593e-01 4.370247624566222511e-01
9.687500000000000000e-01 3.687892910832091808e-01
9.791666666666666297e-01 2.713918883269036408e-01
9.895833333333332593e-01 1.448802292275746806e-01
1.000000000000000000e+00 0.000000000000000000e+00
