# #y,T
0.000000000000000000e+00 9.999999999999993339e-01
3.125000000000000000e-02 9.687499800817218620e-01
6.250000000000000000e-02 9.374999609281616797e-01
9.375000000000000000e-02 9.062499432775502628e-01
1.250000000000000000e-01 8.749999278046419748e-01
1.562500000000000000e-01 8.437499151088126981e-01
1.875000000000000000e-01 8.124999056721415869e-01
2.187500000000000000e-01 7.812498998638961467e-01
2.500000000000000000e-01 7.499998979000865873e-01
2.812500000000000000e-01 7.187498998636571157e-01
3.125000000000000000e-01 6.874999056716648571e-01
3.437500000000000000e-01 6.562499151081033766e-01
3.750000000000000000e-01 6.249999278037092765e-01
4.062500000000000000e-01 5.937499432764050677e-01
4.375000000000000000e-01 5.624999609268176437e-01
4.687500000000000000e-01 5.312499800801911976e-01
5.000000000000000000e-01 4.999999999982909227e-01
5.312500000000000000e-01 4.687500199164084114e-01
5.625000000000000000e-01 4.375000390698327024e-01
5.937500000000000000e-01 4.062500567203354285e-01
6.250000000000000000e-01 3.750000721931655012e-01
6.562500000000000000e-01 3.437500848889394334e-01
6.875000000000000000e-01 3.125000943255798469e-01
7.187500000000000000e-01 2.812501001338174045e-01
7.500000000000000000e-01 2.500001020976382327e-01
7.812500000000000000e-01 2.187501001340914908e-01
8.125000000000000000e-01 1.875000943261173336e-01
8.437500000000000000e-01 1.562500848897214467e-01
8.750000000000000000e-01 1.250000721941743331e-01
9.062500000000000000e-01 9.375005672155245495e-02
9.375000000000000000e-01 6.250003907123156954e-02
9.687500000000000000e-01 3.125001991796933637e-02
1.000000000000000000e+00 0.000000000000000000e+00
