  0 1.000000e+00 9.886559e-01 1.000000e+00 1.000000e-08
  1 1.627480e-02 2.300539e-02 1.188160e+02 1.000000e-08
  2 1.830454e-05 1.396965e-02 1.313683e-02 1.000000e-08
  3 1.546871e-05 1.355172e-02 7.926170e-03 1.000000e-08
  4 1.426019e-05 1.305290e-02 6.134775e-03 1.000000e-08
  5 1.322074e-05 1.301777e-02 4.627793e-03 1.000000e-08
  6 1.153533e-05 1.284876e-02 3.646446e-03 1.000000e-08
  7 9.497360e-06 1.292959e-02 4.065643e-03 1.000000e-08
  8 7.709345e-06 1.324849e-02 3.923694e-03 1.000000e-08
  9 6.470902e-06 1.353751e-02 3.528262e-03 1.000000e-08
 10 5.717254e-06 1.349208e-02 3.434568e-03 1.000000e-08
 11 5.193650e-06 1.302471e-02 3.484397e-03 1.000000e-08
 12 4.724326e-06 1.233402e-02 3.543855e-03 1.000000e-08
 13 4.265828e-06 1.160884e-02 3.577893e-03 1.000000e-08
 14 3.858194e-06 1.090342e-02 3.517734e-03 1.000000e-08
 15 3.540491e-06 1.017565e-02 3.306076e-03 1.000000e-08
 16 3.301895e-06 9.384806e-03 2.957648e-03 1.000000e-08
 17 3.081584e-06 8.555803e-03 2.556533e-03 1.000000e-08
 18 2.833097e-06 7.770491e-03 2.184525e-03 1.000000e-08
 19 2.561762e-06 7.078913e-03 1.870215e-03 1.000000e-08
 20 2.291526e-06 6.466100e-03 1.611322e-03 1.000000e-08
 21 2.036335e-06 5.899801e-03 1.402745e-03 1.000000e-08
 22 1.801140e-06 5.362477e-03 1.238218e-03 1.000000e-08
 23 1.588002e-06 4.848330e-03 1.107469e-03 1.000000e-08
 24 1.397769e-06 4.355451e-03 9.991523e-04 1.000000e-08
 25 1.229881e-06 3.883636e-03 9.045060e-04 1.000000e-08
 26 1.082482e-06 3.434522e-03 8.184117e-04 1.000000e-08
 27 9.530153e-07 3.011245e-03 7.385871e-04 1.000000e-08
 28 8.388420e-07 2.617389e-03 6.643400e-04 1.000000e-08
 29 7.376126e-07 2.255959e-03 5.956065e-04 1.000000e-08
 30 6.473930e-07 1.928825e-03 5.324164e-04 1.000000e-08
 31 5.666484e-07 1.636629e-03 4.746801e-04 1.000000e-08
 32 4.941721e-07 1.378951e-03 4.221507e-04 1.000000e-08
 33 4.290056e-07 1.154564e-03 3.744609e-04 1.000000e-08
 34 3.703727e-07 9.616701e-04 3.311773e-04 1.000000e-08
 35 3.176337e-07 7.980611e-04 2.918509e-04 1.000000e-08
 36 2.702563e-07 6.612171e-04 2.560544e-04 1.000000e-08
 37 2.277969e-07 5.483363e-04 2.234050e-04 1.000000e-08
 38 1.898868e-07 4.563397e-04 1.935755e-04 1.000000e-08
 39 1.562198e-07 3.818976e-04 1.662976e-04 1.000000e-08
 40 1.265388e-07 3.215313e-04 1.413592e-04 1.000000e-08
 41 1.006233e-07 2.718206e-04 1.186003e-04 1.000000e-08
 42 7.827519e-08 2.296830e-04 9.790847e-05 1.000000e-08
 43 5.930579e-08 1.926369e-04 7.921384e-05 1.000000e-08
 44 4.352304e-08 1.589627e-04 6.248592e-05 1.000000e-08
 45 3.071940e-08 1.277335e-04 4.772920e-05 1.000000e-08
 46 2.066109e-08 9.873792e-05 3.497681e-05 1.000000e-08
 47 1.307903e-08 7.233405e-05 2.427871e-05 1.000000e-08
 48 7.662730e-09 4.925480e-05 1.568007e-05 1.000000e-08
 49 4.059385e-09 3.035904e-05 9.184925e-06 1.000000e-08
