0 -2.074562e+07 3.723004e+10 
1 -3.704494e+10 2.267877e+07 
2 -1.002321e+07 9.952118e+06 
3 -1.017742e+07 5.007846e+06 
4 -9.976819e+06 4.074281e+06 
5 -6.106038e+06 2.689458e+06 
6 -2.833025e+06 2.015055e+06 
7 -2.655229e+06 7.139542e+06 
8 -2.562283e+06 6.653207e+06 
9 -2.459730e+06 3.704380e+06 
10 -2.301380e+06 4.538663e+06 
11 -2.289487e+06 5.871382e+06 
12 -2.382596e+06 6.896201e+06 
13 -2.386135e+06 7.635668e+06 
14 -2.330457e+06 7.910731e+06 
15 -2.223745e+06 7.581244e+06 
16 -2.070753e+06 6.700082e+06 
17 -1.888364e+06 5.522883e+06 
18 -1.704332e+06 4.345962e+06 
19 -1.537267e+06 3.323165e+06 
20 -1.389028e+06 2.475659e+06 
21 -1.255330e+06 1.793032e+06 
22 -1.133122e+06 1.266368e+06 
23 -1.020546e+06 8.786606e+05 
24 -9.159323e+05 6.034227e+05 
25 -8.178813e+05 4.360306e+05 
26 -7.256254e+05 3.929650e+05 
27 -6.390566e+05 3.512492e+05 
28 -5.584657e+05 3.129461e+05 
29 -4.842324e+05 2.790983e+05 
30 -4.312434e+05 2.469693e+05 
31 -3.935880e+05 2.169758e+05 
32 -3.573460e+05 1.893409e+05 
33 -3.226396e+05 1.661023e+05 
34 -2.895504e+05 1.519947e+05 
35 -2.581348e+05 1.384986e+05 
36 -2.284345e+05 1.250846e+05 
37 -2.004820e+05 1.118758e+05 
38 -1.743028e+05 9.898411e+04 
39 -1.499169e+05 8.651315e+04 
40 -1.273397e+05 7.706325e+04 
41 -1.065838e+05 6.792135e+04 
42 -8.766095e+04 5.855015e+04 
43 -7.167472e+04 4.919939e+04 
44 -5.880378e+04 4.011238e+04 
45 -4.645289e+04 3.152697e+04 
46 -3.504812e+04 2.367428e+04 
47 -2.496239e+04 1.677278e+04 
48 -1.650256e+04 1.101369e+04 
49 -9.881234e+03 6.533876e+03 
