0.000000e+00 -3.229965e+07 2.950545e+07 
1.577880e+08 -5.036512e+07 4.249575e+07 
3.155760e+08 -6.154726e+07 5.144345e+07 
4.733640e+08 -6.921313e+07 5.816383e+07 
6.311520e+08 -7.579092e+07 6.347748e+07 
7.889400e+08 -7.994536e+07 6.790725e+07 
9.467280e+08 -8.202580e+07 7.175458e+07 
1.104516e+09 -8.359220e+07 7.520075e+07 
1.262304e+09 -8.822220e+07 7.835723e+07 
1.420092e+09 -9.277187e+07 8.129335e+07 
1.577880e+09 -9.687256e+07 8.405493e+07 
1.735668e+09 -1.005996e+08 8.667057e+07 
1.893456e+09 -1.039974e+08 8.916031e+07 
2.051244e+09 -1.071179e+08 9.153882e+07 
2.209032e+09 -1.099583e+08 9.381705e+07 
2.366820e+09 -1.125609e+08 9.600314e+07 
2.524608e+09 -1.149654e+08 9.810450e+07 
2.682396e+09 -1.171883e+08 1.001261e+08 
2.840184e+09 -1.192548e+08 1.020716e+08 
2.997972e+09 -1.211624e+08 1.039464e+08 
3.155760e+09 -1.229312e+08 1.057532e+08 
3.313548e+09 -1.245497e+08 1.074941e+08 
3.471336e+09 -1.260536e+08 1.091724e+08 
3.629124e+09 -1.274537e+08 1.107913e+08 
3.786912e+09 -1.287502e+08 1.123523e+08 
3.944700e+09 -1.299553e+08 1.138586e+08 
4.102488e+09 -1.310849e+08 1.153128e+08 
4.260276e+09 -1.321349e+08 1.167172e+08 
4.418064e+09 -1.331067e+08 1.180732e+08 
4.575852e+09 -1.340044e+08 1.193824e+08 
4.733640e+09 -1.348161e+08 1.206452e+08 
4.891428e+09 -1.357942e+08 1.218629e+08 
5.049216e+09 -1.384075e+08 1.230373e+08 
5.207004e+09 -1.409348e+08 1.241698e+08 
5.364792e+09 -1.433770e+08 1.252621e+08 
5.522580e+09 -1.457136e+08 1.263157e+08 
5.680368e+09 -1.479719e+08 1.273332e+08 
5.838156e+09 -1.501499e+08 1.283152e+08 
5.995944e+09 -1.522471e+08 1.292628e+08 
6.153732e+09 -1.542620e+08 1.301770e+08 
6.311520e+09 -1.561952e+08 1.310593e+08 
6.469308e+09 -1.580589e+08 1.319107e+08 
6.627096e+09 -1.598534e+08 1.327323e+08 
6.784884e+09 -1.615804e+08 1.335250e+08 
6.942672e+09 -1.632439e+08 1.342901e+08 
7.100460e+09 -1.648433e+08 1.350288e+08 
7.258248e+09 -1.663809e+08 1.357422e+08 
7.416036e+09 -1.678590e+08 1.364313e+08 
7.573824e+09 -1.692743e+08 1.370970e+08 
7.731612e+09 -1.706349e+08 1.377399e+08 
7.889400e+09 -1.719401e+08 1.383612e+08 
8.047188e+09 -1.731939e+08 1.389619e+08 
8.204976e+09 -1.743966e+08 1.395425e+08 
8.362764e+09 -1.755416e+08 1.401036e+08 
8.520552e+09 -1.766377e+08 1.406460e+08 
8.678340e+09 -1.776883e+08 1.411703e+08 
8.836128e+09 -1.786952e+08 1.416773e+08 
8.993916e+09 -1.796590e+08 1.421672e+08 
9.151704e+09 -1.805819e+08 1.426410e+08 
9.309492e+09 -1.814671e+08 1.430992e+08 
9.467280e+09 -1.823165e+08 1.435424e+08 
9.625068e+09 -1.831279e+08 1.439714e+08 
9.782856e+09 -1.839027e+08 1.443867e+08 
9.940644e+09 -1.846410e+08 1.447887e+08 
1.009843e+10 -1.853416e+08 1.451780e+08 
1.025622e+10 -1.860095e+08 1.455547e+08 
1.041401e+10 -1.866456e+08 1.459194e+08 
1.057180e+10 -1.872501e+08 1.462723e+08 
1.072958e+10 -1.878245e+08 1.466141e+08 
1.088737e+10 -1.883696e+08 1.469449e+08 
1.104516e+10 -1.888858e+08 1.472654e+08 
1.120295e+10 -1.893736e+08 1.475757e+08 
1.136074e+10 -1.898352e+08 1.478765e+08 
1.151852e+10 -1.902711e+08 1.481680e+08 
1.167631e+10 -1.906819e+08 1.484504e+08 
1.183410e+10 -1.910693e+08 1.487244e+08 
1.199189e+10 -1.914344e+08 1.489900e+08 
1.214968e+10 -1.917778e+08 1.492475e+08 
1.230746e+10 -1.921005e+08 1.494972e+08 
1.246525e+10 -1.924031e+08 1.497394e+08 
1.262304e+10 -1.926865e+08 1.499744e+08 
1.278083e+10 -1.929512e+08 1.502024e+08 
1.293862e+10 -1.931980e+08 1.504236e+08 
1.309640e+10 -1.934275e+08 1.506382e+08 
1.325419e+10 -1.936405e+08 1.508465e+08 
1.341198e+10 -1.938369e+08 1.510486e+08 
1.356977e+10 -1.940179e+08 1.512449e+08 
1.372756e+10 -1.941841e+08 1.514353e+08 
1.388534e+10 -1.943360e+08 1.516203e+08 
1.404313e+10 -1.944742e+08 1.517999e+08 
1.420092e+10 -1.945993e+08 1.519743e+08 
1.435871e+10 -1.947117e+08 1.521438e+08 
1.451650e+10 -1.948119e+08 1.523084e+08 
1.467428e+10 -1.949005e+08 1.524684e+08 
1.483207e+10 -1.949779e+08 1.526240e+08 
1.498986e+10 -1.950445e+08 1.527751e+08 
1.514765e+10 -1.951007e+08 1.529221e+08 
1.530544e+10 -1.951470e+08 1.530649e+08 
1.546322e+10 -1.951822e+08 1.532039e+08 
1.562101e+10 -1.952070e+08 1.533391e+08 
