# # x,y
0.000000000000000000e+00 -1.502629347058064013e+02 -1.290571289588416205e-09
2.500000000000000000e+02 -1.502437165516093955e+02 -1.289916862463643820e-09
5.000000000000000000e+02 -1.502050423206674168e+02 -1.289416884446227767e-09
7.500000000000000000e+02 -1.501451180601216038e+02 -1.289097014041893307e-09
1.000000000000000000e+03 -1.500448812379727315e+02 -1.287603261923452617e-09
1.250000000000000000e+03 -1.499264713842530909e+02 -1.286341249110852921e-09
1.500000000000000000e+03 -1.497872805956540105e+02 -1.284881404403055563e-09
1.750000000000000000e+03 -1.496140015097807918e+02 -1.282832001533345137e-09
2.000000000000000000e+03 -1.494189265852401149e+02 -1.280837906871829871e-09
2.250000000000000000e+03 -1.491946709492949594e+02 -1.278015903304045813e-09
2.500000000000000000e+03 -1.489435865504092362e+02 -1.275548915411110450e-09
2.750000000000000000e+03 -1.486671854111737048e+02 -1.272016648250407834e-09
3.000000000000000000e+03 -1.483669436958989536e+02 -1.268912332572484508e-09
3.250000000000000000e+03 -1.480331739528737671e+02 -1.264915009827944275e-09
3.500000000000000000e+03 -1.476867259100727097e+02 -1.261208246206339288e-09
3.750000000000000000e+03 -1.473006793562162784e+02 -1.256743700622871019e-09
4.000000000000000000e+03 -1.468914720903048874e+02 -1.252118981005212648e-09
4.250000000000000000e+03 -1.464572218390931084e+02 -1.247145566804738289e-09
4.500000000000000000e+03 -1.459912790276684973e+02 -1.241667843425128484e-09
4.750000000000000000e+03 -1.455108744685639977e+02 -1.236940522769661161e-09
5.000000000000000000e+03 -1.449990445070725400e+02 -1.230623020620134666e-09
5.250000000000000000e+03 -1.444529699717750191e+02 -1.224630011696389426e-09
5.500000000000000000e+03 -1.438890235776234476e+02 -1.218595286116833927e-09
5.750000000000000000e+03 -1.432938174595765304e+02 -1.211821287893897261e-09
6.000000000000000000e+03 -1.426754388809094962e+02 -1.205031511308425432e-09
6.250000000000000000e+03 -1.420319889896454697e+02 -1.197926030549726155e-09
6.500000000000000000e+03 -1.413571999154410150e+02 -1.190419067842389435e-09
6.750000000000000000e+03 -1.406587959711432632e+02 -1.182877127387619064e-09
7.000000000000000000e+03 -1.399389639212495240e+02 -1.175041717140542623e-09
7.250000000000000000e+03 -1.391841774459535372e+02 -1.166578551451436317e-09
7.500000000000000000e+03 -1.384050076324565453e+02 -1.158415905214447065e-09
7.750000000000000000e+03 -1.376005282373444061e+02 -1.149414597485356961e-09
8.000000000000000000e+03 -1.367676049729379884e+02 -1.140526639140870481e-09
8.250000000000000000e+03 -1.359144384715618799e+02 -1.131301652327781080e-09
8.500000000000000000e+03 -1.350311891360070149e+02 -1.121756593787090687e-09
8.750000000000000000e+03 -1.341178036452474771e+02 -1.111913856416426287e-09
9.000000000000000000e+03 -1.331809794310029247e+02 -1.102152173422922502e-09
9.250000000000000000e+03 -1.322154194836803072e+02 -1.091465030169447063e-09
9.500000000000000000e+03 -1.312276295866940927e+02 -1.081052659136187037e-09
9.750000000000000000e+03 -1.302125144422825542e+02 -1.070460810241106535e-09
1.000000000000000000e+04 -1.291636191670040716e+02 -1.058997602062745694e-09
1.025000000000000000e+04 -1.280971079480659682e+02 -1.047970821127747011e-09
1.050000000000000000e+04 -1.269986189245064452e+02 -1.036360474138092767e-09
1.075000000000000000e+04 -1.258740152345380920e+02 -1.024584302693832280e-09
1.100000000000000000e+04 -1.247242099997201876e+02 -1.012639229891079558e-09
1.125000000000000000e+04 -1.235499417283936054e+02 -1.000385490011542960e-09
1.150000000000000000e+04 -1.223474272816019948e+02 -9.879648059012343393e-10
1.175000000000000000e+04 -1.211157200614979956e+02 -9.751162239580223739e-10
1.200000000000000000e+04 -1.198577092903105950e+02 -9.622193208423908952e-10
1.225000000000000000e+04 -1.185793756381390267e+02 -9.491556154106011507e-10
1.250000000000000000e+04 -1.172691191462618008e+02 -9.357979618951955074e-10
1.275000000000000000e+04 -1.159340287320919742e+02 -9.221433998988953996e-10
1.300000000000000000e+04 -1.145759713731458760e+02 -9.086560157355882214e-10
1.325000000000000000e+04 -1.131854857943289971e+02 -8.943270324372499932e-10
1.350000000000000000e+04 -1.117755493709119037e+02 -8.804667365449133330e-10
1.375000000000000000e+04 -1.103306936100088933e+02 -8.656860336167408652e-10
1.400000000000000000e+04 -1.088629470205232792e+02 -8.510995152156671801e-10
1.425000000000000000e+04 -1.073739152069792908e+02 -8.364500458647266873e-10
1.450000000000000000e+04 -1.058495379458508978e+02 -8.212201059449720993e-10
1.475000000000000000e+04 -1.043092687099051545e+02 -8.061642830560840946e-10
1.500000000000000000e+04 -1.027379184143646853e+02 -7.905922972245194962e-10
1.525000000000000000e+04 -1.011389429035880312e+02 -7.751519262927923589e-10
1.550000000000000000e+04 -9.951809617814797093e+01 -7.593167355805017607e-10
1.575000000000000000e+04 -9.786932140811040881e+01 -7.434344303591061650e-10
1.600000000000000000e+04 -9.619063512368302327e+01 -7.272514729744327905e-10
1.625000000000000000e+04 -9.449538648682573694e+01 -7.110041503086081669e-10
1.650000000000000000e+04 -9.277104212265840033e+01 -6.945303887596568986e-10
1.675000000000000000e+04 -9.101647724234862835e+01 -6.779152302787204940e-10
1.700000000000000000e+04 -8.923738959231559420e+01 -6.609678884049744596e-10
1.725000000000000000e+04 -8.743910107549891109e+01 -6.442182086794177973e-10
1.750000000000000000e+04 -8.560892941966812941e+01 -6.268828198905105068e-10
1.775000000000000000e+04 -8.375655337417265400e+01 -6.097997071918745944e-10
1.800000000000000000e+04 -8.187787427390503581e+01 -5.922630934307051132e-10
1.825000000000000000e+04 -7.997743439835539903e+01 -5.748473789581341176e-10
1.850000000000000000e+04 -7.804888014491734793e+01 -5.570928653222129355e-10
1.875000000000000000e+04 -7.609870018585934304e+01 -5.393102160191228053e-10
1.900000000000000000e+04 -7.412451509343372891e+01 -5.213471998016207898e-10
1.925000000000000000e+04 -7.212032319356512744e+01 -5.032478804848156862e-10
1.950000000000000000e+04 -7.009806194425982540e+01 -4.850571641501550150e-10
1.975000000000000000e+04 -6.804740629897059989e+01 -4.666109872942280787e-10
2.000000000000000000e+04 -6.597112438004842261e+01 -4.482817539246866979e-10
2.025000000000000000e+04 -6.387975466233183397e+01 -4.295969270881384578e-10
2.050000000000000000e+04 -6.175587908157467609e+01 -4.109076625196061037e-10
2.075000000000000000e+04 -5.961610540993206087e+01 -3.921179733716197033e-10
2.100000000000000000e+04 -5.744685725937961251e+01 -3.731390223256454792e-10
2.125000000000000000e+04 -5.526025679998201667e+01 -3.542089379278370783e-10
2.150000000000000000e+04 -5.304987641803018050e+01 -3.350712448326227697e-10
2.175000000000000000e+04 -5.081208975348636159e+01 -3.158015701372009320e-10
2.200000000000000000e+04 -4.855249880417250097e+01 -2.964583335579694771e-10
2.225000000000000000e+04 -4.627801284494125866e+01 -2.771417328098579289e-10
2.250000000000000000e+04 -4.397535349721147213e+01 -2.575424973069285299e-10
2.275000000000000000e+04 -4.165448719744017581e+01 -2.380778329710526106e-10
2.300000000000000000e+04 -3.931022853234026115e+01 -2.183755826387494332e-10
2.325000000000000000e+04 -3.694511945924386964e+01 -1.986734281752956618e-10
2.350000000000000000e+04 -3.456133060449792538e+01 -1.789256507606032545e-10
2.375000000000000000e+04 -3.215542513348191278e+01 -1.590301189354077827e-10
2.400000000000000000e+04 -2.973251025551508064e+01 -1.391655230071413635e-10
2.425000000000000000e+04 -2.728667720365410787e+01 -1.191305482899641954e-10
2.450000000000000000e+04 -2.482042519228707533e+01 -9.908220909360193328e-11
2.475000000000000000e+04 -2.233648639775492484e+01 -7.899047239595519478e-11
2.500000000000000000e+04 -1.983398373071395326e+01 -5.883632306141731147e-11
2.525000000000000000e+04 -1.731307719538381207e+01 -3.868315712403556081e-11
2.550000000000000000e+04 -1.477283856583017041e+01 -1.841465266391596965e-11
2.575000000000000000e+04 -1.221852171200953308e+01 1.834100565564538927e-12
2.600000000000000000e+04 -9.639912238922988763e+00 2.216991038871864203e-11
2.625000000000000000e+04 -7.052796472657064442e+00 4.245112874299595153e-11
2.650000000000000000e+04 -4.442829300223820610e+00 6.292854576259316410e-11
2.675000000000000000e+04 -1.823097615422739182e+00 8.318502393277201611e-11
2.700000000000000000e+04 8.201837056585645769e-01 1.037998770665532392e-10
2.725000000000000000e+04 3.470297369152831379e+00 1.240864070871369458e-10
2.750000000000000000e+04 6.138259072304208530e+00 1.446286077514331760e-10
2.775000000000000000e+04 8.822331623901845887e+00 1.650896440447030860e-10
2.800000000000000000e+04 1.151814982721043634e+01 1.855798217764422203e-10
2.825000000000000000e+04 1.423236447729505016e+01 2.062022500671331410e-10
2.850000000000000000e+04 1.694651414586041938e+01 2.266026685256584291e-10
2.875000000000000000e+04 1.968884648493985878e+01 2.473357700657672402e-10
2.900000000000000000e+04 2.243119448061770527e+01 2.677957484297100885e-10
2.925000000000000000e+04 2.518906356457955553e+01 2.885177729494514868e-10
2.950000000000000000e+04 2.796236335178764421e+01 3.091607958740539089e-10
2.975000000000000000e+04 3.073987468934865319e+01 3.298096042811334875e-10
3.000000000000000000e+04 3.352494629667489789e+01 3.505285034858811343e-10
3.025000000000000000e+04 3.632359199659185833e+01 3.711435893380827732e-10
3.050000000000000000e+04 3.913589594612494693e+01 3.920826110315371847e-10
3.075000000000000000e+04 4.194239294182261801e+01 4.125906828408226689e-10
3.100000000000000000e+04 4.476429469154754770e+01 4.333832326123779489e-10
3.125000000000000000e+04 4.758967803195628221e+01 4.541200065204743925e-10
3.150000000000000000e+04 5.042131526055163704e+01 4.747100348268554417e-10
3.175000000000000000e+04 5.325802268815459684e+01 4.955592456398054270e-10
3.200000000000000000e+04 5.610410208806570154e+01 5.163128929157074341e-10
3.225000000000000000e+04 5.894261650188855128e+01 5.368868069073886699e-10
3.250000000000000000e+04 6.179380748047333327e+01 5.577122171653873828e-10
3.275000000000000000e+04 6.463585995993344113e+01 5.780807463726741144e-10
3.300000000000000000e+04 6.748514435858669458e+01 5.987780316130693893e-10
3.325000000000000000e+04 7.033032358359923819e+01 6.190688667819568575e-10
3.350000000000000000e+04 7.317720901985740056e+01 6.396384566059548425e-10
3.375000000000000000e+04 7.601338077541004168e+01 6.596820018683693492e-10
3.400000000000000000e+04 7.885051005434434046e+01 6.798249716796751726e-10
3.425000000000000000e+04 8.168708036694079055e+01 7.000199900672713784e-10
3.450000000000000000e+04 8.451595287015152280e+01 7.199616549216395197e-10
3.475000000000000000e+04 8.733773282282709260e+01 7.397045359343212617e-10
3.500000000000000000e+04 9.015125542494934052e+01 7.594912829734706407e-10
3.525000000000000000e+04 9.295291522041952703e+01 7.788157772668049259e-10
3.550000000000000000e+04 9.575190278875015792e+01 7.983559488282027849e-10
3.575000000000000000e+04 9.852307962961276644e+01 8.172737575444806551e-10
3.600000000000000000e+04 1.012893914322085038e+02 8.361518126999582068e-10
3.625000000000000000e+04 1.040476324040500913e+02 8.550760132896192497e-10
3.650000000000000000e+04 1.067896636512559780e+02 8.736845218221320645e-10
3.675000000000000000e+04 1.095016352455422748e+02 8.917730133027800681e-10
3.700000000000000000e+04 1.122067990246832778e+02 9.100467315375725121e-10
3.725000000000000000e+04 1.148854841793763626e+02 9.278916546311952356e-10
3.750000000000000000e+04 1.175391963783295068e+02 9.453105626836339815e-10
3.775000000000000000e+04 1.201896907160044066e+02 9.630249616687630795e-10
3.800000000000000000e+04 1.227892139551295259e+02 9.798741985065073542e-10
3.825000000000000000e+04 1.253873399747681106e+02 9.968535637226108137e-10
3.850000000000000000e+04 1.279388622036240122e+02 1.013501274310364694e-09
3.875000000000000000e+04 1.304607993904282921e+02 1.029400265630787901e-09
3.900000000000000000e+04 1.329778521654079668e+02 1.046204898481899282e-09
3.925000000000000000e+04 1.354273462486671633e+02 1.061217483052950889e-09
3.950000000000000000e+04 1.378802357711574587e+02 1.077285413822839948e-09
3.975000000000000000e+04 1.402639283381140558e+02 1.092036219477825074e-09
4.000000000000000000e+04 1.426148229465215991e+02 1.106715519453145291e-09
4.025000000000000000e+04 1.449391171520328498e+02 1.121217996424440215e-09
4.050000000000000000e+04 1.472318280427389254e+02 1.135688537969376590e-09
4.075000000000000000e+04 1.494385241725904052e+02 1.149055494529795231e-09
4.100000000000000000e+04 1.516418614486137812e+02 1.162794483228054944e-09
4.125000000000000000e+04 1.537773476361435314e+02 1.176033726785882808e-09
4.150000000000000000e+04 1.558291496971432935e+02 1.188216444194111887e-09
4.175000000000000000e+04 1.578659565700509120e+02 1.200810836769460316e-09
4.200000000000000000e+04 1.598600745969924901e+02 1.213241912119213846e-09
4.225000000000000000e+04 1.617730536866802140e+02 1.224914002796031869e-09
4.250000000000000000e+04 1.636140736383822514e+02 1.236140113312722393e-09
4.275000000000000000e+04 1.653965891888219630e+02 1.247094305721608098e-09
4.300000000000000000e+04 1.671153307062922977e+02 1.257637255576599156e-09
4.325000000000000000e+04 1.687656835554043937e+02 1.268208913564528687e-09
4.350000000000000000e+04 1.703055343736850773e+02 1.277111444681910666e-09
4.375000000000000000e+04 1.718133230331768573e+02 1.287265213145050089e-09
4.400000000000000000e+04 1.732082109439579654e+02 1.295533890709860068e-09
4.425000000000000000e+04 1.745153150087098766e+02 1.303570892894076157e-09
4.450000000000000000e+04 1.757411640880854975e+02 1.310968307897562266e-09
4.475000000000000000e+04 1.769165813583931595e+02 1.318292839620452767e-09
4.500000000000000000e+04 1.779702267743632547e+02 1.324534218911873017e-09
4.525000000000000000e+04 1.789543769952906587e+02 1.330452515610214474e-09
4.550000000000000000e+04 1.798366330688331800e+02 1.335067301736714903e-09
4.575000000000000000e+04 1.806593498413785710e+02 1.340486738247640563e-09
4.600000000000000000e+04 1.813598983203555690e+02 1.343180577209260538e-09
4.625000000000000000e+04 1.820493058632164320e+02 1.348159936900538287e-09
4.650000000000000000e+04 1.826387262301686860e+02 1.350563101366530799e-09
4.675000000000000000e+04 1.831509640726035286e+02 1.353535416356317719e-09
4.700000000000000000e+04 1.836166073933090956e+02 1.355777934792799373e-09
4.725000000000000000e+04 1.840167231405976054e+02 1.357711888530485312e-09
4.750000000000000000e+04 1.843900942992149794e+02 1.359882182026060266e-09
4.775000000000000000e+04 1.846915469384912285e+02 1.360626800040523680e-09
4.800000000000000000e+04 1.849528227098708157e+02 1.362157724531171273e-09
4.825000000000000000e+04 1.851832972696502111e+02 1.362845779325378709e-09
4.850000000000000000e+04 1.853695502520313312e+02 1.363796797743055275e-09
4.875000000000000000e+04 1.855211928583776171e+02 1.363991526142012411e-09
4.900000000000000000e+04 1.856522110027071903e+02 1.365009681363373815e-09
4.925000000000000000e+04 1.857451229802572925e+02 1.365105727165935972e-09
4.950000000000000000e+04 1.858097153750823054e+02 1.365520212264304936e-09
4.975000000000000000e+04 1.858495273922817432e+02 1.365388583787360233e-09
5.000000000000000000e+04 1.858693046086991671e+02 1.365408922957574240e-09
