0.000000e+00 0.000000e+00 2.453204e-04 
2.856875e-03 -2.796291e-06 2.453057e-04 
5.713750e-03 -5.592323e-06 2.452655e-04 
8.570625e-03 -8.388115e-06 2.451960e-04 
1.142750e-02 -1.118313e-05 2.451009e-04 
1.428438e-02 -1.397767e-05 2.449766e-04 
1.714125e-02 -1.677091e-05 2.448267e-04 
1.999812e-02 -1.956343e-05 2.446476e-04 
2.285500e-02 -2.235414e-05 2.444431e-04 
2.571188e-02 -2.514389e-05 2.442093e-04 
2.856875e-02 -2.793131e-05 2.439502e-04 
3.142562e-02 -3.071752e-05 2.436620e-04 
3.428250e-02 -3.350089e-05 2.433485e-04 
3.713938e-02 -3.628280e-05 2.430061e-04 
3.999625e-02 -3.906136e-05 2.426384e-04 
4.285312e-02 -4.183821e-05 2.422419e-04 
4.571000e-02 -4.461119e-05 2.418202e-04 
4.856688e-02 -4.738221e-05 2.413699e-04 
5.142375e-02 -5.014885e-05 2.408946e-04 
5.428062e-02 -5.291328e-05 2.403908e-04 
5.713750e-02 -5.567281e-05 2.398622e-04 
5.999438e-02 -5.842987e-05 2.393051e-04 
6.285125e-02 -6.118151e-05 2.387235e-04 
6.570813e-02 -6.393043e-05 2.381137e-04 
6.856500e-02 -6.667342e-05 2.374794e-04 
7.142187e-02 -6.941342e-05 2.368172e-04 
7.427875e-02 -7.214698e-05 2.361307e-04 
7.713562e-02 -7.487728e-05 2.354164e-04 
7.999250e-02 -7.760063e-05 2.346782e-04 
8.284938e-02 -8.032044e-05 2.339124e-04 
8.570625e-02 -8.303280e-05 2.331229e-04 
8.856312e-02 -8.574133e-05 2.323061e-04 
9.142000e-02 -8.844191e-05 2.314657e-04 
9.427688e-02 -9.113838e-05 2.305985e-04 
9.713375e-02 -9.382638e-05 2.297079e-04 
9.999062e-02 -9.650999e-05 2.287907e-04 
1.028475e-01 -9.918462e-05 2.278505e-04 
1.057044e-01 -1.018546e-04 2.268839e-04 
1.085612e-01 -1.045150e-04 2.258946e-04 
1.114181e-01 -1.071705e-04 2.248794e-04 
1.142750e-01 -1.098160e-04 2.238416e-04 
1.171319e-01 -1.124562e-04 2.227783e-04 
1.199888e-01 -1.150859e-04 2.216928e-04 
1.228456e-01 -1.177100e-04 2.205821e-04 
1.257025e-01 -1.203231e-04 2.194495e-04 
1.285594e-01 -1.229303e-04 2.182922e-04 
1.314163e-01 -1.255260e-04 2.171132e-04 
1.342731e-01 -1.281155e-04 2.159099e-04 
1.371300e-01 -1.306930e-04 2.146854e-04 
1.399869e-01 -1.332638e-04 2.134369e-04 
1.428437e-01 -1.358223e-04 2.121676e-04 
1.457006e-01 -1.383738e-04 2.108747e-04 
1.485575e-01 -1.409123e-04 2.095614e-04 
1.514144e-01 -1.434435e-04 2.082249e-04 
1.542712e-01 -1.459614e-04 2.068684e-04 
1.571281e-01 -1.484715e-04 2.054892e-04 
1.599850e-01 -1.509678e-04 2.040903e-04 
1.628419e-01 -1.534560e-04 2.026693e-04 
1.656988e-01 -1.559299e-04 2.012289e-04 
1.685556e-01 -1.583954e-04 1.997669e-04 
1.714125e-01 -1.608459e-04 1.982860e-04 
1.742694e-01 -1.632878e-04 1.967839e-04 
1.771263e-01 -1.657143e-04 1.952633e-04 
1.799831e-01 -1.681317e-04 1.937221e-04 
1.828400e-01 -1.705332e-04 1.921628e-04 
1.856969e-01 -1.729252e-04 1.905834e-04 
1.885537e-01 -1.753009e-04 1.889864e-04 
1.914106e-01 -1.776667e-04 1.873698e-04 
1.942675e-01 -1.800157e-04 1.857360e-04 
1.971244e-01 -1.823544e-04 1.840831e-04 
1.999812e-01 -1.846759e-04 1.824136e-04 
2.028381e-01 -1.869867e-04 1.807255e-04 
2.056950e-01 -1.892797e-04 1.790212e-04 
2.085519e-01 -1.915617e-04 1.772989e-04 
2.114088e-01 -1.938254e-04 1.755609e-04 
2.142656e-01 -1.960777e-04 1.738055e-04 
2.171225e-01 -1.983113e-04 1.720348e-04 
2.199794e-01 -2.005329e-04 1.702472e-04 
2.228363e-01 -2.027355e-04 1.684449e-04 
2.256931e-01 -2.049257e-04 1.666263e-04 
2.285500e-01 -2.070964e-04 1.647935e-04 
2.314069e-01 -2.092542e-04 1.629449e-04 
2.342637e-01 -2.113921e-04 1.610826e-04 
2.371206e-01 -2.135167e-04 1.592052e-04 
2.399775e-01 -2.156210e-04 1.573145e-04 
2.428344e-01 -2.177115e-04 1.554093e-04 
2.456912e-01 -2.197812e-04 1.534914e-04 
2.485481e-01 -2.218367e-04 1.515596e-04 
2.514050e-01 -2.238710e-04 1.496155e-04 
2.542619e-01 -2.258907e-04 1.476582e-04 
2.571188e-01 -2.278887e-04 1.456891e-04 
2.599756e-01 -2.298716e-04 1.437073e-04 
2.628325e-01 -2.318325e-04 1.417144e-04 
2.656894e-01 -2.337778e-04 1.397093e-04 
2.685462e-01 -2.357007e-04 1.376937e-04 
2.714031e-01 -2.376075e-04 1.356665e-04 
2.742600e-01 -2.394915e-04 1.336292e-04 
2.771169e-01 -2.413589e-04 1.315810e-04 
2.799738e-01 -2.432032e-04 1.295233e-04 
2.828306e-01 -2.450304e-04 1.274553e-04 
2.856875e-01 -2.468340e-04 1.253783e-04 
2.885444e-01 -2.486202e-04 1.232916e-04 
2.914013e-01 -2.503823e-04 1.211965e-04 
2.942581e-01 -2.521265e-04 1.190922e-04 
2.971150e-01 -2.538464e-04 1.169801e-04 
2.999719e-01 -2.555478e-04 1.148595e-04 
3.028287e-01 -2.572245e-04 1.127315e-04 
3.056856e-01 -2.588823e-04 1.105957e-04 
3.085425e-01 -2.605151e-04 1.084530e-04 
3.113994e-01 -2.621284e-04 1.063031e-04 
3.142563e-01 -2.637163e-04 1.041469e-04 
3.171131e-01 -2.652844e-04 1.019841e-04 
3.199700e-01 -2.668267e-04 9.981554e-05 
3.228269e-01 -2.683486e-04 9.764092e-05 
3.256837e-01 -2.698445e-04 9.546112e-05 
3.285406e-01 -2.713195e-04 9.327586e-05 
3.313975e-01 -2.727682e-04 9.108596e-05 
3.342544e-01 -2.741955e-04 8.889120e-05 
3.371113e-01 -2.755962e-04 8.669235e-05 
3.399681e-01 -2.769750e-04 8.448922e-05 
3.428250e-01 -2.783269e-04 8.228254e-05 
3.456819e-01 -2.796564e-04 8.007216e-05 
3.485388e-01 -2.809588e-04 7.785877e-05 
3.513956e-01 -2.822383e-04 7.564227e-05 
3.542525e-01 -2.834903e-04 7.342327e-05 
3.571094e-01 -2.847191e-04 7.120175e-05 
3.599662e-01 -2.859201e-04 6.897827e-05 
3.628231e-01 -2.870973e-04 6.675283e-05 
3.656800e-01 -2.882465e-04 6.452595e-05 
3.685369e-01 -2.893716e-04 6.229767e-05 
3.713938e-01 -2.904684e-04 6.006848e-05 
3.742506e-01 -2.915405e-04 5.783845e-05 
3.771075e-01 -2.925841e-04 5.560802e-05 
3.799644e-01 -2.936026e-04 5.337730e-05 
3.828213e-01 -2.945925e-04 5.114669e-05 
3.856781e-01 -2.955567e-04 4.891633e-05 
3.885350e-01 -2.964921e-04 4.668660e-05 
3.913919e-01 -2.974014e-04 4.445764e-05 
3.942487e-01 -2.982816e-04 4.222981e-05 
3.971056e-01 -2.991355e-04 4.000329e-05 
3.999625e-01 -2.999600e-04 3.777838e-05 
4.028194e-01 -3.007576e-04 3.555530e-05 
4.056763e-01 -3.015258e-04 3.333433e-05 
4.085331e-01 -3.022668e-04 3.111569e-05 
4.113900e-01 -3.029781e-04 2.889964e-05 
4.142469e-01 -3.036617e-04 2.668642e-05 
4.171037e-01 -3.043156e-04 2.447626e-05 
4.199606e-01 -3.049414e-04 2.226943e-05 
4.228175e-01 -3.055373e-04 2.006613e-05 
4.256744e-01 -3.061047e-04 1.786663e-05 
4.285313e-01 -3.066422e-04 1.567113e-05 
4.313881e-01 -3.071508e-04 1.347989e-05 
4.342450e-01 -3.076292e-04 1.129311e-05 
4.371019e-01 -3.080785e-04 9.111050e-06 
4.399588e-01 -3.084975e-04 6.933899e-06 
4.428156e-01 -3.088870e-04 4.761907e-06 
4.456725e-01 -3.092462e-04 2.595269e-06 
4.485294e-01 -3.095755e-04 4.342243e-07 
4.513862e-01 -3.098744e-04 -1.721033e-06 
4.542431e-01 -3.101431e-04 -3.870273e-06 
4.571000e-01 -3.103814e-04 -6.013300e-06 
4.599569e-01 -3.105892e-04 -8.149899e-06 
4.628138e-01 -3.107664e-04 -1.027987e-05 
4.656706e-01 -3.109129e-04 -1.240301e-05 
4.685275e-01 -3.110288e-04 -1.451911e-05 
4.713844e-01 -3.111137e-04 -1.662799e-05 
4.742413e-01 -3.111680e-04 -1.872943e-05 
4.770981e-01 -3.111910e-04 -2.082328e-05 
4.799550e-01 -3.111834e-04 -2.290930e-05 
4.828119e-01 -3.111443e-04 -2.498736e-05 
4.856687e-01 -3.110746e-04 -2.705721e-05 
4.885256e-01 -3.109731e-04 -2.911874e-05 
4.913825e-01 -3.108410e-04 -3.117169e-05 
4.942394e-01 -3.106769e-04 -3.321598e-05 
4.970963e-01 -3.104823e-04 -3.525132e-05 
4.999531e-01 -3.102555e-04 -3.727768e-05 
5.028100e-01 -3.099982e-04 -3.929473e-05 
5.056669e-01 -3.097086e-04 -4.130248e-05 
5.085238e-01 -3.093885e-04 -4.330058e-05 
5.113806e-01 -3.090358e-04 -4.528907e-05 
5.142375e-01 -3.086529e-04 -4.726758e-05 
5.170944e-01 -3.082372e-04 -4.923619e-05 
5.199512e-01 -3.077913e-04 -5.119448e-05 
5.228081e-01 -3.073125e-04 -5.314259e-05 
5.256650e-01 -3.068036e-04 -5.508007e-05 
5.285219e-01 -3.062618e-04 -5.700710e-05 
5.313788e-01 -3.056899e-04 -5.892318e-05 
5.342356e-01 -3.050850e-04 -6.082857e-05 
5.370925e-01 -3.044502e-04 -6.272271e-05 
5.399494e-01 -3.037823e-04 -6.460590e-05 
5.428063e-01 -3.030847e-04 -6.647756e-05 
5.456631e-01 -3.023538e-04 -6.833805e-05 
5.485200e-01 -3.015934e-04 -7.018671e-05 
5.513769e-01 -3.007998e-04 -7.202398e-05 
5.542337e-01 -2.999768e-04 -7.384916e-05 
5.570906e-01 -2.991205e-04 -7.566273e-05 
5.599475e-01 -2.982350e-04 -7.746395e-05 
5.628044e-01 -2.973163e-04 -7.925337e-05 
5.656613e-01 -2.963685e-04 -8.103019e-05 
5.685181e-01 -2.953876e-04 -8.279501e-05 
5.713750e-01 -2.943778e-04 -8.454699e-05 
5.742319e-01 -2.933349e-04 -8.628680e-05 
5.770888e-01 -2.922634e-04 -8.801353e-05 
5.799456e-01 -2.911588e-04 -8.972793e-05 
5.828025e-01 -2.900258e-04 -9.142902e-05 
5.856594e-01 -2.888598e-04 -9.311763e-05 
5.885162e-01 -2.876656e-04 -9.479272e-05 
5.913731e-01 -2.864386e-04 -9.645518e-05 
5.942300e-01 -2.851838e-04 -9.810391e-05 
5.970869e-01 -2.838961e-04 -9.973988e-05 
5.999437e-01 -2.825809e-04 -1.013619e-04 
6.028006e-01 -2.812330e-04 -1.029711e-04 
6.056575e-01 -2.798578e-04 -1.045661e-04 
6.085144e-01 -2.784502e-04 -1.061482e-04 
6.113713e-01 -2.770155e-04 -1.077159e-04 
6.142281e-01 -2.755486e-04 -1.092706e-04 
6.170850e-01 -2.740550e-04 -1.108108e-04 
6.199419e-01 -2.725293e-04 -1.123377e-04 
6.227987e-01 -2.709772e-04 -1.138501e-04 
6.256556e-01 -2.693932e-04 -1.153492e-04 
6.285125e-01 -2.677832e-04 -1.168335e-04 
6.313694e-01 -2.661417e-04 -1.183044e-04 
6.342262e-01 -2.644743e-04 -1.197604e-04 
6.370831e-01 -2.627757e-04 -1.212030e-04 
6.399400e-01 -2.610517e-04 -1.226304e-04 
6.427969e-01 -2.592967e-04 -1.240445e-04 
6.456538e-01 -2.575166e-04 -1.254432e-04 
6.485106e-01 -2.557059e-04 -1.268285e-04 
6.513675e-01 -2.538705e-04 -1.281984e-04 
6.542244e-01 -2.520047e-04 -1.295548e-04 
6.570813e-01 -2.501146e-04 -1.308957e-04 
6.599381e-01 -2.481945e-04 -1.322230e-04 
6.627950e-01 -2.462505e-04 -1.335347e-04 
6.656519e-01 -2.442768e-04 -1.348328e-04 
6.685087e-01 -2.422796e-04 -1.361152e-04 
6.713656e-01 -2.402532e-04 -1.373839e-04 
6.742225e-01 -2.382037e-04 -1.386369e-04 
6.770794e-01 -2.361253e-04 -1.398762e-04 
6.799363e-01 -2.340243e-04 -1.410996e-04 
6.827931e-01 -2.318948e-04 -1.423094e-04 
6.856500e-01 -2.297431e-04 -1.435032e-04 
6.885069e-01 -2.275633e-04 -1.446833e-04 
6.913638e-01 -2.253618e-04 -1.458474e-04 
6.942206e-01 -2.231327e-04 -1.469978e-04 
6.970775e-01 -2.208823e-04 -1.481320e-04 
6.999344e-01 -2.186048e-04 -1.492527e-04 
7.027912e-01 -2.163064e-04 -1.503571e-04 
7.056481e-01 -2.139815e-04 -1.514479e-04 
7.085050e-01 -2.116361e-04 -1.525224e-04 
7.113619e-01 -2.092646e-04 -1.535833e-04 
7.142188e-01 -2.068732e-04 -1.546278e-04 
7.170756e-01 -2.044562e-04 -1.556588e-04 
7.199325e-01 -2.020197e-04 -1.566734e-04 
7.227894e-01 -1.995583e-04 -1.576744e-04 
7.256463e-01 -1.970778e-04 -1.586590e-04 
7.285031e-01 -1.945729e-04 -1.596300e-04 
7.313600e-01 -1.920495e-04 -1.605846e-04 
7.342169e-01 -1.895022e-04 -1.615257e-04 
7.370737e-01 -1.869370e-04 -1.624502e-04 
7.399306e-01 -1.843484e-04 -1.633612e-04 
7.427875e-01 -1.817424e-04 -1.642557e-04 
7.456444e-01 -1.791136e-04 -1.651368e-04 
7.485013e-01 -1.764679e-04 -1.660013e-04 
7.513581e-01 -1.738001e-04 -1.668523e-04 
7.542150e-01 -1.711159e-04 -1.676868e-04 
7.570719e-01 -1.684102e-04 -1.685079e-04 
7.599288e-01 -1.656887e-04 -1.693123e-04 
7.627856e-01 -1.629463e-04 -1.701034e-04 
7.656425e-01 -1.601885e-04 -1.708779e-04 
7.684994e-01 -1.574106e-04 -1.716391e-04 
7.713562e-01 -1.546178e-04 -1.723835e-04 
7.742131e-01 -1.518055e-04 -1.731148e-04 
7.770700e-01 -1.489790e-04 -1.738294e-04 
7.799269e-01 -1.461336e-04 -1.745307e-04 
7.827838e-01 -1.432745e-04 -1.752154e-04 
7.856406e-01 -1.403973e-04 -1.758869e-04 
7.884975e-01 -1.375069e-04 -1.765416e-04 
7.913544e-01 -1.345991e-04 -1.771833e-04 
7.942113e-01 -1.316786e-04 -1.778083e-04 
7.970681e-01 -1.287415e-04 -1.784201e-04 
7.999250e-01 -1.257923e-04 -1.790153e-04 
8.027819e-01 -1.228271e-04 -1.795974e-04 
8.056387e-01 -1.198504e-04 -1.801627e-04 
8.084956e-01 -1.168584e-04 -1.807152e-04 
8.113525e-01 -1.138556e-04 -1.812508e-04 
8.142094e-01 -1.108382e-04 -1.817735e-04 
8.170662e-01 -1.078105e-04 -1.822795e-04 
8.199231e-01 -1.047690e-04 -1.827725e-04 
8.227800e-01 -1.017178e-04 -1.832488e-04 
8.256369e-01 -9.865354e-05 -1.837123e-04 
8.284938e-01 -9.558010e-05 -1.841590e-04 
8.313506e-01 -9.249447e-05 -1.845929e-04 
8.342075e-01 -8.940020e-05 -1.850100e-04 
8.370644e-01 -8.629451e-05 -1.854144e-04 
8.399213e-01 -8.318077e-05 -1.858020e-04 
8.427781e-01 -8.005641e-05 -1.861769e-04 
8.456350e-01 -7.692457e-05 -1.865350e-04 
8.484919e-01 -7.378290e-05 -1.868804e-04 
8.513487e-01 -7.063435e-05 -1.872090e-04 
8.542056e-01 -6.747677e-05 -1.875250e-04 
8.570625e-01 -6.431289e-05 -1.878242e-04 
8.599194e-01 -6.114079e-05 -1.881109e-04 
8.627763e-01 -5.796298e-05 -1.883807e-04 
8.656331e-01 -5.477776e-05 -1.886379e-04 
8.684900e-01 -5.158743e-05 -1.888784e-04 
8.713469e-01 -4.839050e-05 -1.891063e-04 
8.742038e-01 -4.518905e-05 -1.893174e-04 
8.770606e-01 -4.198182e-05 -1.895159e-04 
8.799175e-01 -3.877068e-05 -1.896977e-04 
8.827744e-01 -3.555457e-05 -1.898670e-04 
8.856312e-01 -3.233515e-05 -1.900195e-04 
8.884881e-01 -2.911159e-05 -1.901595e-04 
8.913450e-01 -2.588531e-05 -1.902827e-04 
8.942019e-01 -2.265572e-05 -1.903935e-04 
8.970588e-01 -1.942402e-05 -1.904874e-04 
8.999156e-01 -1.618982e-05 -1.905689e-04 
9.027725e-01 -1.295412e-05 -1.906336e-04 
9.056294e-01 -9.716761e-06 -1.906859e-04 
9.084863e-01 -6.478495e-06 -1.907213e-04 
9.113431e-01 -3.239398e-06 -1.907443e-04 
9.142000e-01 0.000000e+00 -1.907506e-04 
