     -> sinker_press 0.5 0.75 -0.2500487521188238 0.0001 0.0025 48
     -> sinker_press 0.5 0.75 -0.25019500847525533 0.0001 0.01 48
     -> sinker_press 0.5 0.75 -0.2578003390100439 0.0001 0.4 48
     -> sinker_press 0.5 0.75 -0.25004862267567196 0.001 0.0025 48
     -> sinker_press 0.5 0.75 -0.25019449070270494 0.001 0.01 48
     -> sinker_press 0.5 0.75 -0.25777962810842414 0.001 0.4 48
     -> sinker_press 0.5 0.75 -0.25004753097142884 0.01 0.0025 48
     -> sinker_press 0.5 0.75 -0.2501901238856923 0.01 0.01 48
     -> sinker_press 0.5 0.75 -0.2576049554273241 0.01 0.4 48
     -> sinker_press 0.5 0.75 -0.2500425477178246 0.1 0.0025 48
     -> sinker_press 0.5 0.75 -0.2501701908713199 0.1 0.01 48
     -> sinker_press 0.5 0.75 -0.2568076348531841 0.1 0.4 48
     -> sinker_press 0.5 0.75 -0.25003509079972747 1.0 0.0025 48
     -> sinker_press 0.5 0.75 -0.25014036319866206 1.0 0.01 48
     -> sinker_press 0.5 0.75 -0.25561452794374717 1.0 0.4 48
     -> sinker_press 0.5 0.75 -0.25003758850443547 10.0 0.0025 48
     -> sinker_press 0.5 0.75 -0.25015035401651026 10.0 0.01 48
     -> sinker_press 0.5 0.75 -0.25601416064436944 10.0 0.4 48
     -> sinker_press 0.5 0.75 -0.2500404684590203 100.0 0.0025 48
     -> sinker_press 0.5 0.75 -0.25016187384281396 100.0 0.01 48
     -> sinker_press 0.5 0.75 -0.2564749537869168 100.0 0.4 48
     -> sinker_press 0.5 0.75 -0.25004096895484673 1000.0 0.0025 48
     -> sinker_press 0.5 0.75 -0.25016387581414823 1000.0 0.01 48
     -> sinker_press 0.5 0.75 -0.25655503287493825 1000.0 0.4 48
     -> sinker_press 0.5 0.75 -0.2500410228236265 10000.0 0.0025 48
     -> sinker_press 0.5 0.75 -0.25016409125423383 10000.0 0.01 48
     -> sinker_press 0.5 0.75 -0.256563650648335 10000.0 0.4 48
