# # y,T,x
0.000000000000000000e+00 1.623000000000000000e+03 0.000000000000000000e+00
0.000000000000000000e+00 1.623000000000000227e+03 5.000000000000000000e+02
0.000000000000000000e+00 1.623000000000000000e+03 1.000000000000000000e+03
0.000000000000000000e+00 1.623000000000000000e+03 1.500000000000000000e+03
0.000000000000000000e+00 1.623000000000000000e+03 2.000000000000000000e+03
5.000000000000000000e+02 1.622986230115653143e+03 0.000000000000000000e+00
5.000000000000000000e+02 1.622986230115652688e+03 5.000000000000000000e+02
5.000000000000000000e+02 1.622986230115653143e+03 1.000000000000000000e+03
5.000000000000000000e+02 1.622986230115652234e+03 1.500000000000000000e+03
5.000000000000000000e+02 1.622986230115652461e+03 2.000000000000000000e+03
1.000000000000000000e+03 1.622972374033546885e+03 0.000000000000000000e+00
1.000000000000000000e+03 1.622972374033545748e+03 5.000000000000000000e+02
1.000000000000000000e+03 1.622972374033547567e+03 1.000000000000000000e+03
1.000000000000000000e+03 1.622972374033545520e+03 1.500000000000000000e+03
1.000000000000000000e+03 1.622972374033547112e+03 2.000000000000000000e+03
1.500000000000000000e+03 1.622958345133993589e+03 0.000000000000000000e+00
1.500000000000000000e+03 1.622958345133994271e+03 5.000000000000000000e+02
1.500000000000000000e+03 1.622958345133993362e+03 1.000000000000000000e+03
1.500000000000000000e+03 1.622958345133994499e+03 1.500000000000000000e+03
1.500000000000000000e+03 1.622958345133994271e+03 2.000000000000000000e+03
2.000000000000000000e+03 1.622944055937565281e+03 0.000000000000000000e+00
2.000000000000000000e+03 1.622944055937565281e+03 5.000000000000000000e+02
2.000000000000000000e+03 1.622944055937565963e+03 1.000000000000000000e+03
2.000000000000000000e+03 1.622944055937564826e+03 1.500000000000000000e+03
2.000000000000000000e+03 1.622944055937565281e+03 2.000000000000000000e+03
2.500000000000000000e+03 1.622929417833886873e+03 0.000000000000000000e+00
2.500000000000000000e+03 1.622929417833887101e+03 5.000000000000000000e+02
2.500000000000000000e+03 1.622929417833885964e+03 1.000000000000000000e+03
2.500000000000000000e+03 1.622929417833886419e+03 1.500000000000000000e+03
2.500000000000000000e+03 1.622929417833886191e+03 2.000000000000000000e+03
3.000000000000000000e+03 1.622914340481862382e+03 0.000000000000000000e+00
3.000000000000000000e+03 1.622914340481862155e+03 5.000000000000000000e+02
3.000000000000000000e+03 1.622914340481861927e+03 1.000000000000000000e+03
3.000000000000000000e+03 1.622914340481861927e+03 1.500000000000000000e+03
3.000000000000000000e+03 1.622914340481861927e+03 2.000000000000000000e+03
3.500000000000000000e+03 1.622898731640521191e+03 0.000000000000000000e+00
3.500000000000000000e+03 1.622898731640520737e+03 5.000000000000000000e+02
3.500000000000000000e+03 1.622898731640520964e+03 1.000000000000000000e+03
3.500000000000000000e+03 1.622898731640520737e+03 1.500000000000000000e+03
3.500000000000000000e+03 1.622898731640521646e+03 2.000000000000000000e+03
4.000000000000000000e+03 1.622882496448120492e+03 0.000000000000000000e+00
4.000000000000000000e+03 1.622882496448120946e+03 5.000000000000000000e+02
4.000000000000000000e+03 1.622882496448121628e+03 1.000000000000000000e+03
4.000000000000000000e+03 1.622882496448121856e+03 1.500000000000000000e+03
4.000000000000000000e+03 1.622882496448121856e+03 2.000000000000000000e+03
4.500000000000000000e+03 1.622865537353230138e+03 0.000000000000000000e+00
4.500000000000000000e+03 1.622865537353229684e+03 5.000000000000000000e+02
4.500000000000000000e+03 1.622865537353229684e+03 1.000000000000000000e+03
4.500000000000000000e+03 1.622865537353229684e+03 1.500000000000000000e+03
4.500000000000000000e+03 1.622865537353229001e+03 2.000000000000000000e+03
5.000000000000000000e+03 1.622847753264916946e+03 0.000000000000000000e+00
5.000000000000000000e+03 1.622847753264916946e+03 5.000000000000000000e+02
5.000000000000000000e+03 1.622847753264917174e+03 1.000000000000000000e+03
5.000000000000000000e+03 1.622847753264916719e+03 1.500000000000000000e+03
5.000000000000000000e+03 1.622847753264915809e+03 2.000000000000000000e+03
5.500000000000000000e+03 1.622829039583464237e+03 0.000000000000000000e+00
5.500000000000000000e+03 1.622829039583464692e+03 5.000000000000000000e+02
5.500000000000000000e+03 1.622829039583464009e+03 1.000000000000000000e+03
5.500000000000000000e+03 1.622829039583464237e+03 1.500000000000000000e+03
5.500000000000000000e+03 1.622829039583464009e+03 2.000000000000000000e+03
6.000000000000000000e+03 1.622809287212666959e+03 0.000000000000000000e+00
6.000000000000000000e+03 1.622809287212666277e+03 5.000000000000000000e+02
6.000000000000000000e+03 1.622809287212667414e+03 1.000000000000000000e+03
6.000000000000000000e+03 1.622809287212666050e+03 1.500000000000000000e+03
6.000000000000000000e+03 1.622809287212665822e+03 2.000000000000000000e+03
6.500000000000000000e+03 1.622788382690771869e+03 0.000000000000000000e+00
6.500000000000000000e+03 1.622788382690772096e+03 5.000000000000000000e+02
6.500000000000000000e+03 1.622788382690771869e+03 1.000000000000000000e+03
6.500000000000000000e+03 1.622788382690772778e+03 1.500000000000000000e+03
6.500000000000000000e+03 1.622788382690771186e+03 2.000000000000000000e+03
7.000000000000000000e+03 1.622766207054722827e+03 0.000000000000000000e+00
7.000000000000000000e+03 1.622766207054722599e+03 5.000000000000000000e+02
7.000000000000000000e+03 1.622766207054722372e+03 1.000000000000000000e+03
7.000000000000000000e+03 1.622766207054723054e+03 1.500000000000000000e+03
7.000000000000000000e+03 1.622766207054722372e+03 2.000000000000000000e+03
7.500000000000000000e+03 1.622742636073159019e+03 0.000000000000000000e+00
7.500000000000000000e+03 1.622742636073160384e+03 5.000000000000000000e+02
7.500000000000000000e+03 1.622742636073160611e+03 1.000000000000000000e+03
7.500000000000000000e+03 1.622742636073160611e+03 1.500000000000000000e+03
7.500000000000000000e+03 1.622742636073160611e+03 2.000000000000000000e+03
8.000000000000000000e+03 1.622717538951259030e+03 0.000000000000000000e+00
8.000000000000000000e+03 1.622717538951258803e+03 5.000000000000000000e+02
8.000000000000000000e+03 1.622717538951259939e+03 1.000000000000000000e+03
8.000000000000000000e+03 1.622717538951260394e+03 1.500000000000000000e+03
8.000000000000000000e+03 1.622717538951260622e+03 2.000000000000000000e+03
8.500000000000000000e+03 1.622690778668840267e+03 0.000000000000000000e+00
8.500000000000000000e+03 1.622690778668839812e+03 5.000000000000000000e+02
8.500000000000000000e+03 1.622690778668840721e+03 1.000000000000000000e+03
8.500000000000000000e+03 1.622690778668840494e+03 1.500000000000000000e+03
8.500000000000000000e+03 1.622690778668840267e+03 2.000000000000000000e+03
9.000000000000000000e+03 1.622662210513308992e+03 0.000000000000000000e+00
9.000000000000000000e+03 1.622662210513309446e+03 5.000000000000000000e+02
9.000000000000000000e+03 1.622662210513309446e+03 1.000000000000000000e+03
9.000000000000000000e+03 1.622662210513309446e+03 1.500000000000000000e+03
9.000000000000000000e+03 1.622662210513310356e+03 2.000000000000000000e+03
9.500000000000000000e+03 1.622631682527147632e+03 0.000000000000000000e+00
9.500000000000000000e+03 1.622631682527147177e+03 5.000000000000000000e+02
9.500000000000000000e+03 1.622631682527148087e+03 1.000000000000000000e+03
9.500000000000000000e+03 1.622631682527146950e+03 1.500000000000000000e+03
9.500000000000000000e+03 1.622631682527147632e+03 2.000000000000000000e+03
1.000000000000000000e+04 1.622599033855343805e+03 0.000000000000000000e+00
1.000000000000000000e+04 1.622599033855344487e+03 5.000000000000000000e+02
1.000000000000000000e+04 1.622599033855343350e+03 1.000000000000000000e+03
1.000000000000000000e+04 1.622599033855344487e+03 1.500000000000000000e+03
1.000000000000000000e+04 1.622599033855344032e+03 2.000000000000000000e+03
1.050000000000000000e+04 1.622564095307758180e+03 0.000000000000000000e+00
1.050000000000000000e+04 1.622564095307757043e+03 5.000000000000000000e+02
1.050000000000000000e+04 1.622564095307758635e+03 1.000000000000000000e+03
1.050000000000000000e+04 1.622564095307757725e+03 1.500000000000000000e+03
1.050000000000000000e+04 1.622564095307757952e+03 2.000000000000000000e+03
1.100000000000000000e+04 1.622526687506350754e+03 0.000000000000000000e+00
1.100000000000000000e+04 1.622526687506351436e+03 5.000000000000000000e+02
1.100000000000000000e+04 1.622526687506350754e+03 1.000000000000000000e+03
1.100000000000000000e+04 1.622526687506350754e+03 1.500000000000000000e+03
1.100000000000000000e+04 1.622526687506351436e+03 2.000000000000000000e+03
1.150000000000000000e+04 1.622486621569157251e+03 0.000000000000000000e+00
1.150000000000000000e+04 1.622486621569157478e+03 5.000000000000000000e+02
1.150000000000000000e+04 1.622486621569157705e+03 1.000000000000000000e+03
1.150000000000000000e+04 1.622486621569156796e+03 1.500000000000000000e+03
1.150000000000000000e+04 1.622486621569156796e+03 2.000000000000000000e+03
1.200000000000000000e+04 1.622443697041582254e+03 0.000000000000000000e+00
1.200000000000000000e+04 1.622443697041581800e+03 5.000000000000000000e+02
1.200000000000000000e+04 1.622443697041581345e+03 1.000000000000000000e+03
1.200000000000000000e+04 1.622443697041581800e+03 1.500000000000000000e+03
1.200000000000000000e+04 1.622443697041580435e+03 2.000000000000000000e+03
1.250000000000000000e+04 1.622397702709955865e+03 0.000000000000000000e+00
1.250000000000000000e+04 1.622397702709955865e+03 5.000000000000000000e+02
1.250000000000000000e+04 1.622397702709956093e+03 1.000000000000000000e+03
1.250000000000000000e+04 1.622397702709956320e+03 1.500000000000000000e+03
1.250000000000000000e+04 1.622397702709956093e+03 2.000000000000000000e+03
1.300000000000000000e+04 1.622348414300195373e+03 0.000000000000000000e+00
1.300000000000000000e+04 1.622348414300194236e+03 5.000000000000000000e+02
1.300000000000000000e+04 1.622348414300195373e+03 1.000000000000000000e+03
1.300000000000000000e+04 1.622348414300194918e+03 1.500000000000000000e+03
1.300000000000000000e+04 1.622348414300195145e+03 2.000000000000000000e+03
1.350000000000000000e+04 1.622295595430166486e+03 0.000000000000000000e+00
1.350000000000000000e+04 1.622295595430166941e+03 5.000000000000000000e+02
1.350000000000000000e+04 1.622295595430166941e+03 1.000000000000000000e+03
1.350000000000000000e+04 1.622295595430166713e+03 1.500000000000000000e+03
1.350000000000000000e+04 1.622295595430166259e+03 2.000000000000000000e+03
1.400000000000000000e+04 1.622238995058106411e+03 0.000000000000000000e+00
1.400000000000000000e+04 1.622238995058104592e+03 5.000000000000000000e+02
1.400000000000000000e+04 1.622238995058106411e+03 1.000000000000000000e+03
1.400000000000000000e+04 1.622238995058105729e+03 1.500000000000000000e+03
1.400000000000000000e+04 1.622238995058106866e+03 2.000000000000000000e+03
1.450000000000000000e+04 1.622178348584279320e+03 0.000000000000000000e+00
1.450000000000000000e+04 1.622178348584277728e+03 5.000000000000000000e+02
1.450000000000000000e+04 1.622178348584279092e+03 1.000000000000000000e+03
1.450000000000000000e+04 1.622178348584278638e+03 1.500000000000000000e+03
1.450000000000000000e+04 1.622178348584278638e+03 2.000000000000000000e+03
1.500000000000000000e+04 1.622113375030755606e+03 0.000000000000000000e+00
1.500000000000000000e+04 1.622113375030754241e+03 5.000000000000000000e+02
1.500000000000000000e+04 1.622113375030755606e+03 1.000000000000000000e+03
1.500000000000000000e+04 1.622113375030754924e+03 1.500000000000000000e+03
1.500000000000000000e+04 1.622113375030755606e+03 2.000000000000000000e+03
1.550000000000000000e+04 1.622043778304087937e+03 0.000000000000000000e+00
1.550000000000000000e+04 1.622043778304088391e+03 5.000000000000000000e+02
1.550000000000000000e+04 1.622043778304087937e+03 1.000000000000000000e+03
1.550000000000000000e+04 1.622043778304088391e+03 1.500000000000000000e+03
1.550000000000000000e+04 1.622043778304087937e+03 2.000000000000000000e+03
1.600000000000000000e+04 1.621969244087386869e+03 0.000000000000000000e+00
1.600000000000000000e+04 1.621969244087386414e+03 5.000000000000000000e+02
1.600000000000000000e+04 1.621969244087387324e+03 1.000000000000000000e+03
1.600000000000000000e+04 1.621969244087386187e+03 1.500000000000000000e+03
1.600000000000000000e+04 1.621969244087387324e+03 2.000000000000000000e+03
1.650000000000000000e+04 1.621889441276961406e+03 0.000000000000000000e+00
1.650000000000000000e+04 1.621889441276960724e+03 5.000000000000000000e+02
1.650000000000000000e+04 1.621889441276962316e+03 1.000000000000000000e+03
1.650000000000000000e+04 1.621889441276961406e+03 1.500000000000000000e+03
1.650000000000000000e+04 1.621889441276961634e+03 2.000000000000000000e+03
1.700000000000000000e+04 1.621804018567109779e+03 0.000000000000000000e+00
1.700000000000000000e+04 1.621804018567109324e+03 5.000000000000000000e+02
1.700000000000000000e+04 1.621804018567109551e+03 1.000000000000000000e+03
1.700000000000000000e+04 1.621804018567108415e+03 1.500000000000000000e+03
1.700000000000000000e+04 1.621804018567109324e+03 2.000000000000000000e+03
1.750000000000000000e+04 1.621712606074905352e+03 0.000000000000000000e+00
1.750000000000000000e+04 1.621712606074904897e+03 5.000000000000000000e+02
1.750000000000000000e+04 1.621712606074904897e+03 1.000000000000000000e+03
1.750000000000000000e+04 1.621712606074904443e+03 1.500000000000000000e+03
1.750000000000000000e+04 1.621712606074904443e+03 2.000000000000000000e+03
1.800000000000000000e+04 1.621614811597757353e+03 0.000000000000000000e+00
1.800000000000000000e+04 1.621614811597757125e+03 5.000000000000000000e+02
1.800000000000000000e+04 1.621614811597756898e+03 1.000000000000000000e+03
1.800000000000000000e+04 1.621614811597756216e+03 1.500000000000000000e+03
1.800000000000000000e+04 1.621614811597756216e+03 2.000000000000000000e+03
1.850000000000000000e+04 1.621510222441713722e+03 0.000000000000000000e+00
1.850000000000000000e+04 1.621510222441714177e+03 5.000000000000000000e+02
1.850000000000000000e+04 1.621510222441713950e+03 1.000000000000000000e+03
1.850000000000000000e+04 1.621510222441714177e+03 1.500000000000000000e+03
1.850000000000000000e+04 1.621510222441713950e+03 2.000000000000000000e+03
1.900000000000000000e+04 1.621398401331703099e+03 0.000000000000000000e+00
1.900000000000000000e+04 1.621398401331702871e+03 5.000000000000000000e+02
1.900000000000000000e+04 1.621398401331702644e+03 1.000000000000000000e+03
1.900000000000000000e+04 1.621398401331702871e+03 1.500000000000000000e+03
1.900000000000000000e+04 1.621398401331702189e+03 2.000000000000000000e+03
1.950000000000000000e+04 1.621278888459882410e+03 0.000000000000000000e+00
1.950000000000000000e+04 1.621278888459882182e+03 5.000000000000000000e+02
1.950000000000000000e+04 1.621278888459882410e+03 1.000000000000000000e+03
1.950000000000000000e+04 1.621278888459882637e+03 1.500000000000000000e+03
1.950000000000000000e+04 1.621278888459882182e+03 2.000000000000000000e+03
2.000000000000000000e+04 1.621151197028566685e+03 0.000000000000000000e+00
2.000000000000000000e+04 1.621151197028566003e+03 5.000000000000000000e+02
2.000000000000000000e+04 1.621151197028567367e+03 1.000000000000000000e+03
2.000000000000000000e+04 1.621151197028566685e+03 1.500000000000000000e+03
2.000000000000000000e+04 1.621151197028566912e+03 2.000000000000000000e+03
2.050000000000000000e+04 1.621014815536257856e+03 0.000000000000000000e+00
2.050000000000000000e+04 1.621014815536258993e+03 5.000000000000000000e+02
2.050000000000000000e+04 1.621014815536258311e+03 1.000000000000000000e+03
2.050000000000000000e+04 1.621014815536258084e+03 1.500000000000000000e+03
2.050000000000000000e+04 1.621014815536257856e+03 2.000000000000000000e+03
2.100000000000000000e+04 1.620869202933622319e+03 0.000000000000000000e+00
2.100000000000000000e+04 1.620869202933621409e+03 5.000000000000000000e+02
2.100000000000000000e+04 1.620869202933622091e+03 1.000000000000000000e+03
2.100000000000000000e+04 1.620869202933622319e+03 1.500000000000000000e+03
2.100000000000000000e+04 1.620869202933621864e+03 2.000000000000000000e+03
2.150000000000000000e+04 1.620713791165875818e+03 0.000000000000000000e+00
2.150000000000000000e+04 1.620713791165876273e+03 5.000000000000000000e+02
2.150000000000000000e+04 1.620713791165875591e+03 1.000000000000000000e+03
2.150000000000000000e+04 1.620713791165876273e+03 1.500000000000000000e+03
2.150000000000000000e+04 1.620713791165875818e+03 2.000000000000000000e+03
2.200000000000000000e+04 1.620547979922860804e+03 0.000000000000000000e+00
2.200000000000000000e+04 1.620547979922859213e+03 5.000000000000000000e+02
2.200000000000000000e+04 1.620547979922860577e+03 1.000000000000000000e+03
2.200000000000000000e+04 1.620547979922859440e+03 1.500000000000000000e+03
2.200000000000000000e+04 1.620547979922860577e+03 2.000000000000000000e+03
2.250000000000000000e+04 1.620371139457414529e+03 0.000000000000000000e+00
2.250000000000000000e+04 1.620371139457414984e+03 5.000000000000000000e+02
2.250000000000000000e+04 1.620371139457414074e+03 1.000000000000000000e+03
2.250000000000000000e+04 1.620371139457414984e+03 1.500000000000000000e+03
2.250000000000000000e+04 1.620371139457414529e+03 2.000000000000000000e+03
2.300000000000000000e+04 1.620182604911609587e+03 0.000000000000000000e+00
2.300000000000000000e+04 1.620182604911608678e+03 5.000000000000000000e+02
2.300000000000000000e+04 1.620182604911609133e+03 1.000000000000000000e+03
2.300000000000000000e+04 1.620182604911609360e+03 1.500000000000000000e+03
2.300000000000000000e+04 1.620182604911609587e+03 2.000000000000000000e+03
2.350000000000000000e+04 1.619981679431608200e+03 0.000000000000000000e+00
2.350000000000000000e+04 1.619981679431608427e+03 5.000000000000000000e+02
2.350000000000000000e+04 1.619981679431607517e+03 1.000000000000000000e+03
2.350000000000000000e+04 1.619981679431607972e+03 1.500000000000000000e+03
2.350000000000000000e+04 1.619981679431608427e+03 2.000000000000000000e+03
2.400000000000000000e+04 1.619767628053538601e+03 0.000000000000000000e+00
2.400000000000000000e+04 1.619767628053538601e+03 5.000000000000000000e+02
2.400000000000000000e+04 1.619767628053537692e+03 1.000000000000000000e+03
2.400000000000000000e+04 1.619767628053537464e+03 1.500000000000000000e+03
2.400000000000000000e+04 1.619767628053538829e+03 2.000000000000000000e+03
2.450000000000000000e+04 1.619539681136063564e+03 0.000000000000000000e+00
2.450000000000000000e+04 1.619539681136063791e+03 5.000000000000000000e+02
2.450000000000000000e+04 1.619539681136063791e+03 1.000000000000000000e+03
2.450000000000000000e+04 1.619539681136063564e+03 1.500000000000000000e+03
2.450000000000000000e+04 1.619539681136063564e+03 2.000000000000000000e+03
2.500000000000000000e+04 1.619297027791244091e+03 0.000000000000000000e+00
2.500000000000000000e+04 1.619297027791245000e+03 5.000000000000000000e+02
2.500000000000000000e+04 1.619297027791245227e+03 1.000000000000000000e+03
2.500000000000000000e+04 1.619297027791244773e+03 1.500000000000000000e+03
2.500000000000000000e+04 1.619297027791244318e+03 2.000000000000000000e+03
2.550000000000000000e+04 1.619038819656612532e+03 0.000000000000000000e+00
2.550000000000000000e+04 1.619038819656612077e+03 5.000000000000000000e+02
2.550000000000000000e+04 1.619038819656612304e+03 1.000000000000000000e+03
2.550000000000000000e+04 1.619038819656611849e+03 1.500000000000000000e+03
2.550000000000000000e+04 1.619038819656611395e+03 2.000000000000000000e+03
2.600000000000000000e+04 1.618764163858720167e+03 0.000000000000000000e+00
2.600000000000000000e+04 1.618764163858719940e+03 5.000000000000000000e+02
2.600000000000000000e+04 1.618764163858721076e+03 1.000000000000000000e+03
2.600000000000000000e+04 1.618764163858719257e+03 1.500000000000000000e+03
2.600000000000000000e+04 1.618764163858720167e+03 2.000000000000000000e+03
2.650000000000000000e+04 1.618472127146908178e+03 0.000000000000000000e+00
2.650000000000000000e+04 1.618472127146906814e+03 5.000000000000000000e+02
2.650000000000000000e+04 1.618472127146907496e+03 1.000000000000000000e+03
2.650000000000000000e+04 1.618472127146907042e+03 1.500000000000000000e+03
2.650000000000000000e+04 1.618472127146907042e+03 2.000000000000000000e+03
2.700000000000000000e+04 1.618161728380130398e+03 0.000000000000000000e+00
2.700000000000000000e+04 1.618161728380130853e+03 5.000000000000000000e+02
2.700000000000000000e+04 1.618161728380129944e+03 1.000000000000000000e+03
2.700000000000000000e+04 1.618161728380130626e+03 1.500000000000000000e+03
2.700000000000000000e+04 1.618161728380130626e+03 2.000000000000000000e+03
2.750000000000000000e+04 1.617831943044777518e+03 0.000000000000000000e+00
2.750000000000000000e+04 1.617831943044776835e+03 5.000000000000000000e+02
2.750000000000000000e+04 1.617831943044777290e+03 1.000000000000000000e+03
2.750000000000000000e+04 1.617831943044777063e+03 1.500000000000000000e+03
2.750000000000000000e+04 1.617831943044777290e+03 2.000000000000000000e+03
2.800000000000000000e+04 1.617481695258844411e+03 0.000000000000000000e+00
2.800000000000000000e+04 1.617481695258844411e+03 5.000000000000000000e+02
2.800000000000000000e+04 1.617481695258844184e+03 1.000000000000000000e+03
2.800000000000000000e+04 1.617481695258845320e+03 1.500000000000000000e+03
2.800000000000000000e+04 1.617481695258843729e+03 2.000000000000000000e+03
2.850000000000000000e+04 1.617109862696092478e+03 0.000000000000000000e+00
2.850000000000000000e+04 1.617109862696092023e+03 5.000000000000000000e+02
2.850000000000000000e+04 1.617109862696092250e+03 1.000000000000000000e+03
2.850000000000000000e+04 1.617109862696092250e+03 1.500000000000000000e+03
2.850000000000000000e+04 1.617109862696092250e+03 2.000000000000000000e+03
2.900000000000000000e+04 1.616715268105736641e+03 0.000000000000000000e+00
2.900000000000000000e+04 1.616715268105736186e+03 5.000000000000000000e+02
2.900000000000000000e+04 1.616715268105736413e+03 1.000000000000000000e+03
2.900000000000000000e+04 1.616715268105736413e+03 1.500000000000000000e+03
2.900000000000000000e+04 1.616715268105736868e+03 2.000000000000000000e+03
2.950000000000000000e+04 1.616296684664881695e+03 0.000000000000000000e+00
2.950000000000000000e+04 1.616296684664880786e+03 5.000000000000000000e+02
2.950000000000000000e+04 1.616296684664881923e+03 1.000000000000000000e+03
2.950000000000000000e+04 1.616296684664881695e+03 1.500000000000000000e+03
2.950000000000000000e+04 1.616296684664881923e+03 2.000000000000000000e+03
3.000000000000000000e+04 1.615852827016691208e+03 0.000000000000000000e+00
3.000000000000000000e+04 1.615852827016691208e+03 5.000000000000000000e+02
3.000000000000000000e+04 1.615852827016691435e+03 1.000000000000000000e+03
3.000000000000000000e+04 1.615852827016691890e+03 1.500000000000000000e+03
3.000000000000000000e+04 1.615852827016691663e+03 2.000000000000000000e+03
3.050000000000000000e+04 1.615382357072332752e+03 0.000000000000000000e+00
3.050000000000000000e+04 1.615382357072332525e+03 5.000000000000000000e+02
3.050000000000000000e+04 1.615382357072332525e+03 1.000000000000000000e+03
3.050000000000000000e+04 1.615382357072332752e+03 1.500000000000000000e+03
3.050000000000000000e+04 1.615382357072332297e+03 2.000000000000000000e+03
3.100000000000000000e+04 1.614883874576115659e+03 0.000000000000000000e+00
3.100000000000000000e+04 1.614883874576115431e+03 5.000000000000000000e+02
3.100000000000000000e+04 1.614883874576115659e+03 1.000000000000000000e+03
3.100000000000000000e+04 1.614883874576114977e+03 1.500000000000000000e+03
3.100000000000000000e+04 1.614883874576115204e+03 2.000000000000000000e+03
3.150000000000000000e+04 1.614355923377130011e+03 0.000000000000000000e+00
3.150000000000000000e+04 1.614355923377130694e+03 5.000000000000000000e+02
3.150000000000000000e+04 1.614355923377129784e+03 1.000000000000000000e+03
3.150000000000000000e+04 1.614355923377129784e+03 1.500000000000000000e+03
3.150000000000000000e+04 1.614355923377130011e+03 2.000000000000000000e+03
3.200000000000000000e+04 1.613796981536127760e+03 0.000000000000000000e+00
3.200000000000000000e+04 1.613796981536126168e+03 5.000000000000000000e+02
3.200000000000000000e+04 1.613796981536127987e+03 1.000000000000000000e+03
3.200000000000000000e+04 1.613796981536126395e+03 1.500000000000000000e+03
3.200000000000000000e+04 1.613796981536127532e+03 2.000000000000000000e+03
3.250000000000000000e+04 1.613205468085551956e+03 0.000000000000000000e+00
3.250000000000000000e+04 1.613205468085552184e+03 5.000000000000000000e+02
3.250000000000000000e+04 1.613205468085552411e+03 1.000000000000000000e+03
3.250000000000000000e+04 1.613205468085551956e+03 1.500000000000000000e+03
3.250000000000000000e+04 1.613205468085552411e+03 2.000000000000000000e+03
3.300000000000000000e+04 1.612579732700040722e+03 0.000000000000000000e+00
3.300000000000000000e+04 1.612579732700039813e+03 5.000000000000000000e+02
3.300000000000000000e+04 1.612579732700040495e+03 1.000000000000000000e+03
3.300000000000000000e+04 1.612579732700040040e+03 1.500000000000000000e+03
3.300000000000000000e+04 1.612579732700040040e+03 2.000000000000000000e+03
3.350000000000000000e+04 1.611918062961601890e+03 0.000000000000000000e+00
3.350000000000000000e+04 1.611918062961602118e+03 5.000000000000000000e+02
3.350000000000000000e+04 1.611918062961601436e+03 1.000000000000000000e+03
3.350000000000000000e+04 1.611918062961602118e+03 1.500000000000000000e+03
3.350000000000000000e+04 1.611918062961601208e+03 2.000000000000000000e+03
3.400000000000000000e+04 1.611218673623559198e+03 0.000000000000000000e+00
3.400000000000000000e+04 1.611218673623559198e+03 5.000000000000000000e+02
3.400000000000000000e+04 1.611218673623558743e+03 1.000000000000000000e+03
3.400000000000000000e+04 1.611218673623557152e+03 1.500000000000000000e+03
3.400000000000000000e+04 1.611218673623558971e+03 2.000000000000000000e+03
3.450000000000000000e+04 1.610479714395148903e+03 0.000000000000000000e+00
3.450000000000000000e+04 1.610479714395149585e+03 5.000000000000000000e+02
3.450000000000000000e+04 1.610479714395148221e+03 1.000000000000000000e+03
3.450000000000000000e+04 1.610479714395148676e+03 1.500000000000000000e+03
3.450000000000000000e+04 1.610479714395147766e+03 2.000000000000000000e+03
3.500000000000000000e+04 1.609699258837559910e+03 0.000000000000000000e+00
3.500000000000000000e+04 1.609699258837559228e+03 5.000000000000000000e+02
3.500000000000000000e+04 1.609699258837560137e+03 1.000000000000000000e+03
3.500000000000000000e+04 1.609699258837559000e+03 1.500000000000000000e+03
3.500000000000000000e+04 1.609699258837559000e+03 2.000000000000000000e+03
3.550000000000000000e+04 1.608875312679178705e+03 0.000000000000000000e+00
3.550000000000000000e+04 1.608875312679178478e+03 5.000000000000000000e+02
3.550000000000000000e+04 1.608875312679178478e+03 1.000000000000000000e+03
3.550000000000000000e+04 1.608875312679178251e+03 1.500000000000000000e+03
3.550000000000000000e+04 1.608875312679178705e+03 2.000000000000000000e+03
3.600000000000000000e+04 1.608005802392071928e+03 0.000000000000000000e+00
3.600000000000000000e+04 1.608005802392072155e+03 5.000000000000000000e+02
3.600000000000000000e+04 1.608005802392072383e+03 1.000000000000000000e+03
3.600000000000000000e+04 1.608005802392073292e+03 1.500000000000000000e+03
3.600000000000000000e+04 1.608005802392072610e+03 2.000000000000000000e+03
3.650000000000000000e+04 1.607088584045430025e+03 0.000000000000000000e+00
3.650000000000000000e+04 1.607088584045428433e+03 5.000000000000000000e+02
3.650000000000000000e+04 1.607088584045429570e+03 1.000000000000000000e+03
3.650000000000000000e+04 1.607088584045429116e+03 1.500000000000000000e+03
3.650000000000000000e+04 1.607088584045429570e+03 2.000000000000000000e+03
3.700000000000000000e+04 1.606121431621454121e+03 0.000000000000000000e+00
3.700000000000000000e+04 1.606121431621453439e+03 5.000000000000000000e+02
3.700000000000000000e+04 1.606121431621453894e+03 1.000000000000000000e+03
3.700000000000000000e+04 1.606121431621453894e+03 1.500000000000000000e+03
3.700000000000000000e+04 1.606121431621454121e+03 2.000000000000000000e+03
3.750000000000000000e+04 1.605102046410145249e+03 0.000000000000000000e+00
3.750000000000000000e+04 1.605102046410144112e+03 5.000000000000000000e+02
3.750000000000000000e+04 1.605102046410145249e+03 1.000000000000000000e+03
3.750000000000000000e+04 1.605102046410144794e+03 1.500000000000000000e+03
3.750000000000000000e+04 1.605102046410145931e+03 2.000000000000000000e+03
3.800000000000000000e+04 1.604028045135092952e+03 0.000000000000000000e+00
3.800000000000000000e+04 1.604028045135092270e+03 5.000000000000000000e+02
3.800000000000000000e+04 1.604028045135093407e+03 1.000000000000000000e+03
3.800000000000000000e+04 1.604028045135093180e+03 1.500000000000000000e+03
3.800000000000000000e+04 1.604028045135093407e+03 2.000000000000000000e+03
3.850000000000000000e+04 1.602896969887603746e+03 0.000000000000000000e+00
3.850000000000000000e+04 1.602896969887603291e+03 5.000000000000000000e+02
3.850000000000000000e+04 1.602896969887603291e+03 1.000000000000000000e+03
3.850000000000000000e+04 1.602896969887603973e+03 1.500000000000000000e+03
3.850000000000000000e+04 1.602896969887604200e+03 2.000000000000000000e+03
3.900000000000000000e+04 1.601706276145248466e+03 0.000000000000000000e+00
3.900000000000000000e+04 1.601706276145248694e+03 5.000000000000000000e+02
3.900000000000000000e+04 1.601706276145249149e+03 1.000000000000000000e+03
3.900000000000000000e+04 1.601706276145249149e+03 1.500000000000000000e+03
3.900000000000000000e+04 1.601706276145249376e+03 2.000000000000000000e+03
3.950000000000000000e+04 1.600453343237394847e+03 0.000000000000000000e+00
3.950000000000000000e+04 1.600453343237395075e+03 5.000000000000000000e+02
3.950000000000000000e+04 1.600453343237395302e+03 1.000000000000000000e+03
3.950000000000000000e+04 1.600453343237395075e+03 1.500000000000000000e+03
3.950000000000000000e+04 1.600453343237395075e+03 2.000000000000000000e+03
4.000000000000000000e+04 1.599135462352574677e+03 0.000000000000000000e+00
4.000000000000000000e+04 1.599135462352574905e+03 5.000000000000000000e+02
4.000000000000000000e+04 1.599135462352575360e+03 1.000000000000000000e+03
4.000000000000000000e+04 1.599135462352574905e+03 1.500000000000000000e+03
4.000000000000000000e+04 1.599135462352574223e+03 2.000000000000000000e+03
4.050000000000000000e+04 1.597749847520635967e+03 0.000000000000000000e+00
4.050000000000000000e+04 1.597749847520635967e+03 5.000000000000000000e+02
4.050000000000000000e+04 1.597749847520635967e+03 1.000000000000000000e+03
4.050000000000000000e+04 1.597749847520636195e+03 1.500000000000000000e+03
4.050000000000000000e+04 1.597749847520636195e+03 2.000000000000000000e+03
4.100000000000000000e+04 1.596293623719004927e+03 0.000000000000000000e+00
4.100000000000000000e+04 1.596293623719005154e+03 5.000000000000000000e+02
4.100000000000000000e+04 1.596293623719005382e+03 1.000000000000000000e+03
4.100000000000000000e+04 1.596293623719005154e+03 1.500000000000000000e+03
4.100000000000000000e+04 1.596293623719005382e+03 2.000000000000000000e+03
4.150000000000000000e+04 1.594763838348877243e+03 0.000000000000000000e+00
4.150000000000000000e+04 1.594763838348877471e+03 5.000000000000000000e+02
4.150000000000000000e+04 1.594763838348877243e+03 1.000000000000000000e+03
4.150000000000000000e+04 1.594763838348877016e+03 1.500000000000000000e+03
4.150000000000000000e+04 1.594763838348877471e+03 2.000000000000000000e+03
4.200000000000000000e+04 1.593157449565135494e+03 0.000000000000000000e+00
4.200000000000000000e+04 1.593157449565134812e+03 5.000000000000000000e+02
4.200000000000000000e+04 1.593157449565136176e+03 1.000000000000000000e+03
4.200000000000000000e+04 1.593157449565134812e+03 1.500000000000000000e+03
4.200000000000000000e+04 1.593157449565135266e+03 2.000000000000000000e+03
4.250000000000000000e+04 1.591471338215205151e+03 0.000000000000000000e+00
4.250000000000000000e+04 1.591471338215205378e+03 5.000000000000000000e+02
4.250000000000000000e+04 1.591471338215204923e+03 1.000000000000000000e+03
4.250000000000000000e+04 1.591471338215204923e+03 1.500000000000000000e+03
4.250000000000000000e+04 1.591471338215204469e+03 2.000000000000000000e+03
4.300000000000000000e+04 1.589702296532697346e+03 0.000000000000000000e+00
4.300000000000000000e+04 1.589702296532696664e+03 5.000000000000000000e+02
4.300000000000000000e+04 1.589702296532697119e+03 1.000000000000000000e+03
4.300000000000000000e+04 1.589702296532696437e+03 1.500000000000000000e+03
4.300000000000000000e+04 1.589702296532697346e+03 2.000000000000000000e+03
4.350000000000000000e+04 1.587847040497662420e+03 0.000000000000000000e+00
4.350000000000000000e+04 1.587847040497661737e+03 5.000000000000000000e+02
4.350000000000000000e+04 1.587847040497662420e+03 1.000000000000000000e+03
4.350000000000000000e+04 1.587847040497661965e+03 1.500000000000000000e+03
4.350000000000000000e+04 1.587847040497661055e+03 2.000000000000000000e+03
4.400000000000000000e+04 1.585902199049765159e+03 0.000000000000000000e+00
4.400000000000000000e+04 1.585902199049765841e+03 5.000000000000000000e+02
4.400000000000000000e+04 1.585902199049764704e+03 1.000000000000000000e+03
4.400000000000000000e+04 1.585902199049765841e+03 1.500000000000000000e+03
4.400000000000000000e+04 1.585902199049765613e+03 2.000000000000000000e+03
4.450000000000000000e+04 1.583864326817671554e+03 0.000000000000000000e+00
4.450000000000000000e+04 1.583864326817671099e+03 5.000000000000000000e+02
4.450000000000000000e+04 1.583864326817672008e+03 1.000000000000000000e+03
4.450000000000000000e+04 1.583864326817671099e+03 1.500000000000000000e+03
4.450000000000000000e+04 1.583864326817671781e+03 2.000000000000000000e+03
4.500000000000000000e+04 1.581729894023605539e+03 0.000000000000000000e+00
4.500000000000000000e+04 1.581729894023605311e+03 5.000000000000000000e+02
4.500000000000000000e+04 1.581729894023605084e+03 1.000000000000000000e+03
4.500000000000000000e+04 1.581729894023605539e+03 1.500000000000000000e+03
4.500000000000000000e+04 1.581729894023605766e+03 2.000000000000000000e+03
4.550000000000000000e+04 1.579495299517351441e+03 0.000000000000000000e+00
4.550000000000000000e+04 1.579495299517350304e+03 5.000000000000000000e+02
4.550000000000000000e+04 1.579495299517351214e+03 1.000000000000000000e+03
4.550000000000000000e+04 1.579495299517350304e+03 1.500000000000000000e+03
4.550000000000000000e+04 1.579495299517351214e+03 2.000000000000000000e+03
4.600000000000000000e+04 1.577156861560189100e+03 0.000000000000000000e+00
4.600000000000000000e+04 1.577156861560188418e+03 5.000000000000000000e+02
4.600000000000000000e+04 1.577156861560190009e+03 1.000000000000000000e+03
4.600000000000000000e+04 1.577156861560189100e+03 1.500000000000000000e+03
4.600000000000000000e+04 1.577156861560190009e+03 2.000000000000000000e+03
4.650000000000000000e+04 1.574710831085502377e+03 0.000000000000000000e+00
4.650000000000000000e+04 1.574710831085502832e+03 5.000000000000000000e+02
4.650000000000000000e+04 1.574710831085502832e+03 1.000000000000000000e+03
4.650000000000000000e+04 1.574710831085502832e+03 1.500000000000000000e+03
4.650000000000000000e+04 1.574710831085502605e+03 2.000000000000000000e+03
4.700000000000000000e+04 1.572153383566021603e+03 0.000000000000000000e+00
4.700000000000000000e+04 1.572153383566020239e+03 5.000000000000000000e+02
4.700000000000000000e+04 1.572153383566020466e+03 1.000000000000000000e+03
4.700000000000000000e+04 1.572153383566020239e+03 1.500000000000000000e+03
4.700000000000000000e+04 1.572153383566020239e+03 2.000000000000000000e+03
4.750000000000000000e+04 1.569480632408216479e+03 0.000000000000000000e+00
4.750000000000000000e+04 1.569480632408216479e+03 5.000000000000000000e+02
4.750000000000000000e+04 1.569480632408216252e+03 1.000000000000000000e+03
4.750000000000000000e+04 1.569480632408215342e+03 1.500000000000000000e+03
4.750000000000000000e+04 1.569480632408216252e+03 2.000000000000000000e+03
4.800000000000000000e+04 1.566688622122253491e+03 0.000000000000000000e+00
4.800000000000000000e+04 1.566688622122253491e+03 5.000000000000000000e+02
4.800000000000000000e+04 1.566688622122253491e+03 1.000000000000000000e+03
4.800000000000000000e+04 1.566688622122253719e+03 1.500000000000000000e+03
4.800000000000000000e+04 1.566688622122252355e+03 2.000000000000000000e+03
4.850000000000000000e+04 1.563773341741185959e+03 0.000000000000000000e+00
4.850000000000000000e+04 1.563773341741186186e+03 5.000000000000000000e+02
4.850000000000000000e+04 1.563773341741185732e+03 1.000000000000000000e+03
4.850000000000000000e+04 1.563773341741185732e+03 1.500000000000000000e+03
4.850000000000000000e+04 1.563773341741185504e+03 2.000000000000000000e+03
4.900000000000000000e+04 1.560730719527626661e+03 0.000000000000000000e+00
4.900000000000000000e+04 1.560730719527625752e+03 5.000000000000000000e+02
4.900000000000000000e+04 1.560730719527626661e+03 1.000000000000000000e+03
4.900000000000000000e+04 1.560730719527626206e+03 1.500000000000000000e+03
4.900000000000000000e+04 1.560730719527626206e+03 2.000000000000000000e+03
4.950000000000000000e+04 1.557556636291157020e+03 0.000000000000000000e+00
4.950000000000000000e+04 1.557556636291156792e+03 5.000000000000000000e+02
4.950000000000000000e+04 1.557556636291157247e+03 1.000000000000000000e+03
4.950000000000000000e+04 1.557556636291156337e+03 1.500000000000000000e+03
4.950000000000000000e+04 1.557556636291156792e+03 2.000000000000000000e+03
5.000000000000000000e+04 1.554246921879111596e+03 0.000000000000000000e+00
5.000000000000000000e+04 1.554246921879111142e+03 5.000000000000000000e+02
5.000000000000000000e+04 1.554246921879111596e+03 1.000000000000000000e+03
5.000000000000000000e+04 1.554246921879111596e+03 1.500000000000000000e+03
5.000000000000000000e+04 1.554246921879110687e+03 2.000000000000000000e+03
5.050000000000000000e+04 1.550797368246570613e+03 0.000000000000000000e+00
5.050000000000000000e+04 1.550797368246569704e+03 5.000000000000000000e+02
5.050000000000000000e+04 1.550797368246571295e+03 1.000000000000000000e+03
5.050000000000000000e+04 1.550797368246570613e+03 1.500000000000000000e+03
5.050000000000000000e+04 1.550797368246570613e+03 2.000000000000000000e+03
5.100000000000000000e+04 1.547203727990264269e+03 0.000000000000000000e+00
5.100000000000000000e+04 1.547203727990263133e+03 5.000000000000000000e+02
5.100000000000000000e+04 1.547203727990264042e+03 1.000000000000000000e+03
5.100000000000000000e+04 1.547203727990263815e+03 1.500000000000000000e+03
5.100000000000000000e+04 1.547203727990264042e+03 2.000000000000000000e+03
5.150000000000000000e+04 1.543461727005020293e+03 0.000000000000000000e+00
5.150000000000000000e+04 1.543461727005020975e+03 5.000000000000000000e+02
5.150000000000000000e+04 1.543461727005020293e+03 1.000000000000000000e+03
5.150000000000000000e+04 1.543461727005020521e+03 1.500000000000000000e+03
5.150000000000000000e+04 1.543461727005020748e+03 2.000000000000000000e+03
5.200000000000000000e+04 1.539567065329095612e+03 0.000000000000000000e+00
5.200000000000000000e+04 1.539567065329094476e+03 5.000000000000000000e+02
5.200000000000000000e+04 1.539567065329096295e+03 1.000000000000000000e+03
5.200000000000000000e+04 1.539567065329094476e+03 1.500000000000000000e+03
5.200000000000000000e+04 1.539567065329095612e+03 2.000000000000000000e+03
5.250000000000000000e+04 1.535515429199011351e+03 0.000000000000000000e+00
5.250000000000000000e+04 1.535515429199011805e+03 5.000000000000000000e+02
5.250000000000000000e+04 1.535515429199012033e+03 1.000000000000000000e+03
5.250000000000000000e+04 1.535515429199012260e+03 1.500000000000000000e+03
5.250000000000000000e+04 1.535515429199012715e+03 2.000000000000000000e+03
5.300000000000000000e+04 1.531302494480942642e+03 0.000000000000000000e+00
5.300000000000000000e+04 1.531302494480942187e+03 5.000000000000000000e+02
5.300000000000000000e+04 1.531302494480943551e+03 1.000000000000000000e+03
5.300000000000000000e+04 1.531302494480943324e+03 1.500000000000000000e+03
5.300000000000000000e+04 1.531302494480943324e+03 2.000000000000000000e+03
5.350000000000000000e+04 1.526923937912549491e+03 0.000000000000000000e+00
5.350000000000000000e+04 1.526923937912550400e+03 5.000000000000000000e+02
5.350000000000000000e+04 1.526923937912549718e+03 1.000000000000000000e+03
5.350000000000000000e+04 1.526923937912549491e+03 1.500000000000000000e+03
5.350000000000000000e+04 1.526923937912549945e+03 2.000000000000000000e+03
5.400000000000000000e+04 1.522375443397680101e+03 0.000000000000000000e+00
5.400000000000000000e+04 1.522375443397679646e+03 5.000000000000000000e+02
5.400000000000000000e+04 1.522375443397680783e+03 1.000000000000000000e+03
5.400000000000000000e+04 1.522375443397680101e+03 1.500000000000000000e+03
5.400000000000000000e+04 1.522375443397680556e+03 2.000000000000000000e+03
5.450000000000000000e+04 1.517652712199185544e+03 0.000000000000000000e+00
5.450000000000000000e+04 1.517652712199185999e+03 5.000000000000000000e+02
5.450000000000000000e+04 1.517652712199186226e+03 1.000000000000000000e+03
5.450000000000000000e+04 1.517652712199185999e+03 1.500000000000000000e+03
5.450000000000000000e+04 1.517652712199185999e+03 2.000000000000000000e+03
5.500000000000000000e+04 1.512751472372340004e+03 0.000000000000000000e+00
5.500000000000000000e+04 1.512751472372338867e+03 5.000000000000000000e+02
5.500000000000000000e+04 1.512751472372340459e+03 1.000000000000000000e+03
5.500000000000000000e+04 1.512751472372339776e+03 1.500000000000000000e+03
5.500000000000000000e+04 1.512751472372340004e+03 2.000000000000000000e+03
5.550000000000000000e+04 1.507667487646829159e+03 0.000000000000000000e+00
5.550000000000000000e+04 1.507667487646830523e+03 5.000000000000000000e+02
5.550000000000000000e+04 1.507667487646829386e+03 1.000000000000000000e+03
5.550000000000000000e+04 1.507667487646829613e+03 1.500000000000000000e+03
5.550000000000000000e+04 1.507667487646828931e+03 2.000000000000000000e+03
5.600000000000000000e+04 1.502396570267081188e+03 0.000000000000000000e+00
5.600000000000000000e+04 1.502396570267079824e+03 5.000000000000000000e+02
5.600000000000000000e+04 1.502396570267080733e+03 1.000000000000000000e+03
5.600000000000000000e+04 1.502396570267079596e+03 1.500000000000000000e+03
5.600000000000000000e+04 1.502396570267080278e+03 2.000000000000000000e+03
5.650000000000000000e+04 1.496934588274963062e+03 0.000000000000000000e+00
5.650000000000000000e+04 1.496934588274962834e+03 5.000000000000000000e+02
5.650000000000000000e+04 1.496934588274963517e+03 1.000000000000000000e+03
5.650000000000000000e+04 1.496934588274962607e+03 1.500000000000000000e+03
5.650000000000000000e+04 1.496934588274962607e+03 2.000000000000000000e+03
5.700000000000000000e+04 1.491277482011670372e+03 0.000000000000000000e+00
5.700000000000000000e+04 1.491277482011670600e+03 5.000000000000000000e+02
5.700000000000000000e+04 1.491277482011670372e+03 1.000000000000000000e+03
5.700000000000000000e+04 1.491277482011669917e+03 1.500000000000000000e+03
5.700000000000000000e+04 1.491277482011670827e+03 2.000000000000000000e+03
5.750000000000000000e+04 1.485421269485504126e+03 0.000000000000000000e+00
5.750000000000000000e+04 1.485421269485503672e+03 5.000000000000000000e+02
5.750000000000000000e+04 1.485421269485504808e+03 1.000000000000000000e+03
5.750000000000000000e+04 1.485421269485502989e+03 1.500000000000000000e+03
5.750000000000000000e+04 1.485421269485504126e+03 2.000000000000000000e+03
5.800000000000000000e+04 1.479362066769157764e+03 0.000000000000000000e+00
5.800000000000000000e+04 1.479362066769157991e+03 5.000000000000000000e+02
5.800000000000000000e+04 1.479362066769157991e+03 1.000000000000000000e+03
5.800000000000000000e+04 1.479362066769157991e+03 1.500000000000000000e+03
5.800000000000000000e+04 1.479362066769158446e+03 2.000000000000000000e+03
5.850000000000000000e+04 1.473096091109764984e+03 0.000000000000000000e+00
5.850000000000000000e+04 1.473096091109765666e+03 5.000000000000000000e+02
5.850000000000000000e+04 1.473096091109764757e+03 1.000000000000000000e+03
5.850000000000000000e+04 1.473096091109764757e+03 1.500000000000000000e+03
5.850000000000000000e+04 1.473096091109765666e+03 2.000000000000000000e+03
5.900000000000000000e+04 1.466619685426448768e+03 0.000000000000000000e+00
5.900000000000000000e+04 1.466619685426449450e+03 5.000000000000000000e+02
5.900000000000000000e+04 1.466619685426448768e+03 1.000000000000000000e+03
5.900000000000000000e+04 1.466619685426449223e+03 1.500000000000000000e+03
5.900000000000000000e+04 1.466619685426449223e+03 2.000000000000000000e+03
5.950000000000000000e+04 1.459929318793315588e+03 0.000000000000000000e+00
5.950000000000000000e+04 1.459929318793316270e+03 5.000000000000000000e+02
5.950000000000000000e+04 1.459929318793315588e+03 1.000000000000000000e+03
5.950000000000000000e+04 1.459929318793316043e+03 1.500000000000000000e+03
5.950000000000000000e+04 1.459929318793315133e+03 2.000000000000000000e+03
6.000000000000000000e+04 1.453021615204056388e+03 0.000000000000000000e+00
6.000000000000000000e+04 1.453021615204057525e+03 5.000000000000000000e+02
6.000000000000000000e+04 1.453021615204057753e+03 1.000000000000000000e+03
6.000000000000000000e+04 1.453021615204056843e+03 1.500000000000000000e+03
6.000000000000000000e+04 1.453021615204056843e+03 2.000000000000000000e+03
6.050000000000000000e+04 1.445893351033729232e+03 0.000000000000000000e+00
6.050000000000000000e+04 1.445893351033728777e+03 5.000000000000000000e+02
6.050000000000000000e+04 1.445893351033729687e+03 1.000000000000000000e+03
6.050000000000000000e+04 1.445893351033729004e+03 1.500000000000000000e+03
6.050000000000000000e+04 1.445893351033729459e+03 2.000000000000000000e+03
6.100000000000000000e+04 1.438541488189274332e+03 0.000000000000000000e+00
6.100000000000000000e+04 1.438541488189274332e+03 5.000000000000000000e+02
6.100000000000000000e+04 1.438541488189274560e+03 1.000000000000000000e+03
6.100000000000000000e+04 1.438541488189275015e+03 1.500000000000000000e+03
6.100000000000000000e+04 1.438541488189274787e+03 2.000000000000000000e+03
6.150000000000000000e+04 1.430963168133916952e+03 0.000000000000000000e+00
6.150000000000000000e+04 1.430963168133917407e+03 5.000000000000000000e+02
6.150000000000000000e+04 1.430963168133917407e+03 1.000000000000000000e+03
6.150000000000000000e+04 1.430963168133917179e+03 1.500000000000000000e+03
6.150000000000000000e+04 1.430963168133916952e+03 2.000000000000000000e+03
6.200000000000000000e+04 1.423155749484247053e+03 0.000000000000000000e+00
6.200000000000000000e+04 1.423155749484247281e+03 5.000000000000000000e+02
6.200000000000000000e+04 1.423155749484247508e+03 1.000000000000000000e+03
6.200000000000000000e+04 1.423155749484247735e+03 1.500000000000000000e+03
6.200000000000000000e+04 1.423155749484247281e+03 2.000000000000000000e+03
6.250000000000000000e+04 1.415116798163397789e+03 0.000000000000000000e+00
6.250000000000000000e+04 1.415116798163397561e+03 5.000000000000000000e+02
6.250000000000000000e+04 1.415116798163397561e+03 1.000000000000000000e+03
6.250000000000000000e+04 1.415116798163397561e+03 1.500000000000000000e+03
6.250000000000000000e+04 1.415116798163396879e+03 2.000000000000000000e+03
6.300000000000000000e+04 1.406844129436639378e+03 0.000000000000000000e+00
6.300000000000000000e+04 1.406844129436638923e+03 5.000000000000000000e+02
6.300000000000000000e+04 1.406844129436639378e+03 1.000000000000000000e+03
6.300000000000000000e+04 1.406844129436638468e+03 1.500000000000000000e+03
6.300000000000000000e+04 1.406844129436638241e+03 2.000000000000000000e+03
6.350000000000000000e+04 1.398335793748033439e+03 0.000000000000000000e+00
6.350000000000000000e+04 1.398335793748033666e+03 5.000000000000000000e+02
6.350000000000000000e+04 1.398335793748033439e+03 1.000000000000000000e+03
6.350000000000000000e+04 1.398335793748033211e+03 1.500000000000000000e+03
6.350000000000000000e+04 1.398335793748033211e+03 2.000000000000000000e+03
6.400000000000000000e+04 1.389590123107632053e+03 0.000000000000000000e+00
6.400000000000000000e+04 1.389590123107631371e+03 5.000000000000000000e+02
6.400000000000000000e+04 1.389590123107632735e+03 1.000000000000000000e+03
6.400000000000000000e+04 1.389590123107631825e+03 1.500000000000000000e+03
6.400000000000000000e+04 1.389590123107631825e+03 2.000000000000000000e+03
6.450000000000000000e+04 1.380605712163232056e+03 0.000000000000000000e+00
6.450000000000000000e+04 1.380605712163231601e+03 5.000000000000000000e+02
6.450000000000000000e+04 1.380605712163232056e+03 1.000000000000000000e+03
6.450000000000000000e+04 1.380605712163232283e+03 1.500000000000000000e+03
6.450000000000000000e+04 1.380605712163232511e+03 2.000000000000000000e+03
6.500000000000000000e+04 1.371381468764187275e+03 0.000000000000000000e+00
6.500000000000000000e+04 1.371381468764187048e+03 5.000000000000000000e+02
6.500000000000000000e+04 1.371381468764187730e+03 1.000000000000000000e+03
6.500000000000000000e+04 1.371381468764187957e+03 1.500000000000000000e+03
6.500000000000000000e+04 1.371381468764187730e+03 2.000000000000000000e+03
6.550000000000000000e+04 1.361916589827735606e+03 0.000000000000000000e+00
6.550000000000000000e+04 1.361916589827735606e+03 5.000000000000000000e+02
6.550000000000000000e+04 1.361916589827736288e+03 1.000000000000000000e+03
6.550000000000000000e+04 1.361916589827734924e+03 1.500000000000000000e+03
6.550000000000000000e+04 1.361916589827735379e+03 2.000000000000000000e+03
6.600000000000000000e+04 1.352210615808734019e+03 0.000000000000000000e+00
6.600000000000000000e+04 1.352210615808733792e+03 5.000000000000000000e+02
6.600000000000000000e+04 1.352210615808734019e+03 1.000000000000000000e+03
6.600000000000000000e+04 1.352210615808734246e+03 1.500000000000000000e+03
6.600000000000000000e+04 1.352210615808733564e+03 2.000000000000000000e+03
6.650000000000000000e+04 1.342263400941563532e+03 0.000000000000000000e+00
6.650000000000000000e+04 1.342263400941563077e+03 5.000000000000000000e+02
6.650000000000000000e+04 1.342263400941563759e+03 1.000000000000000000e+03
6.650000000000000000e+04 1.342263400941563077e+03 1.500000000000000000e+03
6.650000000000000000e+04 1.342263400941563532e+03 2.000000000000000000e+03
6.700000000000000000e+04 1.332075171244302055e+03 0.000000000000000000e+00
6.700000000000000000e+04 1.332075171244302510e+03 5.000000000000000000e+02
6.700000000000000000e+04 1.332075171244302283e+03 1.000000000000000000e+03
6.700000000000000000e+04 1.332075171244302965e+03 1.500000000000000000e+03
6.700000000000000000e+04 1.332075171244302510e+03 2.000000000000000000e+03
6.750000000000000000e+04 1.321646488755309974e+03 0.000000000000000000e+00
6.750000000000000000e+04 1.321646488755309065e+03 5.000000000000000000e+02
6.750000000000000000e+04 1.321646488755309974e+03 1.000000000000000000e+03
6.750000000000000000e+04 1.321646488755309292e+03 1.500000000000000000e+03
6.750000000000000000e+04 1.321646488755310202e+03 2.000000000000000000e+03
6.800000000000000000e+04 1.310978312597764443e+03 0.000000000000000000e+00
6.800000000000000000e+04 1.310978312597764443e+03 5.000000000000000000e+02
6.800000000000000000e+04 1.310978312597764443e+03 1.000000000000000000e+03
6.800000000000000000e+04 1.310978312597764670e+03 1.500000000000000000e+03
6.800000000000000000e+04 1.310978312597764898e+03 2.000000000000000000e+03
6.850000000000000000e+04 1.300071956887583383e+03 0.000000000000000000e+00
6.850000000000000000e+04 1.300071956887583838e+03 5.000000000000000000e+02
6.850000000000000000e+04 1.300071956887583838e+03 1.000000000000000000e+03
6.850000000000000000e+04 1.300071956887584292e+03 1.500000000000000000e+03
6.850000000000000000e+04 1.300071956887584065e+03 2.000000000000000000e+03
6.900000000000000000e+04 1.288929154284075594e+03 0.000000000000000000e+00
6.900000000000000000e+04 1.288929154284074912e+03 5.000000000000000000e+02
6.900000000000000000e+04 1.288929154284075821e+03 1.000000000000000000e+03
6.900000000000000000e+04 1.288929154284075139e+03 1.500000000000000000e+03
6.900000000000000000e+04 1.288929154284075821e+03 2.000000000000000000e+03
6.950000000000000000e+04 1.277552007325342856e+03 0.000000000000000000e+00
6.950000000000000000e+04 1.277552007325343084e+03 5.000000000000000000e+02
6.950000000000000000e+04 1.277552007325342629e+03 1.000000000000000000e+03
6.950000000000000000e+04 1.277552007325343084e+03 1.500000000000000000e+03
6.950000000000000000e+04 1.277552007325342629e+03 2.000000000000000000e+03
7.000000000000000000e+04 1.265943053797974926e+03 0.000000000000000000e+00
7.000000000000000000e+04 1.265943053797974244e+03 5.000000000000000000e+02
7.000000000000000000e+04 1.265943053797975381e+03 1.000000000000000000e+03
7.000000000000000000e+04 1.265943053797974017e+03 1.500000000000000000e+03
7.000000000000000000e+04 1.265943053797975381e+03 2.000000000000000000e+03
7.050000000000000000e+04 1.254105211359432587e+03 0.000000000000000000e+00
7.050000000000000000e+04 1.254105211359432587e+03 5.000000000000000000e+02
7.050000000000000000e+04 1.254105211359432815e+03 1.000000000000000000e+03
7.050000000000000000e+04 1.254105211359433724e+03 1.500000000000000000e+03
7.050000000000000000e+04 1.254105211359432815e+03 2.000000000000000000e+03
7.100000000000000000e+04 1.242041843979662417e+03 0.000000000000000000e+00
7.100000000000000000e+04 1.242041843979662190e+03 5.000000000000000000e+02
7.100000000000000000e+04 1.242041843979663099e+03 1.000000000000000000e+03
7.100000000000000000e+04 1.242041843979661962e+03 1.500000000000000000e+03
7.100000000000000000e+04 1.242041843979663554e+03 2.000000000000000000e+03
7.150000000000000000e+04 1.229756699837952510e+03 0.000000000000000000e+00
7.150000000000000000e+04 1.229756699837952510e+03 5.000000000000000000e+02
7.150000000000000000e+04 1.229756699837952510e+03 1.000000000000000000e+03
7.150000000000000000e+04 1.229756699837952283e+03 1.500000000000000000e+03
7.150000000000000000e+04 1.229756699837952283e+03 2.000000000000000000e+03
7.200000000000000000e+04 1.217253978027727499e+03 0.000000000000000000e+00
7.200000000000000000e+04 1.217253978027726589e+03 5.000000000000000000e+02
7.200000000000000000e+04 1.217253978027727044e+03 1.000000000000000000e+03
7.200000000000000000e+04 1.217253978027726589e+03 1.500000000000000000e+03
7.200000000000000000e+04 1.217253978027727726e+03 2.000000000000000000e+03
7.250000000000000000e+04 1.204538259867387751e+03 0.000000000000000000e+00
7.250000000000000000e+04 1.204538259867387524e+03 5.000000000000000000e+02
7.250000000000000000e+04 1.204538259867387069e+03 1.000000000000000000e+03
7.250000000000000000e+04 1.204538259867386842e+03 1.500000000000000000e+03
7.250000000000000000e+04 1.204538259867386387e+03 2.000000000000000000e+03
7.300000000000000000e+04 1.191614575021685823e+03 0.000000000000000000e+00
7.300000000000000000e+04 1.191614575021684459e+03 5.000000000000000000e+02
7.300000000000000000e+04 1.191614575021685596e+03 1.000000000000000000e+03
7.300000000000000000e+04 1.191614575021684686e+03 1.500000000000000000e+03
7.300000000000000000e+04 1.191614575021685141e+03 2.000000000000000000e+03
7.350000000000000000e+04 1.178488326539579248e+03 0.000000000000000000e+00
7.350000000000000000e+04 1.178488326539578566e+03 5.000000000000000000e+02
7.350000000000000000e+04 1.178488326539578566e+03 1.000000000000000000e+03
7.350000000000000000e+04 1.178488326539578793e+03 1.500000000000000000e+03
7.350000000000000000e+04 1.178488326539578793e+03 2.000000000000000000e+03
7.400000000000000000e+04 1.165165355535964181e+03 0.000000000000000000e+00
7.400000000000000000e+04 1.165165355535963045e+03 5.000000000000000000e+02
7.400000000000000000e+04 1.165165355535963272e+03 1.000000000000000000e+03
7.400000000000000000e+04 1.165165355535962135e+03 1.500000000000000000e+03
7.400000000000000000e+04 1.165165355535963954e+03 2.000000000000000000e+03
7.450000000000000000e+04 1.151651860460042371e+03 0.000000000000000000e+00
7.450000000000000000e+04 1.151651860460042144e+03 5.000000000000000000e+02
7.450000000000000000e+04 1.151651860460042144e+03 1.000000000000000000e+03
7.450000000000000000e+04 1.151651860460041917e+03 1.500000000000000000e+03
7.450000000000000000e+04 1.151651860460041689e+03 2.000000000000000000e+03
7.500000000000000000e+04 1.137954459502865120e+03 0.000000000000000000e+00
7.500000000000000000e+04 1.137954459502863983e+03 5.000000000000000000e+02
7.500000000000000000e+04 1.137954459502864893e+03 1.000000000000000000e+03
7.500000000000000000e+04 1.137954459502863756e+03 1.500000000000000000e+03
7.500000000000000000e+04 1.137954459502864893e+03 2.000000000000000000e+03
7.550000000000000000e+04 1.124080104800177878e+03 0.000000000000000000e+00
7.550000000000000000e+04 1.124080104800178106e+03 5.000000000000000000e+02
7.550000000000000000e+04 1.124080104800177878e+03 1.000000000000000000e+03
7.550000000000000000e+04 1.124080104800178106e+03 1.500000000000000000e+03
7.550000000000000000e+04 1.124080104800177651e+03 2.000000000000000000e+03
7.600000000000000000e+04 1.110036141785403970e+03 0.000000000000000000e+00
7.600000000000000000e+04 1.110036141785403288e+03 5.000000000000000000e+02
7.600000000000000000e+04 1.110036141785404880e+03 1.000000000000000000e+03
7.600000000000000000e+04 1.110036141785403515e+03 1.500000000000000000e+03
7.600000000000000000e+04 1.110036141785405107e+03 2.000000000000000000e+03
7.650000000000000000e+04 1.095830219232322861e+03 0.000000000000000000e+00
7.650000000000000000e+04 1.095830219232323543e+03 5.000000000000000000e+02
7.650000000000000000e+04 1.095830219232323316e+03 1.000000000000000000e+03
7.650000000000000000e+04 1.095830219232323543e+03 1.500000000000000000e+03
7.650000000000000000e+04 1.095830219232323316e+03 2.000000000000000000e+03
7.700000000000000000e+04 1.081470344858620592e+03 0.000000000000000000e+00
7.700000000000000000e+04 1.081470344858619910e+03 5.000000000000000000e+02
7.700000000000000000e+04 1.081470344858620820e+03 1.000000000000000000e+03
7.700000000000000000e+04 1.081470344858620365e+03 1.500000000000000000e+03
7.700000000000000000e+04 1.081470344858620820e+03 2.000000000000000000e+03
7.750000000000000000e+04 1.066964792305165474e+03 0.000000000000000000e+00
7.750000000000000000e+04 1.066964792305165247e+03 5.000000000000000000e+02
7.750000000000000000e+04 1.066964792305165474e+03 1.000000000000000000e+03
7.750000000000000000e+04 1.066964792305165474e+03 1.500000000000000000e+03
7.750000000000000000e+04 1.066964792305165702e+03 2.000000000000000000e+03
7.800000000000000000e+04 1.052322152408491547e+03 0.000000000000000000e+00
7.800000000000000000e+04 1.052322152408491547e+03 5.000000000000000000e+02
7.800000000000000000e+04 1.052322152408491320e+03 1.000000000000000000e+03
7.800000000000000000e+04 1.052322152408491320e+03 1.500000000000000000e+03
7.800000000000000000e+04 1.052322152408491547e+03 2.000000000000000000e+03
7.850000000000000000e+04 1.037551238382849533e+03 0.000000000000000000e+00
7.850000000000000000e+04 1.037551238382850443e+03 5.000000000000000000e+02
7.850000000000000000e+04 1.037551238382850215e+03 1.000000000000000000e+03
7.850000000000000000e+04 1.037551238382850215e+03 1.500000000000000000e+03
7.850000000000000000e+04 1.037551238382850215e+03 2.000000000000000000e+03
7.900000000000000000e+04 1.022661132314926590e+03 0.000000000000000000e+00
7.900000000000000000e+04 1.022661132314926476e+03 5.000000000000000000e+02
7.900000000000000000e+04 1.022661132314926363e+03 1.000000000000000000e+03
7.900000000000000000e+04 1.022661132314926590e+03 1.500000000000000000e+03
7.900000000000000000e+04 1.022661132314926590e+03 2.000000000000000000e+03
7.950000000000000000e+04 1.007661089950131100e+03 0.000000000000000000e+00
7.950000000000000000e+04 1.007661089950130872e+03 5.000000000000000000e+02
7.950000000000000000e+04 1.007661089950131327e+03 1.000000000000000000e+03
7.950000000000000000e+04 1.007661089950130645e+03 1.500000000000000000e+03
7.950000000000000000e+04 1.007661089950131213e+03 2.000000000000000000e+03
8.000000000000000000e+04 9.925605821115401568e+02 0.000000000000000000e+00
8.000000000000000000e+04 9.925605821115399294e+02 5.000000000000000000e+02
8.000000000000000000e+04 9.925605821115399294e+02 1.000000000000000000e+03
8.000000000000000000e+04 9.925605821115398157e+02 1.500000000000000000e+03
8.000000000000000000e+04 9.925605821115401568e+02 2.000000000000000000e+03
8.050000000000000000e+04 9.773692005818887765e+02 0.000000000000000000e+00
8.050000000000000000e+04 9.773692005818882080e+02 5.000000000000000000e+02
8.050000000000000000e+04 9.773692005818888902e+02 1.000000000000000000e+03
8.050000000000000000e+04 9.773692005818884354e+02 1.500000000000000000e+03
8.050000000000000000e+04 9.773692005818886628e+02 2.000000000000000000e+03
8.100000000000000000e+04 9.620966943019381006e+02 0.000000000000000000e+00
8.100000000000000000e+04 9.620966943019379869e+02 5.000000000000000000e+02
8.100000000000000000e+04 9.620966943019382143e+02 1.000000000000000000e+03
8.100000000000000000e+04 9.620966943019375321e+02 1.500000000000000000e+03
8.100000000000000000e+04 9.620966943019384416e+02 2.000000000000000000e+03
8.150000000000000000e+04 9.467528778754124232e+02 0.000000000000000000e+00
8.150000000000000000e+04 9.467528778754123095e+02 5.000000000000000000e+02
8.150000000000000000e+04 9.467528778754126506e+02 1.000000000000000000e+03
8.150000000000000000e+04 9.467528778754120822e+02 1.500000000000000000e+03
8.150000000000000000e+04 9.467528778754126506e+02 2.000000000000000000e+03
8.200000000000000000e+04 9.313476625501608623e+02 0.000000000000000000e+00
8.200000000000000000e+04 9.313476625501596118e+02 5.000000000000000000e+02
8.200000000000000000e+04 9.313476625501602939e+02 1.000000000000000000e+03
8.200000000000000000e+04 9.313476625501594981e+02 1.500000000000000000e+03
8.200000000000000000e+04 9.313476625501602939e+02 2.000000000000000000e+03
8.250000000000000000e+04 9.158909688492132091e+02 0.000000000000000000e+00
8.250000000000000000e+04 9.158909688492129817e+02 5.000000000000000000e+02
8.250000000000000000e+04 9.158909688492128680e+02 1.000000000000000000e+03
8.250000000000000000e+04 9.158909688492128680e+02 1.500000000000000000e+03
8.250000000000000000e+04 9.158909688492122996e+02 2.000000000000000000e+03
8.300000000000000000e+04 9.003927524722854514e+02 0.000000000000000000e+00
8.300000000000000000e+04 9.003927524722852240e+02 5.000000000000000000e+02
8.300000000000000000e+04 9.003927524722853377e+02 1.000000000000000000e+03
8.300000000000000000e+04 9.003927524722849967e+02 1.500000000000000000e+03
8.300000000000000000e+04 9.003927524722853377e+02 2.000000000000000000e+03
8.350000000000000000e+04 8.848629224707416370e+02 0.000000000000000000e+00
8.350000000000000000e+04 8.848629224707411822e+02 5.000000000000000000e+02
8.350000000000000000e+04 8.848629224707414096e+02 1.000000000000000000e+03
8.350000000000000000e+04 8.848629224707415233e+02 1.500000000000000000e+03
8.350000000000000000e+04 8.848629224707417507e+02 2.000000000000000000e+03
8.400000000000000000e+04 8.693113623197457400e+02 0.000000000000000000e+00
8.400000000000000000e+04 8.693113623197447168e+02 5.000000000000000000e+02
8.400000000000000000e+04 8.693113623197456263e+02 1.000000000000000000e+03
8.400000000000000000e+04 8.693113623197452853e+02 1.500000000000000000e+03
8.400000000000000000e+04 8.693113623197456263e+02 2.000000000000000000e+03
8.450000000000000000e+04 8.537478549112234987e+02 0.000000000000000000e+00
8.450000000000000000e+04 8.537478549112233850e+02 5.000000000000000000e+02
8.450000000000000000e+04 8.537478549112230439e+02 1.000000000000000000e+03
8.450000000000000000e+04 8.537478549112228166e+02 1.500000000000000000e+03
8.450000000000000000e+04 8.537478549112232713e+02 2.000000000000000000e+03
8.500000000000000000e+04 8.381820991332310768e+02 0.000000000000000000e+00
8.500000000000000000e+04 8.381820991332306221e+02 5.000000000000000000e+02
8.500000000000000000e+04 8.381820991332310768e+02 1.000000000000000000e+03
8.500000000000000000e+04 8.381820991332300537e+02 1.500000000000000000e+03
8.500000000000000000e+04 8.381820991332306221e+02 2.000000000000000000e+03
8.550000000000000000e+04 8.226236427603948869e+02 0.000000000000000000e+00
8.550000000000000000e+04 8.226236427603950006e+02 5.000000000000000000e+02
8.550000000000000000e+04 8.226236427603948869e+02 1.000000000000000000e+03
8.550000000000000000e+04 8.226236427603947732e+02 1.500000000000000000e+03
8.550000000000000000e+04 8.226236427603948869e+02 2.000000000000000000e+03
8.600000000000000000e+04 8.070818949343132545e+02 0.000000000000000000e+00
8.600000000000000000e+04 8.070818949343131408e+02 5.000000000000000000e+02
8.600000000000000000e+04 8.070818949343131408e+02 1.000000000000000000e+03
8.600000000000000000e+04 8.070818949343131408e+02 1.500000000000000000e+03
8.600000000000000000e+04 8.070818949343131408e+02 2.000000000000000000e+03
8.650000000000000000e+04 7.915660677966388903e+02 0.000000000000000000e+00
8.650000000000000000e+04 7.915660677966388903e+02 5.000000000000000000e+02
8.650000000000000000e+04 7.915660677966385492e+02 1.000000000000000000e+03
8.650000000000000000e+04 7.915660677966383219e+02 1.500000000000000000e+03
8.650000000000000000e+04 7.915660677966387766e+02 2.000000000000000000e+03
8.700000000000000000e+04 7.760851852928327617e+02 0.000000000000000000e+00
8.700000000000000000e+04 7.760851852928321932e+02 5.000000000000000000e+02
8.700000000000000000e+04 7.760851852928327617e+02 1.000000000000000000e+03
8.700000000000000000e+04 7.760851852928325343e+02 1.500000000000000000e+03
8.700000000000000000e+04 7.760851852928326480e+02 2.000000000000000000e+03
8.750000000000000000e+04 7.606480341328266377e+02 0.000000000000000000e+00
8.750000000000000000e+04 7.606480341328262966e+02 5.000000000000000000e+02
8.750000000000000000e+04 7.606480341328267514e+02 1.000000000000000000e+03
8.750000000000000000e+04 7.606480341328266377e+02 1.500000000000000000e+03
8.750000000000000000e+04 7.606480341328267514e+02 2.000000000000000000e+03
8.800000000000000000e+04 7.452631693429042343e+02 0.000000000000000000e+00
8.800000000000000000e+04 7.452631693429043480e+02 5.000000000000000000e+02
8.800000000000000000e+04 7.452631693429043480e+02 1.000000000000000000e+03
8.800000000000000000e+04 7.452631693429045754e+02 1.500000000000000000e+03
8.800000000000000000e+04 7.452631693429048028e+02 2.000000000000000000e+03
8.850000000000000000e+04 7.299388748678926504e+02 0.000000000000000000e+00
8.850000000000000000e+04 7.299388748678920820e+02 5.000000000000000000e+02
8.850000000000000000e+04 7.299388748678929915e+02 1.000000000000000000e+03
8.850000000000000000e+04 7.299388748678926504e+02 1.500000000000000000e+03
8.850000000000000000e+04 7.299388748678927641e+02 2.000000000000000000e+03
8.900000000000000000e+04 7.146831662768580600e+02 0.000000000000000000e+00
8.900000000000000000e+04 7.146831662768584010e+02 5.000000000000000000e+02
8.900000000000000000e+04 7.146831662768584010e+02 1.000000000000000000e+03
8.900000000000000000e+04 7.146831662768586284e+02 1.500000000000000000e+03
8.900000000000000000e+04 7.146831662768587421e+02 2.000000000000000000e+03
8.950000000000000000e+04 6.995037610541342019e+02 0.000000000000000000e+00
8.950000000000000000e+04 6.995037610541339745e+02 5.000000000000000000e+02
8.950000000000000000e+04 6.995037610541344293e+02 1.000000000000000000e+03
8.950000000000000000e+04 6.995037610541343156e+02 1.500000000000000000e+03
8.950000000000000000e+04 6.995037610541349977e+02 2.000000000000000000e+03
9.000000000000000000e+04 6.844080788294940021e+02 0.000000000000000000e+00
9.000000000000000000e+04 6.844080788294934337e+02 5.000000000000000000e+02
9.000000000000000000e+04 6.844080788294938884e+02 1.000000000000000000e+03
9.000000000000000000e+04 6.844080788294934337e+02 1.500000000000000000e+03
9.000000000000000000e+04 6.844080788294941158e+02 2.000000000000000000e+03
9.050000000000000000e+04 6.694032211566291153e+02 0.000000000000000000e+00
9.050000000000000000e+04 6.694032211566295700e+02 5.000000000000000000e+02
9.050000000000000000e+04 6.694032211566296837e+02 1.000000000000000000e+03
9.050000000000000000e+04 6.694032211566293427e+02 1.500000000000000000e+03
9.050000000000000000e+04 6.694032211566295700e+02 2.000000000000000000e+03
9.100000000000000000e+04 6.544959695934879846e+02 0.000000000000000000e+00
9.100000000000000000e+04 6.544959695934874162e+02 5.000000000000000000e+02
9.100000000000000000e+04 6.544959695934877573e+02 1.000000000000000000e+03
9.100000000000000000e+04 6.544959695934877573e+02 1.500000000000000000e+03
9.100000000000000000e+04 6.544959695934878710e+02 2.000000000000000000e+03
9.150000000000000000e+04 6.396927745472816014e+02 0.000000000000000000e+00
9.150000000000000000e+04 6.396927745472817151e+02 5.000000000000000000e+02
9.150000000000000000e+04 6.396927745472821698e+02 1.000000000000000000e+03
9.150000000000000000e+04 6.396927745472817151e+02 1.500000000000000000e+03
9.150000000000000000e+04 6.396927745472819424e+02 2.000000000000000000e+03
9.200000000000000000e+04 6.249997514813093176e+02 0.000000000000000000e+00
9.200000000000000000e+04 6.249997514813089765e+02 5.000000000000000000e+02
9.200000000000000000e+04 6.249997514813093176e+02 1.000000000000000000e+03
9.200000000000000000e+04 6.249997514813090902e+02 1.500000000000000000e+03
9.200000000000000000e+04 6.249997514813094313e+02 2.000000000000000000e+03
9.250000000000000000e+04 6.104226782232252617e+02 0.000000000000000000e+00
9.250000000000000000e+04 6.104226782232249207e+02 5.000000000000000000e+02
9.250000000000000000e+04 6.104226782232252617e+02 1.000000000000000000e+03
9.250000000000000000e+04 6.104226782232249207e+02 1.500000000000000000e+03
9.250000000000000000e+04 6.104226782232249207e+02 2.000000000000000000e+03
9.300000000000000000e+04 5.959669895256843120e+02 0.000000000000000000e+00
9.300000000000000000e+04 5.959669895256838572e+02 5.000000000000000000e+02
9.300000000000000000e+04 5.959669895256843120e+02 1.000000000000000000e+03
9.300000000000000000e+04 5.959669895256838572e+02 1.500000000000000000e+03
9.300000000000000000e+04 5.959669895256841983e+02 2.000000000000000000e+03
9.350000000000000000e+04 5.816377820940575702e+02 0.000000000000000000e+00
9.350000000000000000e+04 5.816377820940570018e+02 5.000000000000000000e+02
9.350000000000000000e+04 5.816377820940574566e+02 1.000000000000000000e+03
9.350000000000000000e+04 5.816377820940567744e+02 1.500000000000000000e+03
9.350000000000000000e+04 5.816377820940573429e+02 2.000000000000000000e+03
9.400000000000000000e+04 5.674398076831193976e+02 0.000000000000000000e+00
9.400000000000000000e+04 5.674398076831189428e+02 5.000000000000000000e+02
9.400000000000000000e+04 5.674398076831195112e+02 1.000000000000000000e+03
9.400000000000000000e+04 5.674398076831186017e+02 1.500000000000000000e+03
9.400000000000000000e+04 5.674398076831191702e+02 2.000000000000000000e+03
9.450000000000000000e+04 5.533774850030450807e+02 0.000000000000000000e+00
9.450000000000000000e+04 5.533774850030449670e+02 5.000000000000000000e+02
9.450000000000000000e+04 5.533774850030451944e+02 1.000000000000000000e+03
9.450000000000000000e+04 5.533774850030447396e+02 1.500000000000000000e+03
9.450000000000000000e+04 5.533774850030447396e+02 2.000000000000000000e+03
9.500000000000000000e+04 5.394548914952957830e+02 0.000000000000000000e+00
9.500000000000000000e+04 5.394548914952956693e+02 5.000000000000000000e+02
9.500000000000000000e+04 5.394548914952953282e+02 1.000000000000000000e+03
9.500000000000000000e+04 5.394548914952951009e+02 1.500000000000000000e+03
9.500000000000000000e+04 5.394548914952952146e+02 2.000000000000000000e+03
9.550000000000000000e+04 5.256757812200468152e+02 0.000000000000000000e+00
9.550000000000000000e+04 5.256757812200467015e+02 5.000000000000000000e+02
9.550000000000000000e+04 5.256757812200468152e+02 1.000000000000000000e+03
9.550000000000000000e+04 5.256757812200465878e+02 1.500000000000000000e+03
9.550000000000000000e+04 5.256757812200467015e+02 2.000000000000000000e+03
9.600000000000000000e+04 5.120435754223243521e+02 0.000000000000000000e+00
9.600000000000000000e+04 5.120435754223237836e+02 5.000000000000000000e+02
9.600000000000000000e+04 5.120435754223238973e+02 1.000000000000000000e+03
9.600000000000000000e+04 5.120435754223240110e+02 1.500000000000000000e+03
9.600000000000000000e+04 5.120435754223241247e+02 2.000000000000000000e+03
9.650000000000000000e+04 4.985613854862305061e+02 0.000000000000000000e+00
9.650000000000000000e+04 4.985613854862303356e+02 5.000000000000000000e+02
9.650000000000000000e+04 4.985613854862307335e+02 1.000000000000000000e+03
9.650000000000000000e+04 4.985613854862306198e+02 1.500000000000000000e+03
9.650000000000000000e+04 4.985613854862307335e+02 2.000000000000000000e+03
9.700000000000000000e+04 4.852320023770270723e+02 0.000000000000000000e+00
9.700000000000000000e+04 4.852320023770266744e+02 5.000000000000000000e+02
9.700000000000000000e+04 4.852320023770271291e+02 1.000000000000000000e+03
9.700000000000000000e+04 4.852320023770267312e+02 1.500000000000000000e+03
9.700000000000000000e+04 4.852320023770270723e+02 2.000000000000000000e+03
9.750000000000000000e+04 4.720579237623221616e+02 0.000000000000000000e+00
9.750000000000000000e+04 4.720579237623217637e+02 5.000000000000000000e+02
9.750000000000000000e+04 4.720579237623221616e+02 1.000000000000000000e+03
9.750000000000000000e+04 4.720579237623218205e+02 1.500000000000000000e+03
9.750000000000000000e+04 4.720579237623221047e+02 2.000000000000000000e+03
9.800000000000000000e+04 4.590413423960603723e+02 0.000000000000000000e+00
9.800000000000000000e+04 4.590413423960603723e+02 5.000000000000000000e+02
9.800000000000000000e+04 4.590413423960607702e+02 1.000000000000000000e+03
9.800000000000000000e+04 4.590413423960608839e+02 1.500000000000000000e+03
9.800000000000000000e+04 4.590413423960606565e+02 2.000000000000000000e+03
9.850000000000000000e+04 4.461841765480385789e+02 0.000000000000000000e+00
9.850000000000000000e+04 4.461841765480385220e+02 5.000000000000000000e+02
9.850000000000000000e+04 4.461841765480388062e+02 1.000000000000000000e+03
9.850000000000000000e+04 4.461841765480386925e+02 1.500000000000000000e+03
9.850000000000000000e+04 4.461841765480386357e+02 2.000000000000000000e+03
9.900000000000000000e+04 4.334880573798391765e+02 0.000000000000000000e+00
9.900000000000000000e+04 4.334880573798390060e+02 5.000000000000000000e+02
9.900000000000000000e+04 4.334880573798389491e+02 1.000000000000000000e+03
9.900000000000000000e+04 4.334880573798392902e+02 1.500000000000000000e+03
9.900000000000000000e+04 4.334880573798392334e+02 2.000000000000000000e+03
9.950000000000000000e+04 4.209543618851881206e+02 0.000000000000000000e+00
9.950000000000000000e+04 4.209543618851877795e+02 5.000000000000000000e+02
9.950000000000000000e+04 4.209543618851877795e+02 1.000000000000000000e+03
9.950000000000000000e+04 4.209543618851877795e+02 1.500000000000000000e+03
9.950000000000000000e+04 4.209543618851880069e+02 2.000000000000000000e+03
1.000000000000000000e+05 4.085841992934227846e+02 0.000000000000000000e+00
1.000000000000000000e+05 4.085841992934225573e+02 5.000000000000000000e+02
1.000000000000000000e+05 4.085841992934228983e+02 1.000000000000000000e+03
1.000000000000000000e+05 4.085841992934227278e+02 1.500000000000000000e+03
1.000000000000000000e+05 4.085841992934229552e+02 2.000000000000000000e+03
1.005000000000000000e+05 3.963784457980889897e+02 0.000000000000000000e+00
1.005000000000000000e+05 3.963784457980890465e+02 5.000000000000000000e+02
1.005000000000000000e+05 3.963784457980889329e+02 1.000000000000000000e+03
1.005000000000000000e+05 3.963784457980890465e+02 1.500000000000000000e+03
1.005000000000000000e+05 3.963784457980890465e+02 2.000000000000000000e+03
1.010000000000000000e+05 3.843377300076945744e+02 0.000000000000000000e+00
1.010000000000000000e+05 3.843377300076940628e+02 5.000000000000000000e+02
1.010000000000000000e+05 3.843377300076947449e+02 1.000000000000000000e+03
1.010000000000000000e+05 3.843377300076941765e+02 1.500000000000000000e+03
1.010000000000000000e+05 3.843377300076949723e+02 2.000000000000000000e+03
1.015000000000000000e+05 3.724624688228672653e+02 0.000000000000000000e+00
1.015000000000000000e+05 3.724624688228672085e+02 5.000000000000000000e+02
1.015000000000000000e+05 3.724624688228673222e+02 1.000000000000000000e+03
1.015000000000000000e+05 3.724624688228674927e+02 1.500000000000000000e+03
1.015000000000000000e+05 3.724624688228673790e+02 2.000000000000000000e+03
1.020000000000000000e+05 3.607528519334770749e+02 0.000000000000000000e+00
1.020000000000000000e+05 3.607528519334765065e+02 5.000000000000000000e+02
1.020000000000000000e+05 3.607528519334772454e+02 1.000000000000000000e+03
1.020000000000000000e+05 3.607528519334766202e+02 1.500000000000000000e+03
1.020000000000000000e+05 3.607528519334774728e+02 2.000000000000000000e+03
1.025000000000000000e+05 3.492088782906733968e+02 0.000000000000000000e+00
1.025000000000000000e+05 3.492088782906729421e+02 5.000000000000000000e+02
1.025000000000000000e+05 3.492088782906736810e+02 1.000000000000000000e+03
1.025000000000000000e+05 3.492088782906728852e+02 1.500000000000000000e+03
1.025000000000000000e+05 3.492088782906736242e+02 2.000000000000000000e+03
1.030000000000000000e+05 3.378303396194739321e+02 0.000000000000000000e+00
1.030000000000000000e+05 3.378303396194738752e+02 5.000000000000000000e+02
1.030000000000000000e+05 3.378303396194739321e+02 1.000000000000000000e+03
1.030000000000000000e+05 3.378303396194738752e+02 1.500000000000000000e+03
1.030000000000000000e+05 3.378303396194739321e+02 2.000000000000000000e+03
1.035000000000000000e+05 3.266168570167669145e+02 0.000000000000000000e+00
1.035000000000000000e+05 3.266168570167665166e+02 5.000000000000000000e+02
1.035000000000000000e+05 3.266168570167665166e+02 1.000000000000000000e+03
1.035000000000000000e+05 3.266168570167665735e+02 1.500000000000000000e+03
1.035000000000000000e+05 3.266168570167666871e+02 2.000000000000000000e+03
1.040000000000000000e+05 3.155678634030309127e+02 0.000000000000000000e+00
1.040000000000000000e+05 3.155678634030305716e+02 5.000000000000000000e+02
1.040000000000000000e+05 3.155678634030309695e+02 1.000000000000000000e+03
1.040000000000000000e+05 3.155678634030308558e+02 1.500000000000000000e+03
1.040000000000000000e+05 3.155678634030311400e+02 2.000000000000000000e+03
1.045000000000000000e+05 3.046826398570727292e+02 0.000000000000000000e+00
1.045000000000000000e+05 3.046826398570726155e+02 5.000000000000000000e+02
1.045000000000000000e+05 3.046826398570730134e+02 1.000000000000000000e+03
1.045000000000000000e+05 3.046826398570727292e+02 1.500000000000000000e+03
1.045000000000000000e+05 3.046826398570728998e+02 2.000000000000000000e+03
1.050000000000000000e+05 2.939602968603892919e+02 0.000000000000000000e+00
1.050000000000000000e+05 2.939602968603886097e+02 5.000000000000000000e+02
1.050000000000000000e+05 2.939602968603892919e+02 1.000000000000000000e+03
1.050000000000000000e+05 2.939602968603887803e+02 1.500000000000000000e+03
1.050000000000000000e+05 2.939602968603890645e+02 2.000000000000000000e+03
1.055000000000000000e+05 2.833998100501582940e+02 0.000000000000000000e+00
1.055000000000000000e+05 2.833998100501582940e+02 5.000000000000000000e+02
1.055000000000000000e+05 2.833998100501584076e+02 1.000000000000000000e+03
1.055000000000000000e+05 2.833998100501584076e+02 1.500000000000000000e+03
1.055000000000000000e+05 2.833998100501584645e+02 2.000000000000000000e+03
1.060000000000000000e+05 2.730000000000000000e+02 0.000000000000000000e+00
1.060000000000000000e+05 2.730000000000000000e+02 5.000000000000000000e+02
1.060000000000000000e+05 2.730000000000000000e+02 1.000000000000000000e+03
1.060000000000000000e+05 2.730000000000000000e+02 1.500000000000000000e+03
1.060000000000000000e+05 2.730000000000000000e+02 2.000000000000000000e+03
