# # x,y
9.999999999999999547e-07 1.056154349825533245e-04
1.666567000000000048e-02 1.056154349825533245e-04
1.666767000000000248e-02 -2.320434742344446022e-04
3.333233000000000029e-02 -2.320434742344446022e-04
3.333433000000000229e-02 -1.361057372371021756e-03
4.999900000000000178e-02 -1.361057372371021756e-03
5.000100000000000378e-02 -2.872621384888418561e-03
6.666566999999999632e-02 -2.872621384888418561e-03
6.666766999999999832e-02 -4.426346022235350119e-03
8.333232999999999613e-02 -4.426346022235350119e-03
8.333432999999999813e-02 -5.359305554655691139e-03
9.999900000000000455e-02 -5.359305554655691139e-03
1.000010000000000066e-01 -7.015131481395542323e-03
1.166656999999999972e-01 -7.015131481395542323e-03
1.166676999999999992e-01 -8.330877125573010744e-03
1.333322999999999869e-01 -8.330877125573010744e-03
1.333342999999999889e-01 -9.017659596544547185e-03
1.499989999999999934e-01 -9.017659596544547185e-03
1.500009999999999954e-01 -9.338425314815879119e-03
1.666657000000000000e-01 -9.338425314815879119e-03
1.666677000000000020e-01 -7.100753197825326879e-03
1.833323000000000036e-01 -7.100753197825326879e-03
1.833343000000000056e-01 -1.481894261190319639e-02
1.999990000000000101e-01 -1.481894261190319639e-02
2.000010000000000121e-01 -3.547944247126338269e+00
2.166656999999999889e-01 -3.547944247126338269e+00
2.166676999999999909e-01 -3.213191194218076419e+00
2.333322999999999925e-01 -3.213191194218076419e+00
2.333342999999999945e-01 -2.721404208099563959e+00
2.499989999999999990e-01 -2.721404208099563959e+00
2.500009999999999732e-01 -2.373441076663006299e+00
2.666657000000000055e-01 -2.373441076663006299e+00
2.666676999999999520e-01 -2.099670183109651589e+00
2.833323000000000369e-01 -2.099670183109651589e+00
2.833342999999999834e-01 -1.867942563634763076e+00
2.999990000000000157e-01 -1.867942563634763076e+00
3.000009999999999621e-01 -1.667401737279234908e+00
3.166657000000000499e-01 -1.667401737279234908e+00
3.166676999999999964e-01 -1.504403388401904351e+00
3.333323000000000258e-01 -1.504403388401904351e+00
3.333342999999999723e-01 -1.361045534575772820e+00
3.499990000000000046e-01 -1.361045534575772820e+00
3.500009999999999510e-01 -1.237195998246114925e+00
3.666657000000000388e-01 -1.237195998246114925e+00
3.666676999999999853e-01 -1.131561010071912676e+00
3.833323000000000147e-01 -1.131561010071912676e+00
3.833342999999999612e-01 -1.039171532298340139e+00
3.999990000000000490e-01 -1.039171532298340139e+00
4.000009999999999954e-01 -9.553780077569271612e-01
4.166657000000000277e-01 -9.553780077569271612e-01
4.166676999999999742e-01 -8.791572424401223884e-01
4.333323000000000036e-01 -8.791572424401223884e-01
4.333342999999999501e-01 -8.154292075437084009e-01
4.499990000000000379e-01 -8.154292075437084009e-01
4.500009999999999843e-01 -7.569543554512847550e-01
4.666657000000000166e-01 -7.569543554512847550e-01
4.666676999999999631e-01 -7.062500243505667186e-01
4.833323000000000480e-01 -7.062500243505667186e-01
4.833342999999999945e-01 -6.525549962487815492e-01
4.999990000000000268e-01 -6.525549962487815492e-01
5.000010000000000288e-01 -6.234852137561617269e-01
5.166657000000000055e-01 -6.234852137561617269e-01
5.166677000000000630e-01 -5.850480560328747970e-01
5.333322999999999814e-01 -5.850480560328747970e-01
5.333343000000000389e-01 -5.438072632261707895e-01
5.499990000000000157e-01 -5.438072632261707895e-01
5.500010000000000732e-01 -5.120179104194946262e-01
5.666656999999999389e-01 -5.120179104194946262e-01
5.666676999999999964e-01 -4.824997956350856043e-01
5.833323000000000258e-01 -4.824997956350856043e-01
5.833343000000000833e-01 -4.546456039209374467e-01
5.999989999999999490e-01 -4.546456039209374467e-01
6.000010000000000066e-01 -4.304645377410309948e-01
6.166656999999999833e-01 -4.304645377410309948e-01
6.166677000000000408e-01 -4.078238877265079054e-01
6.333322999999999592e-01 -4.078238877265079054e-01
6.333343000000000167e-01 -3.873914640951525712e-01
6.499989999999999934e-01 -3.873914640951525712e-01
6.500010000000000510e-01 -3.652185681326685085e-01
6.666656999999999167e-01 -3.652185681326685085e-01
6.666676999999999742e-01 -3.529137880340584843e-01
6.833323000000000036e-01 -3.529137880340584843e-01
6.833343000000000611e-01 -3.363042530389961371e-01
6.999989999999999268e-01 -3.363042530389961371e-01
7.000009999999999843e-01 -3.181155087599947251e-01
7.166656999999999611e-01 -3.181155087599947251e-01
7.166677000000000186e-01 -3.037113880048778469e-01
7.333322999999999370e-01 -3.037113880048778469e-01
7.333342999999999945e-01 -2.902173864046631024e-01
7.499989999999999712e-01 -2.902173864046631024e-01
7.500010000000000288e-01 -2.771795154418086327e-01
7.666657000000000055e-01 -2.771795154418086327e-01
7.666677000000000630e-01 -2.658325458483972170e-01
7.833322999999999814e-01 -2.658325458483972170e-01
7.833343000000000389e-01 -2.548108828621877819e-01
7.999990000000000157e-01 -2.548108828621877819e-01
8.000010000000000732e-01 -2.440443568761523352e-01
8.166656999999999389e-01 -2.440443568761523352e-01
8.166676999999999964e-01 -2.340958341291496936e-01
8.333323000000000258e-01 -2.340958341291496936e-01
8.333343000000000833e-01 -2.252437895399310719e-01
8.499989999999999490e-01 -2.252437895399310719e-01
8.500010000000000066e-01 -2.166223857062519187e-01
8.666656999999999833e-01 -2.166223857062519187e-01
8.666677000000000408e-01 -2.084057230956943840e-01
8.833322999999999592e-01 -2.084057230956943840e-01
8.833343000000000167e-01 -2.009646573259900038e-01
8.999989999999999934e-01 -2.009646573259900038e-01
9.000010000000000510e-01 -1.944509346263032512e-01
9.166656999999999167e-01 -1.944509346263032512e-01
9.166676999999999742e-01 -1.865024093717266851e-01
9.333323000000000036e-01 -1.865024093717266851e-01
9.333343000000000611e-01 -1.789354119124340059e-01
9.499989999999999268e-01 -1.789354119124340059e-01
9.500009999999999843e-01 -1.735522701436948978e-01
9.666656999999999611e-01 -1.735522701436948978e-01
9.666677000000000186e-01 -1.679425347041103578e-01
9.833322999999999370e-01 -1.679425347041103578e-01
9.833342999999999945e-01 -1.616731251908518630e-01
9.999989999999999712e-01 -1.616731251908518630e-01
