# # x,y
9.999999999999999547e-07 1.571531084554322888e-05
1.111011000000000117e-02 5.319185067964582458e-06
1.111210999999999970e-02 6.255295550428030538e-06
2.222121999999999986e-02 -7.468656614495472468e-06
2.222322000000000186e-02 -1.096812618595066624e-05
3.333233000000000029e-02 -8.995974827152863895e-05
3.333433000000000229e-02 -1.240788144429849638e-04
4.444344000000000072e-02 -2.143285394518024134e-04
4.444544000000000272e-02 -2.275805269591479885e-04
5.555455999999999589e-02 -3.326835993440191430e-04
5.555655999999999789e-02 -3.466747477096632224e-04
6.666566999999999632e-02 -4.539879126985724156e-04
6.666766999999999832e-02 -4.660003204111085040e-04
7.777678000000000369e-02 -5.719159832722198189e-04
7.777878000000000569e-02 -5.801635368256619074e-04
8.888788999999999718e-02 -6.612729615933510274e-04
8.888988999999999918e-02 -7.070742646431149581e-04
9.999900000000000455e-02 -8.048748053770538036e-04
1.000010000000000066e-01 -7.857703638576296612e-04
1.111101000000000033e-01 -8.522798586692026390e-04
1.111121000000000053e-01 -9.001988308341424272e-04
1.222212000000000021e-01 -9.472146261555458580e-04
1.222232000000000041e-01 -1.006514780607314918e-03
1.333322999999999869e-01 -1.063393463907047476e-03
1.333342999999999889e-01 -1.044168159417324659e-03
1.444433999999999996e-01 -1.110971070013455630e-03
1.444454000000000016e-01 -1.102062744567700037e-03
1.555545999999999873e-01 -1.264552830675391704e-03
1.555565999999999893e-01 -1.364501413163576871e-03
1.666657000000000000e-01 -1.890231827698762856e-03
1.666677000000000020e-01 -2.049266670409721769e-04
1.777768000000000126e-01 -2.931765523838780751e-03
1.777788000000000146e-01 -2.822249294299083999e-03
1.888878999999999975e-01 -1.045738432040232979e-02
1.888898999999999995e-01 -7.115687867076392337e-03
1.999990000000000101e-01 -2.766085156411524082e-02
2.000010000000000121e-01 -3.928777557778817098e+00
2.111100999999999950e-01 -3.599473016537978243e+00
2.111120999999999970e-01 -3.589793132409793586e+00
2.222212000000000076e-01 -3.170308621003986360e+00
2.222232000000000096e-01 -3.156242944203520473e+00
2.333322999999999925e-01 -2.937101500195793413e+00
2.333342999999999945e-01 -2.958103272179669396e+00
2.444434000000000051e-01 -2.655103931418691943e+00
2.444454000000000071e-01 -2.666815335824468391e+00
2.555546000000000206e-01 -2.433178913391882858e+00
2.555565999999999671e-01 -2.433261861391223135e+00
2.666657000000000055e-01 -2.239773390996248281e+00
2.666676999999999520e-01 -2.238166953317215935e+00
2.777768000000000459e-01 -2.064050774855926473e+00
2.777787999999999924e-01 -2.062817734534601488e+00
2.888879000000000308e-01 -1.906166812208860639e+00
2.888898999999999773e-01 -1.904177974079211522e+00
2.999990000000000157e-01 -1.770591475677700588e+00
3.000009999999999621e-01 -1.766591482203719421e+00
3.111101000000000005e-01 -1.648152195221455063e+00
3.111120999999999470e-01 -1.641216672474376415e+00
3.222212000000000409e-01 -1.531203199073115639e+00
3.222231999999999874e-01 -1.535036211213003821e+00
3.333323000000000258e-01 -1.434784897534846282e+00
3.333342999999999723e-01 -1.430507736990570100e+00
3.444434000000000107e-01 -1.339423347140738185e+00
3.444453999999999572e-01 -1.344137676437326068e+00
3.555546000000000539e-01 -1.260375826335171645e+00
3.555566000000000004e-01 -1.259406525794312781e+00
3.666657000000000388e-01 -1.184571974516941406e+00
3.666676999999999853e-01 -1.185075442997375550e+00
3.777768000000000237e-01 -1.117100671721703575e+00
3.777787999999999702e-01 -1.115324626312861778e+00
3.888879000000000086e-01 -1.053065312734013048e+00
3.888898999999999551e-01 -1.053113830918259053e+00
3.999990000000000490e-01 -9.974668613335655465e-01
4.000009999999999954e-01 -9.932237787567046450e-01
4.111101000000000338e-01 -9.403932743713157016e-01
4.111120999999999803e-01 -9.431942279151244168e-01
4.222212000000000187e-01 -8.933210235108846042e-01
4.222231999999999652e-01 -8.945620029394303341e-01
4.333323000000000036e-01 -8.491181891974384222e-01
4.333342999999999501e-01 -8.483069166881354040e-01
4.444434000000000440e-01 -8.064423542973708781e-01
4.444453999999999905e-01 -8.073401667462449804e-01
4.555546000000000317e-01 -7.685343549719898526e-01
4.555565999999999782e-01 -7.676552524508379882e-01
4.666657000000000166e-01 -7.316987967464523290e-01
4.666676999999999631e-01 -7.324402504467755204e-01
4.777768000000000015e-01 -6.986855836517364970e-01
4.777787999999999480e-01 -6.981740275316790090e-01
4.888879000000000419e-01 -6.668894953074442356e-01
4.888898999999999884e-01 -6.673232002699542864e-01
4.999990000000000268e-01 -6.385052616946829129e-01
5.000010000000000288e-01 -6.365737444584824711e-01
5.111101000000000116e-01 -6.094123218152258659e-01
5.111121000000000691e-01 -6.109078153729539107e-01
5.222211999999999410e-01 -5.852355009092926608e-01
5.222231999999999985e-01 -5.837677907480505191e-01
5.333322999999999814e-01 -5.596159438100851702e-01
5.333343000000000389e-01 -5.612229404705559865e-01
5.444434000000000218e-01 -5.382158319800383062e-01
5.444454000000000793e-01 -5.378252502931319956e-01
5.555546000000000095e-01 -5.164255227411318483e-01
5.555566000000000670e-01 -5.166028111388218935e-01
5.666656999999999389e-01 -4.966878069629836467e-01
5.666676999999999964e-01 -4.966309064102381043e-01
5.777767999999999793e-01 -4.782995478879921158e-01
5.777788000000000368e-01 -4.770848192945689181e-01
5.888879000000000197e-01 -4.593143651123234861e-01
5.888899000000000772e-01 -4.602730081772299364e-01
5.999989999999999490e-01 -4.433870229281564601e-01
6.000010000000000066e-01 -4.424750986592154156e-01
6.111100999999999894e-01 -4.264842508618147399e-01
6.111121000000000469e-01 -4.272789156667173849e-01
6.222211999999999188e-01 -4.118803264382004947e-01
6.222231999999999763e-01 -4.121740451505524483e-01
6.333322999999999592e-01 -3.980056478731111014e-01
6.333343000000000167e-01 -3.971667726257341879e-01
6.444433999999999996e-01 -3.836552257865541993e-01
6.444454000000000571e-01 -3.843672538721898402e-01
6.555545999999999873e-01 -3.714476487538740379e-01
6.555566000000000448e-01 -3.707943002669207289e-01
6.666656999999999167e-01 -3.584924086981773339e-01
6.666676999999999742e-01 -3.592341270659078489e-01
6.777767999999999571e-01 -3.473929437867873116e-01
6.777788000000000146e-01 -3.472082570029049187e-01
6.888878999999999975e-01 -3.360493427163342428e-01
6.888899000000000550e-01 -3.361494213419484733e-01
6.999989999999999268e-01 -3.256006949764631564e-01
7.000009999999999843e-01 -3.255876870501042131e-01
7.111100999999999672e-01 -3.157575828689018760e-01
7.111121000000000247e-01 -3.151895792013317266e-01
7.222212000000000076e-01 -3.055933977416325220e-01
7.222232000000000651e-01 -3.060512979077969486e-01
7.333322999999999370e-01 -2.967763784486716627e-01
7.333342999999999945e-01 -2.962547003713793536e-01
7.444433999999999774e-01 -2.877724197867204126e-01
7.444454000000000349e-01 -2.881130613565054954e-01
7.555545999999999651e-01 -2.796732971187254613e-01
7.555566000000000226e-01 -2.794201450436046841e-01
7.666657000000000055e-01 -2.713908104848670177e-01
7.666677000000000630e-01 -2.715296648883038788e-01
7.777767999999999349e-01 -2.638436568339759258e-01
7.777787999999999924e-01 -2.636674442083670744e-01
7.888878999999999753e-01 -2.564001840913132657e-01
7.888899000000000328e-01 -2.561483043827865735e-01
7.999990000000000157e-01 -2.491044327568279204e-01
8.000010000000000732e-01 -2.494297373880045576e-01
8.111100999999999450e-01 -2.426447671552547369e-01
8.111121000000000025e-01 -2.423252598470417851e-01
8.222211999999999854e-01 -2.358061462095133454e-01
8.222232000000000429e-01 -2.360357187698440828e-01
8.333323000000000258e-01 -2.296965095169212212e-01
8.333343000000000833e-01 -2.297812601928583831e-01
8.444433999999999552e-01 -2.238764243369375517e-01
8.444454000000000127e-01 -2.235691148886049806e-01
8.555545999999999429e-01 -2.177905946411262672e-01
8.555566000000000004e-01 -2.180227588108611947e-01
8.666656999999999833e-01 -2.123806567649477728e-01
8.666677000000000408e-01 -2.124888481999218648e-01
8.777768000000000237e-01 -2.071364959899897329e-01
8.777788000000000812e-01 -2.070328304512949469e-01
8.888878999999999531e-01 -2.019543535046706140e-01
8.888899000000000106e-01 -2.017945506663216815e-01
8.999989999999999934e-01 -1.968549619446917642e-01
9.000010000000000510e-01 -1.970636185771248439e-01
9.111100999999999228e-01 -1.922858112411993670e-01
9.111120999999999803e-01 -1.920840194887705188e-01
9.222211999999999632e-01 -1.874748043261909025e-01
9.222232000000000207e-01 -1.876213512594662181e-01
9.333323000000000036e-01 -1.831238558928005578e-01
9.333343000000000611e-01 -1.832062337339861458e-01
9.444433999999999330e-01 -1.789175565389951039e-01
9.444453999999999905e-01 -1.788398527341663602e-01
9.555545999999999207e-01 -1.747526356928643665e-01
9.555565999999999782e-01 -1.746359760322773180e-01
9.666656999999999611e-01 -1.706529877381361970e-01
9.666677000000000186e-01 -1.708116710781419911e-01
9.777768000000000015e-01 -1.669021134560224606e-01
9.777788000000000590e-01 -1.668370215298948800e-01
9.888878999999999309e-01 -1.631583603760109469e-01
9.888898999999999884e-01 -1.631277514269928730e-01
9.999989999999999712e-01 -1.596301083725104597e-01
