# # x,y
9.999999999999999547e-07 4.285184513062034739e-04
3.333233000000000029e-02 -5.528066299569367459e-04
3.333433000000000229e-02 -1.690430241040985493e-03
6.666566999999999632e-02 -4.363393689307049073e-03
6.666766999999999832e-02 -7.395138680651669461e-03
9.999900000000000455e-02 -7.670286940079762417e-03
1.000010000000000066e-01 -1.190550754086006080e-02
1.333322999999999869e-01 -8.644481346262278265e-03
1.333342999999999889e-01 -2.041213879214121008e-02
1.666657000000000000e-01 -5.561124630717317885e-02
1.666677000000000020e-01 -5.445885449464604733e-02
1.999990000000000101e-01 -2.284255110616504325e-01
2.000010000000000121e-01 -3.515951186126339501e+00
2.333322999999999925e-01 -3.009752799490768904e+00
2.333342999999999945e-01 -3.000848740204356879e+00
2.666657000000000055e-01 -1.967825220861346036e+00
2.666676999999999520e-01 -2.141686404043969816e+00
2.999990000000000157e-01 -1.731019265088373782e+00
3.000009999999999621e-01 -1.742026145598672748e+00
3.333323000000000258e-01 -1.409623661401546268e+00
3.333342999999999723e-01 -1.392045357132058125e+00
3.666657000000000388e-01 -1.169547988148723183e+00
3.666676999999999853e-01 -1.133184251622909144e+00
3.999990000000000490e-01 -9.565953816694676703e-01
4.000009999999999954e-01 -9.833374197378847992e-01
4.333323000000000036e-01 -8.332199949245788773e-01
4.333342999999999501e-01 -8.404094231189338515e-01
4.666657000000000166e-01 -7.253437688972357300e-01
4.666676999999999631e-01 -7.163688739209024270e-01
4.999990000000000268e-01 -6.289475562670225894e-01
5.000010000000000288e-01 -6.201698863821565322e-01
5.333322999999999814e-01 -5.462105388101283765e-01
5.333343000000000389e-01 -5.591124295807303746e-01
5.666656999999999389e-01 -4.950867488661709892e-01
5.666676999999999964e-01 -4.853772634312623069e-01
5.999989999999999490e-01 -4.324458091934082482e-01
6.000010000000000066e-01 -4.428871241548253401e-01
6.333322999999999592e-01 -3.953014848308380458e-01
6.333343000000000167e-01 -3.940647300782988971e-01
6.666656999999999167e-01 -3.552190661985163977e-01
6.666676999999999742e-01 -3.584341881087267367e-01
6.999989999999999268e-01 -3.260208611688919511e-01
7.000009999999999843e-01 -3.212707603315672067e-01
7.333322999999999370e-01 -2.887336938964844002e-01
7.333342999999999945e-01 -2.959035782818149052e-01
7.666657000000000055e-01 -2.707706021025053644e-01
7.666677000000000630e-01 -2.671903313489729648e-01
7.999990000000000157e-01 -2.464966968597774866e-01
8.000010000000000732e-01 -2.438510642518934013e-01
8.333323000000000258e-01 -2.245376079030858563e-01
8.333343000000000833e-01 -2.278711417499343916e-01
8.666656999999999833e-01 -2.095634699329957940e-01
8.666677000000000408e-01 -2.121051797935278316e-01
8.999989999999999934e-01 -1.963212441392268026e-01
9.000010000000000510e-01 -1.945092273403252747e-01
9.333323000000000036e-01 -1.805086196702503365e-01
9.333343000000000611e-01 -1.820929437998999312e-01
9.666656999999999611e-01 -1.705551102954534493e-01
9.666677000000000186e-01 -1.704493748128426134e-01
9.999989999999999712e-01 -1.586468049195848273e-01
