0.000000000000000000e+00 9.999999999999926725e-01 1.000000000000000000e+00 1.000000000000000000e+00
1.000000000000000021e-02 8.793160907091621681e-01 7.980170072015442262e-01 9.814618586892732699e-01
2.000000000000000042e-02 7.819814456440332684e-01 6.663400673938578711e-01 9.651581307777392649e-01
2.999999999999999889e-02 7.087045376789036233e-01 5.901611604437458913e-01 9.497545331510477418e-01
4.000000000000000083e-02 6.538939207400346065e-01 5.449581312860279914e-01 9.349871787508488019e-01
5.000000000000000278e-02 6.125935658630159431e-01 5.167913670112930236e-01 9.208490924651000498e-01
5.999999999999999778e-02 5.816993874552679467e-01 4.993401414724107923e-01 9.072156315628441270e-01
7.000000000000000666e-02 5.586154334076642858e-01 4.880676520699422372e-01 8.939323629947547589e-01
8.000000000000000167e-02 5.416090541828025851e-01 4.808015419672817536e-01 8.815368238744298868e-01
8.999999999999999667e-02 5.291802268867809023e-01 4.757964263253104953e-01 8.682801158036610456e-01
1.000000000000000056e-01 5.202870458457474756e-01 4.720573223076169889e-01 8.561226859821251534e-01
1.100000000000000006e-01 5.140558375952023473e-01 4.689011803989226457e-01 8.457548437811361897e-01
1.199999999999999956e-01 5.098633396989753486e-01 4.659803171277289158e-01 8.337710983169275281e-01
1.300000000000000044e-01 5.071953346909071625e-01 4.629480442283621655e-01 8.236973857650961017e-01
1.400000000000000133e-01 5.056923263769871335e-01 4.561009208221192823e-01 8.157582920797339376e-01
1.499999999999999944e-01 5.050684289420853679e-01 4.498021298647116306e-01 8.057141778663308163e-01
1.600000000000000033e-01 5.051120500426855564e-01 4.457713267987247763e-01 7.991127704972199597e-01
1.700000000000000122e-01 5.056617648346765082e-01 4.436715402236774963e-01 7.934865417816255873e-01
1.799999999999999933e-01 5.065937498423047636e-01 4.432464304309823300e-01 7.831821600952870721e-01
1.900000000000000022e-01 5.078266736506475976e-01 4.442511191246780733e-01 7.765602109623738203e-01
2.000000000000000111e-01 5.092646756310467149e-01 4.464755434474076412e-01 7.702670622177412163e-01
2.099999999999999922e-01 5.108643890663846499e-01 4.497091486225286427e-01 7.642565201632928185e-01
2.200000000000000011e-01 5.125743573881267334e-01 4.537639927927785699e-01 7.584786568703175691e-01
2.300000000000000100e-01 5.143816947205805956e-01 4.584351722197889667e-01 7.529024620824037450e-01
2.399999999999999911e-01 5.162425476451091289e-01 4.635461655940918968e-01 7.474947107284184433e-01
2.500000000000000000e-01 5.181481810586285874e-01 4.689068663261235503e-01 7.422352297011295397e-01
2.600000000000000089e-01 5.200489809441404265e-01 4.743690687780617310e-01 7.371027725755936455e-01
2.700000000000000178e-01 5.219544353050966645e-01 4.797772039071834249e-01 7.320843868572601831e-01
2.800000000000000266e-01 5.238158105433555756e-01 4.850240886330515200e-01 7.300954270629004261e-01
2.899999999999999800e-01 5.256374983328517825e-01 4.900010139003470044e-01 7.277472282912771373e-01
2.999999999999999889e-01 5.273550684161639746e-01 4.946458994097567841e-01 7.236988032344640054e-01
3.099999999999999978e-01 5.289687827795789277e-01 4.989016859741068344e-01 7.188509521717596495e-01
3.200000000000000067e-01 5.304341386681463710e-01 5.027451129305994248e-01 7.142139386270532908e-01
3.300000000000000155e-01 5.317939810365366338e-01 5.061665575001993433e-01 7.102198142873435982e-01
3.400000000000000244e-01 5.330445394958136518e-01 5.091675262447002970e-01 7.067815647994011297e-01
3.500000000000000333e-01 5.342436068014585482e-01 5.116675038387162866e-01 7.034864740206435707e-01
3.599999999999999867e-01 5.353081697884422008e-01 5.135846815362534734e-01 6.988956647777175846e-01
3.699999999999999956e-01 5.362625323928212895e-01 5.152883534040966218e-01 6.915229792852075619e-01
3.800000000000000044e-01 5.370472013911961051e-01 5.168683551118316011e-01 6.821905815577233856e-01
3.900000000000000133e-01 5.377021740955230111e-01 5.177571070400780462e-01 6.779730238875494308e-01
4.000000000000000222e-01 5.381919516453512742e-01 5.187432341455935347e-01 6.737596840789281671e-01
4.100000000000000311e-01 5.385401679471083503e-01 5.193427514490206454e-01 6.695442448223712928e-01
4.199999999999999845e-01 5.387489077224504319e-01 5.188061559791081745e-01 6.653037323004553638e-01
4.299999999999999933e-01 5.389813143120125716e-01 5.176633090338752519e-01 6.635624170599795368e-01
4.400000000000000022e-01 5.392282047366756537e-01 5.169495749307453369e-01 6.590347882260340073e-01
4.500000000000000111e-01 5.395138045329893606e-01 5.173918876152949764e-01 6.526642837710141531e-01
4.600000000000000200e-01 5.398234352748547682e-01 5.188502382526058998e-01 6.487871800060556193e-01
4.700000000000000289e-01 5.401050771021065344e-01 5.209118971169177659e-01 6.451274168564099520e-01
4.799999999999999822e-01 5.402813960787687941e-01 5.207621119368219809e-01 6.436013426202312759e-01
4.899999999999999911e-01 5.403866041272563647e-01 5.200931590214131761e-01 6.383764744202223840e-01
5.000000000000000000e-01 5.404892276240279569e-01 5.199105403518446966e-01 6.353151319336400871e-01
5.100000000000000089e-01 5.406339792559412549e-01 5.197866975880267582e-01 6.324649106976752977e-01
5.200000000000000178e-01 5.408284491492578727e-01 5.199739682549182618e-01 6.316955599334512783e-01
5.300000000000000266e-01 5.411018572754831002e-01 5.202910360807216916e-01 6.273518662632169285e-01
5.400000000000000355e-01 5.414430248041159910e-01 5.207175436584025041e-01 6.250502569106120010e-01
5.500000000000000444e-01 5.417748524595933368e-01 5.214778422890919973e-01 6.228911880693170922e-01
5.600000000000000533e-01 5.420505081879500864e-01 5.222096547323032967e-01 6.229970694652671170e-01
5.700000000000000622e-01 5.422465726925145280e-01 5.234111481870957761e-01 6.204424610867871337e-01
5.799999999999999600e-01 5.424359935893610096e-01 5.236445288393176689e-01 6.175256304003492458e-01
5.899999999999999689e-01 5.427270781786617260e-01 5.233862774763333725e-01 6.163232096470796506e-01
5.999999999999999778e-01 5.431071964445177702e-01 5.233073768630747136e-01 6.158811120934590821e-01
6.099999999999999867e-01 5.437186184352152951e-01 5.235047700433562712e-01 6.138656800456755436e-01
6.199999999999999956e-01 5.445366151252946096e-01 5.240285211394682952e-01 6.123960185005971057e-01
6.300000000000000044e-01 5.452427448810547306e-01 5.248868967554790599e-01 6.095350391992513384e-01
6.400000000000000133e-01 5.457236297831973282e-01 5.260559876038436444e-01 6.099154122859444804e-01
6.500000000000000222e-01 5.460082749924372036e-01 5.253777586069606764e-01 6.076147176317873155e-01
6.600000000000000311e-01 5.461744033010634825e-01 5.202530054013887462e-01 6.054747596995958547e-01
6.700000000000000400e-01 5.463414027858108923e-01 5.185280589173710819e-01 6.048800427149529924e-01
6.800000000000000488e-01 5.465267952455903355e-01 5.189570959958088592e-01 6.034648660306535239e-01
6.900000000000000577e-01 5.467585938392286460e-01 5.208553584083326360e-01 6.015412718990357233e-01
7.000000000000000666e-01 5.470647320904230559e-01 5.218646384915399672e-01 6.012474166921041308e-01
7.099999999999999645e-01 5.473503329643002457e-01 5.239329402014523129e-01 5.995153366440535425e-01
7.199999999999999734e-01 5.475202920269891527e-01 5.250356858243480085e-01 5.985273217089576159e-01
7.299999999999999822e-01 5.475633316121832905e-01 5.263132731055609748e-01 5.978969987228730520e-01
7.399999999999999911e-01 5.476892201198430010e-01 5.253777333315720055e-01 5.965594330183925376e-01
7.500000000000000000e-01 5.480719555138835464e-01 5.219960050113920946e-01 5.955698027520701654e-01
7.600000000000000089e-01 5.485983809621963747e-01 5.204410256646267996e-01 5.945900594054140953e-01
7.700000000000000178e-01 5.490835729577404623e-01 5.174082859707649362e-01 5.936476712036373726e-01
7.800000000000000266e-01 5.496193726287780246e-01 5.152839139425146042e-01 5.930835840282985272e-01
7.900000000000000355e-01 5.504706963206439374e-01 5.139913329173579903e-01 5.920299955429162431e-01
8.000000000000000444e-01 5.518495845041909709e-01 5.132256407280881838e-01 5.912561648894867350e-01
8.100000000000000533e-01 5.538029557346129117e-01 5.127003593933978642e-01 5.897806036601497270e-01
8.200000000000000622e-01 5.561604728667266517e-01 5.123865396429665431e-01 5.904350417331325485e-01
8.300000000000000711e-01 5.584007674126655330e-01 5.100725092014625206e-01 5.889909583113458469e-01
8.399999999999999689e-01 5.601054654607640071e-01 5.022813991950704215e-01 5.881171266342813952e-01
8.499999999999999778e-01 5.612382243191786912e-01 4.930585326488154396e-01 5.877133357196849817e-01
8.599999999999999867e-01 5.606523444153710400e-01 4.835555769831814676e-01 5.878567303730243276e-01
8.699999999999999956e-01 5.566497083412480507e-01 4.731082917296471346e-01 5.878464791385020760e-01
8.800000000000000044e-01 5.465638141375493975e-01 4.492627351473690855e-01 5.879168301344768199e-01
8.900000000000000133e-01 5.263380160853802225e-01 4.262532994058294000e-01 5.872291983657454972e-01
9.000000000000000222e-01 4.962248221089343714e-01 3.987848016383359062e-01 5.801802999677652117e-01
9.100000000000000311e-01 4.565712592124108737e-01 3.685637359029743099e-01 5.651469984099902755e-01
9.200000000000000400e-01 4.100134466567909031e-01 3.341252779660319749e-01 5.326773361301537779e-01
9.300000000000000488e-01 3.612945361767995744e-01 2.965366949650471984e-01 4.735296084186092491e-01
9.400000000000000577e-01 3.113636462694397422e-01 2.571970028422336241e-01 3.994254665312257924e-01
9.500000000000000666e-01 2.606719605309721910e-01 2.162928169796112521e-01 3.401137673993480104e-01
9.599999999999999645e-01 2.093303949991404678e-01 1.741650939558449240e-01 2.680892393683176889e-01
9.699999999999999734e-01 1.574390795917562647e-01 1.312855864379826876e-01 2.040892943275370852e-01
9.799999999999999822e-01 1.052014537728701710e-01 8.785090988911688215e-02 1.374416278118127110e-01
9.899999999999999911e-01 5.267290840829619292e-02 4.402549688548423878e-02 6.911703469630200991e-02
1.000000000000000000e+00 0.000000000000000000e+00 0.000000000000000000e+00 0.000000000000000000e+00
