# # t/reftime,W
2.441406250000000000e-04 2.108669204105098152e-05
4.882812500000000000e-04 2.354711908217707204e-05
7.324218750000000000e-04 2.629452431035150922e-05
9.765625000000000000e-04 2.936235442914113437e-05
1.220703125000000000e-03 3.278794811533152116e-05
1.464843750000000000e-03 3.661298729663042421e-05
1.708984375000000000e-03 4.088400049797365486e-05
1.953125000000000000e-03 4.565292389962264204e-05
2.197265625000000000e-03 5.097772698183669849e-05
2.441406250000000000e-03 5.692310968261770797e-05
2.685546875000000000e-03 6.356127941270817735e-05
2.929687500000000000e-03 7.097281595844298098e-05
3.173828125000000000e-03 7.924763574163103271e-05
3.417968750000000000e-03 8.848606430610067965e-05
3.662109375000000000e-03 9.880003046003450827e-05
3.906250000000000000e-03 1.103143943940853439e-04
4.150390625000000000e-03 1.231684245073816093e-04
4.394531250000000000e-03 1.375174387041980554e-04
4.638671875000000000e-03 1.535346270411862648e-04
4.882812500000000000e-03 1.714130751431844877e-04
5.126953125000000000e-03 1.913680083845349027e-04
5.371093750000000000e-03 2.136392787511503415e-04
5.615234375000000000e-03 2.384941185231049697e-04
5.859375000000000000e-03 2.662301857361698836e-04
6.103515625000000000e-03 2.971789287042584543e-04
6.347656250000000000e-03 3.317092979068316547e-04
6.591796875000000000e-03 3.702318345545330645e-04
6.835937500000000000e-03 4.132031669435850488e-04
7.080078125000000000e-03 4.611309450109937454e-04
7.324218750000000000e-03 5.145792435771055686e-04
7.568359375000000000e-03 5.741744640706387915e-04
7.812500000000000000e-03 6.406117610300302500e-04
8.056640625000000000e-03 7.146620168018634174e-04
8.300781250000000000e-03 7.971793804211877886e-04
8.544921875000000000e-03 8.891093797720921524e-04
8.789062500000000000e-03 9.914976019248730472e-04
9.033203125000000000e-03 1.105498923304849791e-03
9.277343750000000000e-03 1.232387247681049217e-03
9.521484375000000000e-03 1.373565685441297240e-03
9.765625000000000000e-03 1.530577071394121063e-03
1.000976562500000000e-02 1.705114676856343305e-03
1.025390625000000000e-02 1.899032918011226215e-03
1.049804687500000000e-02 2.114357797180888010e-03
1.074218750000000000e-02 2.353296734998329941e-03
1.098632812500000000e-02 2.618247359132692530e-03
1.123046875000000000e-02 2.911804700846861924e-03
1.147460937500000000e-02 3.236766127682030609e-03
1.171875000000000000e-02 3.596133188990325615e-03
1.196289062500000000e-02 3.993109392648339952e-03
1.220703125000000000e-02 4.431092750654771172e-03
1.245117187500000000e-02 4.913661748099149192e-03
1.269531250000000000e-02 5.444553199136183651e-03
1.293945312499999827e-02 6.027630281101472795e-03
1.318359374999999653e-02 6.666838891271787727e-03
1.342773437499999653e-02 7.366150371613543885e-03
1.367187499999999480e-02 8.129488642743355753e-03
1.391601562499999306e-02 8.960639886515322367e-03
1.416015624999999133e-02 9.863143191908348151e-03
1.440429687499998959e-02 1.084016105323669550e-02
1.464843749999998786e-02 1.189432934665867435e-02
1.489257812499998786e-02 1.302758744280854870e-02
1.512838205036688699e-02 1.424099048684479042e-02
1.535433994587110697e-02 1.549073606417770629e-02
1.557144530344732082e-02 1.675968635274267121e-02
1.578056134807382174e-02 1.804302443024037930e-02
1.598244316313223237e-02 1.933597799992999022e-02
1.617775533342755145e-02 2.063384077638400274e-02
1.636708615342670134e-02 2.193199253638738674e-02
1.655095917351468923e-02 2.322591776615423598e-02
1.672984266168526385e-02 2.451122285157602415e-02
1.690415741712342906e-02 2.578365178170088229e-02
1.707428326922265718e-02 2.703910034317753147e-02
1.724056451946349641e-02 2.827362880272009035e-02
1.740331452665591985e-02 2.948347309413151471e-02
1.756281311083748853e-02 3.066505452275368471e-02
1.771931407936180869e-02 3.181494325827105563e-02
1.787305930862989611e-02 3.292989728884180428e-02
1.802427213834859043e-02 3.400694658937174902e-02
1.817315949286200591e-02 3.504333361968857419e-02
1.831991372406204660e-02 3.603651619139211504e-02
1.846471421933122692e-02 3.698416916008427646e-02
1.860772881031912476e-02 3.788418501378690295e-02
1.874911501217442489e-02 3.873467344239724108e-02
1.888902111790882049e-02 3.953395995848670713e-02
1.902758716851308401e-02 4.028058365469484869e-02
1.916494581615247120e-02 4.097329417277446179e-02
1.930122309507352127e-02 4.161104796003269046e-02
1.943653911260790484e-02 4.219300389058841527e-02
1.957100867082752632e-02 4.271851831936257504e-02
1.970474182786059389e-02 4.318713963940865735e-02
1.983784440659152465e-02 4.359860240890917754e-02
1.997041845740920446e-02 4.395282110361184436e-02
2.010256268073926447e-02 4.424988355854599098e-02
2.023417601272024802e-02 4.449004414750954567e-02
2.036530768692945692e-02 4.467353070071416327e-02
2.049603658867086425e-02 4.480113213251241816e-02
2.062643893330527722e-02 4.487385222785853639e-02
2.075658853245960014e-02 4.489284029311312041e-02
2.088655703894752233e-02 4.485937997239188013e-02
2.101641417270532289e-02 4.477487801946906237e-02
2.114622792975840923e-02 4.464085309717236855e-02
2.127606477599486637e-02 4.445892466634036172e-02
2.140598982732005995e-02 4.423080201719415544e-02
2.153606701756395972e-02 4.395827350354367113e-02
2.166635925537107460e-02 4.364319601874135784e-02
2.179692857114067656e-02 4.328748476159152009e-02
2.192783625498134423e-02 4.289310332116917646e-02
2.205914298651021413e-02 4.246205411807774110e-02
2.219089237906837417e-02 4.199636922526141930e-02
2.232314267704279750e-02 4.149816880585176226e-02
2.245595334408528529e-02 4.096953500916682145e-02
2.258938364744047730e-02 4.041254722813175659e-02
2.272349275642166627e-02 3.982928010682526554e-02
2.285833983579259321e-02 3.922179655193862302e-02
2.299398413437179003e-02 3.859214120884646437e-02
2.313048506912675217e-02 3.794233439515014988e-02
2.326790230495207057e-02 3.727436649616878983e-02
2.340629583029690472e-02 3.659019280647351352e-02
2.354572602874119291e-02 3.589172881479366778e-02
2.368625374658329952e-02 3.518084591733026956e-02
2.382794035644719352e-02 3.445936755070647811e-02
2.397084781687690985e-02 3.372906572904370986e-02
2.411503872782978092e-02 3.299165797426357322e-02
2.426057638194727140e-02 3.224880462059521308e-02
2.440752481142264771e-02 3.150210648148702580e-02
2.455594883023342473e-02 3.075310286491397121e-02
2.470590336961224487e-02 3.000326991403379218e-02
2.485744818124600852e-02 2.925407315265569907e-02
2.501065021318078438e-02 2.850688966873530031e-02
2.516557726192197517e-02 2.776299663099342577e-02
2.532229798477872440e-02 2.702360371686346463e-02
2.548088190512214080e-02 2.628985296681651124e-02
2.564139940999762488e-02 2.556281887175343090e-02
2.580392173945823472e-02 2.484350868171090673e-02
2.596852096694503634e-02 2.413286291992362137e-02
2.613526996997364571e-02 2.343175609082955718e-02
2.630424239034906755e-02 2.274099756466524749e-02
2.647551258307074759e-02 2.206133262958389143e-02
2.664915555304066264e-02 2.139344369813599156e-02
2.682524687864942456e-02 2.073795165433421281e-02
2.700386262127398018e-02 2.009541733270104463e-02
2.718507921969192526e-02 1.946634311524978247e-02
2.736897336838236064e-02 1.885117463946322375e-02
2.755562187869801949e-02 1.825030260167274931e-02
2.774510152185440809e-02 1.766406465256051619e-02
2.793748885273281482e-02 1.709274736869882683e-02
2.813286001351434154e-02 1.653658829475318504e-02
2.833127915787403417e-02 1.599577804620277988e-02
2.853280976247148798e-02 1.547049189183654846e-02
2.873752423372085904e-02 1.496085664073473764e-02
2.894549351992619854e-02 1.446693004678030817e-02
2.915678680842775927e-02 1.398873175902374220e-02
2.937147119993271244e-02 1.352624562810055171e-02
2.958961136011592843e-02 1.307942201908751656e-02
2.981126914884414669e-02 1.264818012368612056e-02
3.003650322769065018e-02 1.223241026414375980e-02
3.026536864675538965e-02 1.183197618143940269e-02
3.049791641220264346e-02 1.144671730001522655e-02
3.073419303633407457e-02 1.107645096350036093e-02
3.097424007251140671e-02 1.072097463208503999e-02
3.121809363770629633e-02 1.038006803701634062e-02
3.146223426270629286e-02 1.005349528497598982e-02
3.170637488770629286e-02 9.745307077351637176e-03
3.195051551270629286e-02 9.454832655805944092e-03
3.219465613770629286e-02 9.181069506913719369e-03
3.243879676270629286e-02 8.923073721322196533e-03
3.268293738770628593e-02 8.679957900770363111e-03
3.292707801270628593e-02 8.450888870259938915e-03
3.317121863770628593e-02 8.235085266690211209e-03
3.341535926270628593e-02 8.031815061958274757e-03
3.365949988770628593e-02 7.840393064968071909e-03
3.390364051270627899e-02 7.660178440115166659e-03
3.414778113770627899e-02 7.490572267860996433e-03
3.439192176270627899e-02 7.331015170465854727e-03
3.463606238770627899e-02 7.180985016588582043e-03
3.488020301270627899e-02 7.039994716893219207e-03
3.512434363770627205e-02 6.907590117041881306e-03
3.536848426270627205e-02 6.783347993321709943e-03
3.561262488770627205e-02 6.666874152681127874e-03
3.585676551270627205e-02 6.557801636434141754e-03
3.610090613770626511e-02 6.455789029118090723e-03
3.634504676270626511e-02 6.360518866579984755e-03
3.658918738770626511e-02 6.271696143363691793e-03
3.683332801270626511e-02 6.189046914148792385e-03
3.707746863770626511e-02 6.112316986017760079e-03
3.732160926270625817e-02 6.041270695688264435e-03
3.756574988770625817e-02 5.975689770345156762e-03
3.780989051270625817e-02 5.915372263371125594e-03
3.805403113770625817e-02 5.860131564702156758e-03
3.829817176270625817e-02 5.809795477850904222e-03
3.854231238770625123e-02 5.764205362115531681e-03
3.878645301270625123e-02 5.723215333056457660e-03
3.903059363770625123e-02 5.686691519839758707e-03
3.927473426270625123e-02 5.654511373613791900e-03
3.951887488770625123e-02 5.626563023632384468e-03
3.976301551270624429e-02 5.602744678572547758e-03
4.000715613770624429e-02 5.582964067854886796e-03
4.025129676270624429e-02 5.567137921871671662e-03
4.049543738770624429e-02 5.555191485620541297e-03
4.073957801270624429e-02 5.547058065145474628e-03
4.098371863770623735e-02 5.542678602441787963e-03
4.122785926270623735e-02 5.542001276959769747e-03
4.147199988770623735e-02 5.544981130752809663e-03
4.171614051270623735e-02 5.551579714817518607e-03
4.196028113770623735e-02 5.561764755013105278e-03
4.220442176270623041e-02 5.575509834720982633e-03
4.244856238770623041e-02 5.592794091907495393e-03
4.269270301270623041e-02 5.613601929270369169e-03
4.293684363770623041e-02 5.637922734840063871e-03
4.318098426270623041e-02 5.665750611979476423e-03
4.342512488770622348e-02 5.697084115039481242e-03
4.366926551270622348e-02 5.731925991904885179e-03
4.391340613770622348e-02 5.770282928432480044e-03
4.415754676270622348e-02 5.812165294688555889e-03
4.440168738770622348e-02 5.857586892346716180e-03
4.464582801270621654e-02 5.906564698800960238e-03
4.488996863770621654e-02 5.959118608430596063e-03
4.513410926270621654e-02 6.015271168932462623e-03
4.537824988770621654e-02 6.075047311430625298e-03
4.562239051270620960e-02 6.138474071537714655e-03
4.586653113770620960e-02 6.205580301195522987e-03
4.611067176270620960e-02 6.276396369659049089e-03
4.635481238770620960e-02 6.350953851554240644e-03
4.659895301270620960e-02 6.429285200911016851e-03
4.684309363770620266e-02 6.511423409981685444e-03
4.708723426270620266e-02 6.597401651866180959e-03
4.733137488770620266e-02 6.687252904706657980e-03
4.757551551270620266e-02 6.781009558193034498e-03
4.781965613770620266e-02 6.878702998970373864e-03
4.806379676270619572e-02 6.980363177257926065e-03
4.830793738770619572e-02 7.086018150825959712e-03
4.855207801270619572e-02 7.195693608280951184e-03
4.879621863770619572e-02 7.309412370279001411e-03
4.904035926270619572e-02 7.427193868552493285e-03
4.928449988770618878e-02 7.549053603963493814e-03
4.952864051270618878e-02 7.675002582665717971e-03
4.977278113770618878e-02 7.805046732552591883e-03
5.001692176270618878e-02 7.939186299934944055e-03
5.026106238770618878e-02 8.077415229534147881e-03
5.050520301270618184e-02 8.219720527603009697e-03
5.074934363770618184e-02 8.366081612724084182e-03
5.099348426270618184e-02 8.516469655915102216e-03
5.123762488770618184e-02 8.670846912852293170e-03
5.148176551270618184e-02 8.829166054093730634e-03
5.172590613770618878e-02 8.991369493989312053e-03
5.197004676270619572e-02 9.157388728184400611e-03
5.221418738770619572e-02 9.327143679505701251e-03
5.245832801270620266e-02 9.500542062616015512e-03
5.270246863770620266e-02 9.677478770763910804e-03
5.294660926270620960e-02 9.857835293344927030e-03
5.319074988770621654e-02 1.004147917070525101e-02
5.343489051270621654e-02 1.022826349376894720e-02
5.367903113770622348e-02 1.041802645788273557e-02
5.392317176270623041e-02 1.061059097634335473e-02
5.416731238770623041e-02 1.080576436567121795e-02
5.441145301270623735e-02 1.100333810854259818e-02
5.465427330406964074e-02 1.120308770403482916e-02
5.489508835178235485e-02 1.140369229416573170e-02
5.513394816475673116e-02 1.160430750744497266e-02
5.537090294660770851e-02 1.180467821780988545e-02
5.560600299441571803e-02 1.200454915294054542e-02
5.583929860746597584e-02 1.220366545242409020e-02
5.607084000527839257e-02 1.240177322804212647e-02
5.630067725425263320e-02 1.259862012409333938e-02
5.652886020231721875e-02 1.279395587298227076e-02
5.675543842093874053e-02 1.298753284834645687e-02
5.698046115394567873e-02 1.317910660823672780e-02
5.720397727258583198e-02 1.336843643154120992e-02
5.742603523632089368e-02 1.355528584122336379e-02
5.764668305884801391e-02 1.373942311654883022e-02
5.786596827890835848e-02 1.392062178839514539e-02
5.808393737683658492e-02 1.409866112138536548e-02
5.830063241875715202e-02 1.427332613878231835e-02
5.851610003641563584e-02 1.444440554821921525e-02
5.873038627494316793e-02 1.461169920764161106e-02
5.894353658335493851e-02 1.477501440659222121e-02
5.915559580758095876e-02 1.493416623909024805e-02
5.936660818575260207e-02 1.508897795235863808e-02
5.957661734547433502e-02 1.523928127217460786e-02
5.978566630285430533e-02 1.538491670185045644e-02
5.999379746306389427e-02 1.552573379651624175e-02
6.020105262222905790e-02 1.566159141027009816e-02
6.040747297045440112e-02 1.579235791767615721e-02
6.061309909583478123e-02 1.591791140624981143e-02
6.081797098927478606e-02 1.603813984308874452e-02
6.102212804998381757e-02 1.615294121344786407e-02
6.122560909152326841e-02 1.626222363057623979e-02
6.142845234826983802e-02 1.636590541994628611e-02
6.163069548220287408e-02 1.646391517418355210e-02
6.183237558990762467e-02 1.655619178172649045e-02
6.203352920971050982e-02 1.664268442794180139e-02
6.223419232885724767e-02 1.672335257057294688e-02
6.243440039067040676e-02 1.679816588777269248e-02
6.263418830161093798e-02 1.686710420190629459e-02
6.283358932133846497e-02 1.693015737863865292e-02
6.303263447507828632e-02 1.698732491536660352e-02
6.323135689518401270e-02 1.703861582010360656e-02
6.342978921125526359e-02 1.708404954284713229e-02
6.362796355536208537e-02 1.712365496021413594e-02
6.382591156690206602e-02 1.715747016072531606e-02
6.402366439709671064e-02 1.718554220648200320e-02
6.422125271306804162e-02 1.720792687947779800e-02
6.441870670148729106e-02 1.722468840900804460e-02
6.461605607174984722e-02 1.723589918485973760e-02
6.481333005868411545e-02 1.724163945347405302e-02
6.501055742474584620e-02 1.724199700316927583e-02
6.520776646171209945e-02 1.723706683417267072e-02
6.540498499183004799e-02 1.722695082130807145e-02
6.560224036843773088e-02 1.721175736398060374e-02
6.579955947602209032e-02 1.719160103018002247e-02
6.599696872973581652e-02 1.716660219105671514e-02
6.619449407433838917e-02 1.713688665260117497e-02
6.639216098258043930e-02 1.710258528066460268e-02
6.658999445301778952e-02 1.706383362417839347e-02
6.678801900726626106e-02 1.702077153547172650e-02
6.698625868668636740e-02 1.697354279105221103e-02
6.718473704852520600e-02 1.692229471128448362e-02
6.738347716149022115e-02 1.686717778373926502e-02
6.758250160079275204e-02 1.680834528774552417e-02
6.778183244266236529e-02 1.674595292278925965e-02
6.798149125833555240e-02 1.668015844313164298e-02
6.818149910754731091e-02 1.661112129654716135e-02
6.838187653153779411e-02 1.653900227043032800e-02
6.858264354558023246e-02 1.646396314714844086e-02
6.878381963108028130e-02 1.638616636409895994e-02
6.898542372723778793e-02 1.630577468685097745e-02
6.918747422231874555e-02 1.622295088958174147e-02
6.938998894455332411e-02 1.613785744739293718e-02
6.959298515269951579e-02 1.605065623864511057e-02
6.979647952629326746e-02 1.596150825983575286e-02
7.000048815563403304e-02 1.587057335162645258e-02
7.020502653152221884e-02 1.577800993869367396e-02
7.041010953481226242e-02 1.568397478007794651e-02
7.061575142580230058e-02 1.558862273506483008e-02
7.082196583351478558e-02 1.549210654042765430e-02
7.102876574490900319e-02 1.539457660217246650e-02
7.123616349408003201e-02 1.529618079984195779e-02
7.144417075148383478e-02 1.519706430539135081e-02
7.165279851324558857e-02 1.509736941495817310e-02
7.186205709060811131e-02 1.499723539408298438e-02
7.207195609957821325e-02 1.489679833574673699e-02
7.228250445080425246e-02 1.479619103371348533e-02
7.249371033977623779e-02 1.469554286643118095e-02
7.270558123739412348e-02 1.459497969389203682e-02
7.291812388095374187e-02 1.449462376911532686e-02
7.313134426562156731e-02 1.439459366004319264e-02
7.334524763646868561e-02 1.429500418255311850e-02
7.355983848110704548e-02 1.419596634711531649e-02
7.377512052300456979e-02 1.409758731443874757e-02
7.399109671553212586e-02 1.399997036329123784e-02
7.420776923680826032e-02 1.390321486682653124e-02
7.442513948539798696e-02 1.380741628021894818e-02
7.464320807693068660e-02 1.371266613620215034e-02
7.486197484167453342e-02 1.361905205076756331e-02
7.508143882315473916e-02 1.352665773492373567e-02
7.530159827783629301e-02 1.343556301650439440e-02
7.552245067594019756e-02 1.334584386742079277e-02
7.574399270342481449e-02 1.325757243893452807e-02
7.596622026519704585e-02 1.317081710134884731e-02
7.618912848956500838e-02 1.308564249147588059e-02
7.641271173398936356e-02 1.300210956346584124e-02
7.663696359214872134e-02 1.292027564545312167e-02
7.686187690234810854e-02 1.284019450018841074e-02
7.708744375730573750e-02 1.276191638794258766e-02
7.731365551530372526e-02 1.268548813510915127e-02
7.754050281273280887e-02 1.261095320397393436e-02
7.776797557803474814e-02 1.253835176473189553e-02
7.799606304702487447e-02 1.246772077040962656e-02
7.822475377959386966e-02 1.239909403296991092e-02
7.845403567778093390e-02 1.233250229996939694e-02
7.868389600517963767e-02 1.226797333310676065e-02
7.891432140766789505e-02 1.220553198613581573e-02
7.914529793540379943e-02 1.214520028433206493e-02
7.937681106606382653e-02 1.208699750269378453e-02
7.960884572927812153e-02 1.203094024400628778e-02
7.984138633219597936e-02 1.197704251663219734e-02
8.007441678612779723e-02 1.192531581142785950e-02
8.030792053420587884e-02 1.187576917729705160e-02
8.054188057998751260e-02 1.182840929576709811e-02
8.077627951693011621e-02 1.178324055385639342e-02
8.101109955864876921e-02 1.174026511625550148e-02
8.124632256989225421e-02 1.169948299448748778e-02
8.148193009812819410e-02 1.166089211608188278e-02
8.171790340567113009e-02 1.162448838993595558e-02
8.195422350224092212e-02 1.159026577158148857e-02
8.219087117786383345e-02 1.155821632574571128e-02
8.242782703602630212e-02 1.152833028653294824e-02
8.266507152698153449e-02 1.150059611655991111e-02
8.290258498109788488e-02 1.147500056360119779e-02
8.314034764217528850e-02 1.145152871541104019e-02
8.337833970061542255e-02 1.143016405244624140e-02
8.361654132635297498e-02 1.141088849939790248e-02
8.385493270146306133e-02 1.139368247403546586e-02
8.409349405233768060e-02 1.137852493501775343e-02
8.433220568135899042e-02 1.136539342757868915e-02
8.457104799797143801e-02 1.135426412832598632e-02
8.481000154908199806e-02 1.134511188722598860e-02
8.504904704869720167e-02 1.133791026996785675e-02
8.528816540673309077e-02 1.133263159759176006e-02
8.552733775692372697e-02 1.132924698584470737e-02
8.576654548377404819e-02 1.132772638274041205e-02
8.600577024848429786e-02 1.132803860598528833e-02
8.624499401380061880e-02 1.133015137894001489e-02
8.648419906774834631e-02 1.133403136573413184e-02
8.672336804619232287e-02 1.133964420681329334e-02
8.696248395420443089e-02 1.134695455260210234e-02
8.720153018619337948e-02 1.135592609779790402e-02
8.744049054478285343e-02 1.136652161464265891e-02
8.767934925840474569e-02 1.137870298713244965e-02
8.791809099761174751e-02 1.139243124367996483e-02
8.815670089009103316e-02 1.140766659067457556e-02
8.839516453436438437e-02 1.142436844686309932e-02
8.863346801220667315e-02 1.144249547573782111e-02
8.887159789975689062e-02 1.146200562066277025e-02
8.910954127736052388e-02 1.148285613865322394e-02
8.934728573813507935e-02 1.150500363552381215e-02
8.958481939528879778e-02 1.152840410162913470e-02
8.982213088823180758e-02 1.155301294663029464e-02
9.005920938748208926e-02 1.157878503655125624e-02
9.029604459840713526e-02 1.160567473128287612e-02
9.053262676383228014e-02 1.163363592172364513e-02
9.076894666556582780e-02 1.166262206831050925e-02
9.100499562485128702e-02 1.169258624036824401e-02
9.124076550180844347e-02 1.172348115613978774e-02
9.147624869390852398e-02 1.175525922255053757e-02
9.171143813350042528e-02 1.178787257749063476e-02
9.194632728445904790e-02 1.182127313133197674e-02
9.218091013799446787e-02 1.185541260919945744e-02
9.241518120764521949e-02 1.189024259550224352e-02
9.264913552354860082e-02 1.192571457612470742e-02
9.288276862597963368e-02 1.196177998449877815e-02
9.311607655824158392e-02 1.199839024593076300e-02
9.334905585894297253e-02 1.203549682306342093e-02
9.358170355370666604e-02 1.207305126189513189e-02
9.381401714634504674e-02 1.211100523850495124e-02
9.404599460957055457e-02 1.214931060461332812e-02
9.427763437524763757e-02 1.218791943560313881e-02
9.450893532426446475e-02 1.222678407643975132e-02
9.473989677603435189e-02 1.226585718943292921e-02
9.497051847769250044e-02 1.230509180052671674e-02
9.520080059300201070e-02 1.234444134639596166e-02
9.543074369101386956e-02 1.238385972164806129e-02
9.566034873452770870e-02 1.242330132407805897e-02
9.588961706836147958e-02 1.246272110192989807e-02
9.611855040748892853e-02 1.250207459815139491e-02
9.634715082505086736e-02 1.254131799629769339e-02
9.657542074028378776e-02 1.258040816441511993e-02
9.680336290638737184e-02 1.261930269838392078e-02
9.703098039835415800e-02 1.265795996506736097e-02
9.725827660078431580e-02 1.269633914390368330e-02
9.748525519572361075e-02 1.273440026685639277e-02
9.771192015050643442e-02 1.277210425970834277e-02
9.793827570567316398e-02 1.280941297841130429e-02
9.816432636293996594e-02 1.284628924790120336e-02
9.839007687325017348e-02 1.288269689696739349e-02
9.861553222493071869e-02 1.291860079268500328e-02
9.884069763195114933e-02 1.295396687355870012e-02
9.906557852231701045e-02 1.298876217984894048e-02
9.929018052658211690e-02 1.302295488428350731e-02
9.951450946651410612e-02 1.305651431932767365e-02
9.973857134391257706e-02 1.308941100306798035e-02
9.996237232959011287e-02 1.312161666337450031e-02
1.001859187525058897e-01 1.315310426150742909e-02
1.004092170890927282e-01 1.318384801096050482e-02
1.006322739527492488e-01 1.321382339684414736e-02
1.008550960835215837e-01 1.324300719233127178e-02
1.010776903379652786e-01 1.327137747325806034e-02
1.013000636792031756e-01 1.329891363036734067e-02
1.015222231671696895e-01 1.332559638013494120e-02
1.017441759490491510e-01 1.335140777290512448e-02
1.019659292499137809e-01 1.337633119913431839e-02
1.021874903635481002e-01 1.340035139427453621e-02
1.024088666434748163e-01 1.342345444026367927e-02
1.026300654941754292e-01 1.344562776605459122e-02
1.028510943625007973e-01 1.346686014617340908e-02
1.030719607292842899e-01 1.348714169588769232e-02
1.032926721011422772e-01 1.350646386599814626e-02
1.035132360024589859e-01 1.352481943552140929e-02
1.037336599675797444e-01 1.354220250075141227e-02
1.039539515331734665e-01 1.355860846484730799e-02
1.041741182308001529e-01 1.357403402319720329e-02
1.043941675796439955e-01 1.358847714952382199e-02
1.046141070794453232e-01 1.360193707781448200e-02
1.048339442036055613e-01 1.361441428404654153e-02
1.050536863924701886e-01 1.362591046625401085e-02
1.052733410467966563e-01 1.363642852172822044e-02
1.054929155213840120e-01 1.364597252469851654e-02
1.057124171188873613e-01 1.365454770075100709e-02
1.059318530837981415e-01 1.366216040091125690e-02
1.061512305965907760e-01 1.366881807410552825e-02
1.063705567680361536e-01 1.367452923886886169e-02
1.065898386336905229e-01 1.367930345239356388e-02
1.068090831485296599e-01 1.368315128093785561e-02
1.070282971817679979e-01 1.368608426639538432e-02
1.072474875118144821e-01 1.368811489476290215e-02
1.074666608214037838e-01 1.368925656147193699e-02
1.076858236928764367e-01 1.368952353758279977e-02
1.079049826036266035e-01 1.368893093361380105e-02
1.081241439216902578e-01 1.368749466494529818e-02
1.083433139015035768e-01 1.368523141414336106e-02
1.085624986798018332e-01 1.368215859560016449e-02
1.087817042716850147e-01 1.367829431692269698e-02
1.090009365668253016e-01 1.367365734246877608e-02
1.092202013258355420e-01 1.366826705498223014e-02
1.094395041767848575e-01 1.366214341806971065e-02
1.096588506118666012e-01 1.365530693823905663e-02
1.098782459842269632e-01 1.364777862640840188e-02
1.100976955049322303e-01 1.363957996091377800e-02
1.103172042401053404e-01 1.363073284812674896e-02
1.105367771081949141e-01 1.362125958704540375e-02
1.107564188774194103e-01 1.361118282951199153e-02
1.109761341633462017e-01 1.360052554514521589e-02
1.111959274266395570e-01 1.358931098301359788e-02
1.114158029709512443e-01 1.357756263660915043e-02
1.116357649409741304e-01 1.356530420730337957e-02
1.118558173206499057e-01 1.355255956886286355e-02
1.120759639315323380e-01 1.353935273318712315e-02
1.122962084313050696e-01 1.352570781629365386e-02
1.125165543124644479e-01 1.351164900397692700e-02
1.127370049011504477e-01 1.349720052010488711e-02
1.129575633561482745e-01 1.348238659349657205e-02
1.131782326680367545e-01 1.346723142763584825e-02
1.133990156585091141e-01 1.345175916908524297e-02
1.136199149798405861e-01 1.343599387901027280e-02
1.138409331145345676e-01 1.341995950294368536e-02
1.140620723751071680e-01 1.340367984435787349e-02
1.142833349040518892e-01 1.338717853622212184e-02
1.145047226739592250e-01 1.337047901551123227e-02
1.147262374877924679e-01 1.335360449781639557e-02
1.149478809793281070e-01 1.333657795331097060e-02
1.151696546137657845e-01 1.331942208224670514e-02
1.153915596884773770e-01 1.330215929440365166e-02
1.156135973339373763e-01 1.328481168585106918e-02
1.158357685147964472e-01 1.326740101957768654e-02
1.160580740311216996e-01 1.324994870521555013e-02
1.162805145197901568e-01 1.323247578090000834e-02
1.165030904560332842e-01 1.321500289572422743e-02
1.167258021551414865e-01 1.319755029271589032e-02
1.169486497743183195e-01 1.318013779320842405e-02
1.171716333146835820e-01 1.316278478220871996e-02
1.173947526234187105e-01 1.314551019467386818e-02
1.176180073960680361e-01 1.312833250228797981e-02
1.178413971789675219e-01 1.311126970197550902e-02
1.180649213718331370e-01 1.309433930377650220e-02
1.182885792304626538e-01 1.307755832197557595e-02
1.185123698695875749e-01 1.306094326484142851e-02
1.187362922658454639e-01 1.304451012637404192e-02
1.189603452608812145e-01 1.302827437879911822e-02
1.191845275645666835e-01 1.301225096571213130e-02
1.194088377583422816e-01 1.299645429592609369e-02
1.196332742986699477e-01 1.298089823827124414e-02
1.198578355205864171e-01 1.296559611750480213e-02
1.200825196413746743e-01 1.295056070983420689e-02
1.203073247643162841e-01 1.293580424109064611e-02
1.205322488825541910e-01 1.292133838301456374e-02
1.207572898830331920e-01 1.290717425269553333e-02
1.209824455505203872e-01 1.289332241159094582e-02
1.212077135717072041e-01 1.287979286499327074e-02
1.214330915393854599e-01 1.286659506201304551e-02
1.216585769566765479e-01 1.285373789759874756e-02
1.218841672413348010e-01 1.284122971282462139e-02
1.221098597300841609e-01 1.282907829812409209e-02
1.223356516830224200e-01 1.281729089512029934e-02
1.225615402880461530e-01 1.280587420047261081e-02
1.227875226653218355e-01 1.279483436891661746e-02
1.230135958717753775e-01 1.278417701823883305e-02
1.232397569056159353e-01 1.277390723281940713e-02
1.234660027108523822e-01 1.276402957006470863e-02
1.236923301818374649e-01 1.275454806487277305e-02
1.239187361677994009e-01 1.274546623630090636e-02
1.241452174773812339e-01 1.273678709320765629e-02
1.243717708831535984e-01 1.272851314178927509e-02
1.245983931261209487e-01 1.272064639204128350e-02
1.248250809201989636e-01 1.271318836543622842e-02
1.250518309566625574e-01 1.270614010288885314e-02
1.252786399085533964e-01 1.269950217255714185e-02
1.255055044350576743e-01 1.269327467799817588e-02
1.257324211858180940e-01 1.268745726759445101e-02
1.259593868052034382e-01 1.268204914308068178e-02
1.261863979365157595e-01 1.267704906866249336e-02
1.264134512261401166e-01 1.267245538006653467e-02
1.266405433276077130e-01 1.266826599544514792e-02
1.268676709056013319e-01 1.266447842410502005e-02
1.270948306398712313e-01 1.266108977718728018e-02
1.273220192290713537e-01 1.265809677773969966e-02
1.275492333945053569e-01 1.265549577130938887e-02
1.277764698837834390e-01 1.265328273629912070e-02
1.280037254743751352e-01 1.265145329547212941e-02
1.282309969770691060e-01 1.265000272611798218e-02
1.284582812393282591e-01 1.264892597150763139e-02
1.286855751485393995e-01 1.264821765184246695e-02
1.289128756351449190e-01 1.264787207616276284e-02
1.291401796756729004e-01 1.264788325315564441e-02
1.293674842956428761e-01 1.264824490316631377e-02
1.295947865723692527e-01 1.264895046887424754e-02
1.298220836376242637e-01 1.264999312837903657e-02
1.300493726802038619e-01 1.265136580561311216e-02
1.302766509483493651e-01 1.265306118313745849e-02
1.305039157520637150e-01 1.265507171319484730e-02
1.307311644652935645e-01 1.265738962997041417e-02
1.309583945279892969e-01 1.266000696154043551e-02
1.311856034480412270e-01 1.266291554136788830e-02
1.314127888030880709e-01 1.266610702071003201e-02
1.316399482421986289e-01 1.266957288011182244e-02
1.318670794874293173e-01 1.267330444176442868e-02
1.320941803352597699e-01 1.267729288061790124e-02
1.323212486578965452e-01 1.268152923705604188e-02
1.325482824044614261e-01 1.268600442803255630e-02
1.327752796020522374e-01 1.269070925904655471e-02
1.330022383566780708e-01 1.269563443618982462e-02
1.332291568540858451e-01 1.270077057683067709e-02
1.334560333604566107e-01 1.270610822226118583e-02
1.336828662229934683e-01 1.271163784801158415e-02
1.339096538703836714e-01 1.271734987638854612e-02
1.341363948131586714e-01 1.272323468669282406e-02
1.343630876439381727e-01 1.272928262670414840e-02
1.345897310375652467e-01 1.273548402377256035e-02
1.348163237511327828e-01 1.274182919574117119e-02
1.350428646239065777e-01 1.274830846154120269e-02
1.352693525771549721e-01 1.275491215143675569e-02
1.354957866138637723e-01 1.276163061817092541e-02
1.357221658183684621e-01 1.276845424668351589e-02
1.359484893558862151e-01 1.277537346414241159e-02
1.361747564719561765e-01 1.278237875035799845e-02
1.364009664918029718e-01 1.278946064662420286e-02
1.366271188195954112e-01 1.279660976629487697e-02
1.368532129376428264e-01 1.280381680309829358e-02
1.370792484055006200e-01 1.281107254072145693e-02
1.373052248590052038e-01 1.281836786167222034e-02
1.375311420092391324e-01 1.282569375539804879e-02
1.377569996414141074e-01 1.283304132757711637e-02
1.379827976136993040e-01 1.284040180766845077e-02
1.382085358559864141e-01 1.284776655646411789e-02
1.384342143685850512e-01 1.285512707482036089e-02
1.386598332208723028e-01 1.286247500971843261e-02
1.388853925498777508e-01 1.286980216261047159e-02
1.391108925588229739e-01 1.287710049552640880e-02
1.393363335156198590e-01 1.288436213750711323e-02
1.395617157513033557e-01 1.289157939183386940e-02
1.397870396584469377e-01 1.289874474090132311e-02
1.400123056895179741e-01 1.290585085289292812e-02
1.402375143552140324e-01 1.291289058634908192e-02
1.404626662227524414e-01 1.291985699610455514e-02
1.406877619141385372e-01 1.292674333748003099e-02
1.409128021044042112e-01 1.293354307105232769e-02
1.411377875198117082e-01 1.294024986743133945e-02
1.413627189360568415e-01 1.294685760978057064e-02
1.415875971764267716e-01 1.295336039919876142e-02
1.418124231099605892e-01 1.295975255666284055e-02
1.420371976495867772e-01 1.296602862668790393e-02
1.422619217502475164e-01 1.297218338000164992e-02
1.424865964070196334e-01 1.297821181564254821e-02
1.427112226532208095e-01 1.298410916356924905e-02
1.429358015585171782e-01 1.298987088575984279e-02
1.431603342270214019e-01 1.299549267850201931e-02
1.433848217953982984e-01 1.300097047282158108e-02
1.436092654309679972e-01 1.300630043584907747e-02
1.438336663298066531e-01 1.301147897151605677e-02
1.440580257148626753e-01 1.301650272042985390e-02
1.442823448340778691e-01 1.302136856003527875e-02
1.445066249585117979e-01 1.302607360470314606e-02
1.447308673804848789e-01 1.303061520474814092e-02
1.449550734117273643e-01 1.303499094603743740e-02
1.451792443815514699e-01 1.303919864816432093e-02
1.454033816350342734e-01 1.304323636389461728e-02
1.456274865312103817e-01 1.304710237763644608e-02
1.458515604413055389e-01 1.305079520247795673e-02
1.460756047469710106e-01 1.305431357902745934e-02
1.462996208385463626e-01 1.305765647307148732e-02
1.465236101133488011e-01 1.306082307236211028e-02
1.467475739739841634e-01 1.306381278446986163e-02
1.469715138266841081e-01 1.306662523334697380e-02
1.471954310796720344e-01 1.306926025604396649e-02
1.474193271415560336e-01 1.307171789953017436e-02
1.476432034197517063e-01 1.307399841694618925e-02
1.478670613189369820e-01 1.307610226341085480e-02
1.480909022395325847e-01 1.307803009271561387e-02
1.483147275762267125e-01 1.307978275224734414e-02
1.485385387165160942e-01 1.308136127954748380e-02
1.487623370392966993e-01 1.308276689694563844e-02
1.489861239134848137e-01 1.308400100727738144e-02
1.492099006966643993e-01 1.308506518952790194e-02
1.494336687337869951e-01 1.308596119255544046e-02
1.496574293558924074e-01 1.308669093181529484e-02
1.498811838788796091e-01 1.308725648279541326e-02
1.501049336023127789e-01 1.308766007578632262e-02
1.503286798082584252e-01 1.308790409169040617e-02
1.505524237601696402e-01 1.308799105540407216e-02
1.507761667018090168e-01 1.308792363039127001e-02
1.509999098562091191e-01 1.308770461369239760e-02
1.512236544246732817e-01 1.308733692958926990e-02
1.514474015858252587e-01 1.308682362389755258e-02
1.516711524946827150e-01 1.308616785902474815e-02
1.518949082817856733e-01 1.308537290721673192e-02
1.521186700523658730e-01 1.308444214480952196e-02
1.523424388855515177e-01 1.308337904689844261e-02
1.525662158336183738e-01 1.308218718088400429e-02
1.527900019212782845e-01 1.308087020106800565e-02
1.530137981450128970e-01 1.307943184248707910e-02
1.532376054724525760e-01 1.307787591487556168e-02
1.534614248417860149e-01 1.307620629725885983e-02
1.536852571612212781e-01 1.307442693193674489e-02
1.539091033084891702e-01 1.307254181815166623e-02
1.541329641303783304e-01 1.307055500753619669e-02
1.543568404423186768e-01 1.306847059732260848e-02
1.545807330280094816e-01 1.306629272479861714e-02
1.548046426390785879e-01 1.306402556224524857e-02
1.550285699947918372e-01 1.306167331082498315e-02
1.552525157817936929e-01 1.305924019559229037e-02
1.554764806538946609e-01 1.305673045976977163e-02
1.557004652318970395e-01 1.305414835937884072e-02
1.559244701034550873e-01 1.305149815827980238e-02
1.561484958229759912e-01 1.304878412315296776e-02
1.563725429115669641e-01 1.304601051754264614e-02
1.565966118570070176e-01 1.304318159812604440e-02
1.568207031137654195e-01 1.304030160894121756e-02
1.570448171030526252e-01 1.303737477708545763e-02
1.572689542129071805e-01 1.303440530810199421e-02
1.574931147983206770e-01 1.303139738115532791e-02
1.577172991813920455e-01 1.302835514504804316e-02
1.579415076515224559e-01 1.302528271355026315e-02
1.581657404656408861e-01 1.302218416137503054e-02
1.583899978484585858e-01 1.301906352032749896e-02
1.586142799927618696e-01 1.301592477514611039e-02
1.588385870597269767e-01 1.301277186012752760e-02
1.590629191792834463e-01 1.300960865446153594e-02
1.592872764504778271e-01 1.300643898049821424e-02
1.595116589418921482e-01 1.300326659864533413e-02
1.597360666920803751e-01 1.300009520497780006e-02
1.599604997100284309e-01 1.299692842806208538e-02
1.601849579756474962e-01 1.299376982570217380e-02
1.604094414402819357e-01 1.299062288285376780e-02
1.606339500272527809e-01 1.298749100786354346e-02
1.608584836324161160e-01 1.298437753086070269e-02
1.610830421247503585e-01 1.298128570073685088e-02
1.613076253469538646e-01 1.297821868348690566e-02
1.615322331160711222e-01 1.297517955969441222e-02
1.617568652241441474e-01 1.297217132209266439e-02
1.619815214388686531e-01 1.296919687451621346e-02
1.622062015042694816e-01 1.296625903026079468e-02
1.624309051413997118e-01 1.296336050974405615e-02
1.626556320490515906e-01 1.296050393944648584e-02
1.628803819044786216e-01 1.295769185095048057e-02
1.631051543641298396e-01 1.295492667939423213e-02
1.633299490644029572e-01 1.295221076227005656e-02
1.635547656224033697e-01 1.294954633890291716e-02
1.637796036367120955e-01 1.294693554955256981e-02
1.640044626881610179e-01 1.294438043517081617e-02
1.642293423406258612e-01 1.294188293556607951e-02
1.644542421418104250e-01 1.293944489088567039e-02
1.646791616240508294e-01 1.293706803978138253e-02
1.649041003051177345e-01 1.293475401987138722e-02
1.651290576890175610e-01 1.293250436804614135e-02
1.653540332668076984e-01 1.293032051979614225e-02
1.655790265174034714e-01 1.292820380999914337e-02
1.658040369083885468e-01 1.292615547305657822e-02
1.660290638968283938e-01 1.292417664306368466e-02
1.662541069300773611e-01 1.292226835468266409e-02
1.664791654465904436e-01 1.292043154335681919e-02
1.667042388767185357e-01 1.291866704685547609e-02
1.669293266435164513e-01 1.291697560492231431e-02
1.671544281635353457e-01 1.291535786083862318e-02
1.673795428476103075e-01 1.291381436263624137e-02
1.676046701016482010e-01 1.291234556350207008e-02
1.678298093273949965e-01 1.291095182381301644e-02
1.680549599232065427e-01 1.290963341173530232e-02
1.682801212848054617e-01 1.290839050471324564e-02
1.685052928060310207e-01 1.290722319091281399e-02
1.687304738795715464e-01 1.290613147102212185e-02
1.689556638976948688e-01 1.290511525910698412e-02
1.691808622529585027e-01 1.290417438513180928e-02
1.694060683389156108e-01 1.290330859569785611e-02
1.696312815507972915e-01 1.290251755668995505e-02
1.698565012861881496e-01 1.290180085473187528e-02
1.700817269456899039e-01 1.290115799853201912e-02
1.703069579335619033e-01 1.290058842175966641e-02
1.705321936583489573e-01 1.290009148454328118e-02
1.707574335335013127e-01 1.289966647518198117e-02
1.709826769779616840e-01 1.289931261299336746e-02
1.712079234167514785e-01 1.289902904964460896e-02
1.714331722815330417e-01 1.289881487160584629e-02
1.716584230111491138e-01 1.289866910265225278e-02
1.718836750521563761e-01 1.289859070542608878e-02
1.721089278593273264e-01 1.289857858429203051e-02
1.723341808961434407e-01 1.289863158719063360e-02
1.725594336352658797e-01 1.289874850807849228e-02
1.727846855589852404e-01 1.289892808928813812e-02
1.730099361596552643e-01 1.289916902374092962e-02
1.732351849401032040e-01 1.289946995744822855e-02
1.734604314140242576e-01 1.289982949176817634e-02
1.736856751063578785e-01 1.290024618540910363e-02
1.739109155536343598e-01 1.290071855775944479e-02
1.741361523043148674e-01 1.290124509006366875e-02
1.743613849190964737e-01 1.290182422905426611e-02
1.745866129712132508e-01 1.290245438814503244e-02
1.748118360467092181e-01 1.290313395017059217e-02
1.750370537446852559e-01 1.290386127054045200e-02
1.752622656775371102e-01 1.290463467857232149e-02
1.754874714711726347e-01 1.290545247979366095e-02
1.757126707651963105e-01 1.290631295958669274e-02
1.759378632130910725e-01 1.290721438387488693e-02
1.761630484823699383e-01 1.290815500246051024e-02
1.763882262547122048e-01 1.290913305091488314e-02
1.766133962260841572e-01 1.291014675258400114e-02
1.768385581068280255e-01 1.291119432171090181e-02
1.770637116217498863e-01 1.291227396447130159e-02
1.772888565101754799e-01 1.291338388197247646e-02
1.775139925259932028e-01 1.291452227219421281e-02
1.777391194376799488e-01 1.291568733185674729e-02
1.779642370283129882e-01 1.291687725847690156e-02
1.781893450955506497e-01 1.291809025316996429e-02
1.784144434516151401e-01 1.291932452125912900e-02
1.786395319232417234e-01 1.292057827589490442e-02
1.788646103516249586e-01 1.292184973839909622e-02
1.790896785923404566e-01 1.292313714121118284e-02
1.793147365152565342e-01 1.292443872925613281e-02
1.795397840044289928e-01 1.292575276166713603e-02
1.797648209579790213e-01 1.292707751398667650e-02
1.799898472879576106e-01 1.292841127960926186e-02
1.802148629202079688e-01 1.292975237058725108e-02
1.804398677941898010e-01 1.293109912101666342e-02
1.806648618628156899e-01 1.293244988686240680e-02
1.808898450922574175e-01 1.293380304864698467e-02
1.811148174617587814e-01 1.293515701159644871e-02
1.813397789634115242e-01 1.293651020882942947e-02
1.815647296019438361e-01 1.293786110080688730e-02
1.817896693944854869e-01 1.293920817824101115e-02
1.820145983703273518e-01 1.294054996172146026e-02
1.822395165706682529e-01 1.294188500430038490e-02
1.824644240483572211e-01 1.294321189161622664e-02
1.826893208676188540e-01 1.294452924381877049e-02
1.829142071037888340e-01 1.294583571526429326e-02
1.831390828430129736e-01 1.294712999700209713e-02
1.833639481819613615e-01 1.294841081675662635e-02
1.835888032275318493e-01 1.294967693963829103e-02
1.838136480965423258e-01 1.295092716923405135e-02
1.840384829154163571e-01 1.295216034867077530e-02
1.842633078198710750e-01 1.295337536025535467e-02
1.844881229545947132e-01 1.295457112705257832e-02
1.847129284729177312e-01 1.295574661289165472e-02
1.849377245364831335e-01 1.295690082307941748e-02
1.851625113149175939e-01 1.295803280456649283e-02
1.853872889854882577e-01 1.295914164671153022e-02
1.856120577327641519e-01 1.296022648147593728e-02
1.858368177482804806e-01 1.296128648298116963e-02
1.860615692301889612e-01 1.296232086907381925e-02
1.862863123829138490e-01 1.296332890029662510e-02
1.865110474168079902e-01 1.296430988052191084e-02
1.867357745478072095e-01 1.296526315681871544e-02
1.869604939970810897e-01 1.296618811968318699e-02
1.871852059906866372e-01 1.296708420292874697e-02
1.874099107592246960e-01 1.296795088323403691e-02
1.876346085374955008e-01 1.296878768041654154e-02
1.878592995641540364e-01 1.296959415699640468e-02
1.880839840813695318e-01 1.297036991811602487e-02
1.883086623344881194e-01 1.297111461115782981e-02
1.885333345716881936e-01 1.297182792558793270e-02
1.887580010436609168e-01 1.297250959185217330e-02
1.889826620032599991e-01 1.297315938264335250e-02
1.892073177051943889e-01 1.297377710997265829e-02
1.894319684056879893e-01 1.297436262719217984e-02
1.896566143621717382e-01 1.297491582665310887e-02
1.898812558329603661e-01 1.297543664001981657e-02
1.901058930769451705e-01 1.297592503762612891e-02
1.903305263532923675e-01 1.297638102700151251e-02
1.905551559211317580e-01 1.297680465375412699e-02
1.907797820392682087e-01 1.297719599944044920e-02
1.910044049658921328e-01 1.297755518136402275e-02
1.912290249582981050e-01 1.297788235161592522e-02
1.914536422725992559e-01 1.297817769702994811e-02
1.916782571634597088e-01 1.297844143755783400e-02
1.919028698838317615e-01 1.297867382539670891e-02
1.921274806846957894e-01 1.297887514466470986e-02
1.923520898148035341e-01 1.297904571055487344e-02
1.925766975204442899e-01 1.297918586736343874e-02
1.928013040451967974e-01 1.297929598911720314e-02
1.930259096297037014e-01 1.297937647747281556e-02
1.932505145114475076e-01 1.297942776124667331e-02
1.934751189245333403e-01 1.297945029544136757e-02
1.936997230994878527e-01 1.297944455971915788e-02
1.939243272630534198e-01 1.297941105823250882e-02
1.941489316379924612e-01 1.297935031840461058e-02
1.943735364429123313e-01 1.297926288924949011e-02
1.945981418920829098e-01 1.297914934111592949e-02
1.948227481952662377e-01 1.297901026450943608e-02
1.950473555575610862e-01 1.297884626858293068e-02
1.952719641792489136e-01 1.297865798065972291e-02
1.954965742556464270e-01 1.297844604503762753e-02
1.957211859769794893e-01 1.297821112150744985e-02
1.959457995282401499e-01 1.297795388531006004e-02
1.961704150890795639e-01 1.297767502491699136e-02
1.963950328336918905e-01 1.297737524170622207e-02
1.966196529307094598e-01 1.297705524897577352e-02
1.968442755431098756e-01 1.297671577045275693e-02
1.970689008281268084e-01 1.297635753971461588e-02
1.972935289371747503e-01 1.297598129868607342e-02
1.975181600157754624e-01 1.297558779713822198e-02
1.977427942034915564e-01 1.297517779158655592e-02
1.979674316338780049e-01 1.297475204383891599e-02
1.981920724344302664e-01 1.297431132064962543e-02
1.984167167265406262e-01 1.297385639260739687e-02
1.986413646254756304e-01 1.297338803260569134e-02
1.988660162403453890e-01 1.297290701549328948e-02
1.990906716740873383e-01 1.297241411720224079e-02
1.993153310234557218e-01 1.297191011351207443e-02
1.995399943790236441e-01 1.297139577890640653e-02
1.997646618251781303e-01 1.297087188690454820e-02
1.999893334401400269e-01 1.297033920765034050e-02
2.002140092959802387e-01 1.296979850790827039e-02
2.004386894586423218e-01 1.296925055034886358e-02
2.006633739879762346e-01 1.296869609229258855e-02
2.008880629377775562e-01 1.296813588525811897e-02
2.011127563558265385e-01 1.296757067421078213e-02
2.013374542839436454e-01 1.296700119639541265e-02
2.015621567580426488e-01 1.296642818130708599e-02
2.017868638081951882e-01 1.296585234925783266e-02
2.020115754586962464e-01 1.296527441139190551e-02
2.022362917281360639e-01 1.296469506861507200e-02
2.024610126294838774e-01 1.296411501087802592e-02
2.026857381701669958e-01 1.296353491686384404e-02
2.029104683521596453e-01 1.296295545335776275e-02
2.031352031720712326e-01 1.296237727499169844e-02
2.033599426212562844e-01 1.296180102255462679e-02
2.035846866859037929e-01 1.296122732398550387e-02
2.038094353471494868e-01 1.296065679292564971e-02
2.040341885811870204e-01 1.296009002842465202e-02
2.042589463593741661e-01 1.295952761499306015e-02
2.044837086483574651e-01 1.295897012159807730e-02
2.047084754101907433e-01 1.295841810137426768e-02
2.049332466024577082e-01 1.295787209167611684e-02
2.051580221784004843e-01 1.295733261318716620e-02
2.053828020870458460e-01 1.295680017035372167e-02
2.056075862733436621e-01 1.295627525000446825e-02
2.058323746782937114e-01 1.295575832230996122e-02
2.060571672390906217e-01 1.295524983942734042e-02
2.062819638892530727e-01 1.295475023652000769e-02
2.065067645587742584e-01 1.295425993022196465e-02
2.067315691742550587e-01 1.295377931965033778e-02
2.069563776590565285e-01 1.295330878525428886e-02
2.071811899334352891e-01 1.295284868971794887e-02
2.074060059146976831e-01 1.295239937693565616e-02
2.076308255173399397e-01 1.295196117273323191e-02
2.078556486532013303e-01 1.295153438400263764e-02
2.080804752316081363e-01 1.295111929949970854e-02
2.083053051595218919e-01 1.295071618939832615e-02
2.085301383416924004e-01 1.295032530503435926e-02
2.087549746807994266e-01 1.294994687974605763e-02
2.089798140776031043e-01 1.294958112834948029e-02
2.092046564310952594e-01 1.294922824706278529e-02
2.094295016386407138e-01 1.294888841424933316e-02
2.096543495961294967e-01 1.294856178983691194e-02
2.098792001981179545e-01 1.294824851604933075e-02
2.101040533379776032e-01 1.294794871703036643e-02
2.103289089080331853e-01 1.294766249963497096e-02
2.105537667997087192e-01 1.294738995297224984e-02
2.107786269036679150e-01 1.294713114893908390e-02
2.110034891099532295e-01 1.294688614253700770e-02
2.112283533081205367e-01 1.294665497193924104e-02
2.114532193873800703e-01 1.294643765857730715e-02
2.116780872367240163e-01 1.294623420799985089e-02
2.119029567450629870e-01 1.294604460929574784e-02
2.121278278013526419e-01 1.294586883622832543e-02
2.123527002947174780e-01 1.294570684742515042e-02
2.125775741145872200e-01 1.294555858529911410e-02
2.128024491508026528e-01 1.294542397898960050e-02
2.130273252937460726e-01 1.294530294234990005e-02
2.132522024344579714e-01 1.294519537516796402e-02
2.134770804647437292e-01 1.294510116407972429e-02
2.137019592772920196e-01 1.294502018182311538e-02
2.139268387657765336e-01 1.294495228882251540e-02
2.141517188249665582e-01 1.294489733228000247e-02
2.143765993508240375e-01 1.294485514782436203e-02
2.146014802406085165e-01 1.294482555895039300e-02
2.148263613929655980e-01 1.294480837805285327e-02
2.150512427080214228e-01 1.294480340657633462e-02
2.152761240874731807e-01 1.294481043542390457e-02
2.155010054346775117e-01 1.294482924507523065e-02
2.157258866547245024e-01 1.294485960707737922e-02
2.159507676545232013e-01 1.294490128305183542e-02
2.161756483428702302e-01 1.294495402642768106e-02
2.164005286305316911e-01 1.294501758174794806e-02
2.166254084303001759e-01 1.294509168604472162e-02
2.168502876570661264e-01 1.294517606873186143e-02
2.170751662278767591e-01 1.294527045215445107e-02
2.173000440619925477e-01 1.294537455208100672e-02
2.175249210809428180e-01 1.294548807833794529e-02
2.177497972085761235e-01 1.294561073463615722e-02
2.179746723711040723e-01 1.294574221994301659e-02
2.181995464971512033e-01 1.294588222781324974e-02
2.184244195177856007e-01 1.294603044797376298e-02
2.186492913665621096e-01 1.294618656575384497e-02
2.188741619795517013e-01 1.294635026323647832e-02
2.190990312953717267e-01 1.294652121924488863e-02
2.193238992552092037e-01 1.294669911009739029e-02
2.195487658028484057e-01 1.294688360945005397e-02
2.197736308846851283e-01 1.294707438955864515e-02
2.199984944497430650e-01 1.294727112110338058e-02
2.202233564496869078e-01 1.294747347358226816e-02
2.204482168388336716e-01 1.294768111588073985e-02
2.206730755741512506e-01 1.294789371696036633e-02
2.208979326152695488e-01 1.294811094531439326e-02
2.211227879244705707e-01 1.294833247077317902e-02
2.213476414667000514e-01 1.294855796291516023e-02
2.215724932095432531e-01 1.294878709363793227e-02
2.217973431232259929e-01 1.294901953590685446e-02
2.220221911805990711e-01 1.294925496477964365e-02
2.222470373571246438e-01 1.294949305749916631e-02
2.224718816308599856e-01 1.294973349381069866e-02
2.226967239824304001e-01 1.294997595681778545e-02
2.229215643950116510e-01 1.295022013250760572e-02
2.231464028543048428e-01 1.295046571039770202e-02
2.233712393485038084e-01 1.295071238408198634e-02
2.235960738682679361e-01 1.295095985116639058e-02
2.238209064066906673e-01 1.295120781351187349e-02
2.240457369592615822e-01 1.295145597782223351e-02
2.242705655238270146e-01 1.295170405593355084e-02
2.244953921005595765e-01 1.295195176419384857e-02
2.247202166919060606e-01 1.295219882508447974e-02
2.249450393025539119e-01 1.295244496614571077e-02
2.251698599393779643e-01 1.295268992134160704e-02
2.253946786114052192e-01 1.295293342979108100e-02
2.256194953297520900e-01 1.295317523787395918e-02
2.258443101075860715e-01 1.295341509763668457e-02
2.260691229600687580e-01 1.295365276804643501e-02
2.262939339043072706e-01 1.295388801467416487e-02
2.265187429592963875e-01 1.295412061013852256e-02
2.267435501458646419e-01 1.295435033403564799e-02
2.269683554866165909e-01 1.295457697314190450e-02
2.271931590058844097e-01 1.295480032129588642e-02
2.274179607296566152e-01 1.295502018007478086e-02
2.276427606855251362e-01 1.295523635841579028e-02
2.278675589026268600e-01 1.295544867282961803e-02
2.280923554115792118e-01 1.295565694751629922e-02
2.283171502444238110e-01 1.295586101416839643e-02
2.285419434345590251e-01 1.295606071274078668e-02
2.287667350166809610e-01 1.295625589061642595e-02
2.289915250267199609e-01 1.295644640328098667e-02
2.292163135017773190e-01 1.295663211397123094e-02
2.294411004800646636e-01 1.295681289373560967e-02
2.296658860008341518e-01 1.295698862206243369e-02
2.298906701043243739e-01 1.295715918562751791e-02
2.301154528316888825e-01 1.295732447957798246e-02
2.303402342249348533e-01 1.295748440683607526e-02
2.305650143268617724e-01 1.295763887813240929e-02
2.307897931809962111e-01 1.295778781206754181e-02
2.310145708315326230e-01 1.295793113480840468e-02
2.312393473232662588e-01 1.295806878060909439e-02
2.314641227015328262e-01 1.295820069136886625e-02
2.316888970121494529e-01 1.295832681628927147e-02
2.319136703013497114e-01 1.295844711242546445e-02
2.321384426157273861e-01 1.295856154396955381e-02
2.323632140021708592e-01 1.295867008298581813e-02
2.325879845078099861e-01 1.295877270832956375e-02
2.328127541799574762e-01 1.295886940592332059e-02
2.330375230660461094e-01 1.295896016945928021e-02
2.332622912135766113e-01 1.295904499879791186e-02
2.334870586700620310e-01 1.295912390091910789e-02
2.337118254829693154e-01 1.295919688966847699e-02
2.339365916996695716e-01 1.295926398515084149e-02
2.341613573673874404e-01 1.295932521377578250e-02
2.343861225331416165e-01 1.295938060878591702e-02
2.346108872437007720e-01 1.295943020905208562e-02
2.348356515455321814e-01 1.295947405955064254e-02
2.350604154847560912e-01 1.295951221109262891e-02
2.352851791070964815e-01 1.295954472008945327e-02
2.355099424578357137e-01 1.295957164851044285e-02
2.357347055817704817e-01 1.295959306355928473e-02
2.359594685231693745e-01 1.295960903789103100e-02
2.361842313257327408e-01 1.295961964866287376e-02
2.364089940325501960e-01 1.295962497808733453e-02
2.366337566860622632e-01 1.295962511313152044e-02
2.368585193280237644e-01 1.295962014494924167e-02
2.370832819994725393e-01 1.295961016878082253e-02
2.373080447406859528e-01 1.295959528450653722e-02
2.375328075911537218e-01 1.295957559550935806e-02
2.377575705895452196e-01 1.295955120903352804e-02
2.379823337736804711e-01 1.295952223564912457e-02
2.382070971805010928e-01 1.295948878929506672e-02
2.384318608460425093e-01 1.295945098717428585e-02
2.386566248054094175e-01 1.295940894938939734e-02
2.388813890927539429e-01 1.295936279860401309e-02
2.391061537412486615e-01 1.295931266028178992e-02
2.393309187830691964e-01 1.295925866221853996e-02
2.395556842493711813e-01 1.295920093442263533e-02
2.397804501702816282e-01 1.295913960845911442e-02
2.400052165748711441e-01 1.295907481834147543e-02
2.402299834911430509e-01 1.295900669954899373e-02
2.404547509460247534e-01 1.295893538859043716e-02
2.406795189653489764e-01 1.295886102376739984e-02
2.409042875738482137e-01 1.295878374404443520e-02
2.411290567951412667e-01 1.295870368965855446e-02
2.413538266517317454e-01 1.295862100120083286e-02
2.415785971649963004e-01 1.295853582000635468e-02
2.418033683551822632e-01 1.295844828780342434e-02
2.420281402414051208e-01 1.295835854637287197e-02
2.422529128416445188e-01 1.295826673775576227e-02
2.424776861727433730e-01 1.295817300374210897e-02
2.427024602504120609e-01 1.295807748575026133e-02
2.429272350892253962e-01 1.295798032500757729e-02
2.431520107026299560e-01 1.295788166182346678e-02
2.433767871029474117e-01 1.295778163596228959e-02
2.436015643013777210e-01 1.295768038634302274e-02
2.438263423080077874e-01 1.295757805072880915e-02
2.440511211318223406e-01 1.295747476559488964e-02
2.442759007807056570e-01 1.295737066652640455e-02
2.445006812614614611e-01 1.295726588700303605e-02
2.447254625798161165e-01 1.295716055950483017e-02
2.449502447404331984e-01 1.295705481468318113e-02
2.451750277469310901e-01 1.295694878098920151e-02
2.453998116018882847e-01 1.295684258565582211e-02
2.456245963068678650e-01 1.295673635314926499e-02
2.458493818624278848e-01 1.295663020624700408e-02
2.460741682681412690e-01 1.295652426520632096e-02
2.462989555226121619e-01 1.295641864804294129e-02
2.465237436234958279e-01 1.295631347030883063e-02
2.467485325675179142e-01 1.295620884490817672e-02
2.469733223504891884e-01 1.295610488255305101e-02
2.471981129673359867e-01 1.295600169063671099e-02
2.474229044121141752e-01 1.295589937418975025e-02
2.476476966780325750e-01 1.295579803532699581e-02
2.478724897574793307e-01 1.295569777301541423e-02
2.480972836420411443e-01 1.295559868344389742e-02
2.483220783225299488e-01 1.295550085975387400e-02
2.485468737890005053e-01 1.295540439217363754e-02
2.487716700307883444e-01 1.295530936711428507e-02
2.489964670365196198e-01 1.295521586869185018e-02
2.492212647941459414e-01 1.295512397718167653e-02
2.494460632909676900e-01 1.295503376978365297e-02
2.496708625136589421e-01 1.295494532051037415e-02
2.498956624482966959e-01 1.295485869980103621e-02
2.501204630803839923e-01 1.295477397496259085e-02
2.503452643948749223e-01 1.295469121018966163e-02
2.505700663762090441e-01 1.295461046561983444e-02
2.507948690083349752e-01 1.295453179838838322e-02
2.510196722747312648e-01 1.295445526251767267e-02
2.512444761584453623e-01 1.295438090793058113e-02
2.514692806421077731e-01 1.295430878202982229e-02
2.516940857079687510e-01 1.295423892813941762e-02
2.519188913379209471e-01 1.295417138661550741e-02
2.521436975135278313e-01 1.295410619425282558e-02
2.523685042160551673e-01 1.295404338419981795e-02
2.525933114264841128e-01 1.295398298733904142e-02
2.528181191255557958e-01 1.295392502981617192e-02
2.530429272937877450e-01 1.295386953546003549e-02
2.532677359114964277e-01 1.295381652486058029e-02
2.534925449588321666e-01 1.295376601495986865e-02
2.537173544157999006e-01 1.295371801980975748e-02
2.539421642622850528e-01 1.295367255023710182e-02
2.541669744780839513e-01 1.295362961377189391e-02
2.543917850429213146e-01 1.295358921533084316e-02
2.546165959364758979e-01 1.295355135670813763e-02
2.548414071384085822e-01 1.295351603654582191e-02
2.550662186283834676e-01 1.295348325072124759e-02
2.552910303860921881e-01 1.295345299225670287e-02
2.555158423912767263e-01 1.295342525133950928e-02
2.557406546237490641e-01 1.295340001574055155e-02
2.559654670634164408e-01 1.295337727024280586e-02
2.561902796903020585e-01 1.295335699708577600e-02
2.564150924845671198e-01 1.295333917591171523e-02
2.566399054265264823e-01 1.295332378425801366e-02
2.568647184966738606e-01 1.295331079690627794e-02
2.570895316756980908e-01 1.295330018659974179e-02
2.573143449445022268e-01 1.295329192356869073e-02
2.575391582842245786e-01 1.295328597603060371e-02
2.577639716762513689e-01 1.295328231004004398e-02
2.579887851022377721e-01 1.295328088971107149e-02
2.582135985441215698e-01 1.295328167715326627e-02
2.584384119841413585e-01 1.295328463257689432e-02
2.586632254048488178e-01 1.295328971449827629e-02
2.588880387891273616e-01 1.295329687959933390e-02
2.591128521202016866e-01 1.295330608301007748e-02
2.593376653816522603e-01 1.295331727837549865e-02
2.595624785574298654e-01 1.295333041770783955e-02
2.597872916318618164e-01 1.295334545201377516e-02
2.600121045896751637e-01 1.295336233015836370e-02
2.602369174159963050e-01 1.295338100060458401e-02
2.604617300963598669e-01 1.295340141056570797e-02
2.606865426167295219e-01 1.295342350572594586e-02
2.609113549634966001e-01 1.295344723114177747e-02
2.611361671234889714e-01 1.295347253112127950e-02
2.613609790839831470e-01 1.295349934872173751e-02
2.615857908327103853e-01 1.295352762630141465e-02
2.618106023578586905e-01 1.295355730589163763e-02
2.620354136480801399e-01 1.295358832891863911e-02
2.622602246924959357e-01 1.295362063601828567e-02
2.624850354807050090e-01 1.295365416724651546e-02
2.627098460027794680e-01 1.295368886285934787e-02
2.629346562492719808e-01 1.295372466258946226e-02
2.631594662112203831e-01 1.295376150569916944e-02
2.633842758801456241e-01 1.295379933161338107e-02
2.636090852480535429e-01 1.295383807971473358e-02
2.638338943074354792e-01 1.295387768930634717e-02
2.640587030512726030e-01 1.295391809958698452e-02
2.642835114730288648e-01 1.295395925022872242e-02
2.645083195666556586e-01 1.295400108082384039e-02
2.647331273265837170e-01 1.295404353164109762e-02
2.649579347477297175e-01 1.295408654273176759e-02
2.651827418254839586e-01 1.295413005517974392e-02
2.654075485557144121e-01 1.295417400997488956e-02
2.656323549347626711e-01 1.295421834889736931e-02
2.658571609594354568e-01 1.295426301439881779e-02
2.660819666270013428e-01 1.295430794949893778e-02
2.663067719351909224e-01 1.295435309761533947e-02
2.665315768821839848e-01 1.295439840342860020e-02
2.667563814666094602e-01 1.295444381198679329e-02
2.669811856875359823e-01 1.295448926938313344e-02
2.672059895444634514e-01 1.295453472274790338e-02
2.674307930373229780e-01 1.295458011966383813e-02
2.676555961664567329e-01 1.295462540953953509e-02
2.678803989326306589e-01 1.295467054149418602e-02
2.681052013370033293e-01 1.295471546711476213e-02
2.683300033811337193e-01 1.295476013823144111e-02
2.685548050669633313e-01 1.295480450816117492e-02
2.687796063968158067e-01 1.295484853094171392e-02
2.690044073733774410e-01 1.295489216254535648e-02
2.692292079996963516e-01 1.295493535946946884e-02
2.694540082791667679e-01 1.295497807999333208e-02
2.696788082155245347e-01 1.295502028314294771e-02
2.699036078128298488e-01 1.295506192996113796e-02
2.701284070754628730e-01 1.295510298215376936e-02
2.703532060081097477e-01 1.295514340317265034e-02
