0.000000e+00 0.000000e+00 8.962220e-01 0.000000e+00 0.000000e+00 
2.534899e-01 0.000000e+00 1.267449e+00 1.013959e+00 2.534899e-01 
4.005349e-01 0.000000e+00 1.855630e+00 1.602140e+00 4.005349e-01 
5.234324e-01 0.000000e+00 2.347220e+00 2.093730e+00 5.234324e-01 
6.328783e-01 0.000000e+00 2.785003e+00 2.531513e+00 6.328783e-01 
7.332985e-01 0.000000e+00 3.186684e+00 2.933194e+00 7.332985e-01 
8.270665e-01 0.000000e+00 3.561756e+00 3.308266e+00 8.270665e-01 
9.156412e-01 0.000000e+00 3.916055e+00 3.662565e+00 9.156412e-01 
1.000000e+00 0.000000e+00 -5.927435e+00 -6.327649e+00 1.000000e+00 
1.000000e+00 2.534899e-01 -8.676524e+00 -9.013959e+00 1.253490e+00 
1.000000e+00 4.005349e-01 -9.264704e+00 -9.602140e+00 1.400535e+00 
1.000000e+00 5.234324e-01 -9.756294e+00 -1.009373e+01 1.523432e+00 
1.000000e+00 6.328783e-01 -1.019408e+01 -1.053151e+01 1.632878e+00 
1.000000e+00 7.332985e-01 -1.059576e+01 -1.093319e+01 1.733299e+00 
1.000000e+00 8.270665e-01 -1.097083e+01 -1.130827e+01 1.827067e+00 
1.000000e+00 9.156412e-01 -1.132513e+01 -1.166256e+01 1.915641e+00 
1.000000e+00 1.000000e+00 -1.242967e+01 -1.272792e+01 2.000000e+00 
9.156412e-01 1.000000e+00 -5.578206e+00 -5.662565e+00 2.084359e+00 
8.270665e-01 1.000000e+00 -5.223907e+00 -5.308266e+00 2.172933e+00 
7.332985e-01 1.000000e+00 -4.848835e+00 -4.933194e+00 2.266701e+00 
6.328783e-01 1.000000e+00 -4.447154e+00 -4.531513e+00 2.367122e+00 
5.234324e-01 1.000000e+00 -4.009371e+00 -4.093730e+00 2.476568e+00 
4.005349e-01 1.000000e+00 -3.517781e+00 -3.602140e+00 2.599465e+00 
2.534899e-01 1.000000e+00 -2.929601e+00 -3.013959e+00 2.746510e+00 
0.000000e+00 1.000000e+00 -2.344076e-01 -6.346218e-01 3.000000e+00 
0.000000e+00 9.156412e-01 4.676524e+00 3.662565e+00 3.084359e+00 
0.000000e+00 8.270665e-01 4.322226e+00 3.308266e+00 3.172933e+00 
0.000000e+00 7.332985e-01 3.947154e+00 2.933194e+00 3.266701e+00 
0.000000e+00 6.328783e-01 3.545473e+00 2.531513e+00 3.367122e+00 
0.000000e+00 5.234324e-01 3.107689e+00 2.093730e+00 3.476568e+00 
0.000000e+00 4.005349e-01 2.616099e+00 1.602140e+00 3.599465e+00 
0.000000e+00 2.534899e-01 2.027919e+00 1.013959e+00 3.746510e+00 
