0.000000e+00 0.000000e+00 5.671995e-01 0.000000e+00 0.000000e+00 
1.604282e-01 0.000000e+00 8.021412e-01 6.417129e-01 1.604282e-01 
2.534899e-01 0.000000e+00 1.174388e+00 1.013959e+00 2.534899e-01 
3.312690e-01 0.000000e+00 1.485504e+00 1.325076e+00 3.312690e-01 
4.005349e-01 0.000000e+00 1.762568e+00 1.602140e+00 4.005349e-01 
4.640887e-01 0.000000e+00 2.016783e+00 1.856355e+00 4.640887e-01 
5.234324e-01 0.000000e+00 2.254158e+00 2.093730e+00 5.234324e-01 
5.794894e-01 0.000000e+00 2.478386e+00 2.317958e+00 5.794894e-01 
6.328783e-01 0.000000e+00 2.691941e+00 2.531513e+00 6.328783e-01 
6.840390e-01 0.000000e+00 2.896584e+00 2.736156e+00 6.840390e-01 
7.332985e-01 0.000000e+00 3.093622e+00 2.933194e+00 7.332985e-01 
7.809082e-01 0.000000e+00 3.284061e+00 3.123633e+00 7.809082e-01 
8.270665e-01 0.000000e+00 3.468694e+00 3.308266e+00 8.270665e-01 
8.719336e-01 0.000000e+00 3.648163e+00 3.487734e+00 8.719336e-01 
9.156412e-01 0.000000e+00 3.822993e+00 3.662565e+00 9.156412e-01 
9.582990e-01 0.000000e+00 3.993624e+00 3.833196e+00 9.582990e-01 
1.000000e+00 0.000000e+00 -6.534602e+00 -6.736401e+00 1.000000e+00 
1.000000e+00 1.604282e-01 -8.474909e+00 -8.641713e+00 1.160428e+00 
1.000000e+00 2.534899e-01 -8.847156e+00 -9.013959e+00 1.253490e+00 
1.000000e+00 3.312690e-01 -9.158272e+00 -9.325076e+00 1.331269e+00 
1.000000e+00 4.005349e-01 -9.435336e+00 -9.602140e+00 1.400535e+00 
1.000000e+00 4.640887e-01 -9.689551e+00 -9.856355e+00 1.464089e+00 
1.000000e+00 5.234324e-01 -9.926926e+00 -1.009373e+01 1.523432e+00 
1.000000e+00 5.794894e-01 -1.015115e+01 -1.031796e+01 1.579489e+00 
1.000000e+00 6.328783e-01 -1.036471e+01 -1.053151e+01 1.632878e+00 
1.000000e+00 6.840390e-01 -1.056935e+01 -1.073616e+01 1.684039e+00 
1.000000e+00 7.332985e-01 -1.076639e+01 -1.093319e+01 1.733299e+00 
1.000000e+00 7.809082e-01 -1.095683e+01 -1.112363e+01 1.780908e+00 
1.000000e+00 8.270665e-01 -1.114146e+01 -1.130827e+01 1.827067e+00 
1.000000e+00 8.719336e-01 -1.132093e+01 -1.148773e+01 1.871934e+00 
1.000000e+00 9.156412e-01 -1.149576e+01 -1.166256e+01 1.915641e+00 
1.000000e+00 9.582990e-01 -1.166639e+01 -1.183320e+01 1.958299e+00 
1.000000e+00 1.000000e+00 -1.258049e+01 -1.272792e+01 2.000000e+00 
9.582990e-01 1.000000e+00 -5.791495e+00 -5.833196e+00 2.041701e+00 
9.156412e-01 1.000000e+00 -5.620864e+00 -5.662565e+00 2.084359e+00 
8.719336e-01 1.000000e+00 -5.446034e+00 -5.487734e+00 2.128066e+00 
8.270665e-01 1.000000e+00 -5.266565e+00 -5.308266e+00 2.172933e+00 
7.809082e-01 1.000000e+00 -5.081932e+00 -5.123633e+00 2.219092e+00 
7.332985e-01 1.000000e+00 -4.891493e+00 -4.933194e+00 2.266701e+00 
6.840390e-01 1.000000e+00 -4.694455e+00 -4.736156e+00 2.315961e+00 
6.328783e-01 1.000000e+00 -4.489812e+00 -4.531513e+00 2.367122e+00 
5.794894e-01 1.000000e+00 -4.276257e+00 -4.317958e+00 2.420511e+00 
5.234324e-01 1.000000e+00 -4.052029e+00 -4.093730e+00 2.476568e+00 
4.640887e-01 1.000000e+00 -3.814654e+00 -3.856355e+00 2.535911e+00 
4.005349e-01 1.000000e+00 -3.560439e+00 -3.602140e+00 2.599465e+00 
3.312690e-01 1.000000e+00 -3.283375e+00 -3.325076e+00 2.668731e+00 
2.534899e-01 1.000000e+00 -2.972258e+00 -3.013959e+00 2.746510e+00 
1.604282e-01 1.000000e+00 -2.600012e+00 -2.641713e+00 2.839572e+00 
0.000000e+00 1.000000e+00 -7.275752e-01 -9.293742e-01 3.000000e+00 
0.000000e+00 9.582990e-01 4.474909e+00 3.833196e+00 3.041701e+00 
0.000000e+00 9.156412e-01 4.304278e+00 3.662565e+00 3.084359e+00 
0.000000e+00 8.719336e-01 4.129447e+00 3.487734e+00 3.128066e+00 
0.000000e+00 8.270665e-01 3.949979e+00 3.308266e+00 3.172933e+00 
0.000000e+00 7.809082e-01 3.765346e+00 3.123633e+00 3.219092e+00 
0.000000e+00 7.332985e-01 3.574907e+00 2.933194e+00 3.266701e+00 
0.000000e+00 6.840390e-01 3.377869e+00 2.736156e+00 3.315961e+00 
0.000000e+00 6.328783e-01 3.173226e+00 2.531513e+00 3.367122e+00 
0.000000e+00 5.794894e-01 2.959671e+00 2.317958e+00 3.420511e+00 
0.000000e+00 5.234324e-01 2.735443e+00 2.093730e+00 3.476568e+00 
0.000000e+00 4.640887e-01 2.498068e+00 1.856355e+00 3.535911e+00 
0.000000e+00 4.005349e-01 2.243853e+00 1.602140e+00 3.599465e+00 
0.000000e+00 3.312690e-01 1.966789e+00 1.325076e+00 3.668731e+00 
0.000000e+00 2.534899e-01 1.655672e+00 1.013959e+00 3.746510e+00 
0.000000e+00 1.604282e-01 1.283426e+00 6.417129e-01 3.839572e+00 
