1.000000e-05 1.000002e+00 
2.000000e-05 1.000005e+00 
3.000000e-05 1.000008e+00 
4.000000e-05 1.000010e+00 
5.000000e-05 1.000013e+00 
6.000000e-05 1.000015e+00 
7.000000e-05 1.000018e+00 
8.000000e-05 1.000020e+00 
9.000000e-05 1.000023e+00 
1.000000e-04 1.000025e+00 
1.125000e-04 1.000029e+00 
1.281250e-04 1.000033e+00 
1.476563e-04 1.000038e+00 
1.720703e-04 1.000044e+00 
2.025879e-04 1.000053e+00 
2.407349e-04 1.000063e+00 
2.884186e-04 1.000076e+00 
3.480232e-04 1.000093e+00 
4.225290e-04 1.000115e+00 
5.156613e-04 1.000143e+00 
6.320766e-04 1.000180e+00 
7.775958e-04 1.000228e+00 
9.594947e-04 1.000292e+00 
1.186868e-03 1.000380e+00 
1.471085e-03 1.000501e+00 
1.826357e-03 1.000674e+00 
2.270446e-03 1.000927e+00 
2.825558e-03 1.001315e+00 
3.519447e-03 1.001936e+00 
4.386809e-03 1.002993e+00 
5.471011e-03 1.004926e+00 
6.410677e-03 1.007502e+00 
7.183209e-03 1.010583e+00 
7.839062e-03 1.014173e+00 
8.408894e-03 1.018274e+00 
8.912718e-03 1.022887e+00 
9.364310e-03 1.028015e+00 
9.773558e-03 1.033659e+00 
1.014779e-02 1.039821e+00 
1.049261e-02 1.046504e+00 
1.081236e-02 1.053710e+00 
1.111051e-02 1.061442e+00 
1.138985e-02 1.069700e+00 
1.165268e-02 1.078490e+00 
1.190090e-02 1.087812e+00 
1.213609e-02 1.097669e+00 
1.235962e-02 1.108066e+00 
1.257263e-02 1.119004e+00 
1.277612e-02 1.130487e+00 
1.297095e-02 1.142519e+00 
1.315786e-02 1.155101e+00 
1.333753e-02 1.168239e+00 
1.351053e-02 1.181935e+00 
1.367738e-02 1.196193e+00 
1.383853e-02 1.211016e+00 
1.399441e-02 1.226409e+00 
1.414539e-02 1.242375e+00 
1.429179e-02 1.258917e+00 
1.443392e-02 1.276041e+00 
1.457206e-02 1.293749e+00 
1.470646e-02 1.312046e+00 
1.483734e-02 1.330935e+00 
1.496491e-02 1.350420e+00 
1.508937e-02 1.370506e+00 
1.521090e-02 1.391196e+00 
1.532965e-02 1.412494e+00 
1.544578e-02 1.434404e+00 
1.555943e-02 1.456929e+00 
1.567073e-02 1.480074e+00 
1.577980e-02 1.503841e+00 
1.588675e-02 1.528235e+00 
1.599168e-02 1.553259e+00 
1.609471e-02 1.578916e+00 
1.619591e-02 1.605209e+00 
1.629538e-02 1.632141e+00 
1.639319e-02 1.659716e+00 
1.648943e-02 1.687935e+00 
1.658416e-02 1.716802e+00 
1.667745e-02 1.746318e+00 
1.676937e-02 1.776486e+00 
1.685997e-02 1.807308e+00 
1.694932e-02 1.838785e+00 
1.703747e-02 1.870918e+00 
1.712446e-02 1.903709e+00 
1.721036e-02 1.937159e+00 
1.729520e-02 1.971267e+00 
1.737903e-02 2.006034e+00 
1.746190e-02 2.041459e+00 
1.754383e-02 2.077543e+00 
1.762488e-02 2.114284e+00 
1.770507e-02 2.151681e+00 
1.778445e-02 2.189732e+00 
1.786305e-02 2.228436e+00 
1.794089e-02 2.267786e+00 
1.801800e-02 2.307781e+00 
1.809443e-02 2.348418e+00 
1.817018e-02 2.389691e+00 
1.824530e-02 2.431596e+00 
1.831981e-02 2.474129e+00 
1.839373e-02 2.517284e+00 
1.846710e-02 2.561054e+00 
1.853992e-02 2.605434e+00 
1.861223e-02 2.650417e+00 
1.868405e-02 2.695994e+00 
1.875539e-02 2.742157e+00 
1.882629e-02 2.788899e+00 
1.889676e-02 2.836209e+00 
1.896681e-02 2.884079e+00 
1.903648e-02 2.932496e+00 
1.910577e-02 2.981452e+00 
1.917470e-02 3.030933e+00 
1.924330e-02 3.080928e+00 
1.931158e-02 3.131425e+00 
1.937955e-02 3.182410e+00 
1.944723e-02 3.233869e+00 
1.951464e-02 3.285788e+00 
1.958179e-02 3.338152e+00 
1.964870e-02 3.390945e+00 
1.971538e-02 3.444152e+00 
1.978185e-02 3.497756e+00 
1.984812e-02 3.551739e+00 
1.991420e-02 3.606083e+00 
1.998011e-02 3.660772e+00 
2.004586e-02 3.715785e+00 
2.011146e-02 3.771104e+00 
2.017693e-02 3.826708e+00 
2.024228e-02 3.882578e+00 
2.030752e-02 3.938693e+00 
2.037266e-02 3.995031e+00 
2.043772e-02 4.051568e+00 
2.050269e-02 4.108280e+00 
2.056760e-02 4.165145e+00 
2.063246e-02 4.222138e+00 
2.069721e-02 4.279189e+00 
2.076188e-02 4.336270e+00 
2.082646e-02 4.393359e+00 
2.089098e-02 4.450427e+00 
2.095543e-02 4.507451e+00 
2.101983e-02 4.564404e+00 
2.108418e-02 4.621260e+00 
2.114851e-02 4.677993e+00 
2.121280e-02 4.734577e+00 
2.127708e-02 4.790987e+00 
2.134135e-02 4.847196e+00 
2.140563e-02 4.903179e+00 
2.146991e-02 4.958910e+00 
2.153421e-02 5.014363e+00 
2.159853e-02 5.069514e+00 
2.166289e-02 5.124336e+00 
2.172729e-02 5.178805e+00 
2.179174e-02 5.232897e+00 
2.185624e-02 5.286586e+00 
2.192082e-02 5.339849e+00 
2.198546e-02 5.392661e+00 
2.205019e-02 5.445000e+00 
2.211501e-02 5.496842e+00 
2.217993e-02 5.548165e+00 
2.224495e-02 5.598944e+00 
2.231008e-02 5.649155e+00 
2.237533e-02 5.698778e+00 
2.244070e-02 5.747791e+00 
2.250620e-02 5.796175e+00 
2.257184e-02 5.843910e+00 
2.263763e-02 5.890976e+00 
2.270358e-02 5.937354e+00 
2.276969e-02 5.983027e+00 
2.283597e-02 6.027977e+00 
2.290243e-02 6.072186e+00 
2.296907e-02 6.115638e+00 
2.303591e-02 6.158318e+00 
2.310296e-02 6.200209e+00 
2.317021e-02 6.241298e+00 
2.323768e-02 6.281569e+00 
2.330538e-02 6.321010e+00 
2.337332e-02 6.359607e+00 
2.344149e-02 6.397348e+00 
2.350992e-02 6.434222e+00 
2.357861e-02 6.470216e+00 
2.364756e-02 6.505321e+00 
2.371679e-02 6.539527e+00 
2.378630e-02 6.572824e+00 
2.385610e-02 6.605203e+00 
2.392620e-02 6.636657e+00 
2.399662e-02 6.667177e+00 
2.406735e-02 6.696756e+00 
2.413840e-02 6.725389e+00 
2.420979e-02 6.753069e+00 
2.428152e-02 6.779791e+00 
2.435361e-02 6.805550e+00 
2.442606e-02 6.830341e+00 
2.449887e-02 6.854162e+00 
2.457207e-02 6.877008e+00 
2.464565e-02 6.898876e+00 
2.471962e-02 6.919765e+00 
2.479399e-02 6.939671e+00 
2.486878e-02 6.958596e+00 
2.494398e-02 6.976537e+00 
2.501962e-02 6.993495e+00 
2.509570e-02 7.009470e+00 
2.517223e-02 7.024464e+00 
2.524921e-02 7.038477e+00 
2.532667e-02 7.051512e+00 
2.540461e-02 7.063570e+00 
2.548304e-02 7.074654e+00 
2.556197e-02 7.084767e+00 
2.564141e-02 7.093912e+00 
2.572137e-02 7.102093e+00 
2.580186e-02 7.109314e+00 
2.588290e-02 7.115579e+00 
2.596449e-02 7.120894e+00 
2.604664e-02 7.125263e+00 
2.612937e-02 7.128692e+00 
2.621269e-02 7.131187e+00 
2.629660e-02 7.132754e+00 
2.638113e-02 7.133398e+00 
2.646627e-02 7.133128e+00 
2.655205e-02 7.131949e+00 
2.663847e-02 7.129870e+00 
2.672554e-02 7.126897e+00 
2.681329e-02 7.123038e+00 
2.690171e-02 7.118302e+00 
2.699082e-02 7.112697e+00 
2.708064e-02 7.106232e+00 
2.717117e-02 7.098915e+00 
2.726244e-02 7.090755e+00 
2.735444e-02 7.081762e+00 
2.744719e-02 7.071945e+00 
2.754072e-02 7.061314e+00 
2.763502e-02 7.049878e+00 
2.773011e-02 7.037649e+00 
2.782600e-02 7.024637e+00 
2.792271e-02 7.010852e+00 
2.802024e-02 6.996306e+00 
2.811860e-02 6.981011e+00 
2.821782e-02 6.964976e+00 
2.831789e-02 6.948215e+00 
2.841885e-02 6.930738e+00 
2.852068e-02 6.912558e+00 
2.862342e-02 6.893686e+00 
2.872708e-02 6.874135e+00 
2.883166e-02 6.853917e+00 
2.893717e-02 6.833046e+00 
2.904364e-02 6.811533e+00 
2.915108e-02 6.789392e+00 
2.925949e-02 6.766636e+00 
2.936889e-02 6.743279e+00 
2.947929e-02 6.719333e+00 
2.959070e-02 6.694812e+00 
2.970314e-02 6.669731e+00 
2.981662e-02 6.644104e+00 
2.993114e-02 6.617944e+00 
3.004673e-02 6.591266e+00 
3.016339e-02 6.564084e+00 
3.028113e-02 6.536413e+00 
3.039997e-02 6.508268e+00 
3.051991e-02 6.479664e+00 
3.064097e-02 6.450616e+00 
3.076315e-02 6.421139e+00 
3.088646e-02 6.391249e+00 
3.101092e-02 6.360961e+00 
3.113653e-02 6.330290e+00 
3.126330e-02 6.299254e+00 
3.139124e-02 6.267867e+00 
3.152035e-02 6.236145e+00 
3.165065e-02 6.204105e+00 
3.178214e-02 6.171764e+00 
3.191481e-02 6.139139e+00 
3.204867e-02 6.106248e+00 
3.218373e-02 6.073106e+00 
3.231999e-02 6.039730e+00 
3.245746e-02 6.006137e+00 
3.259612e-02 5.972343e+00 
3.273600e-02 5.938366e+00 
3.287709e-02 5.904222e+00 
3.301938e-02 5.869927e+00 
3.316288e-02 5.835500e+00 
3.330759e-02 5.800955e+00 
3.345351e-02 5.766311e+00 
3.360063e-02 5.731584e+00 
3.374894e-02 5.696790e+00 
3.389845e-02 5.661947e+00 
3.404915e-02 5.627070e+00 
3.420103e-02 5.592176e+00 
3.435409e-02 5.557281e+00 
3.450831e-02 5.522402e+00 
3.466369e-02 5.487555e+00 
3.482021e-02 5.452756e+00 
3.497787e-02 5.418019e+00 
3.513664e-02 5.383362e+00 
3.529653e-02 5.348799e+00 
3.545751e-02 5.314346e+00 
3.561956e-02 5.280017e+00 
3.578268e-02 5.245827e+00 
3.594684e-02 5.211791e+00 
3.611202e-02 5.177923e+00 
3.627821e-02 5.144237e+00 
3.644538e-02 5.110746e+00 
3.661351e-02 5.077465e+00 
3.678258e-02 5.044405e+00 
3.695256e-02 5.011580e+00 
3.712344e-02 4.979002e+00 
3.729517e-02 4.946683e+00 
3.746775e-02 4.914634e+00 
3.764113e-02 4.882868e+00 
3.781529e-02 4.851395e+00 
3.799021e-02 4.820226e+00 
3.816585e-02 4.789371e+00 
3.834218e-02 4.758839e+00 
3.851916e-02 4.728641e+00 
3.869678e-02 4.698785e+00 
3.887499e-02 4.669280e+00 
3.905376e-02 4.640134e+00 
3.923306e-02 4.611355e+00 
3.941285e-02 4.582951e+00 
3.959310e-02 4.554928e+00 
3.977378e-02 4.527293e+00 
3.995484e-02 4.500053e+00 
4.013625e-02 4.473213e+00 
4.031798e-02 4.446778e+00 
4.049999e-02 4.420755e+00 
4.068225e-02 4.395147e+00 
4.086472e-02 4.369960e+00 
4.104735e-02 4.345196e+00 
4.123013e-02 4.320860e+00 
4.141300e-02 4.296954e+00 
4.159594e-02 4.273483e+00 
4.177891e-02 4.250447e+00 
4.196187e-02 4.227850e+00 
4.214480e-02 4.205694e+00 
4.232765e-02 4.183979e+00 
4.251039e-02 4.162708e+00 
4.269299e-02 4.141881e+00 
4.287541e-02 4.121500e+00 
4.305763e-02 4.101563e+00 
4.323961e-02 4.082073e+00 
4.342132e-02 4.063029e+00 
4.360272e-02 4.044429e+00 
4.378379e-02 4.026276e+00 
4.396449e-02 4.008568e+00 
4.414478e-02 3.991305e+00 
4.432463e-02 3.974485e+00 
4.450404e-02 3.958108e+00 
4.468295e-02 3.942170e+00 
4.486136e-02 3.926671e+00 
4.503924e-02 3.911609e+00 
4.521656e-02 3.896981e+00 
4.539330e-02 3.882786e+00 
4.556945e-02 3.869020e+00 
4.574497e-02 3.855682e+00 
4.591985e-02 3.842769e+00 
4.609408e-02 3.830278e+00 
4.626763e-02 3.818205e+00 
4.644049e-02 3.806550e+00 
4.661265e-02 3.795308e+00 
4.678408e-02 3.784476e+00 
4.695477e-02 3.774051e+00 
4.712471e-02 3.764030e+00 
4.729390e-02 3.754411e+00 
4.746231e-02 3.745188e+00 
4.762993e-02 3.736360e+00 
4.779676e-02 3.727923e+00 
4.796279e-02 3.719873e+00 
4.812800e-02 3.712208e+00 
4.829237e-02 3.704925e+00 
4.845590e-02 3.698019e+00 
4.861858e-02 3.691487e+00 
4.878042e-02 3.685326e+00 
4.894140e-02 3.679532e+00 
4.910152e-02 3.674101e+00 
4.926079e-02 3.669030e+00 
4.941919e-02 3.664315e+00 
4.957672e-02 3.659953e+00 
4.973340e-02 3.655940e+00 
4.988920e-02 3.652272e+00 
5.004415e-02 3.648947e+00 
5.019822e-02 3.645960e+00 
5.035144e-02 3.643308e+00 
5.050379e-02 3.640987e+00 
5.065529e-02 3.638995e+00 
5.080593e-02 3.637327e+00 
5.095572e-02 3.635980e+00 
5.110465e-02 3.634950e+00 
5.125274e-02 3.634235e+00 
5.139999e-02 3.633831e+00 
5.154640e-02 3.633735e+00 
5.169198e-02 3.633942e+00 
5.183674e-02 3.634451e+00 
5.198067e-02 3.635257e+00 
5.212377e-02 3.636358e+00 
5.226606e-02 3.637749e+00 
5.240753e-02 3.639428e+00 
5.254820e-02 3.641391e+00 
5.268806e-02 3.643636e+00 
5.282714e-02 3.646158e+00 
5.296542e-02 3.648954e+00 
5.310293e-02 3.652022e+00 
5.323967e-02 3.655359e+00 
5.337564e-02 3.658960e+00 
5.351086e-02 3.662822e+00 
5.364533e-02 3.666944e+00 
5.377906e-02 3.671321e+00 
5.391206e-02 3.675950e+00 
5.404434e-02 3.680828e+00 
5.417591e-02 3.685952e+00 
5.430677e-02 3.691319e+00 
5.443693e-02 3.696926e+00 
5.456640e-02 3.702770e+00 
5.469519e-02 3.708846e+00 
5.482331e-02 3.715154e+00 
5.495077e-02 3.721688e+00 
5.507757e-02 3.728447e+00 
5.520373e-02 3.735427e+00 
5.532925e-02 3.742624e+00 
5.545414e-02 3.750037e+00 
5.557841e-02 3.757660e+00 
5.570207e-02 3.765493e+00 
5.582512e-02 3.773530e+00 
5.594759e-02 3.781770e+00 
5.606946e-02 3.790208e+00 
5.619076e-02 3.798842e+00 
5.631149e-02 3.807669e+00 
5.643166e-02 3.816685e+00 
5.655128e-02 3.825887e+00 
5.667036e-02 3.835272e+00 
5.678890e-02 3.844836e+00 
5.690692e-02 3.854576e+00 
5.702441e-02 3.864489e+00 
5.714140e-02 3.874572e+00 
5.725789e-02 3.884821e+00 
5.737388e-02 3.895233e+00 
5.748939e-02 3.905805e+00 
5.760442e-02 3.916532e+00 
5.771898e-02 3.927412e+00 
5.783308e-02 3.938441e+00 
5.794673e-02 3.949616e+00 
5.805993e-02 3.960934e+00 
5.817269e-02 3.972390e+00 
5.828502e-02 3.983981e+00 
5.839693e-02 3.995703e+00 
5.850843e-02 4.007554e+00 
5.861951e-02 4.019529e+00 
5.873020e-02 4.031624e+00 
5.884049e-02 4.043836e+00 
5.895039e-02 4.056162e+00 
5.905991e-02 4.068598e+00 
5.916907e-02 4.081139e+00 
5.927786e-02 4.093782e+00 
5.938629e-02 4.106524e+00 
5.949437e-02 4.119361e+00 
5.960211e-02 4.132289e+00 
5.970951e-02 4.145304e+00 
5.981659e-02 4.158402e+00 
5.992334e-02 4.171580e+00 
6.002978e-02 4.184833e+00 
6.013591e-02 4.198158e+00 
6.024173e-02 4.211552e+00 
6.034727e-02 4.225009e+00 
6.045251e-02 4.238527e+00 
6.055748e-02 4.252101e+00 
6.066217e-02 4.265727e+00 
6.076659e-02 4.279402e+00 
6.087074e-02 4.293121e+00 
6.097464e-02 4.306882e+00 
6.107830e-02 4.320678e+00 
6.118170e-02 4.334508e+00 
6.128488e-02 4.348367e+00 
6.138782e-02 4.362250e+00 
6.149053e-02 4.376154e+00 
6.159303e-02 4.390076e+00 
6.169531e-02 4.404010e+00 
6.179739e-02 4.417954e+00 
6.189926e-02 4.431903e+00 
6.200094e-02 4.445853e+00 
6.210243e-02 4.459801e+00 
6.220373e-02 4.473742e+00 
6.230486e-02 4.487673e+00 
6.240581e-02 4.501590e+00 
6.250660e-02 4.515488e+00 
6.260722e-02 4.529365e+00 
6.270769e-02 4.543216e+00 
6.280800e-02 4.557038e+00 
6.290817e-02 4.570826e+00 
6.300821e-02 4.584577e+00 
6.310810e-02 4.598287e+00 
6.320787e-02 4.611953e+00 
6.330751e-02 4.625570e+00 
6.340703e-02 4.639136e+00 
6.350644e-02 4.652646e+00 
6.360574e-02 4.666097e+00 
6.370493e-02 4.679486e+00 
6.380403e-02 4.692808e+00 
6.390303e-02 4.706061e+00 
6.400194e-02 4.719240e+00 
6.410077e-02 4.732343e+00 
6.419952e-02 4.745365e+00 
6.429819e-02 4.758304e+00 
6.439679e-02 4.771157e+00 
6.449532e-02 4.783919e+00 
6.459379e-02 4.796588e+00 
6.469220e-02 4.809160e+00 
