4.340278e-04 1.000096e+00 1.788909e+00
8.680556e-04 1.000216e+00 1.968590e+00
1.302083e-03 1.000363e+00 2.166304e+00
1.736111e-03 1.000544e+00 2.383856e+00
2.170139e-03 1.000766e+00 2.623230e+00
2.604167e-03 1.001037e+00 2.886608e+00
3.038194e-03 1.001367e+00 3.176384e+00
3.472222e-03 1.001770e+00 3.495190e+00
3.906250e-03 1.002260e+00 3.845913e+00
4.340278e-03 1.002856e+00 4.231724e+00
4.774306e-03 1.003579e+00 4.656097e+00
5.208333e-03 1.004458e+00 5.122839e+00
5.642361e-03 1.005524e+00 5.636120e+00
6.076389e-03 1.006818e+00 6.200497e+00
6.510417e-03 1.008386e+00 6.820947e+00
6.944444e-03 1.010288e+00 7.502895e+00
7.378472e-03 1.012592e+00 8.252242e+00
7.812500e-03 1.015385e+00 9.075394e+00
8.246528e-03 1.018768e+00 9.979275e+00
8.680556e-03 1.022866e+00 1.097135e+01
9.114583e-03 1.027828e+00 1.205963e+01
9.548611e-03 1.033837e+00 1.325263e+01
9.982639e-03 1.041110e+00 1.455939e+01
1.041667e-02 1.049914e+00 1.598936e+01
1.085069e-02 1.060566e+00 1.755231e+01
1.128472e-02 1.073452e+00 1.925822e+01
1.171875e-02 1.089035e+00 2.111698e+01
1.215278e-02 1.107869e+00 2.313814e+01
1.258681e-02 1.130624e+00 2.533051e+01
1.302083e-02 1.158094e+00 2.770159e+01
1.345486e-02 1.191230e+00 3.025690e+01
1.388889e-02 1.231156e+00 3.299919e+01
1.429685e-02 1.276083e+00 3.592741e+01
1.467381e-02 1.325129e+00 3.885516e+01
1.502472e-02 1.378361e+00 4.170772e+01
1.535350e-02 1.435840e+00 4.448058e+01
1.566329e-02 1.497625e+00 4.716958e+01
1.595665e-02 1.563766e+00 4.977097e+01
1.623570e-02 1.634307e+00 5.228133e+01
1.650220e-02 1.709283e+00 5.469763e+01
1.675765e-02 1.788718e+00 5.701714e+01
1.700332e-02 1.872621e+00 5.923750e+01
1.724032e-02 1.960989e+00 6.135663e+01
1.746960e-02 2.053801e+00 6.337280e+01
1.769199e-02 2.151020e+00 6.528454e+01
1.790823e-02 2.252589e+00 6.709071e+01
1.811898e-02 2.358430e+00 6.879040e+01
1.832481e-02 2.468444e+00 7.038299e+01
1.852626e-02 2.582505e+00 7.186811e+01
1.872376e-02 2.700448e+00 7.324557e+01
1.891775e-02 2.822101e+00 7.451528e+01
1.910862e-02 2.947267e+00 7.567759e+01
1.929673e-02 3.075728e+00 7.673306e+01
1.948244e-02 3.207237e+00 7.768245e+01
1.966603e-02 3.341530e+00 7.852668e+01
1.984782e-02 3.478314e+00 7.926686e+01
2.002808e-02 3.617280e+00 7.990422e+01
2.020706e-02 3.758096e+00 8.044020e+01
2.038501e-02 3.900412e+00 8.087632e+01
2.056206e-02 4.043772e+00 8.121426e+01
2.073816e-02 4.187569e+00 8.145573e+01
2.091351e-02 4.331387e+00 8.160274e+01
2.108828e-02 4.474802e+00 8.165790e+01
2.126264e-02 4.617391e+00 8.162394e+01
2.143678e-02 4.758730e+00 8.150371e+01
2.161080e-02 4.898372e+00 8.130018e+01
2.178487e-02 5.035902e+00 8.101646e+01
2.195914e-02 5.170921e+00 8.065573e+01
2.213374e-02 5.303043e+00 8.022125e+01
2.230884e-02 5.431898e+00 7.971630e+01
2.248458e-02 5.557134e+00 7.914422e+01
2.266109e-02 5.678418e+00 7.850836e+01
2.283852e-02 5.795436e+00 7.781211e+01
2.301700e-02 5.907899e+00 7.705886e+01
2.319668e-02 6.015539e+00 7.625200e+01
2.337770e-02 6.118112e+00 7.539492e+01
2.356019e-02 6.215399e+00 7.449100e+01
2.374429e-02 6.307205e+00 7.354360e+01
2.393015e-02 6.393359e+00 7.255604e+01
2.411791e-02 6.473715e+00 7.153163e+01
2.430771e-02 6.548152e+00 7.047364e+01
2.449969e-02 6.616570e+00 6.938527e+01
2.469399e-02 6.678893e+00 6.826971e+01
2.489073e-02 6.735058e+00 6.713012e+01
2.509007e-02 6.785038e+00 6.596978e+01
2.529214e-02 6.828824e+00 6.479171e+01
2.549711e-02 6.866429e+00 6.359887e+01
2.570513e-02 6.897885e+00 6.239414e+01
2.591636e-02 6.923238e+00 6.118035e+01
2.613096e-02 6.942554e+00 5.996025e+01
2.634909e-02 6.955915e+00 5.873652e+01
2.657093e-02 6.963415e+00 5.751175e+01
2.679664e-02 6.965164e+00 5.628849e+01
2.702638e-02 6.961284e+00 5.506917e+01
2.726033e-02 6.951910e+00 5.385618e+01
2.749867e-02 6.937189e+00 5.265179e+01
2.774156e-02 6.917276e+00 5.145823e+01
2.798918e-02 6.892340e+00 5.027761e+01
2.824170e-02 6.862558e+00 4.911197e+01
2.849930e-02 6.828113e+00 4.796329e+01
2.876214e-02 6.789202e+00 4.683341e+01
2.903039e-02 6.746026e+00 4.572414e+01
2.930422e-02 6.698794e+00 4.463715e+01
2.958378e-02 6.647723e+00 4.357406e+01
2.986919e-02 6.593044e+00 4.253639e+01
3.016057e-02 6.534991e+00 4.152571e+01
3.045806e-02 6.473798e+00 4.054338e+01
3.076178e-02 6.409707e+00 3.959061e+01
3.107184e-02 6.342962e+00 3.866852e+01
3.138835e-02 6.273812e+00 3.777815e+01
3.171137e-02 6.202507e+00 3.692045e+01
3.204097e-02 6.129302e+00 3.609625e+01
3.237721e-02 6.054449e+00 3.530632e+01
3.272009e-02 5.978205e+00 3.455133e+01
3.306962e-02 5.900822e+00 3.383185e+01
3.342578e-02 5.822553e+00 3.314836e+01
3.378850e-02 5.743647e+00 3.250129e+01
3.415772e-02 5.664352e+00 3.189094e+01
3.453332e-02 5.584908e+00 3.131756e+01
3.491517e-02 5.505551e+00 3.078133e+01
3.530309e-02 5.426510e+00 3.028232e+01
3.569688e-02 5.348005e+00 2.982056e+01
3.609632e-02 5.270249e+00 2.939599e+01
3.650114e-02 5.193443e+00 2.900851e+01
3.691105e-02 5.117780e+00 2.865794e+01
3.732573e-02 5.043439e+00 2.834404e+01
3.774484e-02 4.970588e+00 2.806652e+01
3.816799e-02 4.899383e+00 2.782503e+01
3.859480e-02 4.829968e+00 2.761917e+01
3.902486e-02 4.762471e+00 2.744850e+01
3.945774e-02 4.697010e+00 2.731252e+01
3.989177e-02 4.633858e+00 2.721069e+01
4.032580e-02 4.573179e+00 2.714253e+01
4.075983e-02 4.514961e+00 2.710714e+01
4.119386e-02 4.459191e+00 2.710347e+01
4.162788e-02 4.405853e+00 2.713060e+01
4.206191e-02 4.354931e+00 2.718769e+01
4.249594e-02 4.306408e+00 2.727398e+01
4.292997e-02 4.260269e+00 2.738882e+01
4.336399e-02 4.216500e+00 2.753158e+01
4.379802e-02 4.175089e+00 2.770171e+01
4.423205e-02 4.136024e+00 2.789870e+01
4.466495e-02 4.099390e+00 2.812210e+01
4.509535e-02 4.065267e+00 2.837074e+01
4.552292e-02 4.033636e+00 2.864306e+01
4.594731e-02 4.004476e+00 2.893801e+01
4.636828e-02 3.977756e+00 2.925443e+01
4.678560e-02 3.953438e+00 2.959121e+01
4.719911e-02 3.931485e+00 2.994723e+01
4.760863e-02 3.911853e+00 3.032134e+01
4.801404e-02 3.894500e+00 3.071238e+01
4.841523e-02 3.879379e+00 3.111917e+01
4.881210e-02 3.866444e+00 3.154054e+01
4.920459e-02 3.855645e+00 3.197531e+01
4.959267e-02 3.846935e+00 3.242227e+01
4.997629e-02 3.840262e+00 3.288025e+01
5.035547e-02 3.835577e+00 3.334805e+01
5.073019e-02 3.832829e+00 3.382450e+01
5.110050e-02 3.831967e+00 3.430842e+01
5.146641e-02 3.832939e+00 3.479865e+01
5.182798e-02 3.835695e+00 3.529404e+01
5.218521e-02 3.840181e+00 3.579345e+01
5.253816e-02 3.846346e+00 3.629569e+01
5.288691e-02 3.854136e+00 3.679963e+01
5.323154e-02 3.863498e+00 3.730421e+01
5.357214e-02 3.874379e+00 3.780838e+01
5.390882e-02 3.886727e+00 3.831111e+01
5.424168e-02 3.900487e+00 3.881141e+01
5.457082e-02 3.915606e+00 3.930831e+01
5.489635e-02 3.932031e+00 3.980088e+01
5.521838e-02 3.949706e+00 4.028822e+01
5.553702e-02 3.968577e+00 4.076944e+01
5.585238e-02 3.988589e+00 4.124372e+01
5.616458e-02 4.009686e+00 4.171024e+01
5.647373e-02 4.031813e+00 4.216825e+01
5.677994e-02 4.054912e+00 4.261699e+01
5.708333e-02 4.078927e+00 4.305579e+01
5.738400e-02 4.103800e+00 4.348397e+01
5.768207e-02 4.129474e+00 4.390091e+01
5.797765e-02 4.155889e+00 4.430602e+01
5.827085e-02 4.182987e+00 4.469877e+01
5.856176e-02 4.210708e+00 4.507864e+01
5.885051e-02 4.238994e+00 4.544515e+01
5.913719e-02 4.267784e+00 4.579787e+01
5.942190e-02 4.297019e+00 4.613641e+01
5.970476e-02 4.326638e+00 4.646040e+01
5.998585e-02 4.356582e+00 4.676954e+01
6.026527e-02 4.386790e+00 4.706353e+01
6.054313e-02 4.417203e+00 4.734213e+01
6.081951e-02 4.447761e+00 4.760513e+01
6.109451e-02 4.478405e+00 4.785237e+01
6.136822e-02 4.509077e+00 4.808370e+01
6.164073e-02 4.539719e+00 4.829903e+01
6.191212e-02 4.570273e+00 4.849828e+01
6.218248e-02 4.600682e+00 4.868144e+01
6.245190e-02 4.630893e+00 4.884850e+01
6.272046e-02 4.660850e+00 4.899949e+01
6.298823e-02 4.690500e+00 4.913449e+01
6.325531e-02 4.719792e+00 4.925360e+01
6.352176e-02 4.748674e+00 4.935693e+01
6.378766e-02 4.777099e+00 4.944465e+01
6.405309e-02 4.805019e+00 4.951696e+01
6.431812e-02 4.832388e+00 4.957404e+01
6.458283e-02 4.859163e+00 4.961616e+01
6.484727e-02 4.885301e+00 4.964358e+01
6.511153e-02 4.910763e+00 4.965658e+01
6.537566e-02 4.935511e+00 4.965547e+01
6.563974e-02 4.959509e+00 4.964060e+01
6.590382e-02 4.982723e+00 4.961231e+01
6.616798e-02 5.005123e+00 4.957097e+01
6.643226e-02 5.026678e+00 4.951699e+01
6.669674e-02 5.047361e+00 4.945077e+01
6.696147e-02 5.067149e+00 4.937273e+01
6.722651e-02 5.086018e+00 4.928332e+01
6.749190e-02 5.103949e+00 4.918298e+01
6.775771e-02 5.120924e+00 4.907218e+01
6.802399e-02 5.136928e+00 4.895140e+01
6.829079e-02 5.151947e+00 4.882111e+01
6.855816e-02 5.165971e+00 4.868182e+01
6.882614e-02 5.178993e+00 4.853402e+01
6.909478e-02 5.191005e+00 4.837822e+01
6.936413e-02 5.202004e+00 4.821492e+01
6.963423e-02 5.211990e+00 4.804464e+01
6.990512e-02 5.220962e+00 4.786790e+01
7.017683e-02 5.228923e+00 4.768521e+01
7.044941e-02 5.235880e+00 4.749709e+01
7.072289e-02 5.241838e+00 4.730405e+01
7.099730e-02 5.246808e+00 4.710661e+01
7.127268e-02 5.250800e+00 4.690527e+01
7.154905e-02 5.253827e+00 4.670054e+01
7.182645e-02 5.255905e+00 4.649293e+01
7.210489e-02 5.257051e+00 4.628292e+01
7.238441e-02 5.257283e+00 4.607100e+01
7.266502e-02 5.256620e+00 4.585766e+01
7.294675e-02 5.255085e+00 4.564335e+01
7.322960e-02 5.252702e+00 4.542855e+01
7.351360e-02 5.249493e+00 4.521371e+01
7.379876e-02 5.245486e+00 4.499926e+01
7.408508e-02 5.240708e+00 4.478563e+01
7.437258e-02 5.235186e+00 4.457323e+01
7.466126e-02 5.228950e+00 4.436248e+01
7.495113e-02 5.222031e+00 4.415376e+01
7.524218e-02 5.214459e+00 4.394745e+01
7.553442e-02 5.206266e+00 4.374391e+01
7.582784e-02 5.197485e+00 4.354349e+01
7.612243e-02 5.188148e+00 4.334651e+01
7.641818e-02 5.178291e+00 4.315331e+01
7.671507e-02 5.167947e+00 4.296418e+01
7.701309e-02 5.157150e+00 4.277941e+01
7.731223e-02 5.145934e+00 4.259928e+01
7.761248e-02 5.134335e+00 4.242403e+01
7.791380e-02 5.122387e+00 4.225390e+01
7.821619e-02 5.110124e+00 4.208911e+01
7.851962e-02 5.097581e+00 4.192986e+01
7.882405e-02 5.084793e+00 4.177636e+01
7.912948e-02 5.071792e+00 4.162876e+01
7.943586e-02 5.058612e+00 4.148722e+01
7.974317e-02 5.045287e+00 4.135188e+01
8.005137e-02 5.031849e+00 4.122287e+01
8.036043e-02 5.018329e+00 4.110030e+01
8.067031e-02 5.004759e+00 4.098425e+01
8.098098e-02 4.991169e+00 4.087481e+01
8.129240e-02 4.977589e+00 4.077204e+01
8.160454e-02 4.964048e+00 4.067597e+01
8.191734e-02 4.950573e+00 4.058666e+01
8.223077e-02 4.937192e+00 4.050411e+01
8.254479e-02 4.923932e+00 4.042833e+01
8.285936e-02 4.910816e+00 4.035931e+01
8.317442e-02 4.897869e+00 4.029702e+01
8.348995e-02 4.885114e+00 4.024144e+01
8.380589e-02 4.872574e+00 4.019251e+01
8.412221e-02 4.860268e+00 4.015018e+01
8.443885e-02 4.848217e+00 4.011437e+01
8.475577e-02 4.836439e+00 4.008500e+01
8.507294e-02 4.824953e+00 4.006197e+01
8.539031e-02 4.813774e+00 4.004518e+01
8.570783e-02 4.802917e+00 4.003452e+01
8.602547e-02 4.792397e+00 4.002986e+01
8.634318e-02 4.782228e+00 4.003108e+01
8.666092e-02 4.772420e+00 4.003802e+01
8.697865e-02 4.762985e+00 4.005054e+01
8.729634e-02 4.753932e+00 4.006848e+01
8.761394e-02 4.745271e+00 4.009168e+01
8.793143e-02 4.737009e+00 4.011996e+01
8.824876e-02 4.729152e+00 4.015316e+01
8.856590e-02 4.721706e+00 4.019108e+01
8.888282e-02 4.714676e+00 4.023355e+01
8.919947e-02 4.708065e+00 4.028036e+01
8.951583e-02 4.701877e+00 4.033131e+01
8.983188e-02 4.696112e+00 4.038622e+01
9.014757e-02 4.690772e+00 4.044487e+01
9.046289e-02 4.685857e+00 4.050706e+01
9.077781e-02 4.681365e+00 4.057257e+01
9.109232e-02 4.677296e+00 4.064121e+01
9.140638e-02 4.673646e+00 4.071275e+01
9.171999e-02 4.670412e+00 4.078698e+01
9.203312e-02 4.667591e+00 4.086369e+01
9.234576e-02 4.665178e+00 4.094267e+01
9.265789e-02 4.663167e+00 4.102371e+01
9.296950e-02 4.661552e+00 4.110658e+01
9.328058e-02 4.660327e+00 4.119109e+01
9.359113e-02 4.659485e+00 4.127701e+01
9.390112e-02 4.659018e+00 4.136416e+01
9.421056e-02 4.658918e+00 4.145231e+01
9.451944e-02 4.659175e+00 4.154127e+01
9.482775e-02 4.659781e+00 4.163084e+01
9.513550e-02 4.660727e+00 4.172083e+01
9.544268e-02 4.662002e+00 4.181103e+01
9.574929e-02 4.663595e+00 4.190127e+01
9.605533e-02 4.665497e+00 4.199137e+01
9.636081e-02 4.667695e+00 4.208113e+01
9.666572e-02 4.670179e+00 4.217040e+01
9.697008e-02 4.672937e+00 4.225899e+01
9.727389e-02 4.675957e+00 4.234675e+01
9.757715e-02 4.679227e+00 4.243352e+01
9.787987e-02 4.682735e+00 4.251915e+01
9.818207e-02 4.686468e+00 4.260348e+01
9.848374e-02 4.690413e+00 4.268638e+01
9.878490e-02 4.694558e+00 4.276772e+01
9.908556e-02 4.698891e+00 4.284736e+01
9.938574e-02 4.703398e+00 4.292519e+01
9.968543e-02 4.708066e+00 4.300109e+01
9.998467e-02 4.712883e+00 4.307495e+01
1.002834e-01 4.717835e+00 4.314667e+01
1.005818e-01 4.722911e+00 4.321616e+01
1.008797e-01 4.728096e+00 4.328332e+01
1.011772e-01 4.733378e+00 4.334808e+01
1.014743e-01 4.738745e+00 4.341036e+01
1.017711e-01 4.744184e+00 4.347009e+01
1.020675e-01 4.749683e+00 4.352721e+01
1.023635e-01 4.755229e+00 4.358166e+01
1.026592e-01 4.760811e+00 4.363341e+01
1.029546e-01 4.766416e+00 4.368240e+01
1.032497e-01 4.772033e+00 4.372861e+01
1.035445e-01 4.777651e+00 4.377200e+01
1.038390e-01 4.783258e+00 4.381255e+01
1.041333e-01 4.788844e+00 4.385026e+01
1.044274e-01 4.794397e+00 4.388510e+01
1.047212e-01 4.799908e+00 4.391707e+01
1.050149e-01 4.805367e+00 4.394619e+01
1.053083e-01 4.810763e+00 4.397245e+01
1.056016e-01 4.816088e+00 4.399587e+01
1.058948e-01 4.821332e+00 4.401646e+01
1.061878e-01 4.826488e+00 4.403427e+01
1.064807e-01 4.831545e+00 4.404930e+01
1.067735e-01 4.836498e+00 4.406161e+01
1.070662e-01 4.841337e+00 4.407123e+01
1.073589e-01 4.846057e+00 4.407819e+01
1.076515e-01 4.850649e+00 4.408256e+01
1.079441e-01 4.855108e+00 4.408438e+01
1.082366e-01 4.859429e+00 4.408371e+01
1.085292e-01 4.863604e+00 4.408061e+01
1.088217e-01 4.867630e+00 4.407514e+01
1.091143e-01 4.871501e+00 4.406738e+01
1.094068e-01 4.875214e+00 4.405738e+01
1.096995e-01 4.878764e+00 4.404523e+01
1.099922e-01 4.882147e+00 4.403100e+01
1.102850e-01 4.885362e+00 4.401477e+01
1.105778e-01 4.888405e+00 4.399661e+01
1.108708e-01 4.891273e+00 4.397661e+01
1.111638e-01 4.893966e+00 4.395486e+01
1.114570e-01 4.896482e+00 4.393144e+01
1.117503e-01 4.898819e+00 4.390644e+01
1.120437e-01 4.900977e+00 4.387994e+01
1.123373e-01 4.902956e+00 4.385204e+01
1.126310e-01 4.904756e+00 4.382282e+01
1.129249e-01 4.906377e+00 4.379237e+01
1.132190e-01 4.907820e+00 4.376079e+01
1.135132e-01 4.909086e+00 4.372817e+01
1.138076e-01 4.910178e+00 4.369460e+01
1.141022e-01 4.911096e+00 4.366016e+01
1.143970e-01 4.911843e+00 4.362496e+01
1.146920e-01 4.912421e+00 4.358907e+01
1.149872e-01 4.912833e+00 4.355259e+01
1.152826e-01 4.913083e+00 4.351560e+01
1.155783e-01 4.913172e+00 4.347820e+01
1.158741e-01 4.913106e+00 4.344046e+01
1.161702e-01 4.912887e+00 4.340248e+01
1.164665e-01 4.912520e+00 4.336434e+01
1.167630e-01 4.912009e+00 4.332611e+01
1.170597e-01 4.911359e+00 4.328787e+01
1.173567e-01 4.910573e+00 4.324971e+01
1.176539e-01 4.909658e+00 4.321170e+01
1.179513e-01 4.908617e+00 4.317392e+01
1.182489e-01 4.907456e+00 4.313642e+01
1.185468e-01 4.906180e+00 4.309930e+01
1.188449e-01 4.904794e+00 4.306260e+01
1.191432e-01 4.903305e+00 4.302639e+01
1.194417e-01 4.901717e+00 4.299074e+01
1.197404e-01 4.900035e+00 4.295571e+01
1.200394e-01 4.898267e+00 4.292135e+01
1.203385e-01 4.896417e+00 4.288771e+01
1.206379e-01 4.894491e+00 4.285484e+01
1.209374e-01 4.892495e+00 4.282281e+01
1.212372e-01 4.890434e+00 4.279164e+01
1.215371e-01 4.888315e+00 4.276138e+01
1.218373e-01 4.886143e+00 4.273208e+01
1.221376e-01 4.883924e+00 4.270376e+01
1.224381e-01 4.881664e+00 4.267646e+01
1.227388e-01 4.879368e+00 4.265022e+01
1.230396e-01 4.877041e+00 4.262506e+01
1.233406e-01 4.874690e+00 4.260101e+01
1.236417e-01 4.872319e+00 4.257809e+01
1.239430e-01 4.869935e+00 4.255631e+01
1.242444e-01 4.867542e+00 4.253570e+01
1.245460e-01 4.865144e+00 4.251627e+01
1.248476e-01 4.862749e+00 4.249804e+01
1.251494e-01 4.860359e+00 4.248100e+01
1.254513e-01 4.857980e+00 4.246516e+01
1.257534e-01 4.855617e+00 4.245054e+01
1.260555e-01 4.853274e+00 4.243713e+01
1.263576e-01 4.850955e+00 4.242492e+01
1.266599e-01 4.848665e+00 4.241393e+01
1.269623e-01 4.846406e+00 4.240413e+01
1.272647e-01 4.844185e+00 4.239551e+01
1.275672e-01 4.842003e+00 4.238808e+01
1.278697e-01 4.839864e+00 4.238182e+01
1.281722e-01 4.837772e+00 4.237670e+01
1.284748e-01 4.835730e+00 4.237273e+01
1.287775e-01 4.833741e+00 4.236986e+01
1.290801e-01 4.831807e+00 4.236809e+01
1.293828e-01 4.829931e+00 4.236740e+01
1.296855e-01 4.828116e+00 4.236775e+01
1.299882e-01 4.826364e+00 4.236913e+01
1.302909e-01 4.824677e+00 4.237150e+01
1.305935e-01 4.823056e+00 4.237484e+01
1.308962e-01 4.821504e+00 4.237912e+01
1.311988e-01 4.820022e+00 4.238431e+01
1.315015e-01 4.818611e+00 4.239037e+01
1.318040e-01 4.817272e+00 4.239727e+01
1.321066e-01 4.816007e+00 4.240499e+01
1.324091e-01 4.814815e+00 4.241347e+01
1.327115e-01 4.813699e+00 4.242270e+01
1.330139e-01 4.812658e+00 4.243262e+01
1.333162e-01 4.811693e+00 4.244322e+01
1.336185e-01 4.810803e+00 4.245444e+01
1.339207e-01 4.809989e+00 4.246625e+01
1.342229e-01 4.809250e+00 4.247861e+01
1.345250e-01 4.808587e+00 4.249149e+01
1.348269e-01 4.807999e+00 4.250485e+01
1.351289e-01 4.807484e+00 4.251864e+01
1.354307e-01 4.807044e+00 4.253284e+01
1.357324e-01 4.806675e+00 4.254739e+01
1.360341e-01 4.806379e+00 4.256227e+01
1.363357e-01 4.806152e+00 4.257744e+01
1.366372e-01 4.805996e+00 4.259285e+01
1.369385e-01 4.805907e+00 4.260848e+01
1.372398e-01 4.805884e+00 4.262428e+01
1.375410e-01 4.805927e+00 4.264022e+01
1.378421e-01 4.806033e+00 4.265626e+01
1.381432e-01 4.806200e+00 4.267237e+01
1.384441e-01 4.806428e+00 4.268851e+01
1.387449e-01 4.806713e+00 4.270466e+01
1.390456e-01 4.807054e+00 4.272077e+01
1.393462e-01 4.807450e+00 4.273682e+01
1.396467e-01 4.807897e+00 4.275277e+01
1.399472e-01 4.808394e+00 4.276860e+01
1.402475e-01 4.808939e+00 4.278427e+01
1.405477e-01 4.809529e+00 4.279976e+01
1.408479e-01 4.810162e+00 4.281505e+01
1.411479e-01 4.810836e+00 4.283009e+01
1.414479e-01 4.811549e+00 4.284488e+01
1.417477e-01 4.812297e+00 4.285938e+01
1.420475e-01 4.813080e+00 4.287358e+01
1.423472e-01 4.813894e+00 4.288744e+01
1.426468e-01 4.814737e+00 4.290096e+01
1.429463e-01 4.815606e+00 4.291411e+01
1.432457e-01 4.816500e+00 4.292688e+01
1.435451e-01 4.817416e+00 4.293924e+01
1.438444e-01 4.818352e+00 4.295118e+01
1.441436e-01 4.819305e+00 4.296270e+01
1.444427e-01 4.820272e+00 4.297376e+01
1.447418e-01 4.821252e+00 4.298437e+01
1.450408e-01 4.822243e+00 4.299451e+01
1.453397e-01 4.823241e+00 4.300418e+01
1.456386e-01 4.824246e+00 4.301336e+01
1.459375e-01 4.825254e+00 4.302204e+01
1.462362e-01 4.826264e+00 4.303023e+01
1.465349e-01 4.827273e+00 4.303791e+01
1.468336e-01 4.828280e+00 4.304508e+01
1.471322e-01 4.829282e+00 4.305175e+01
1.474308e-01 4.830278e+00 4.305790e+01
1.477294e-01 4.831266e+00 4.306355e+01
1.480279e-01 4.832243e+00 4.306868e+01
1.483264e-01 4.833209e+00 4.307330e+01
1.486248e-01 4.834162e+00 4.307741e+01
1.489232e-01 4.835099e+00 4.308103e+01
1.492216e-01 4.836020e+00 4.308414e+01
1.495200e-01 4.836922e+00 4.308676e+01
1.498183e-01 4.837805e+00 4.308889e+01
1.501167e-01 4.838668e+00 4.309055e+01
1.504150e-01 4.839508e+00 4.309173e+01
1.507133e-01 4.840325e+00 4.309245e+01
1.510116e-01 4.841117e+00 4.309272e+01
1.513099e-01 4.841885e+00 4.309254e+01
1.516082e-01 4.842626e+00 4.309193e+01
1.519066e-01 4.843339e+00 4.309090e+01
1.522049e-01 4.844025e+00 4.308946e+01
1.525032e-01 4.844682e+00 4.308763e+01
1.528015e-01 4.845310e+00 4.308541e+01
1.530998e-01 4.845907e+00 4.308283e+01
1.533982e-01 4.846474e+00 4.307988e+01
1.536966e-01 4.847010e+00 4.307660e+01
1.539950e-01 4.847515e+00 4.307299e+01
1.542934e-01 4.847988e+00 4.306907e+01
1.545918e-01 4.848430e+00 4.306485e+01
1.548902e-01 4.848840e+00 4.306035e+01
1.551887e-01 4.849217e+00 4.305559e+01
1.554872e-01 4.849563e+00 4.305058e+01
1.557857e-01 4.849876e+00 4.304533e+01
1.560843e-01 4.850158e+00 4.303987e+01
1.563829e-01 4.850408e+00 4.303421e+01
1.566815e-01 4.850627e+00 4.302837e+01
1.569802e-01 4.850815e+00 4.302235e+01
1.572789e-01 4.850971e+00 4.301619e+01
1.575776e-01 4.851098e+00 4.300988e+01
1.578764e-01 4.851194e+00 4.300346e+01
1.581752e-01 4.851261e+00 4.299694e+01
1.584740e-01 4.851300e+00 4.299032e+01
1.587729e-01 4.851310e+00 4.298364e+01
1.590718e-01 4.851292e+00 4.297689e+01
1.593708e-01 4.851248e+00 4.297010e+01
1.596698e-01 4.851177e+00 4.296329e+01
1.599688e-01 4.851081e+00 4.295646e+01
1.602679e-01 4.850961e+00 4.294964e+01
1.605670e-01 4.850816e+00 4.294282e+01
1.608662e-01 4.850649e+00 4.293604e+01
1.611654e-01 4.850459e+00 4.292930e+01
1.614647e-01 4.850249e+00 4.292261e+01
1.617639e-01 4.850018e+00 4.291598e+01
1.620633e-01 4.849768e+00 4.290944e+01
1.623626e-01 4.849500e+00 4.290298e+01
1.626620e-01 4.849214e+00 4.289663e+01
1.629615e-01 4.848912e+00 4.289038e+01
1.632610e-01 4.848595e+00 4.288426e+01
1.635605e-01 4.848263e+00 4.287827e+01
1.638600e-01 4.847918e+00 4.287241e+01
1.641596e-01 4.847561e+00 4.286671e+01
1.644593e-01 4.847192e+00 4.286116e+01
1.647589e-01 4.846814e+00 4.285577e+01
1.650586e-01 4.846426e+00 4.285056e+01
1.653583e-01 4.846029e+00 4.284552e+01
1.656581e-01 4.845626e+00 4.284066e+01
1.659579e-01 4.845216e+00 4.283600e+01
1.662577e-01 4.844801e+00 4.283153e+01
1.665576e-01 4.844382e+00 4.282725e+01
1.668574e-01 4.843959e+00 4.282318e+01
1.671573e-01 4.843534e+00 4.281932e+01
1.674572e-01 4.843107e+00 4.281566e+01
1.677572e-01 4.842680e+00 4.281221e+01
1.680572e-01 4.842253e+00 4.280898e+01
1.683571e-01 4.841827e+00 4.280596e+01
1.686571e-01 4.841404e+00 4.280315e+01
1.689572e-01 4.840983e+00 4.280057e+01
1.692572e-01 4.840565e+00 4.279820e+01
1.695573e-01 4.840152e+00 4.279604e+01
1.698573e-01 4.839744e+00 4.279410e+01
1.701574e-01 4.839342e+00 4.279238e+01
1.704575e-01 4.838947e+00 4.279086e+01
1.707576e-01 4.838558e+00 4.278956e+01
1.710577e-01 4.838177e+00 4.278847e+01
1.713578e-01 4.837805e+00 4.278758e+01
1.716580e-01 4.837441e+00 4.278689e+01
1.719581e-01 4.837087e+00 4.278640e+01
1.722582e-01 4.836743e+00 4.278611e+01
1.725584e-01 4.836409e+00 4.278601e+01
1.728585e-01 4.836086e+00 4.278610e+01
1.731587e-01 4.835774e+00 4.278637e+01
1.734588e-01 4.835474e+00 4.278681e+01
1.737589e-01 4.835185e+00 4.278743e+01
1.740591e-01 4.834909e+00 4.278821e+01
1.743592e-01 4.834645e+00 4.278916e+01
1.746593e-01 4.834394e+00 4.279027e+01
1.749595e-01 4.834156e+00 4.279152e+01
1.752596e-01 4.833931e+00 4.279291e+01
1.755597e-01 4.833720e+00 4.279445e+01
1.758598e-01 4.833521e+00 4.279611e+01
1.761599e-01 4.833336e+00 4.279790e+01
1.764599e-01 4.833165e+00 4.279981e+01
1.767600e-01 4.833007e+00 4.280183e+01
1.770601e-01 4.832863e+00 4.280395e+01
1.773601e-01 4.832732e+00 4.280618e+01
1.776601e-01 4.832614e+00 4.280849e+01
1.779601e-01 4.832510e+00 4.281089e+01
1.782602e-01 4.832419e+00 4.281336e+01
1.785601e-01 4.832342e+00 4.281591e+01
1.788601e-01 4.832277e+00 4.281852e+01
1.791601e-01 4.832225e+00 4.282118e+01
1.794600e-01 4.832186e+00 4.282390e+01
1.797599e-01 4.832159e+00 4.282666e+01
1.800598e-01 4.832144e+00 4.282946e+01
1.803597e-01 4.832141e+00 4.283229e+01
1.806596e-01 4.832150e+00 4.283514e+01
1.809595e-01 4.832170e+00 4.283801e+01
1.812593e-01 4.832201e+00 4.284089e+01
1.815591e-01 4.832243e+00 4.284377e+01
1.818590e-01 4.832295e+00 4.284666e+01
1.821587e-01 4.832357e+00 4.284954e+01
1.824585e-01 4.832429e+00 4.285240e+01
1.827583e-01 4.832510e+00 4.285525e+01
1.830580e-01 4.832600e+00 4.285808e+01
1.833577e-01 4.832699e+00 4.286088e+01
1.836574e-01 4.832805e+00 4.286364e+01
1.839571e-01 4.832919e+00 4.286637e+01
1.842568e-01 4.833041e+00 4.286905e+01
1.845564e-01 4.833169e+00 4.287169e+01
1.848561e-01 4.833304e+00 4.287427e+01
1.851557e-01 4.833445e+00 4.287680e+01
1.854553e-01 4.833591e+00 4.287927e+01
1.857549e-01 4.833743e+00 4.288168e+01
1.860545e-01 4.833899e+00 4.288402e+01
1.863540e-01 4.834059e+00 4.288629e+01
1.866536e-01 4.834224e+00 4.288849e+01
1.869531e-01 4.834392e+00 4.289062e+01
1.872527e-01 4.834563e+00 4.289267e+01
1.875522e-01 4.834736e+00 4.289463e+01
1.878517e-01 4.834912e+00 4.289652e+01
1.881511e-01 4.835089e+00 4.289832e+01
1.884506e-01 4.835268e+00 4.290004e+01
1.887501e-01 4.835448e+00 4.290167e+01
1.890495e-01 4.835629e+00 4.290321e+01
1.893490e-01 4.835809e+00 4.290466e+01
1.896484e-01 4.835990e+00 4.290602e+01
1.899478e-01 4.836170e+00 4.290729e+01
1.902473e-01 4.836349e+00 4.290847e+01
1.905467e-01 4.836527e+00 4.290956e+01
1.908461e-01 4.836704e+00 4.291056e+01
1.911455e-01 4.836879e+00 4.291146e+01
1.914449e-01 4.837051e+00 4.291227e+01
1.917442e-01 4.837221e+00 4.291300e+01
1.920436e-01 4.837388e+00 4.291363e+01
1.923430e-01 4.837553e+00 4.291418e+01
1.926424e-01 4.837714e+00 4.291463e+01
1.929417e-01 4.837871e+00 4.291501e+01
1.932411e-01 4.838025e+00 4.291529e+01
1.935405e-01 4.838175e+00 4.291549e+01
1.938398e-01 4.838320e+00 4.291561e+01
1.941392e-01 4.838461e+00 4.291565e+01
1.944386e-01 4.838598e+00 4.291561e+01
1.947379e-01 4.838730e+00 4.291549e+01
1.950373e-01 4.838857e+00 4.291530e+01
1.953367e-01 4.838979e+00 4.291503e+01
1.956360e-01 4.839096e+00 4.291469e+01
1.959354e-01 4.839207e+00 4.291429e+01
1.962347e-01 4.839313e+00 4.291382e+01
1.965341e-01 4.839414e+00 4.291329e+01
1.968335e-01 4.839509e+00 4.291269e+01
1.971329e-01 4.839598e+00 4.291204e+01
1.974322e-01 4.839682e+00 4.291133e+01
1.977316e-01 4.839760e+00 4.291057e+01
1.980310e-01 4.839833e+00 4.290976e+01
1.983304e-01 4.839900e+00 4.290891e+01
1.986298e-01 4.839961e+00 4.290800e+01
1.989292e-01 4.840016e+00 4.290706e+01
1.992286e-01 4.840066e+00 4.290608e+01
1.995280e-01 4.840110e+00 4.290507e+01
1.998275e-01 4.840148e+00 4.290402e+01
2.001269e-01 4.840181e+00 4.290294e+01
2.004263e-01 4.840208e+00 4.290184e+01
2.007257e-01 4.840230e+00 4.290071e+01
2.010252e-01 4.840247e+00 4.289956e+01
2.013246e-01 4.840258e+00 4.289839e+01
2.016241e-01 4.840264e+00 4.289721e+01
2.019236e-01 4.840265e+00 4.289601e+01
2.022230e-01 4.840262e+00 4.289480e+01
2.025225e-01 4.840253e+00 4.289359e+01
2.028220e-01 4.840240e+00 4.289237e+01
2.031215e-01 4.840222e+00 4.289115e+01
2.034210e-01 4.840200e+00 4.288993e+01
2.037205e-01 4.840174e+00 4.288871e+01
2.040200e-01 4.840144e+00 4.288750e+01
2.043196e-01 4.840109e+00 4.288630e+01
2.046191e-01 4.840071e+00 4.288511e+01
2.049186e-01 4.840030e+00 4.288392e+01
2.052182e-01 4.839985e+00 4.288276e+01
2.055177e-01 4.839937e+00 4.288161e+01
2.058173e-01 4.839885e+00 4.288047e+01
2.061168e-01 4.839831e+00 4.287936e+01
2.064164e-01 4.839774e+00 4.287827e+01
2.067160e-01 4.839715e+00 4.287720e+01
2.070156e-01 4.839653e+00 4.287616e+01
2.073152e-01 4.839589e+00 4.287514e+01
2.076148e-01 4.839523e+00 4.287415e+01
2.079144e-01 4.839455e+00 4.287319e+01
2.082140e-01 4.839386e+00 4.287227e+01
2.085136e-01 4.839315e+00 4.287137e+01
2.088132e-01 4.839243e+00 4.287051e+01
2.091129e-01 4.839169e+00 4.286968e+01
2.094125e-01 4.839095e+00 4.286888e+01
2.097121e-01 4.839020e+00 4.286812e+01
2.100118e-01 4.838945e+00 4.286740e+01
2.103114e-01 4.838869e+00 4.286671e+01
2.106111e-01 4.838793e+00 4.286606e+01
2.109107e-01 4.838717e+00 4.286545e+01
2.112104e-01 4.838640e+00 4.286488e+01
2.115100e-01 4.838565e+00 4.286435e+01
2.118097e-01 4.838489e+00 4.286385e+01
2.121094e-01 4.838414e+00 4.286339e+01
2.124090e-01 4.838340e+00 4.286297e+01
2.127087e-01 4.838266e+00 4.286259e+01
2.130084e-01 4.838193e+00 4.286225e+01
2.133081e-01 4.838122e+00 4.286195e+01
2.136078e-01 4.838051e+00 4.286168e+01
2.139074e-01 4.837982e+00 4.286145e+01
2.142071e-01 4.837914e+00 4.286126e+01
2.145068e-01 4.837848e+00 4.286111e+01
2.148065e-01 4.837783e+00 4.286099e+01
2.151062e-01 4.837720e+00 4.286091e+01
2.154059e-01 4.837659e+00 4.286086e+01
2.157056e-01 4.837600e+00 4.286084e+01
2.160053e-01 4.837542e+00 4.286086e+01
2.163049e-01 4.837487e+00 4.286092e+01
2.166046e-01 4.837433e+00 4.286100e+01
2.169043e-01 4.837382e+00 4.286111e+01
2.172040e-01 4.837333e+00 4.286126e+01
2.175037e-01 4.837286e+00 4.286143e+01
2.178034e-01 4.837242e+00 4.286163e+01
2.181031e-01 4.837200e+00 4.286186e+01
2.184028e-01 4.837160e+00 4.286211e+01
2.187024e-01 4.837122e+00 4.286239e+01
2.190021e-01 4.837087e+00 4.286269e+01
2.193018e-01 4.837055e+00 4.286301e+01
2.196015e-01 4.837024e+00 4.286335e+01
2.199012e-01 4.836996e+00 4.286372e+01
2.202008e-01 4.836971e+00 4.286410e+01
2.205005e-01 4.836948e+00 4.286450e+01
2.208002e-01 4.836927e+00 4.286491e+01
2.210998e-01 4.836909e+00 4.286534e+01
2.213995e-01 4.836893e+00 4.286579e+01
2.216992e-01 4.836880e+00 4.286624e+01
2.219988e-01 4.836868e+00 4.286671e+01
2.222985e-01 4.836859e+00 4.286719e+01
2.225981e-01 4.836853e+00 4.286768e+01
2.228978e-01 4.836848e+00 4.286817e+01
2.231974e-01 4.836846e+00 4.286867e+01
2.234971e-01 4.836846e+00 4.286918e+01
2.237967e-01 4.836848e+00 4.286969e+01
2.240964e-01 4.836851e+00 4.287020e+01
2.243960e-01 4.836857e+00 4.287071e+01
2.246956e-01 4.836865e+00 4.287123e+01
2.249953e-01 4.836875e+00 4.287175e+01
2.252949e-01 4.836886e+00 4.287226e+01
2.255945e-01 4.836899e+00 4.287277e+01
2.258941e-01 4.836914e+00 4.287328e+01
2.261937e-01 4.836930e+00 4.287379e+01
2.264934e-01 4.836948e+00 4.287428e+01
2.267930e-01 4.836967e+00 4.287478e+01
2.270926e-01 4.836988e+00 4.287526e+01
2.273922e-01 4.837010e+00 4.287574e+01
2.276918e-01 4.837033e+00 4.287621e+01
2.279914e-01 4.837057e+00 4.287667e+01
2.282910e-01 4.837083e+00 4.287712e+01
2.285906e-01 4.837109e+00 4.287756e+01
2.288902e-01 4.837136e+00 4.287799e+01
2.291898e-01 4.837164e+00 4.287841e+01
2.294893e-01 4.837193e+00 4.287881e+01
2.297889e-01 4.837223e+00 4.287921e+01
2.300885e-01 4.837253e+00 4.287958e+01
2.303881e-01 4.837284e+00 4.287995e+01
2.306877e-01 4.837315e+00 4.288030e+01
2.309872e-01 4.837346e+00 4.288063e+01
2.312868e-01 4.837378e+00 4.288095e+01
2.315864e-01 4.837410e+00 4.288126e+01
2.318860e-01 4.837442e+00 4.288155e+01
2.321855e-01 4.837475e+00 4.288182e+01
2.324851e-01 4.837507e+00 4.288208e+01
2.327846e-01 4.837539e+00 4.288232e+01
2.330842e-01 4.837572e+00 4.288254e+01
2.333838e-01 4.837604e+00 4.288275e+01
2.336833e-01 4.837635e+00 4.288295e+01
2.339829e-01 4.837667e+00 4.288312e+01
2.342824e-01 4.837698e+00 4.288328e+01
2.345820e-01 4.837729e+00 4.288342e+01
2.348816e-01 4.837759e+00 4.288355e+01
2.351811e-01 4.837789e+00 4.288366e+01
2.354807e-01 4.837819e+00 4.288376e+01
2.357802e-01 4.837847e+00 4.288384e+01
2.360798e-01 4.837876e+00 4.288390e+01
2.363793e-01 4.837903e+00 4.288395e+01
2.366789e-01 4.837930e+00 4.288399e+01
2.369784e-01 4.837956e+00 4.288401e+01
2.372780e-01 4.837981e+00 4.288401e+01
2.375775e-01 4.838005e+00 4.288400e+01
2.378771e-01 4.838029e+00 4.288398e+01
2.381766e-01 4.838051e+00 4.288394e+01
2.384762e-01 4.838073e+00 4.288389e+01
2.387757e-01 4.838094e+00 4.288383e+01
2.390753e-01 4.838114e+00 4.288376e+01
2.393748e-01 4.838133e+00 4.288367e+01
2.396744e-01 4.838151e+00 4.288358e+01
2.399739e-01 4.838167e+00 4.288347e+01
2.402735e-01 4.838183e+00 4.288335e+01
2.405730e-01 4.838198e+00 4.288322e+01
2.408726e-01 4.838212e+00 4.288309e+01
2.411721e-01 4.838225e+00 4.288294e+01
2.414717e-01 4.838237e+00 4.288279e+01
2.417713e-01 4.838248e+00 4.288262e+01
2.420708e-01 4.838258e+00 4.288245e+01
2.423704e-01 4.838266e+00 4.288228e+01
2.426699e-01 4.838274e+00 4.288210e+01
2.429695e-01 4.838281e+00 4.288191e+01
2.432690e-01 4.838287e+00 4.288172e+01
2.435686e-01 4.838291e+00 4.288152e+01
2.438682e-01 4.838295e+00 4.288132e+01
2.441677e-01 4.838298e+00 4.288111e+01
2.444673e-01 4.838300e+00 4.288090e+01
2.447669e-01 4.838301e+00 4.288069e+01
2.450664e-01 4.838301e+00 4.288047e+01
2.453660e-01 4.838301e+00 4.288026e+01
2.456656e-01 4.838299e+00 4.288004e+01
2.459652e-01 4.838297e+00 4.287982e+01
2.462647e-01 4.838293e+00 4.287961e+01
2.465643e-01 4.838289e+00 4.287939e+01
2.468639e-01 4.838285e+00 4.287917e+01
2.471635e-01 4.838279e+00 4.287895e+01
2.474630e-01 4.838273e+00 4.287874e+01
2.477626e-01 4.838266e+00 4.287853e+01
2.480622e-01 4.838259e+00 4.287832e+01
2.483618e-01 4.838251e+00 4.287811e+01
2.486614e-01 4.838242e+00 4.287790e+01
2.489610e-01 4.838233e+00 4.287770e+01
2.492605e-01 4.838223e+00 4.287750e+01
2.495601e-01 4.838213e+00 4.287731e+01
2.498597e-01 4.838202e+00 4.287712e+01
2.501593e-01 4.838191e+00 4.287693e+01
2.504589e-01 4.838180e+00 4.287675e+01
2.507585e-01 4.838168e+00 4.287657e+01
2.510581e-01 4.838156e+00 4.287640e+01
2.513577e-01 4.838144e+00 4.287624e+01
2.516573e-01 4.838131e+00 4.287608e+01
2.519569e-01 4.838118e+00 4.287592e+01
2.522565e-01 4.838105e+00 4.287578e+01
2.525561e-01 4.838092e+00 4.287564e+01
2.528557e-01 4.838078e+00 4.287550e+01
2.531553e-01 4.838065e+00 4.287537e+01
2.534549e-01 4.838051e+00 4.287525e+01
2.537545e-01 4.838038e+00 4.287514e+01
2.540541e-01 4.838024e+00 4.287503e+01
2.543537e-01 4.838011e+00 4.287493e+01
2.546533e-01 4.837997e+00 4.287483e+01
2.549529e-01 4.837984e+00 4.287474e+01
2.552525e-01 4.837970e+00 4.287466e+01
2.555521e-01 4.837957e+00 4.287459e+01
2.558517e-01 4.837944e+00 4.287452e+01
2.561513e-01 4.837931e+00 4.287446e+01
