0 -3.927109e-01 3.927109e-01 
1 -1.026908e-01 1.026908e-01 
2 -7.380333e-02 7.380333e-02 
3 -4.716973e-02 4.716973e-02 
4 -3.329024e-02 3.329024e-02 
5 -3.061203e-02 3.061203e-02 
6 -2.340030e-02 2.340030e-02 
7 -1.390565e-02 1.390565e-02 
8 -6.364917e-03 6.364917e-03 
9 -1.736162e-03 1.736162e-03 
10 -2.677563e-04 2.677563e-04 
11 -4.270355e-05 4.270353e-05 
12 -2.111098e-05 2.111101e-05 
13 -2.732697e-05 2.732694e-05 
14 -3.262338e-05 3.262340e-05 
15 -3.262216e-05 3.262215e-05 
16 -3.525659e-05 3.525662e-05 
17 -4.164657e-05 4.164652e-05 
18 -5.016134e-05 5.016140e-05 
19 -6.205740e-05 6.205731e-05 
20 -7.676015e-05 7.676026e-05 
21 -9.849748e-05 9.849734e-05 
22 -1.208524e-04 1.208525e-04 
23 -1.514974e-04 1.514973e-04 
24 -1.766883e-04 1.766885e-04 
25 -2.039265e-04 2.039263e-04 
26 -2.183221e-04 2.183223e-04 
27 -2.322860e-04 2.322859e-04 
28 -2.337151e-04 2.337152e-04 
29 -2.433675e-04 2.433678e-04 
30 -2.778346e-04 2.778342e-04 
31 -3.622161e-04 3.622173e-04 
32 -4.015599e-04 4.015585e-04 
33 -5.450845e-04 5.450860e-04 
34 -6.259544e-04 6.259514e-04 
35 -7.861579e-04 7.861637e-04 
36 -9.965122e-04 9.965025e-04 
37 -1.369889e-03 1.369906e-03 
38 -1.600813e-03 1.600799e-03 
39 -1.931351e-03 1.931360e-03 
40 -1.985404e-03 1.985375e-03 
41 -2.429422e-03 2.429453e-03 
42 -2.809629e-03 2.809595e-03 
43 -3.148390e-03 3.148427e-03 
44 -3.473879e-03 3.473841e-03 
45 -3.749745e-03 3.749784e-03 
46 -3.986962e-03 3.986924e-03 
47 -4.168444e-03 4.168481e-03 
48 -4.306273e-03 4.306239e-03 
49 -4.408625e-03 4.408657e-03 
