  0 3.176263e-01
  1 2.752820e-01
  2 2.604500e-01
  3 2.543987e-01
  4 2.515324e-01
  5 2.495396e-01
  6 2.483017e-01
  7 2.476234e-01
  8 2.472940e-01
  9 2.472006e-01
 10 2.471861e-01
 11 2.471837e-01
 12 2.471840e-01
 13 2.471833e-01
 14 2.471840e-01
 15 2.471831e-01
 16 2.471841e-01
 17 2.471831e-01
 18 2.471841e-01
 19 2.471830e-01
 20 2.471842e-01
 21 2.471829e-01
 22 2.471842e-01
 23 2.471830e-01
 24 2.471842e-01
 25 2.471833e-01
 26 2.471841e-01
 27 2.471835e-01
 28 2.471838e-01
 29 2.471835e-01
 30 2.471834e-01
 31 2.471845e-01
 32 2.471831e-01
 33 2.471852e-01
 34 2.471838e-01
 35 2.471846e-01
 36 2.471848e-01
 37 2.471859e-01
 38 2.471797e-01
 39 2.471911e-01
 40 2.471742e-01
 41 2.471966e-01
 42 2.471742e-01
 43 2.471985e-01
 44 2.471766e-01
 45 2.471988e-01
 46 2.471801e-01
 47 2.471982e-01
 48 2.471832e-01
 49 2.471970e-01
