pblock: 0.001 -3971693644.1778793 -4100000730.0112967 8
pblock: 0.001 -3971669308.1769047 -4100000730.0112967 8
pblock: 0.001 -4228308507.0761757 -4100000730.0112967 8
pblock: 0.001 -4228331460.6142273 -4100000730.0112967 8
pblock: 0.01 -3971794921.860237 -4099998612.1923485 8
pblock: 0.01 -3971576303.0262604 -4099998612.1923485 8
pblock: 0.01 -4228208554.07959 -4099998612.1923485 8
pblock: 0.01 -4228414669.8033066 -4099998612.1923485 8
pblock: 0.1 -3972203409.903412 -4099984292.4878407 8
pblock: 0.1 -3971216228.5739136 -4099984292.4878407 8
pblock: 0.1 -4227795355.0923615 -4099984292.4878407 8
pblock: 0.1 -4228722176.3816757 -4099984292.4878407 8
pblock: 1 -3972264327.6597996 -4099959541.5980787 8
pblock: 1 -3971330038.377994 -4099959541.5980787 8
pblock: 1 -4227695691.0354767 -4099959541.5980787 8
pblock: 1 -4228548109.319043 -4099959541.5980787 8
pblock: 10 -3972399717.7911377 -4099971303.950979 8
pblock: 10 -3971534060.7793617 -4099971303.950979 8
pblock: 10 -4227591061.4876366 -4099971303.950979 8
pblock: 10 -4228360375.745781 -4099971303.950979 8
pblock: 100 -3972510338.716051 -4099984722.8638372 8
pblock: 100 -3971559429.4994564 -4099984722.8638372 8
pblock: 100 -4227511999.5876713 -4099984722.8638372 8
pblock: 100 -4228357123.65217 -4099984722.8638372 8
pblock: 1000 -3972527473.279522 -4099987061.4491987 8
pblock: 1000 -3971560848.6335754 -4099987061.4491987 8
pblock: 1000 -4227500311.5933533 -4099987061.4491987 8
pblock: 1000 -4228359612.290344 -4099987061.4491987 8
