0.000000e+00 4.383462e-21 0.000000e+00 0.000000e+00 0.000000e+00
1.600000e+04 1.191140e-21 -1.561004e-12 0.000000e+00 0.000000e+00
3.200000e+04 -4.106125e-21 -3.157487e-12 0.000000e+00 0.000000e+00
4.800000e+04 -5.501711e-21 -4.825698e-12 0.000000e+00 0.000000e+00
6.400000e+04 -4.684218e-21 -6.602588e-12 0.000000e+00 0.000000e+00
8.000000e+04 -6.015257e-21 -8.527474e-12 0.000000e+00 0.000000e+00
9.600000e+04 1.972684e-21 -1.064101e-11 0.000000e+00 0.000000e+00
1.120000e+05 2.618922e-21 -1.298800e-11 0.000000e+00 0.000000e+00
1.280000e+05 3.917527e-21 -1.561502e-11 0.000000e+00 0.000000e+00
1.440000e+05 3.264539e-21 -1.857493e-11 0.000000e+00 0.000000e+00
1.600000e+05 -1.892589e-21 -2.192227e-11 0.000000e+00 0.000000e+00
1.760000e+05 -6.253930e-21 -2.572029e-11 0.000000e+00 0.000000e+00
1.920000e+05 -7.952937e-21 -3.003222e-11 0.000000e+00 0.000000e+00
2.080000e+05 -8.576209e-21 -3.493181e-11 0.000000e+00 0.000000e+00
2.240000e+05 -3.217104e-21 -4.048510e-11 0.000000e+00 0.000000e+00
2.400000e+05 1.189446e-21 -4.676389e-11 0.000000e+00 0.000000e+00
2.560000e+05 3.053596e-21 -5.380008e-11 0.000000e+00 0.000000e+00
2.720000e+05 3.791331e-21 -6.158973e-11 0.000000e+00 0.000000e+00
2.880000e+05 -7.390342e-22 -6.995623e-11 0.000000e+00 0.000000e+00
3.040000e+05 2.730181e-21 -7.854871e-11 0.000000e+00 0.000000e+00
3.200000e+05 8.231934e-21 -8.671335e-11 0.000000e+00 0.000000e+00
3.360000e+05 9.074275e-21 -9.362749e-11 0.000000e+00 0.000000e+00
3.520000e+05 8.382209e-21 -9.846612e-11 0.000000e+00 0.000000e+00
3.680000e+05 6.542766e-21 -1.005243e-10 0.000000e+00 0.000000e+00
3.840000e+05 1.588187e-22 -9.941998e-11 0.000000e+00 0.000000e+00
4.000000e+05 -7.922622e-21 -9.493739e-11 0.000000e+00 0.000000e+00
4.160000e+05 -1.385593e-20 -8.718485e-11 0.000000e+00 0.000000e+00
4.320000e+05 -1.178071e-20 -7.643467e-11 0.000000e+00 0.000000e+00
4.480000e+05 -1.145617e-20 -6.328372e-11 0.000000e+00 0.000000e+00
4.640000e+05 -4.934960e-21 -4.844259e-11 0.000000e+00 0.000000e+00
4.800000e+05 6.138908e-22 -3.262861e-11 0.000000e+00 0.000000e+00
4.960000e+05 2.704260e-21 -1.638684e-11 0.000000e+00 0.000000e+00
5.120000e+05 4.976319e-21 0.000000e+00 0.000000e+00 0.000000e+00
