8.485281374238569988e+05 9.131213365229934880e+02 -1.004650232856301963e+08
8.246632835588110611e+05 9.039557825071038906e+02 3.656206052852201462e+07
8.007984296937651234e+05 8.979266409613646829e+02 -3.300362573504976183e+07
7.769335758287190692e+05 8.887510358469938865e+02 9.428457646687593311e+06
7.530687219636731315e+05 8.814413479522703483e+02 -1.453592669218647294e+07
7.292038680986270774e+05 8.720767068500458663e+02 1.348527442281234544e+06
7.053390142335811397e+05 8.636308915023217878e+02 -7.664430166892223991e+06
6.814741603685352020e+05 8.538486046946964052e+02 -1.329062094539180631e+06
6.576093065034891479e+05 8.443495395129566532e+02 -5.019978123798469082e+06
6.337444526384432102e+05 8.339488803385651181e+02 -2.623394143341340590e+06
6.098795987733972725e+05 8.234042802481335457e+02 -4.529787129263692535e+06
5.860147449083512183e+05 8.121996891100136509e+02 -3.999482502517703455e+06
5.621498910433052806e+05 8.005480132526658963e+02 -5.472562455950063653e+06
5.382850371782593429e+05 7.883475942509120387e+02 -5.995919677627198398e+06
5.144201833132133470e+05 7.754607534608817332e+02 -7.560063594700957648e+06
4.905553294481673511e+05 7.620355193221266745e+02 -8.798025477381467819e+06
4.666904755831213552e+05 7.476817475128036676e+02 -1.070226139370060526e+07
0.000000000000000000e+00 2.731499999999999773e+02 0.000000000000000000e+00
4.419417382415922475e+03 3.083671057468616823e+02 0.000000000000000000e+00
8.838834764831844950e+03 3.389440226790103452e+02 0.000000000000000000e+00
1.325825214724776561e+04 3.655710848001085651e+02 0.000000000000000000e+00
1.767766952966368990e+04 3.888393498255082363e+02 0.000000000000000000e+00
2.209708691207960874e+04 4.092532442083771116e+02 0.000000000000000000e+00
2.651650429449553121e+04 4.272411339916170618e+02 0.000000000000000000e+00
3.093592167691145369e+04 4.431637464795797428e+02 0.000000000000000000e+00
3.535533905932737980e+04 4.573201835299918798e+02 0.000000000000000000e+00
3.977475644174329500e+04 4.699507490661269458e+02 0.000000000000000000e+00
4.419417382415921747e+04 4.812353266288625377e+02 0.000000000000000000e+00
4.861359120657513995e+04 4.912844494945936162e+02 0.000000000000000000e+00
5.303300858899106242e+04 5.001183519617943602e+02 0.000000000000000000e+00
5.745242597140698490e+04 5.076256689302488212e+02 0.000000000000000000e+00
6.187184335382290737e+04 5.134817055286702043e+02 0.000000000000000000e+00
6.629126073623883713e+04 5.170134628005018840e+02 0.000000000000000000e+00
7.071067811865475960e+04 5.181840876699670844e+02 -1.982973869556932151e+08
9.545941546018391091e+04 5.036873003571728304e+02 -2.373274660671477318e+08
1.202081528017130768e+05 4.841581970024728321e+02 -1.576515850962167382e+08
1.449568901432422281e+05 4.817249693052390285e+02 -1.147391483133986741e+08
1.697056274847713939e+05 4.943789603214699468e+02 -8.869816818804123998e+07
1.944543648263005598e+05 5.151780301988299016e+02 -7.021535083971901238e+07
2.192031021678297257e+05 5.392445128145793660e+02 -5.745184961778759956e+07
2.439518395093588915e+05 5.644539379248114983e+02 -4.745358718657492846e+07
2.687005768508880865e+05 5.892240215840008659e+02 -3.996945450791965425e+07
2.934493141924171941e+05 6.132978189130558349e+02 -3.370023164305887371e+07
3.181980515339463600e+05 6.360053115411242288e+02 -2.874521134420815110e+07
3.429467888754755259e+05 6.576646851668576801e+02 -2.442357377649362385e+07
3.676955262170046917e+05 6.778350924278898901e+02 -2.088562184203992411e+07
3.924442635585338576e+05 6.970314609951209377e+02 -1.770287007329442352e+07
4.171930009000630234e+05 7.148510667331059949e+02 -1.507947959536498226e+07
4.419417382415921893e+05 7.318668943078287157e+02 -1.262342232668153569e+07
