2.405000e+05 1.000002e+00 8.000000e+00
2.805000e+05 1.000002e+00 1.600000e+01
2.105000e+05 1.000002e+00 2.400000e+01
2.405000e+05 1.000002e+00 3.200000e+01
5.000000e+06 1.026430e+00 4.000000e+01
5.705000e+05 1.382205e+00 4.800000e+01
3.405000e+05 1.668215e+00 5.600000e+01
3.105000e+05 1.908235e+00 6.400000e+01
4.905000e+05 1.915865e+00 7.200000e+01
4.505000e+05 2.143445e+00 8.000000e+01
3.205000e+05 2.464192e+00 8.800000e+01
5.105000e+05 2.541469e+00 9.600000e+01
5.581533e+05 3.538428e+00 1.600000e+02
5.286591e+05 4.683996e+00 2.400000e+02
4.227520e+05 5.466545e+00 3.200000e+02
4.457228e+05 6.513326e+00 4.000000e+02

1.405000e+05 1.000078e+00 3.600000e+01
1.100500e+06 1.215200e+00 4.400000e+01
4.505000e+05 1.532110e+00 5.200000e+01
4.005000e+05 1.792969e+00 6.000000e+01
7.305000e+05 1.793656e+00 6.800000e+01

