-1.000000e+00 -1.000000e+00 -5.367877e+00 -3.888889e+00 
-9.166667e-01 -1.000000e+00 -9.309135e-01 -1.833333e+00 
-8.333333e-01 -1.000000e+00 -1.908469e+00 -1.666667e+00 
-7.500000e-01 -1.000000e+00 -1.435209e+00 -1.500000e+00 
-6.666667e-01 -1.000000e+00 -1.350694e+00 -1.333333e+00 
-5.833333e-01 -1.000000e+00 -1.162015e+00 -1.166667e+00 
-5.000000e-01 -1.000000e+00 -1.001246e+00 -1.000000e+00 
-4.166667e-01 -1.000000e+00 -8.329994e-01 -8.333333e-01 
-3.333333e-01 -1.000000e+00 -6.667562e-01 -6.666667e-01 
-2.500000e-01 -1.000000e+00 -4.999760e-01 -5.000000e-01 
-1.666667e-01 -1.000000e+00 -3.333397e-01 -3.333333e-01 
-8.333333e-02 -1.000000e+00 -1.666651e-01 -1.666667e-01 
0.000000e+00 -1.000000e+00 -6.522560e-16 -9.992007e-16 
8.333333e-02 -1.000000e+00 1.666651e-01 1.666667e-01 
1.666667e-01 -1.000000e+00 3.333397e-01 3.333333e-01 
2.500000e-01 -1.000000e+00 4.999760e-01 5.000000e-01 
3.333333e-01 -1.000000e+00 6.667562e-01 6.666667e-01 
4.166667e-01 -1.000000e+00 8.329994e-01 8.333333e-01 
5.000000e-01 -1.000000e+00 1.001246e+00 1.000000e+00 
5.833333e-01 -1.000000e+00 1.162015e+00 1.166667e+00 
6.666667e-01 -1.000000e+00 1.350694e+00 1.333333e+00 
7.500000e-01 -1.000000e+00 1.435209e+00 1.500000e+00 
8.333333e-01 -1.000000e+00 1.908469e+00 1.666667e+00 
9.166667e-01 -1.000000e+00 9.309135e-01 1.833333e+00 
1.000000e+00 -1.000000e+00 5.367877e+00 3.888889e+00 
