0 7.569350e-01 
1 3.711219e-01 
2 2.016955e-01 
3 4.585886e-02 
4 1.448599e-02 
5 5.132410e-03 
6 2.797819e-03 
7 1.680381e-03 
8 1.074168e-03 
9 7.062481e-04 
10 5.497136e-04 
11 4.121917e-04 
12 3.002790e-04 
13 2.641117e-04 
14 2.096160e-04 
15 1.873296e-04 
16 1.599628e-04 
17 1.353868e-04 
18 1.345556e-04 
19 9.392548e-05 
20 7.459674e-05 
21 6.713317e-05 
22 8.201554e-05 
23 7.921506e-05 
24 4.292118e-05 
25 2.234129e-05 
26 1.281177e-05 
27 8.914040e-06 
28 4.390816e-06 
29 2.082921e-06 
30 1.014713e-06 
31 5.939796e-07 
32 3.411039e-07 
33 1.838018e-07 
34 9.760546e-08 
35 5.000752e-08 
36 3.005023e-08 
37 2.184977e-08 
38 1.063575e-08 
39 5.196907e-09 
