0 9.982792e-01 
1 8.736832e-01 
2 7.516648e-01 
3 7.742904e-01 
4 7.662318e-01 
5 5.858274e-01 
6 3.981227e-01 
7 3.759357e-01 
8 3.742168e-01 
9 3.294060e-01 
10 2.066681e-01 
11 2.068318e-01 
12 7.153865e-02 
13 6.846791e-02 
14 6.819477e-02 
15 2.860612e-02 
16 2.848231e-02 
17 1.132183e-02 
18 7.632828e-03 
19 4.053849e-03 
20 4.042726e-03 
21 2.692932e-03 
22 2.844633e-03 
23 2.687945e-03 
24 2.229173e-03 
25 2.193120e-03 
26 2.217254e-03 
27 1.990394e-03 
28 1.639904e-03 
29 1.660291e-03 
30 1.655476e-03 
31 1.164068e-03 
32 1.054087e-03 
33 1.123330e-03 
34 1.120634e-03 
35 9.542025e-04 
36 9.608380e-04 
37 9.562846e-04 
38 8.392596e-04 
39 6.873475e-04 
40 7.053814e-04 
41 6.397143e-04 
42 5.614467e-04 
43 5.613464e-04 
44 5.005492e-04 
45 3.874606e-04 
46 4.231701e-04 
47 4.242737e-04 
48 4.089175e-04 
49 3.353879e-04 
50 3.353627e-04 
51 2.479718e-04 
52 1.694534e-04 
53 1.936363e-04 
54 1.937369e-04 
55 1.708420e-04 
56 1.616675e-04 
57 1.427153e-04 
58 1.444789e-04 
59 1.192950e-04 
60 1.271410e-04 
61 1.265961e-04 
62 1.214596e-04 
63 1.074342e-04 
64 1.076733e-04 
65 9.109041e-05 
66 9.327357e-05 
67 9.331321e-05 
68 7.672918e-05 
69 8.127754e-05 
70 8.130571e-05 
71 7.171075e-05 
72 7.881521e-05 
73 8.179646e-05 
74 7.406833e-05 
75 7.769946e-05 
76 7.792492e-05 
77 6.659819e-05 
78 7.955867e-05 
79 8.064824e-05 
80 8.042306e-05 
81 6.875160e-05 
82 7.323808e-05 
83 7.251054e-05 
84 5.703984e-05 
85 6.261732e-05 
86 4.492330e-05 
87 4.514484e-05 
88 4.509037e-05 
89 4.390654e-05 
90 4.374261e-05 
91 3.967490e-05 
92 4.037509e-05 
93 3.539810e-05 
94 2.982368e-05 
95 3.401297e-05 
96 3.394207e-05 
97 2.743881e-05 
98 2.695879e-05 
99 2.822432e-05 
100 2.808986e-05 
101 1.993929e-05 
102 1.998593e-05 
103 2.151509e-05 
104 2.170049e-05 
105 2.016644e-05 
106 1.911418e-05 
107 1.912146e-05 
108 1.773085e-05 
109 1.501817e-05 
110 1.506483e-05 
111 1.610792e-05 
112 1.551394e-05 
113 1.545623e-05 
114 1.543849e-05 
115 1.739637e-05 
116 1.740716e-05 
117 1.660200e-05 
118 1.356088e-05 
119 1.513782e-05 
120 1.513439e-05 
121 1.137066e-05 
122 1.132086e-05 
123 1.117769e-05 
124 1.174478e-05 
125 1.078437e-05 
126 9.460992e-06 
127 9.463541e-06 
128 8.021876e-06 
129 7.875982e-06 
130 7.841076e-06 
131 7.949203e-06 
132 8.535004e-06 
133 9.066595e-06 
134 9.096948e-06 
135 9.020028e-06 
136 9.310750e-06 
137 1.140068e-05 
138 1.144685e-05 
139 1.144698e-05 
140 1.385789e-05 
141 1.388983e-05 
142 1.376143e-05 
143 1.335568e-05 
144 1.343054e-05 
145 1.334893e-05 
146 1.069969e-05 
147 1.069773e-05 
148 9.581138e-06 
149 8.105714e-06 
150 8.044895e-06 
151 8.045922e-06 
152 8.642926e-06 
153 7.976341e-06 
154 7.920731e-06 
155 6.961250e-06 
156 5.358471e-06 
157 5.280471e-06 
158 5.102037e-06 
159 3.386052e-06 
160 3.289866e-06 
161 2.839217e-06 
162 2.586221e-06 
163 2.508857e-06 
164 2.278302e-06 
165 2.277498e-06 
166 1.998852e-06 
167 2.257252e-06 
168 2.253945e-06 
169 2.021007e-06 
170 2.024587e-06 
171 1.947454e-06 
172 1.589230e-06 
173 1.534167e-06 
174 1.543300e-06 
175 1.533265e-06 
176 1.025997e-06 
177 1.024094e-06 
178 8.857992e-07 
179 8.620723e-07 
180 6.560935e-07 
181 6.344588e-07 
182 6.358900e-07 
183 6.346137e-07 
184 4.625860e-07 
185 4.615495e-07 
186 2.988536e-07 
187 2.912045e-07 
188 2.903461e-07 
189 2.850708e-07 
190 2.605405e-07 
191 1.659372e-07 
192 1.634055e-07 
193 1.496564e-07 
194 1.514241e-07 
195 1.352416e-07 
196 8.408601e-08 
197 8.722194e-08 
198 8.890503e-08 
199 5.771425e-08 
200 5.811911e-08 
201 4.423388e-08 
202 3.617326e-08 
203 3.597508e-08 
204 3.588172e-08 
205 2.811928e-08 
206 2.819218e-08 
207 1.939714e-08 
208 2.147926e-08 
209 2.199439e-08 
210 1.384660e-08 
211 1.385011e-08 
212 1.031011e-08 
213 1.025741e-08 
214 1.010024e-08 
215 9.832759e-09 
