0 7.609102e-01 
1 3.598975e-01 
2 2.281265e-01 
3 8.138766e-02 
4 3.174290e-02 
5 6.940977e-03 
6 2.266041e-03 
7 1.029921e-03 
8 6.564204e-04 
9 4.851658e-04 
10 2.966014e-04 
11 2.177818e-04 
12 1.532594e-04 
13 1.223495e-04 
14 9.112327e-05 
15 7.084321e-05 
16 5.875026e-05 
17 4.964461e-05 
18 3.744434e-05 
19 3.180043e-05 
20 2.825790e-05 
21 2.064350e-05 
22 1.886451e-05 
23 1.675784e-05 
24 1.315332e-05 
25 1.237754e-05 
26 1.140298e-05 
27 9.026439e-06 
28 8.832512e-06 
29 7.938984e-06 
30 6.568863e-06 
31 6.550188e-06 
32 5.883088e-06 
33 4.746158e-06 
34 4.661698e-06 
35 3.872007e-06 
36 3.336277e-06 
37 3.232437e-06 
38 2.788797e-06 
39 2.583779e-06 
40 2.563938e-06 
41 2.114165e-06 
42 1.935379e-06 
43 1.680527e-06 
44 1.550411e-06 
45 1.516541e-06 
46 1.452091e-06 
47 1.300122e-06 
48 1.121541e-06 
49 1.017910e-06 
50 1.042502e-06 
51 9.088667e-07 
52 8.858842e-07 
53 8.251361e-07 
54 7.657113e-07 
55 7.658396e-07 
56 6.972286e-07 
57 6.501618e-07 
58 6.845977e-07 
59 6.483390e-07 
60 6.798389e-07 
61 6.728744e-07 
62 6.895220e-07 
63 6.978989e-07 
64 7.025384e-07 
65 7.468372e-07 
66 7.058698e-07 
67 6.907965e-07 
68 6.778721e-07 
69 6.024380e-07 
70 5.604262e-07 
71 5.007829e-07 
72 4.561493e-07 
73 4.168767e-07 
74 3.414751e-07 
75 2.894144e-07 
76 2.679109e-07 
77 2.834561e-07 
78 3.021403e-07 
79 3.130089e-07 
80 3.134008e-07 
81 2.956482e-07 
82 3.062170e-07 
83 3.127650e-07 
84 3.125637e-07 
85 2.890945e-07 
86 2.511665e-07 
87 2.416801e-07 
88 2.436483e-07 
89 2.342355e-07 
90 2.120251e-07 
91 2.239765e-07 
92 2.311111e-07 
93 2.171015e-07 
94 2.092512e-07 
95 1.831810e-07 
96 1.637498e-07 
97 1.419033e-07 
98 1.102067e-07 
99 9.601558e-08 
100 8.325380e-08 
101 7.203026e-08 
102 6.319693e-08 
103 5.116983e-08 
104 4.149418e-08 
105 3.431750e-08 
106 2.864450e-08 
107 2.563457e-08 
108 2.245342e-08 
109 2.051451e-08 
110 1.634964e-08 
111 1.484663e-08 
112 1.465181e-08 
113 1.249393e-08 
114 1.121530e-08 
115 9.597747e-09 
