0 7.583314e-01 
1 3.651088e-01 
2 2.327834e-01 
3 7.547755e-02 
4 2.692444e-02 
5 6.275812e-03 
6 2.598290e-03 
7 1.420000e-03 
8 8.644282e-04 
9 6.124095e-04 
10 4.113730e-04 
11 2.836139e-04 
12 2.197622e-04 
13 1.653167e-04 
14 1.166354e-04 
15 1.055457e-04 
16 7.656713e-05 
17 6.090184e-05 
18 5.565334e-05 
19 4.216291e-05 
20 3.578457e-05 
21 3.169907e-05 
22 2.489970e-05 
23 2.507225e-05 
24 2.161763e-05 
25 1.942781e-05 
26 1.906218e-05 
27 1.669345e-05 
28 1.312671e-05 
29 1.274975e-05 
30 1.255943e-05 
31 1.280804e-05 
32 1.308609e-05 
33 1.194229e-05 
34 1.060655e-05 
35 9.763988e-06 
36 8.104736e-06 
37 7.891569e-06 
38 7.908265e-06 
39 7.999623e-06 
40 7.904554e-06 
41 7.625930e-06 
42 7.265571e-06 
43 6.786876e-06 
44 5.713527e-06 
45 4.617976e-06 
46 4.092013e-06 
47 4.063857e-06 
48 4.048555e-06 
49 4.316764e-06 
50 3.996562e-06 
51 3.994442e-06 
52 4.904953e-06 
53 5.730121e-06 
54 6.499663e-06 
55 7.195213e-06 
56 7.701360e-06 
57 8.070088e-06 
58 7.761773e-06 
59 7.116389e-06 
60 7.075116e-06 
61 7.424163e-06 
62 7.410872e-06 
63 6.739270e-06 
64 6.216934e-06 
65 5.482029e-06 
66 5.243442e-06 
67 4.810691e-06 
68 3.974181e-06 
69 2.882968e-06 
70 2.063548e-06 
71 1.961050e-06 
72 1.704062e-06 
73 1.515493e-06 
74 1.261816e-06 
75 9.582502e-07 
76 7.602237e-07 
77 5.869954e-07 
78 4.517314e-07 
79 3.838639e-07 
80 2.696467e-07 
81 1.906911e-07 
82 1.570844e-07 
83 1.313451e-07 
84 1.075141e-07 
85 9.866192e-08 
86 7.952488e-08 
87 6.730256e-08 
88 6.104256e-08 
89 6.139544e-08 
90 6.256874e-08 
91 6.087994e-08 
92 5.380375e-08 
93 3.626808e-08 
94 2.304269e-08 
95 1.897799e-08 
96 1.717090e-08 
97 1.140258e-08 
98 8.590015e-09 
