0.000000e+00 1.000000e+00 -6.883163e-12 0.000000e+00 8.017120e-01
3.875969e-03 1.000000e+00 -6.882551e-12 -2.335421e-05 7.978382e-01
7.751938e-03 1.000000e+00 -6.880874e-12 -4.671550e-05 7.939643e-01
7.751938e-03 1.000000e+00 -6.880874e-12 -4.671550e-05 7.939643e-01
1.162791e-02 1.000000e+00 -6.877840e-12 -7.009091e-05 7.900949e-01
1.550388e-02 1.000000e+00 -6.874729e-12 -9.348753e-05 7.862254e-01
1.550388e-02 1.000000e+00 -6.874729e-12 -9.348753e-05 7.862254e-01
1.937984e-02 1.000000e+00 -6.867421e-12 -1.169124e-04 7.823602e-01
2.325581e-02 1.000000e+00 -6.861317e-12 -1.403727e-04 7.784951e-01
2.325581e-02 1.000000e+00 -6.861317e-12 -1.403727e-04 7.784951e-01
2.713178e-02 1.000000e+00 -6.852384e-12 -1.638753e-04 7.746343e-01
3.100775e-02 1.000000e+00 -6.844191e-12 -1.874275e-04 7.707735e-01
3.100775e-02 1.000000e+00 -6.844191e-12 -1.874275e-04 7.707735e-01
3.488372e-02 1.000000e+00 -6.831023e-12 -2.110362e-04 7.669172e-01
3.875969e-02 1.000000e+00 -6.819156e-12 -2.347087e-04 7.630608e-01
3.875969e-02 1.000000e+00 -6.819156e-12 -2.347087e-04 7.630608e-01
4.263566e-02 1.000000e+00 -6.806500e-12 -2.584519e-04 7.592089e-01
4.651163e-02 1.000000e+00 -6.793850e-12 -2.822730e-04 7.553570e-01
4.651163e-02 1.000000e+00 -6.793850e-12 -2.822730e-04 7.553570e-01
5.038760e-02 1.000000e+00 -6.777912e-12 -3.061791e-04 7.515097e-01
5.426357e-02 1.000000e+00 -6.762785e-12 -3.301774e-04 7.476624e-01
5.426357e-02 1.000000e+00 -6.762785e-12 -3.301774e-04 7.476624e-01
5.813953e-02 1.000000e+00 -6.744376e-12 -3.542748e-04 7.438197e-01
6.201550e-02 1.000000e+00 -6.726508e-12 -3.784787e-04 7.399770e-01
6.201550e-02 1.000000e+00 -6.726508e-12 -3.784787e-04 7.399770e-01
6.589147e-02 1.000000e+00 -6.707066e-12 -4.027962e-04 7.361390e-01
6.976744e-02 1.000000e+00 -6.686957e-12 -4.272343e-04 7.323011e-01
6.976744e-02 1.000000e+00 -6.686957e-12 -4.272343e-04 7.323011e-01
7.364341e-02 1.000000e+00 -6.664317e-12 -4.518003e-04 7.284680e-01
7.751938e-02 1.000000e+00 -6.641567e-12 -4.765014e-04 7.246349e-01
7.751938e-02 1.000000e+00 -6.641567e-12 -4.765014e-04 7.246349e-01
8.139535e-02 1.000000e+00 -6.616638e-12 -5.013447e-04 7.208068e-01
8.527132e-02 1.000000e+00 -6.591868e-12 -5.263375e-04 7.169787e-01
8.527132e-02 1.000000e+00 -6.591868e-12 -5.263375e-04 7.169787e-01
8.914729e-02 1.000000e+00 -6.565218e-12 -5.514870e-04 7.131557e-01
9.302326e-02 1.000000e+00 -6.537812e-12 -5.768003e-04 7.093327e-01
9.302326e-02 1.000000e+00 -6.537812e-12 -5.768003e-04 7.093327e-01
9.689922e-02 1.000000e+00 -6.508930e-12 -6.022848e-04 7.055151e-01
1.007752e-01 1.000000e+00 -6.478775e-12 -6.279477e-04 7.016974e-01
1.007752e-01 1.000000e+00 -6.478775e-12 -6.279477e-04 7.016974e-01
1.046512e-01 1.000000e+00 -6.447230e-12 -6.537963e-04 6.978852e-01
1.085271e-01 1.000000e+00 -6.414220e-12 -6.798378e-04 6.940730e-01
1.085271e-01 1.000000e+00 -6.414220e-12 -6.798378e-04 6.940730e-01
1.124031e-01 1.000000e+00 -6.379798e-12 -7.060795e-04 6.902665e-01
1.162791e-01 1.000000e+00 -6.343901e-12 -7.325287e-04 6.864600e-01
1.162791e-01 1.000000e+00 -6.343901e-12 -7.325287e-04 6.864600e-01
1.201550e-01 1.000000e+00 -6.306511e-12 -7.591927e-04 6.826594e-01
1.240310e-01 1.000000e+00 -6.267507e-12 -7.860789e-04 6.788588e-01
1.240310e-01 1.000000e+00 -6.267507e-12 -7.860789e-04 6.788588e-01
1.279070e-01 1.000000e+00 -6.227144e-12 -8.131946e-04 6.750644e-01
1.317829e-01 1.000000e+00 -6.185182e-12 -8.405471e-04 6.712699e-01
1.317829e-01 1.000000e+00 -6.185182e-12 -8.405471e-04 6.712699e-01
1.356589e-01 1.000000e+00 -6.141504e-12 -8.681437e-04 6.674819e-01
1.395349e-01 1.000000e+00 -6.096254e-12 -8.959918e-04 6.636939e-01
1.395349e-01 1.000000e+00 -6.096254e-12 -8.959918e-04 6.636939e-01
1.434109e-01 1.000000e+00 -6.049425e-12 -9.240987e-04 6.599126e-01
1.472868e-01 1.000000e+00 -6.000998e-12 -9.524719e-04 6.561312e-01
1.472868e-01 1.000000e+00 -6.000998e-12 -9.524719e-04 6.561312e-01
1.511628e-01 1.000000e+00 -5.951247e-12 -9.811186e-04 6.523569e-01
1.550388e-01 1.000000e+00 -5.900351e-12 -1.010046e-03 6.485826e-01
1.550388e-01 1.000000e+00 -5.900351e-12 -1.010046e-03 6.485826e-01
1.589147e-01 1.000000e+00 -5.847647e-12 -1.039262e-03 6.448157e-01
1.627907e-01 1.000000e+00 -5.793868e-12 -1.068774e-03 6.410488e-01
1.627907e-01 1.000000e+00 -5.793868e-12 -1.068774e-03 6.410488e-01
1.666667e-01 1.000000e+00 -5.738125e-12 -1.098588e-03 6.372896e-01
1.705426e-01 1.000000e+00 -5.680720e-12 -1.128713e-03 6.335304e-01
1.705426e-01 1.000000e+00 -5.680720e-12 -1.128713e-03 6.335304e-01
1.744186e-01 1.000000e+00 -5.622381e-12 -1.159155e-03 6.297793e-01
1.782946e-01 1.000000e+00 -5.562147e-12 -1.189922e-03 6.260282e-01
1.782946e-01 1.000000e+00 -5.562147e-12 -1.189922e-03 6.260282e-01
1.821705e-01 1.000000e+00 -5.499839e-12 -1.221021e-03 6.222857e-01
1.860465e-01 1.000000e+00 -5.433606e-12 -1.252460e-03 6.185432e-01
1.860465e-01 1.000000e+00 -5.433606e-12 -1.252460e-03 6.185432e-01
1.899225e-01 1.000000e+00 -5.367676e-12 -1.284245e-03 6.148098e-01
1.937984e-01 1.000000e+00 -5.299213e-12 -1.316383e-03 6.110764e-01
1.937984e-01 1.000000e+00 -5.299213e-12 -1.316383e-03 6.110764e-01
1.976744e-01 1.000000e+00 -5.228932e-12 -1.348883e-03 6.073525e-01
2.015504e-01 1.000000e+00 -5.156222e-12 -1.381750e-03 6.036286e-01
2.015504e-01 1.000000e+00 -5.156222e-12 -1.381750e-03 6.036286e-01
2.054264e-01 1.000000e+00 -5.081386e-12 -1.414992e-03 5.999149e-01
2.093023e-01 1.000000e+00 -5.002997e-12 -1.448616e-03 5.962012e-01
2.093023e-01 1.000000e+00 -5.002997e-12 -1.448616e-03 5.962012e-01
2.131783e-01 1.000000e+00 -4.923492e-12 -1.482628e-03 5.924982e-01
2.170543e-01 1.000000e+00 -4.831914e-12 -1.517036e-03 5.887951e-01
2.170543e-01 1.000000e+00 -4.831914e-12 -1.517036e-03 5.887951e-01
2.209302e-01 1.000000e+00 -4.768321e-12 -1.551846e-03 5.851035e-01
2.248062e-01 1.000000e+00 -4.681469e-12 -1.587064e-03 5.814119e-01
2.248062e-01 1.000000e+00 -4.681469e-12 -1.587064e-03 5.814119e-01
2.286822e-01 1.000000e+00 -4.594175e-12 -1.622697e-03 5.777325e-01
2.325581e-01 1.000000e+00 -4.504417e-12 -1.658751e-03 5.740530e-01
2.325581e-01 1.000000e+00 -4.504417e-12 -1.658751e-03 5.740530e-01
2.364341e-01 1.000000e+00 -4.412460e-12 -1.695232e-03 5.703864e-01
2.403101e-01 1.000000e+00 -4.318082e-12 -1.732147e-03 5.667198e-01
2.403101e-01 1.000000e+00 -4.318082e-12 -1.732147e-03 5.667198e-01
2.441860e-01 1.000000e+00 -4.221146e-12 -1.769500e-03 5.630670e-01
2.480620e-01 1.000000e+00 -4.121608e-12 -1.807298e-03 5.594142e-01
2.480620e-01 1.000000e+00 -4.121608e-12 -1.807298e-03 5.594142e-01
2.519380e-01 1.000000e+00 -4.019347e-12 -1.845545e-03 5.557760e-01
2.558140e-01 1.000000e+00 -3.914122e-12 -1.884247e-03 5.521379e-01
2.558140e-01 1.000000e+00 -3.914122e-12 -1.884247e-03 5.521379e-01
2.596899e-01 1.000000e+00 -3.807328e-12 -1.923408e-03 5.485155e-01
2.635659e-01 1.000000e+00 -3.698399e-12 -1.963033e-03 5.448930e-01
2.635659e-01 1.000000e+00 -3.698399e-12 -1.963033e-03 5.448930e-01
2.674419e-01 1.000000e+00 -3.584882e-12 -2.003125e-03 5.412874e-01
2.713178e-01 1.000000e+00 -3.468846e-12 -2.043689e-03 5.376818e-01
2.713178e-01 1.000000e+00 -3.468846e-12 -2.043689e-03 5.376818e-01
2.751938e-01 1.000000e+00 -3.350466e-12 -2.084727e-03 5.340942e-01
2.790698e-01 1.000000e+00 -3.229070e-12 -2.126243e-03 5.305067e-01
2.790698e-01 1.000000e+00 -3.229070e-12 -2.126243e-03 5.305067e-01
2.829457e-01 1.000000e+00 -3.103837e-12 -2.168237e-03 5.269385e-01
2.868217e-01 1.000000e+00 -2.975536e-12 -2.210712e-03 5.233703e-01
2.868217e-01 1.000000e+00 -2.975536e-12 -2.210712e-03 5.233703e-01
2.906977e-01 1.000000e+00 -2.843956e-12 -2.253669e-03 5.198229e-01
2.945736e-01 1.000000e+00 -2.710265e-12 -2.297108e-03 5.162756e-01
2.945736e-01 1.000000e+00 -2.710265e-12 -2.297108e-03 5.162756e-01
2.984496e-01 1.000000e+00 -2.572963e-12 -2.341028e-03 5.127507e-01
3.023256e-01 1.000000e+00 -2.432591e-12 -2.385427e-03 5.092258e-01
3.023256e-01 1.000000e+00 -2.432591e-12 -2.385427e-03 5.092258e-01
3.062016e-01 1.000000e+00 -2.287894e-12 -2.430304e-03 5.057252e-01
3.100775e-01 1.000000e+00 -2.138411e-12 -2.475655e-03 5.022245e-01
3.100775e-01 1.000000e+00 -2.138411e-12 -2.475655e-03 5.022245e-01
3.139535e-01 1.000000e+00 -1.985380e-12 -2.521475e-03 4.987501e-01
3.178295e-01 1.000000e+00 -1.827973e-12 -2.567758e-03 4.952757e-01
3.178295e-01 1.000000e+00 -1.827973e-12 -2.567758e-03 4.952757e-01
3.217054e-01 1.000000e+00 -1.665782e-12 -2.614496e-03 4.918298e-01
3.255814e-01 1.000000e+00 -1.499332e-12 -2.661682e-03 4.883838e-01
3.255814e-01 1.000000e+00 -1.499332e-12 -2.661682e-03 4.883838e-01
3.294574e-01 1.000000e+00 -1.328509e-12 -2.709303e-03 4.849687e-01
3.333333e-01 1.000000e+00 -1.153175e-12 -2.757348e-03 4.815535e-01
3.333333e-01 1.000000e+00 -1.153175e-12 -2.757348e-03 4.815535e-01
3.372093e-01 1.000000e+00 -9.722585e-13 -2.805802e-03 4.781719e-01
3.410853e-01 1.000000e+00 -7.863263e-13 -2.854647e-03 4.747904e-01
3.410853e-01 1.000000e+00 -7.863263e-13 -2.854647e-03 4.747904e-01
3.449612e-01 1.000000e+00 -5.947257e-13 -2.903864e-03 4.714454e-01
3.488372e-01 1.000000e+00 -3.974525e-13 -2.953431e-03 4.681004e-01
3.488372e-01 1.000000e+00 -3.974525e-13 -2.953431e-03 4.681004e-01
3.527132e-01 1.000000e+00 -1.957080e-13 -3.003321e-03 4.647953e-01
3.565891e-01 1.000000e+00 1.276670e-14 -3.053506e-03 4.614903e-01
3.565891e-01 1.000000e+00 1.276670e-14 -3.053506e-03 4.614903e-01
3.604651e-01 1.000000e+00 2.283586e-13 -3.103952e-03 4.582290e-01
3.643411e-01 1.000000e+00 4.501954e-13 -3.154622e-03 4.549677e-01
3.643411e-01 1.000000e+00 4.501954e-13 -3.154622e-03 4.549677e-01
3.682171e-01 1.000000e+00 6.802605e-13 -3.205472e-03 4.517544e-01
3.720930e-01 1.000000e+00 9.166148e-13 -3.256457e-03 4.485412e-01
3.720930e-01 1.000000e+00 9.166148e-13 -3.256457e-03 4.485412e-01
3.759690e-01 1.000000e+00 1.160147e-12 -3.307521e-03 4.453807e-01
3.798450e-01 1.000000e+00 1.411274e-12 -3.358605e-03 4.422203e-01
3.798450e-01 1.000000e+00 1.411274e-12 -3.358605e-03 4.422203e-01
3.837209e-01 1.000000e+00 1.670752e-12 -3.409640e-03 4.391182e-01
3.875969e-01 1.000000e+00 1.939448e-12 -3.460550e-03 4.360162e-01
3.875969e-01 1.000000e+00 1.939448e-12 -3.460550e-03 4.360162e-01
3.914729e-01 1.000000e+00 2.217770e-12 -3.511249e-03 4.329786e-01
3.953488e-01 1.000000e+00 2.506395e-12 -3.561643e-03 4.299411e-01
3.953488e-01 1.000000e+00 2.506395e-12 -3.561643e-03 4.299411e-01
3.992248e-01 1.000000e+00 2.805843e-12 -3.611622e-03 4.269754e-01
4.031008e-01 1.000000e+00 3.116384e-12 -3.661066e-03 4.240096e-01
4.031008e-01 1.000000e+00 3.116384e-12 -3.661066e-03 4.240096e-01
4.069767e-01 1.000000e+00 3.439112e-12 -3.709840e-03 4.211240e-01
4.108527e-01 1.000000e+00 3.774703e-12 -3.757791e-03 4.182383e-01
4.108527e-01 1.000000e+00 3.774703e-12 -3.757791e-03 4.182383e-01
4.147287e-01 1.000000e+00 4.123962e-12 -3.804747e-03 4.154423e-01
4.186047e-01 1.000000e+00 4.487646e-12 -3.850517e-03 4.126464e-01
4.186047e-01 1.000000e+00 4.487646e-12 -3.850517e-03 4.126464e-01
4.224806e-01 1.000000e+00 4.867033e-12 -3.894882e-03 4.099517e-01
4.263566e-01 1.000000e+00 5.263276e-12 -3.937596e-03 4.072571e-01
4.263566e-01 1.000000e+00 5.263276e-12 -3.937596e-03 4.072571e-01
4.302326e-01 1.000000e+00 5.677660e-12 -3.978379e-03 4.046764e-01
4.341085e-01 1.000000e+00 6.111533e-12 -4.016913e-03 4.020958e-01
4.341085e-01 1.000000e+00 6.111533e-12 -4.016913e-03 4.020958e-01
4.379845e-01 1.000000e+00 6.566359e-12 -4.052830e-03 3.996449e-01
4.418605e-01 1.000000e+00 7.043583e-12 -4.085707e-03 3.971941e-01
4.418605e-01 1.000000e+00 7.043583e-12 -4.085707e-03 3.971941e-01
4.457364e-01 1.000000e+00 7.544250e-12 -4.115073e-03 3.948735e-01
4.496124e-01 1.000000e+00 8.069101e-12 -4.140380e-03 3.925529e-01
4.496124e-01 1.000000e+00 8.069101e-12 -4.140380e-03 3.925529e-01
4.534884e-01 1.000000e+00 8.619633e-12 -4.161022e-03 3.903668e-01
4.573643e-01 1.000000e+00 9.193719e-12 -4.176371e-03 3.881808e-01
4.573643e-01 1.000000e+00 9.193719e-12 -4.176371e-03 3.881808e-01
4.612403e-01 1.000000e+00 9.787192e-12 -4.186031e-03 3.859200e-01
4.651163e-01 1.000000e+00 1.039677e-11 -4.189749e-03 3.836592e-01
4.651163e-01 1.000000e+00 1.039677e-11 -4.189749e-03 3.836592e-01
4.689922e-01 1.000000e+00 1.051587e-11 -4.190012e-03 3.676617e-01
4.728682e-01 1.000000e+00 1.062610e-11 -4.190256e-03 3.516642e-01
4.728682e-01 6.004000e+02 1.062610e-11 -4.190256e-03 3.516642e-01
4.767442e-01 6.004000e+02 1.073210e-11 -4.190456e-03 3.171817e-01
4.806202e-01 6.004000e+02 1.083678e-11 -4.190631e-03 2.826992e-01
4.806202e-01 1.000000e+03 1.083678e-11 -4.190631e-03 2.826992e-01
4.844961e-01 1.000000e+03 1.094119e-11 -4.190800e-03 2.740781e-01
4.883721e-01 1.000000e+03 1.104453e-11 -4.190967e-03 2.654571e-01
4.883721e-01 1.000000e+03 1.104453e-11 -4.190967e-03 2.654571e-01
4.922481e-01 1.000000e+03 1.114818e-11 -4.191132e-03 2.625702e-01
4.961240e-01 1.000000e+03 1.125213e-11 -4.191292e-03 2.596833e-01
4.961240e-01 1.000000e+03 1.125213e-11 -4.191292e-03 2.596833e-01
5.000000e-01 1.000000e+03 1.135568e-11 -4.191448e-03 2.568139e-01
5.038760e-01 1.000000e+03 1.145983e-11 -4.191599e-03 2.539446e-01
5.038760e-01 1.000000e+03 1.145983e-11 -4.191599e-03 2.539446e-01
5.077519e-01 1.000000e+03 1.156407e-11 -4.191747e-03 2.511575e-01
5.116279e-01 1.000000e+03 1.166852e-11 -4.191891e-03 2.483704e-01
5.116279e-01 1.000000e+03 1.166852e-11 -4.191891e-03 2.483704e-01
5.155039e-01 1.000000e+03 1.177322e-11 -4.192031e-03 2.455978e-01
5.193798e-01 1.000000e+03 1.188026e-11 -4.192166e-03 2.428252e-01
5.193798e-01 1.000000e+03 1.188026e-11 -4.192166e-03 2.428252e-01
5.232558e-01 1.000000e+03 1.198655e-11 -4.192297e-03 2.400804e-01
5.271318e-01 1.000000e+03 1.209421e-11 -4.192424e-03 2.373356e-01
5.271318e-01 1.000000e+03 1.209421e-11 -4.192424e-03 2.373356e-01
5.310078e-01 1.000000e+03 1.219896e-11 -4.192547e-03 2.346154e-01
5.348837e-01 1.000000e+03 1.230448e-11 -4.192665e-03 2.318952e-01
5.348837e-01 1.000000e+03 1.230448e-11 -4.192665e-03 2.318952e-01
5.387597e-01 1.000000e+03 1.240725e-11 -4.192779e-03 2.292003e-01
5.426357e-01 1.000000e+03 1.251109e-11 -4.192888e-03 2.265054e-01
5.426357e-01 1.000000e+03 1.251109e-11 -4.192888e-03 2.265054e-01
5.465116e-01 1.000000e+03 1.261701e-11 -4.192993e-03 2.238343e-01
5.503876e-01 1.000000e+03 1.272254e-11 -4.193094e-03 2.211632e-01
5.503876e-01 1.000000e+03 1.272254e-11 -4.193094e-03 2.211632e-01
5.542636e-01 1.000000e+03 1.282896e-11 -4.193189e-03 2.185142e-01
5.581395e-01 1.000000e+03 1.293437e-11 -4.193281e-03 2.158653e-01
5.581395e-01 1.000000e+03 1.293437e-11 -4.193281e-03 2.158653e-01
5.620155e-01 1.000000e+03 1.304014e-11 -4.193367e-03 2.132363e-01
5.658915e-01 1.000000e+03 1.314605e-11 -4.193449e-03 2.106074e-01
5.658915e-01 1.000000e+03 1.314605e-11 -4.193449e-03 2.106074e-01
5.697674e-01 1.000000e+03 1.325245e-11 -4.193526e-03 2.079958e-01
5.736434e-01 1.000000e+03 1.335842e-11 -4.193598e-03 2.053842e-01
5.736434e-01 1.000000e+03 1.335842e-11 -4.193598e-03 2.053842e-01
5.775194e-01 1.000000e+03 1.346352e-11 -4.193666e-03 2.027870e-01
5.813953e-01 1.000000e+03 1.356862e-11 -4.193728e-03 2.001899e-01
5.813953e-01 1.000000e+03 1.356862e-11 -4.193728e-03 2.001899e-01
5.852713e-01 1.000000e+03 1.367342e-11 -4.193786e-03 1.976038e-01
5.891473e-01 1.000000e+03 1.377794e-11 -4.193839e-03 1.950178e-01
5.891473e-01 1.000000e+03 1.377794e-11 -4.193839e-03 1.950178e-01
5.930233e-01 1.000000e+03 1.388222e-11 -4.193887e-03 1.924394e-01
5.968992e-01 1.000000e+03 1.398774e-11 -4.193930e-03 1.898611e-01
5.968992e-01 1.000000e+03 1.398774e-11 -4.193930e-03 1.898611e-01
6.007752e-01 1.000000e+03 1.409284e-11 -4.193968e-03 1.872871e-01
6.046512e-01 1.000000e+03 1.419726e-11 -4.194000e-03 1.847131e-01
6.046512e-01 1.000000e+03 1.419726e-11 -4.194000e-03 1.847131e-01
6.085271e-01 1.000000e+03 1.430225e-11 -4.194028e-03 1.821405e-01
6.124031e-01 1.000000e+03 1.440874e-11 -4.194051e-03 1.795679e-01
6.124031e-01 1.000000e+03 1.440874e-11 -4.194051e-03 1.795679e-01
6.162791e-01 1.000000e+03 1.451405e-11 -4.194069e-03 1.769945e-01
6.201550e-01 1.000000e+03 1.461921e-11 -4.194082e-03 1.744210e-01
6.201550e-01 1.000000e+03 1.461921e-11 -4.194082e-03 1.744210e-01
6.240310e-01 1.000000e+03 1.472500e-11 -4.194090e-03 1.718455e-01
6.279070e-01 1.000000e+03 1.483087e-11 -4.194093e-03 1.692699e-01
6.279070e-01 1.000000e+03 1.483087e-11 -4.194093e-03 1.692699e-01
6.317829e-01 1.000000e+03 1.493691e-11 -4.194090e-03 1.666921e-01
6.356589e-01 1.000000e+03 1.504333e-11 -4.194083e-03 1.641143e-01
6.356589e-01 1.000000e+03 1.504333e-11 -4.194083e-03 1.641143e-01
6.395349e-01 1.000000e+03 1.515414e-11 -4.194071e-03 1.615356e-01
6.434109e-01 1.000000e+03 1.525160e-11 -4.194054e-03 1.589569e-01
6.434109e-01 1.000000e+03 1.525160e-11 -4.194054e-03 1.589569e-01
6.472868e-01 1.000000e+03 1.535781e-11 -4.194032e-03 1.563801e-01
6.511628e-01 1.000000e+03 1.546062e-11 -4.194005e-03 1.538033e-01
6.511628e-01 1.000000e+03 1.546062e-11 -4.194005e-03 1.538033e-01
6.550388e-01 1.000000e+03 1.556495e-11 -4.193973e-03 1.512326e-01
6.589147e-01 1.000000e+03 1.566765e-11 -4.193936e-03 1.486619e-01
6.589147e-01 1.000000e+03 1.566765e-11 -4.193936e-03 1.486619e-01
6.627907e-01 1.000000e+03 1.577080e-11 -4.193893e-03 1.461026e-01
6.666667e-01 1.000000e+03 1.587426e-11 -4.193846e-03 1.435433e-01
6.666667e-01 1.000000e+03 1.587426e-11 -4.193846e-03 1.435433e-01
6.705426e-01 1.000000e+03 1.597769e-11 -4.193793e-03 1.410014e-01
6.744186e-01 1.000000e+03 1.608064e-11 -4.193735e-03 1.384594e-01
6.744186e-01 1.000000e+03 1.608064e-11 -4.193735e-03 1.384594e-01
6.782946e-01 1.000000e+03 1.618341e-11 -4.193671e-03 1.359408e-01
6.821705e-01 1.000000e+03 1.628627e-11 -4.193602e-03 1.334221e-01
6.821705e-01 1.000000e+03 1.628627e-11 -4.193602e-03 1.334221e-01
6.860465e-01 1.000000e+03 1.638877e-11 -4.193527e-03 1.309284e-01
6.899225e-01 1.000000e+03 1.649136e-11 -4.193447e-03 1.284347e-01
6.899225e-01 1.000000e+03 1.649136e-11 -4.193447e-03 1.284347e-01
6.937984e-01 1.000000e+03 1.659411e-11 -4.193360e-03 1.259653e-01
6.976744e-01 1.000000e+03 1.669765e-11 -4.193267e-03 1.234958e-01
6.976744e-01 1.000000e+03 1.669765e-11 -4.193267e-03 1.234958e-01
7.015504e-01 1.000000e+03 1.680085e-11 -4.193168e-03 1.209937e-01
7.054264e-01 1.000000e+03 1.690361e-11 -4.193062e-03 1.184916e-01
7.054264e-01 1.000000e+03 1.690361e-11 -4.193062e-03 1.184916e-01
7.093023e-01 1.000000e+03 1.700587e-11 -4.192950e-03 1.158613e-01
7.131783e-01 1.000000e+03 1.710802e-11 -4.192831e-03 1.132309e-01
7.131783e-01 1.000000e+03 1.710802e-11 -4.192831e-03 1.132309e-01
7.170543e-01 1.000000e+03 1.721035e-11 -4.192707e-03 1.027016e-01
7.209302e-01 1.000000e+03 1.731201e-11 -4.192580e-03 9.217225e-02
7.209302e-01 4.006000e+02 1.731201e-11 -4.192580e-03 9.217225e-02
7.248062e-01 4.006000e+02 1.741460e-11 -4.192447e-03 6.518831e-02
7.286822e-01 4.006000e+02 1.751593e-11 -4.192285e-03 3.820436e-02
7.286822e-01 1.000000e+00 1.751593e-11 -4.192285e-03 3.820436e-02
7.325581e-01 1.000000e+00 1.761267e-11 -4.192019e-03 2.784982e-02
7.364341e-01 1.000000e+00 1.770448e-11 -4.191669e-03 1.749528e-02
7.364341e-01 1.000000e+00 1.770448e-11 -4.191669e-03 1.749528e-02
7.403101e-01 1.000000e+00 1.767162e-11 -4.187606e-03 1.486705e-02
7.441860e-01 1.000000e+00 1.766000e-11 -4.179080e-03 1.223883e-02
7.441860e-01 8.002000e-01 1.766000e-11 -4.179080e-03 1.223883e-02
7.480620e-01 8.002000e-01 1.767103e-11 -4.166616e-03 8.150082e-03
7.519380e-01 8.002000e-01 1.767352e-11 -4.150690e-03 4.061338e-03
7.519380e-01 1.000000e-03 1.767352e-11 -4.150690e-03 4.061338e-03
7.558140e-01 1.000000e-03 1.767667e-11 -4.131655e-03 2.001373e-03
7.596899e-01 1.000000e-03 1.767621e-11 -4.108609e-03 -5.859147e-05
7.596899e-01 1.000000e-03 1.767621e-11 -4.108609e-03 -5.859147e-05
7.635659e-01 1.000000e-03 1.602378e-11 -4.082304e-03 -5.596179e-05
7.674419e-01 1.000000e-03 1.447196e-11 -4.049325e-03 -5.333211e-05
7.674419e-01 1.000000e-03 1.447196e-11 -4.049325e-03 -5.333211e-05
7.713178e-01 1.000000e-03 1.291307e-11 -4.010899e-03 -5.145116e-05
7.751938e-01 1.000000e-03 1.142668e-11 -3.968136e-03 -4.957020e-05
7.751938e-01 1.000000e-03 1.142668e-11 -3.968136e-03 -4.957020e-05
7.790698e-01 1.000000e-03 9.962960e-12 -3.921511e-03 -4.782627e-05
7.829457e-01 1.000000e-03 8.574816e-12 -3.871424e-03 -4.608235e-05
7.829457e-01 1.000000e-03 8.574816e-12 -3.871424e-03 -4.608235e-05
7.868217e-01 1.000000e-03 7.174046e-12 -3.818342e-03 -4.457671e-05
7.906977e-01 1.000000e-03 5.812749e-12 -3.762683e-03 -4.307107e-05
7.906977e-01 1.000000e-03 5.812749e-12 -3.762683e-03 -4.307107e-05
7.945736e-01 1.000000e-03 4.469452e-12 -3.704769e-03 -4.172909e-05
7.984496e-01 1.000000e-03 3.204104e-12 -3.644885e-03 -4.038711e-05
7.984496e-01 1.000000e-03 3.204104e-12 -3.644885e-03 -4.038711e-05
8.023256e-01 1.000000e-03 1.964666e-12 -3.583281e-03 -3.919169e-05
8.062016e-01 1.000000e-03 7.569079e-13 -3.520182e-03 -3.799627e-05
8.062016e-01 1.000000e-03 7.569079e-13 -3.520182e-03 -3.799627e-05
8.100775e-01 1.000000e-03 -4.072701e-13 -3.455778e-03 -3.692290e-05
8.139535e-01 1.000000e-03 -1.532696e-12 -3.390238e-03 -3.584953e-05
8.139535e-01 1.000000e-03 -1.532696e-12 -3.390238e-03 -3.584953e-05
8.178295e-01 1.000000e-03 -2.631703e-12 -3.323709e-03 -3.488178e-05
8.217054e-01 1.000000e-03 -3.704433e-12 -3.256324e-03 -3.391403e-05
8.217054e-01 1.000000e-03 -3.704433e-12 -3.256324e-03 -3.391403e-05
8.255814e-01 1.000000e-03 -4.732339e-12 -3.188196e-03 -3.303794e-05
8.294574e-01 1.000000e-03 -5.751519e-12 -3.119427e-03 -3.216184e-05
8.294574e-01 1.000000e-03 -5.751519e-12 -3.119427e-03 -3.216184e-05
8.333333e-01 1.000000e-03 -6.743284e-12 -3.050106e-03 -3.136630e-05
8.372093e-01 1.000000e-03 -7.696392e-12 -2.980315e-03 -3.057076e-05
8.372093e-01 1.000000e-03 -7.696392e-12 -2.980315e-03 -3.057076e-05
8.410853e-01 1.000000e-03 -8.614433e-12 -2.910121e-03 -2.984666e-05
8.449612e-01 1.000000e-03 -9.518422e-12 -2.839588e-03 -2.912256e-05
8.449612e-01 1.000000e-03 -9.518422e-12 -2.839588e-03 -2.912256e-05
8.488372e-01 1.000000e-03 -1.037625e-11 -2.768772e-03 -2.846237e-05
8.527132e-01 1.000000e-03 -1.117936e-11 -2.697720e-03 -2.780219e-05
8.527132e-01 1.000000e-03 -1.117936e-11 -2.697720e-03 -2.780219e-05
8.565891e-01 1.000000e-03 -1.198184e-11 -2.626477e-03 -2.719965e-05
8.604651e-01 1.000000e-03 -1.273226e-11 -2.555081e-03 -2.659711e-05
8.604651e-01 1.000000e-03 -1.273226e-11 -2.555081e-03 -2.659711e-05
8.643411e-01 1.000000e-03 -1.346370e-11 -2.483566e-03 -2.604697e-05
8.682171e-01 1.000000e-03 -1.416324e-11 -2.411962e-03 -2.549683e-05
8.682171e-01 1.000000e-03 -1.416324e-11 -2.411962e-03 -2.549683e-05
8.720930e-01 1.000000e-03 -1.486177e-11 -2.340294e-03 -2.499464e-05
8.759690e-01 1.000000e-03 -1.556030e-11 -2.268587e-03 -2.449245e-05
8.759690e-01 1.000000e-03 -1.556030e-11 -2.268587e-03 -2.449245e-05
8.798450e-01 1.000000e-03 -1.620643e-11 -2.196861e-03 -2.403443e-05
8.837209e-01 1.000000e-03 -1.685644e-11 -2.125134e-03 -2.357641e-05
8.837209e-01 1.000000e-03 -1.685644e-11 -2.125134e-03 -2.357641e-05
8.875969e-01 1.000000e-03 -1.745710e-11 -2.053420e-03 -2.315935e-05
8.914729e-01 1.000000e-03 -1.806380e-11 -1.981733e-03 -2.274228e-05
8.914729e-01 1.000000e-03 -1.806380e-11 -1.981733e-03 -2.274228e-05
8.953488e-01 1.000000e-03 -1.861805e-11 -1.910085e-03 -2.236340e-05
8.992248e-01 1.000000e-03 -1.917720e-11 -1.838485e-03 -2.198452e-05
8.992248e-01 1.000000e-03 -1.917720e-11 -1.838485e-03 -2.198452e-05
9.031008e-01 1.000000e-03 -1.967959e-11 -1.766940e-03 -2.164144e-05
9.069767e-01 1.000000e-03 -2.015986e-11 -1.695459e-03 -2.129836e-05
9.069767e-01 1.000000e-03 -2.015986e-11 -1.695459e-03 -2.129836e-05
9.108527e-01 1.000000e-03 -2.063671e-11 -1.624045e-03 -2.098904e-05
9.147287e-01 1.000000e-03 -2.111750e-11 -1.552704e-03 -2.067972e-05
9.147287e-01 1.000000e-03 -2.111750e-11 -1.552704e-03 -2.067972e-05
9.186047e-01 1.000000e-03 -2.155118e-11 -1.481438e-03 -2.040238e-05
9.224806e-01 1.000000e-03 -2.195161e-11 -1.410249e-03 -2.012505e-05
9.224806e-01 1.000000e-03 -2.195161e-11 -1.410249e-03 -2.012505e-05
9.263566e-01 1.000000e-03 -2.233855e-11 -1.339138e-03 -1.987817e-05
9.302326e-01 1.000000e-03 -2.267024e-11 -1.268106e-03 -1.963130e-05
9.302326e-01 1.000000e-03 -2.267024e-11 -1.268106e-03 -1.963130e-05
9.341085e-01 1.000000e-03 -2.301190e-11 -1.197152e-03 -1.941358e-05
9.379845e-01 1.000000e-03 -2.332256e-11 -1.126275e-03 -1.919586e-05
9.379845e-01 1.000000e-03 -2.332256e-11 -1.126275e-03 -1.919586e-05
9.418605e-01 1.000000e-03 -2.361135e-11 -1.055474e-03 -1.900617e-05
9.457364e-01 1.000000e-03 -2.389918e-11 -9.847455e-04 -1.881649e-05
9.457364e-01 1.000000e-03 -2.389918e-11 -9.847455e-04 -1.881649e-05
9.496124e-01 1.000000e-03 -2.417978e-11 -9.140875e-04 -1.865389e-05
9.534884e-01 1.000000e-03 -2.444154e-11 -8.434968e-04 -1.849129e-05
9.534884e-01 1.000000e-03 -2.444154e-11 -8.434968e-04 -1.849129e-05
9.573643e-01 1.000000e-03 -2.463543e-11 -7.729693e-04 -1.835498e-05
9.612403e-01 1.000000e-03 -2.482844e-11 -7.025013e-04 -1.821868e-05
9.612403e-01 1.000000e-03 -2.482844e-11 -7.025013e-04 -1.821868e-05
9.651163e-01 1.000000e-03 -2.500254e-11 -6.320883e-04 -1.810801e-05
9.689922e-01 1.000000e-03 -2.517089e-11 -5.617255e-04 -1.799735e-05
9.689922e-01 1.000000e-03 -2.517089e-11 -5.617255e-04 -1.799735e-05
9.728682e-01 1.000000e-03 -2.531289e-11 -4.914081e-04 -1.791180e-05
9.767442e-01 1.000000e-03 -2.540631e-11 -4.211309e-04 -1.782625e-05
9.767442e-01 1.000000e-03 -2.540631e-11 -4.211309e-04 -1.782625e-05
9.806202e-01 1.000000e-03 -2.551920e-11 -3.508885e-04 -1.776543e-05
9.844961e-01 1.000000e-03 -2.559988e-11 -2.806754e-04 -1.770460e-05
9.844961e-01 1.000000e-03 -2.559988e-11 -2.806754e-04 -1.770460e-05
9.883721e-01 1.000000e-03 -2.567016e-11 -2.104857e-04 -1.766822e-05
9.922481e-01 1.000000e-03 -2.571900e-11 -1.403139e-04 -1.763183e-05
9.922481e-01 1.000000e-03 -2.571900e-11 -1.403139e-04 -1.763183e-05
9.961240e-01 1.000000e-03 -2.574740e-11 -7.015398e-05 -1.761972e-05
1.000000e+00 1.000000e-03 -2.577893e-11 0.000000e+00 -1.760761e-05
