2.047154e-06 5.007514e-01
4.099128e-06 5.007514e-01
6.156371e-06 5.007514e-01
8.219325e-06 5.007514e-01
1.028843e-05 5.007514e-01
1.236412e-05 5.007515e-01
1.444681e-05 5.007515e-01
1.653695e-05 5.007517e-01
1.863494e-05 5.007518e-01
2.074064e-05 5.007520e-01
2.285374e-05 5.007522e-01
2.497461e-05 5.007525e-01
2.710364e-05 5.007529e-01
2.924119e-05 5.007533e-01
3.138326e-05 5.007538e-01
3.352149e-05 5.007543e-01
3.565621e-05 5.007550e-01
3.778776e-05 5.007557e-01
3.991645e-05 5.007565e-01
4.204261e-05 5.007574e-01
4.416652e-05 5.007584e-01
4.628850e-05 5.007595e-01
4.840882e-05 5.007606e-01
5.052777e-05 5.007619e-01
5.264559e-05 5.007633e-01
5.476243e-05 5.007648e-01
5.687856e-05 5.007665e-01
5.899421e-05 5.007682e-01
6.110960e-05 5.007701e-01
6.322496e-05 5.007721e-01
6.534048e-05 5.007743e-01
6.745636e-05 5.007766e-01
6.957278e-05 5.007790e-01
7.168991e-05 5.007816e-01
7.380792e-05 5.007844e-01
7.592694e-05 5.007873e-01
7.804713e-05 5.007903e-01
8.016861e-05 5.007935e-01
8.229152e-05 5.007969e-01
8.441596e-05 5.008005e-01
8.654206e-05 5.008042e-01
8.866991e-05 5.008082e-01
9.079963e-05 5.008123e-01
9.293131e-05 5.008166e-01
9.506454e-05 5.008211e-01
9.719938e-05 5.008258e-01
9.933591e-05 5.008307e-01
1.014742e-04 5.008358e-01
1.036144e-04 5.008411e-01
1.057565e-04 5.008466e-01
1.079006e-04 5.008523e-01
1.100467e-04 5.008583e-01
1.121949e-04 5.008645e-01
1.143453e-04 5.008709e-01
1.164978e-04 5.008775e-01
1.186524e-04 5.008844e-01
1.208092e-04 5.008915e-01
1.229681e-04 5.008988e-01
1.251291e-04 5.009064e-01
1.272921e-04 5.009143e-01
1.294570e-04 5.009224e-01
1.316236e-04 5.009307e-01
1.337916e-04 5.009393e-01
1.359611e-04 5.009482e-01
1.381315e-04 5.009572e-01
1.403026e-04 5.009666e-01
1.424736e-04 5.009762e-01
1.445531e-04 5.009857e-01
1.465481e-04 5.009949e-01
1.484654e-04 5.010041e-01
1.503120e-04 5.010131e-01
1.520918e-04 5.010219e-01
1.538083e-04 5.010306e-01
1.554667e-04 5.010391e-01
1.570729e-04 5.010476e-01
1.586327e-04 5.010559e-01
1.601514e-04 5.010641e-01
1.616331e-04 5.010723e-01
1.630814e-04 5.010803e-01
1.645010e-04 5.010884e-01
1.658956e-04 5.010963e-01
1.672674e-04 5.011043e-01
1.686205e-04 5.011122e-01
1.699573e-04 5.011202e-01
1.712802e-04 5.011281e-01
1.725923e-04 5.011361e-01
1.738946e-04 5.011441e-01
1.751904e-04 5.011521e-01
1.764803e-04 5.011602e-01
1.777670e-04 5.011684e-01
1.790509e-04 5.011766e-01
1.803344e-04 5.011848e-01
1.816179e-04 5.011932e-01
1.829029e-04 5.012016e-01
1.841906e-04 5.012102e-01
1.854812e-04 5.012188e-01
1.867763e-04 5.012275e-01
1.880759e-04 5.012364e-01
1.893807e-04 5.012453e-01
1.906917e-04 5.012544e-01
1.920089e-04 5.012636e-01
1.933326e-04 5.012729e-01
1.946633e-04 5.012823e-01
1.960017e-04 5.012918e-01
1.973440e-04 5.013015e-01
1.986897e-04 5.013112e-01
2.000380e-04 5.013211e-01
2.013894e-04 5.013310e-01
2.027443e-04 5.013411e-01
2.041022e-04 5.013512e-01
2.054631e-04 5.013615e-01
2.068273e-04 5.013718e-01
2.081948e-04 5.013823e-01
2.095650e-04 5.013929e-01
2.109377e-04 5.014035e-01
2.123131e-04 5.014143e-01
2.136908e-04 5.014252e-01
2.150703e-04 5.014362e-01
2.164507e-04 5.014472e-01
2.178314e-04 5.014584e-01
2.192116e-04 5.014696e-01
2.205900e-04 5.014809e-01
2.219651e-04 5.014923e-01
2.233336e-04 5.015037e-01
2.246904e-04 5.015151e-01
2.260328e-04 5.015264e-01
2.273580e-04 5.015377e-01
2.286633e-04 5.015489e-01
2.299458e-04 5.015599e-01
2.312049e-04 5.015709e-01
2.324404e-04 5.015817e-01
2.336560e-04 5.015924e-01
2.348562e-04 5.016030e-01
2.360449e-04 5.016135e-01
2.372320e-04 5.016241e-01
2.384245e-04 5.016348e-01
2.396249e-04 5.016455e-01
2.407609e-04 5.016558e-01
2.417791e-04 5.016651e-01
2.426979e-04 5.016734e-01
2.435500e-04 5.016812e-01
2.443394e-04 5.016883e-01
2.450601e-04 5.016949e-01
2.457264e-04 5.017009e-01
2.463517e-04 5.017063e-01
2.469473e-04 5.017116e-01
2.475101e-04 5.017168e-01
2.480411e-04 5.017211e-01
2.485507e-04 5.017250e-01
2.490443e-04 5.017292e-01
2.495232e-04 5.017334e-01
2.499886e-04 5.017369e-01
2.504439e-04 5.017397e-01
2.508923e-04 5.017425e-01
2.513344e-04 5.017458e-01
2.517709e-04 5.017493e-01
2.522025e-04 5.017525e-01
2.526310e-04 5.017550e-01
2.530586e-04 5.017570e-01
2.534870e-04 5.017590e-01
2.539176e-04 5.017612e-01
2.543511e-04 5.017638e-01
2.547881e-04 5.017669e-01
2.552292e-04 5.017701e-01
2.556748e-04 5.017733e-01
2.561257e-04 5.017762e-01
2.565829e-04 5.017788e-01
2.570471e-04 5.017812e-01
2.575193e-04 5.017837e-01
2.579998e-04 5.017862e-01
2.584879e-04 5.017889e-01
2.589842e-04 5.017917e-01
2.594890e-04 5.017947e-01
2.600028e-04 5.017981e-01
2.605261e-04 5.018017e-01
2.610594e-04 5.018056e-01
2.616031e-04 5.018097e-01
2.621580e-04 5.018141e-01
2.627244e-04 5.018188e-01
2.633031e-04 5.018237e-01
2.638946e-04 5.018288e-01
2.644997e-04 5.018338e-01
2.651193e-04 5.018391e-01
2.657505e-04 5.018445e-01
2.663865e-04 5.018500e-01
2.670280e-04 5.018554e-01
2.676757e-04 5.018609e-01
2.683305e-04 5.018665e-01
2.689930e-04 5.018721e-01
2.696641e-04 5.018779e-01
2.703445e-04 5.018837e-01
2.710352e-04 5.018896e-01
2.717371e-04 5.018956e-01
2.724512e-04 5.019017e-01
2.731784e-04 5.019080e-01
2.739199e-04 5.019143e-01
2.746766e-04 5.019207e-01
2.754499e-04 5.019273e-01
2.762410e-04 5.019340e-01
2.770514e-04 5.019408e-01
2.778823e-04 5.019479e-01
2.787249e-04 5.019550e-01
2.795743e-04 5.019622e-01
2.804320e-04 5.019695e-01
2.812993e-04 5.019770e-01
2.821776e-04 5.019846e-01
2.830686e-04 5.019923e-01
2.839739e-04 5.020003e-01
2.848952e-04 5.020085e-01
2.858346e-04 5.020169e-01
2.867941e-04 5.020257e-01
2.877760e-04 5.020348e-01
2.887830e-04 5.020443e-01
2.898164e-04 5.020541e-01
2.908766e-04 5.020643e-01
2.919598e-04 5.020749e-01
2.930531e-04 5.020857e-01
2.941588e-04 5.020969e-01
2.952790e-04 5.021083e-01
2.964164e-04 5.021200e-01
2.975740e-04 5.021321e-01
2.987551e-04 5.021446e-01
2.999634e-04 5.021575e-01
3.011964e-04 5.021707e-01
3.024577e-04 5.021844e-01
3.037315e-04 5.021983e-01
3.050109e-04 5.022125e-01
3.062997e-04 5.022268e-01
3.076022e-04 5.022414e-01
3.089237e-04 5.022563e-01
3.102689e-04 5.022716e-01
3.116309e-04 5.022872e-01
3.130159e-04 5.023032e-01
3.144307e-04 5.023198e-01
3.157954e-04 5.023358e-01
3.170947e-04 5.023513e-01
3.183579e-04 5.023664e-01
3.196028e-04 5.023813e-01
3.208486e-04 5.023964e-01
3.221045e-04 5.024115e-01
3.233267e-04 5.024263e-01
3.245213e-04 5.024408e-01
3.256026e-04 5.024541e-01
3.265822e-04 5.024660e-01
3.275502e-04 5.024780e-01
3.284281e-04 5.024886e-01
3.292619e-04 5.024985e-01
3.300617e-04 5.025084e-01
3.308054e-04 5.025172e-01
3.315131e-04 5.025254e-01
3.321910e-04 5.025337e-01
3.328240e-04 5.025412e-01
3.334245e-04 5.025478e-01
3.340047e-04 5.025543e-01
3.345648e-04 5.025609e-01
3.351033e-04 5.025670e-01
3.356239e-04 5.025725e-01
3.361317e-04 5.025777e-01
3.366300e-04 5.025831e-01
3.371202e-04 5.025887e-01
3.376030e-04 5.025943e-01
3.380804e-04 5.025995e-01
3.385552e-04 5.026044e-01
3.390303e-04 5.026092e-01
3.395070e-04 5.026141e-01
3.399846e-04 5.026192e-01
3.404640e-04 5.026245e-01
3.409459e-04 5.026300e-01
3.414312e-04 5.026357e-01
3.419206e-04 5.026413e-01
3.424152e-04 5.026468e-01
3.429163e-04 5.026522e-01
3.434249e-04 5.026577e-01
3.439419e-04 5.026632e-01
3.444678e-04 5.026689e-01
3.450030e-04 5.026748e-01
3.455478e-04 5.026808e-01
3.461024e-04 5.026870e-01
3.466641e-04 5.026934e-01
3.472329e-04 5.027000e-01
3.478091e-04 5.027067e-01
3.483929e-04 5.027136e-01
3.489844e-04 5.027207e-01
3.495835e-04 5.027280e-01
3.501906e-04 5.027355e-01
3.508057e-04 5.027431e-01
3.514291e-04 5.027508e-01
3.520611e-04 5.027587e-01
3.527020e-04 5.027667e-01
3.533519e-04 5.027749e-01
3.540111e-04 5.027832e-01
3.546797e-04 5.027917e-01
3.553582e-04 5.028001e-01
3.560466e-04 5.028087e-01
3.567444e-04 5.028175e-01
3.574521e-04 5.028264e-01
3.581699e-04 5.028354e-01
3.588981e-04 5.028444e-01
3.596371e-04 5.028536e-01
3.603871e-04 5.028629e-01
3.611486e-04 5.028723e-01
3.619220e-04 5.028818e-01
3.627074e-04 5.028914e-01
3.635053e-04 5.029012e-01
3.643159e-04 5.029110e-01
3.651396e-04 5.029210e-01
3.659768e-04 5.029311e-01
3.668279e-04 5.029414e-01
3.676933e-04 5.029519e-01
3.685732e-04 5.029626e-01
3.694682e-04 5.029734e-01
3.703785e-04 5.029845e-01
3.713047e-04 5.029957e-01
3.722471e-04 5.030072e-01
3.732064e-04 5.030189e-01
3.741828e-04 5.030310e-01
3.751770e-04 5.030433e-01
3.761892e-04 5.030558e-01
3.772202e-04 5.030687e-01
3.782704e-04 5.030818e-01
3.793403e-04 5.030952e-01
3.804306e-04 5.031090e-01
3.815418e-04 5.031232e-01
3.826744e-04 5.031376e-01
3.838291e-04 5.031524e-01
3.850065e-04 5.031675e-01
3.862073e-04 5.031831e-01
3.874320e-04 5.031990e-01
3.886814e-04 5.032153e-01
3.899562e-04 5.032319e-01
3.912569e-04 5.032489e-01
3.925844e-04 5.032664e-01
3.939394e-04 5.032843e-01
3.953226e-04 5.033027e-01
3.967140e-04 5.033210e-01
3.980881e-04 5.033392e-01
3.994442e-04 5.033572e-01
4.007816e-04 5.033751e-01
4.020998e-04 5.033927e-01
4.033982e-04 5.034100e-01
4.046765e-04 5.034270e-01
4.059344e-04 5.034437e-01
4.071716e-04 5.034603e-01
4.083880e-04 5.034766e-01
4.095834e-04 5.034926e-01
4.107543e-04 5.035083e-01
4.118972e-04 5.035236e-01
4.130126e-04 5.035385e-01
4.141007e-04 5.035530e-01
4.151619e-04 5.035672e-01
4.161967e-04 5.035811e-01
4.172055e-04 5.035947e-01
4.181888e-04 5.036079e-01
4.191472e-04 5.036208e-01
4.200811e-04 5.036333e-01
4.209913e-04 5.036455e-01
4.218783e-04 5.036573e-01
4.227426e-04 5.036689e-01
4.235849e-04 5.036801e-01
4.244054e-04 5.036911e-01
4.252045e-04 5.037018e-01
4.259822e-04 5.037122e-01
4.267375e-04 5.037223e-01
4.274677e-04 5.037320e-01
4.281707e-04 5.037414e-01
4.288425e-04 5.037503e-01
4.294837e-04 5.037587e-01
4.300953e-04 5.037668e-01
4.306794e-04 5.037745e-01
4.312385e-04 5.037818e-01
4.317759e-04 5.037888e-01
4.322949e-04 5.037956e-01
4.327989e-04 5.038021e-01
4.332912e-04 5.038085e-01
4.337750e-04 5.038147e-01
4.342531e-04 5.038209e-01
4.347284e-04 5.038270e-01
4.352034e-04 5.038331e-01
4.356805e-04 5.038392e-01
4.361619e-04 5.038453e-01
4.366497e-04 5.038516e-01
4.371456e-04 5.038579e-01
4.376482e-04 5.038644e-01
4.381557e-04 5.038709e-01
4.386695e-04 5.038775e-01
4.391905e-04 5.038841e-01
4.397195e-04 5.038909e-01
4.402570e-04 5.038979e-01
4.408033e-04 5.039049e-01
4.413584e-04 5.039121e-01
4.419225e-04 5.039193e-01
4.424952e-04 5.039267e-01
4.430765e-04 5.039343e-01
4.436661e-04 5.039420e-01
4.442638e-04 5.039498e-01
4.448695e-04 5.039578e-01
4.454831e-04 5.039659e-01
4.461049e-04 5.039741e-01
4.467349e-04 5.039823e-01
4.473735e-04 5.039906e-01
4.480211e-04 5.039990e-01
4.486783e-04 5.040074e-01
4.493454e-04 5.040159e-01
4.500231e-04 5.040245e-01
4.507118e-04 5.040332e-01
4.514121e-04 5.040421e-01
4.521244e-04 5.040512e-01
4.528493e-04 5.040605e-01
4.535871e-04 5.040699e-01
4.543383e-04 5.040796e-01
4.551033e-04 5.040895e-01
4.558825e-04 5.040997e-01
4.566764e-04 5.041101e-01
4.574855e-04 5.041207e-01
4.583102e-04 5.041315e-01
4.591512e-04 5.041426e-01
4.600092e-04 5.041539e-01
4.608849e-04 5.041654e-01
4.617762e-04 5.041771e-01
4.626780e-04 5.041889e-01
4.635901e-04 5.042009e-01
4.645127e-04 5.042129e-01
4.654458e-04 5.042251e-01
4.663899e-04 5.042374e-01
4.673453e-04 5.042498e-01
4.683130e-04 5.042624e-01
4.692937e-04 5.042752e-01
4.702888e-04 5.042880e-01
4.712997e-04 5.043011e-01
4.723283e-04 5.043144e-01
4.733767e-04 5.043279e-01
4.744476e-04 5.043417e-01
4.755440e-04 5.043558e-01
4.766696e-04 5.043703e-01
4.778219e-04 5.043851e-01
4.789872e-04 5.044000e-01
4.801685e-04 5.044152e-01
4.813692e-04 5.044306e-01
4.825839e-04 5.044462e-01
4.838051e-04 5.044618e-01
4.850370e-04 5.044776e-01
4.862837e-04 5.044935e-01
4.875501e-04 5.045097e-01
4.888415e-04 5.045263e-01
4.901636e-04 5.045432e-01
4.915226e-04 5.045606e-01
4.928855e-04 5.045780e-01
4.942580e-04 5.045955e-01
4.956465e-04 5.046133e-01
4.970576e-04 5.046314e-01
4.984990e-04 5.046498e-01
4.999791e-04 5.046687e-01
5.014843e-04 5.046879e-01
5.030034e-04 5.047072e-01
5.045460e-04 5.047268e-01
5.061226e-04 5.047468e-01
5.077454e-04 5.047674e-01
5.093984e-04 5.047884e-01
5.110643e-04 5.048096e-01
5.127499e-04 5.048309e-01
5.144630e-04 5.048526e-01
5.162021e-04 5.048746e-01
5.179451e-04 5.048966e-01
5.197009e-04 5.049187e-01
5.214797e-04 5.049410e-01
5.232930e-04 5.049638e-01
5.251495e-04 5.049871e-01
5.270232e-04 5.050106e-01
5.289279e-04 5.050344e-01
5.308790e-04 5.050588e-01
5.328943e-04 5.050840e-01
5.349289e-04 5.051094e-01
5.369783e-04 5.051349e-01
5.390548e-04 5.051608e-01
5.411721e-04 5.051871e-01
5.433272e-04 5.052139e-01
5.455001e-04 5.052410e-01
5.476660e-04 5.052679e-01
5.498374e-04 5.052949e-01
5.520282e-04 5.053221e-01
5.542456e-04 5.053496e-01
5.564809e-04 5.053772e-01
5.587530e-04 5.054052e-01
5.610826e-04 5.054339e-01
5.634648e-04 5.054633e-01
5.659005e-04 5.054932e-01
5.683334e-04 5.055231e-01
5.707509e-04 5.055526e-01
5.731514e-04 5.055820e-01
5.755349e-04 5.056111e-01
5.779014e-04 5.056401e-01
5.802510e-04 5.056688e-01
5.825836e-04 5.056971e-01
5.848994e-04 5.057252e-01
5.871984e-04 5.057535e-01
5.894295e-04 5.057812e-01
5.916149e-04 5.058081e-01
5.938036e-04 5.058347e-01
5.960164e-04 5.058616e-01
5.980090e-04 5.058858e-01
5.999276e-04 5.059089e-01
6.017403e-04 5.059311e-01
6.032825e-04 5.059495e-01
6.048221e-04 5.059678e-01
6.062420e-04 5.059849e-01
6.074845e-04 5.059991e-01
6.087332e-04 5.060137e-01
6.099287e-04 5.060277e-01
6.110291e-04 5.060398e-01
6.120963e-04 5.060519e-01
6.130919e-04 5.060633e-01
6.140280e-04 5.060731e-01
6.149246e-04 5.060825e-01
6.157860e-04 5.060921e-01
6.166119e-04 5.061008e-01
6.174100e-04 5.061084e-01
6.181914e-04 5.061159e-01
6.189655e-04 5.061237e-01
6.197370e-04 5.061318e-01
6.205017e-04 5.061395e-01
6.212609e-04 5.061468e-01
6.220190e-04 5.061537e-01
6.227824e-04 5.061608e-01
6.235581e-04 5.061683e-01
6.243544e-04 5.061765e-01
6.251804e-04 5.061854e-01
6.260173e-04 5.061945e-01
6.268605e-04 5.062035e-01
6.277155e-04 5.062126e-01
6.285884e-04 5.062218e-01
6.294849e-04 5.062312e-01
6.304108e-04 5.062410e-01
6.313461e-04 5.062509e-01
6.322775e-04 5.062608e-01
6.332152e-04 5.062708e-01
6.341685e-04 5.062811e-01
6.351461e-04 5.062917e-01
6.361559e-04 5.063029e-01
6.371955e-04 5.063145e-01
6.382378e-04 5.063262e-01
6.392927e-04 5.063382e-01
6.403585e-04 5.063504e-01
6.414437e-04 5.063629e-01
6.425583e-04 5.063757e-01
6.436780e-04 5.063887e-01
6.448017e-04 5.064018e-01
6.459435e-04 5.064151e-01
6.471121e-04 5.064286e-01
6.483027e-04 5.064424e-01
6.495288e-04 5.064566e-01
6.507859e-04 5.064711e-01
6.520570e-04 5.064858e-01
6.533589e-04 5.065007e-01
6.546953e-04 5.065160e-01
6.560465e-04 5.065314e-01
6.574141e-04 5.065470e-01
6.587996e-04 5.065627e-01
6.602255e-04 5.065788e-01
6.616947e-04 5.065955e-01
6.632010e-04 5.066125e-01
6.647344e-04 5.066299e-01
6.663032e-04 5.066477e-01
6.678898e-04 5.066658e-01
6.695198e-04 5.066844e-01
6.711866e-04 5.067035e-01
6.728963e-04 5.067230e-01
6.746428e-04 5.067431e-01
6.764519e-04 5.067638e-01
6.782867e-04 5.067848e-01
6.801444e-04 5.068061e-01
6.820730e-04 5.068282e-01
6.840481e-04 5.068508e-01
6.860554e-04 5.068739e-01
6.881263e-04 5.068977e-01
6.902351e-04 5.069220e-01
6.923888e-04 5.069469e-01
6.945602e-04 5.069719e-01
6.967497e-04 5.069972e-01
6.989579e-04 5.070226e-01
7.011852e-04 5.070484e-01
7.034321e-04 5.070744e-01
7.056991e-04 5.071005e-01
7.079866e-04 5.071267e-01
7.102951e-04 5.071531e-01
7.126248e-04 5.071798e-01
7.149763e-04 5.072066e-01
7.173498e-04 5.072337e-01
7.197456e-04 5.072611e-01
7.221641e-04 5.072886e-01
7.245807e-04 5.073161e-01
7.269877e-04 5.073434e-01
7.293817e-04 5.073705e-01
7.317654e-04 5.073974e-01
7.341416e-04 5.074241e-01
7.365129e-04 5.074509e-01
7.388823e-04 5.074776e-01
7.412530e-04 5.075040e-01
7.435975e-04 5.075300e-01
7.459187e-04 5.075556e-01
7.482192e-04 5.075812e-01
7.505021e-04 5.076067e-01
7.527706e-04 5.076322e-01
7.550279e-04 5.076575e-01
7.572773e-04 5.076827e-01
7.595112e-04 5.077076e-01
7.617336e-04 5.077323e-01
7.639488e-04 5.077569e-01
7.661613e-04 5.077814e-01
7.683761e-04 5.078059e-01
7.705785e-04 5.078302e-01
7.727570e-04 5.078543e-01
7.749163e-04 5.078781e-01
7.770617e-04 5.079018e-01
7.791987e-04 5.079254e-01
7.813332e-04 5.079490e-01
7.834716e-04 5.079725e-01
7.856171e-04 5.079960e-01
7.877630e-04 5.080196e-01
7.899156e-04 5.080433e-01
7.920821e-04 5.080671e-01
7.942699e-04 5.080911e-01
7.964868e-04 5.081154e-01
7.987031e-04 5.081397e-01
8.009205e-04 5.081639e-01
8.031462e-04 5.081882e-01
8.053879e-04 5.082127e-01
8.076533e-04 5.082375e-01
8.099512e-04 5.082626e-01
8.122766e-04 5.082880e-01
8.146086e-04 5.083134e-01
8.169538e-04 5.083389e-01
8.193225e-04 5.083647e-01
8.217202e-04 5.083907e-01
8.241282e-04 5.084169e-01
8.265559e-04 5.084432e-01
8.290124e-04 5.084699e-01
8.315078e-04 5.084969e-01
8.340522e-04 5.085244e-01
8.366471e-04 5.085524e-01
8.392719e-04 5.085808e-01
8.419381e-04 5.086096e-01
8.446512e-04 5.086389e-01
8.473837e-04 5.086683e-01
8.501446e-04 5.086981e-01
8.529426e-04 5.087281e-01
8.557864e-04 5.087586e-01
8.586725e-04 5.087895e-01
8.616001e-04 5.088208e-01
8.645811e-04 5.088526e-01
8.676271e-04 5.088850e-01
8.707147e-04 5.089178e-01
8.738304e-04 5.089508e-01
8.769816e-04 5.089840e-01
8.801746e-04 5.090177e-01
8.834151e-04 5.090518e-01
8.867078e-04 5.090864e-01
8.900561e-04 5.091215e-01
8.934625e-04 5.091571e-01
8.969283e-04 5.091934e-01
9.004535e-04 5.092301e-01
9.040367e-04 5.092674e-01
9.076519e-04 5.093050e-01
9.112995e-04 5.093428e-01
9.149791e-04 5.093809e-01
9.186837e-04 5.094193e-01
9.224034e-04 5.094577e-01
9.261373e-04 5.094962e-01
9.298853e-04 5.095347e-01
9.336476e-04 5.095733e-01
9.374250e-04 5.096120e-01
9.412191e-04 5.096509e-01
9.450321e-04 5.096898e-01
9.488667e-04 5.097289e-01
9.527260e-04 5.097681e-01
9.566137e-04 5.098075e-01
9.605157e-04 5.098470e-01
9.644302e-04 5.098865e-01
9.683570e-04 5.099261e-01
9.722960e-04 5.099657e-01
9.762468e-04 5.100054e-01
9.802094e-04 5.100450e-01
9.841833e-04 5.100848e-01
9.881684e-04 5.101245e-01
9.921643e-04 5.101643e-01
9.961706e-04 5.102041e-01
9.999461e-04 5.102414e-01
1.003492e-03 5.102765e-01
1.006835e-03 5.103095e-01
1.009987e-03 5.103405e-01
1.012969e-03 5.103699e-01
1.015798e-03 5.103976e-01
1.018486e-03 5.104239e-01
1.021057e-03 5.104491e-01
1.023517e-03 5.104731e-01
1.025884e-03 5.104962e-01
1.028177e-03 5.105185e-01
1.030410e-03 5.105402e-01
1.032582e-03 5.105613e-01
1.034715e-03 5.105820e-01
1.036830e-03 5.106024e-01
1.038920e-03 5.106225e-01
1.040999e-03 5.106425e-01
1.043083e-03 5.106626e-01
1.045179e-03 5.106827e-01
1.047284e-03 5.107030e-01
1.049399e-03 5.107233e-01
1.051550e-03 5.107440e-01
1.053768e-03 5.107653e-01
1.056028e-03 5.107870e-01
1.058351e-03 5.108091e-01
1.060738e-03 5.108318e-01
1.063215e-03 5.108553e-01
1.065745e-03 5.108793e-01
1.068361e-03 5.109041e-01
1.071062e-03 5.109297e-01
1.073872e-03 5.109564e-01
1.076787e-03 5.109840e-01
1.079804e-03 5.110125e-01
1.082911e-03 5.110418e-01
1.086134e-03 5.110722e-01
1.089466e-03 5.111036e-01
1.092879e-03 5.111358e-01
1.096425e-03 5.111691e-01
1.100110e-03 5.112037e-01
1.103878e-03 5.112389e-01
1.107779e-03 5.112754e-01
1.111748e-03 5.113123e-01
1.115712e-03 5.113492e-01
1.119664e-03 5.113858e-01
1.123609e-03 5.114223e-01
1.127552e-03 5.114588e-01
1.131500e-03 5.114951e-01
1.135456e-03 5.115315e-01
1.139427e-03 5.115679e-01
1.143416e-03 5.116044e-01
1.147427e-03 5.116410e-01
1.151465e-03 5.116778e-01
1.155513e-03 5.117145e-01
1.159469e-03 5.117503e-01
1.163356e-03 5.117855e-01
1.167151e-03 5.118197e-01
1.170877e-03 5.118533e-01
1.174559e-03 5.118864e-01
1.178213e-03 5.119192e-01
1.181833e-03 5.119516e-01
1.185421e-03 5.119836e-01
1.189002e-03 5.120155e-01
1.192608e-03 5.120476e-01
1.196256e-03 5.120799e-01
1.199923e-03 5.121123e-01
1.203654e-03 5.121451e-01
1.207486e-03 5.121788e-01
1.211422e-03 5.122135e-01
1.215468e-03 5.122490e-01
1.219507e-03 5.122843e-01
1.223507e-03 5.123191e-01
1.227469e-03 5.123535e-01
1.231394e-03 5.123876e-01
1.235284e-03 5.124214e-01
1.239145e-03 5.124549e-01
1.242987e-03 5.124882e-01
1.246820e-03 5.125214e-01
1.250657e-03 5.125546e-01
1.254477e-03 5.125876e-01
1.258282e-03 5.126204e-01
1.262086e-03 5.126531e-01
1.265907e-03 5.126859e-01
1.269761e-03 5.127190e-01
1.273637e-03 5.127521e-01
1.277520e-03 5.127853e-01
1.281433e-03 5.128187e-01
1.285389e-03 5.128524e-01
1.289351e-03 5.128860e-01
1.293343e-03 5.129199e-01
1.297362e-03 5.129539e-01
1.301390e-03 5.129879e-01
1.305469e-03 5.130222e-01
1.309590e-03 5.130569e-01
1.313751e-03 5.130918e-01
1.317984e-03 5.131273e-01
1.322190e-03 5.131625e-01
1.326344e-03 5.131971e-01
1.330459e-03 5.132313e-01
1.334512e-03 5.132650e-01
1.338526e-03 5.132982e-01
1.342523e-03 5.133312e-01
1.346526e-03 5.133643e-01
1.350502e-03 5.133971e-01
1.354475e-03 5.134298e-01
1.358474e-03 5.134626e-01
1.362526e-03 5.134958e-01
1.366621e-03 5.135293e-01
1.370745e-03 5.135631e-01
1.374819e-03 5.135964e-01
1.378873e-03 5.136294e-01
1.382868e-03 5.136618e-01
1.386831e-03 5.136939e-01
1.390774e-03 5.137258e-01
1.394725e-03 5.137577e-01
1.398690e-03 5.137897e-01
1.402637e-03 5.138215e-01
1.406612e-03 5.138535e-01
1.410656e-03 5.138860e-01
1.414719e-03 5.139187e-01
1.418830e-03 5.139517e-01
1.423035e-03 5.139855e-01
1.427306e-03 5.140197e-01
1.431649e-03 5.140544e-01
1.436107e-03 5.140899e-01
1.440449e-03 5.141244e-01
1.444679e-03 5.141580e-01
1.448795e-03 5.141907e-01
1.452785e-03 5.142223e-01
1.456663e-03 5.142529e-01
1.460446e-03 5.142828e-01
1.464151e-03 5.143120e-01
1.467779e-03 5.143406e-01
1.471333e-03 5.143686e-01
1.474831e-03 5.143961e-01
1.478293e-03 5.144232e-01
1.481739e-03 5.144502e-01
1.485188e-03 5.144771e-01
1.488624e-03 5.145040e-01
1.492065e-03 5.145308e-01
1.495533e-03 5.145577e-01
1.499050e-03 5.145849e-01
1.502642e-03 5.146128e-01
1.506289e-03 5.146410e-01
1.510007e-03 5.146698e-01
1.513826e-03 5.146993e-01
1.517763e-03 5.147296e-01
1.521847e-03 5.147609e-01
1.526068e-03 5.147932e-01
1.530242e-03 5.148252e-01
1.534396e-03 5.148570e-01
1.538565e-03 5.148889e-01
1.542710e-03 5.149207e-01
1.546850e-03 5.149523e-01
1.551019e-03 5.149841e-01
1.555194e-03 5.150160e-01
1.559387e-03 5.150479e-01
1.563648e-03 5.150803e-01
1.567942e-03 5.151130e-01
1.572298e-03 5.151462e-01
1.576738e-03 5.151799e-01
1.581236e-03 5.152140e-01
1.585855e-03 5.152489e-01
1.590549e-03 5.152844e-01
1.595286e-03 5.153201e-01
1.599915e-03 5.153550e-01
1.604446e-03 5.153891e-01
1.608893e-03 5.154225e-01
1.613264e-03 5.154553e-01
1.617531e-03 5.154873e-01
1.621712e-03 5.155186e-01
1.625827e-03 5.155494e-01
1.629898e-03 5.155798e-01
1.633908e-03 5.156097e-01
1.637876e-03 5.156393e-01
1.641826e-03 5.156688e-01
1.645780e-03 5.156982e-01
1.649759e-03 5.157278e-01
1.653770e-03 5.157576e-01
1.657816e-03 5.157876e-01
1.661920e-03 5.158180e-01
1.666043e-03 5.158485e-01
1.670143e-03 5.158787e-01
1.674190e-03 5.159085e-01
1.678201e-03 5.159380e-01
1.682216e-03 5.159676e-01
1.686211e-03 5.159971e-01
1.690203e-03 5.160265e-01
1.694236e-03 5.160562e-01
1.698303e-03 5.160861e-01
1.702406e-03 5.161163e-01
1.706594e-03 5.161470e-01
1.710824e-03 5.161780e-01
1.715140e-03 5.162096e-01
1.719562e-03 5.162420e-01
1.724076e-03 5.162751e-01
1.728747e-03 5.163093e-01
1.733523e-03 5.163444e-01
1.738480e-03 5.163807e-01
1.743571e-03 5.164180e-01
1.748793e-03 5.164562e-01
1.753891e-03 5.164935e-01
1.758857e-03 5.165299e-01
1.763698e-03 5.165654e-01
1.768426e-03 5.166000e-01
1.773035e-03 5.166338e-01
1.777532e-03 5.166668e-01
1.781930e-03 5.166991e-01
1.786246e-03 5.167308e-01
1.790494e-03 5.167621e-01
1.794673e-03 5.167927e-01
1.798777e-03 5.168229e-01
1.802825e-03 5.168526e-01
1.806839e-03 5.168821e-01
1.810837e-03 5.169115e-01
1.814840e-03 5.169408e-01
1.818867e-03 5.169704e-01
1.822928e-03 5.170003e-01
1.826989e-03 5.170302e-01
1.831032e-03 5.170599e-01
1.835105e-03 5.170899e-01
1.839199e-03 5.171200e-01
1.843330e-03 5.171505e-01
1.847549e-03 5.171818e-01
1.851799e-03 5.172133e-01
1.856166e-03 5.172457e-01
1.860625e-03 5.172788e-01
1.865224e-03 5.173130e-01
1.869963e-03 5.173483e-01
1.874871e-03 5.173850e-01
1.879973e-03 5.174233e-01
1.885119e-03 5.174619e-01
1.890262e-03 5.175006e-01
1.895401e-03 5.175395e-01
1.900538e-03 5.175784e-01
1.905672e-03 5.176175e-01
1.910805e-03 5.176567e-01
1.915937e-03 5.176959e-01
1.921067e-03 5.177353e-01
1.926077e-03 5.177738e-01
1.930976e-03 5.178117e-01
1.935760e-03 5.178488e-01
1.940427e-03 5.178852e-01
1.945001e-03 5.179209e-01
1.949463e-03 5.179559e-01
1.953852e-03 5.179905e-01
1.958191e-03 5.180248e-01
1.962460e-03 5.180586e-01
1.966701e-03 5.180923e-01
1.970925e-03 5.181261e-01
1.975129e-03 5.181598e-01
1.979326e-03 5.181936e-01
1.983490e-03 5.182272e-01
1.987645e-03 5.182610e-01
1.991815e-03 5.182950e-01
1.996024e-03 5.183295e-01
2.000289e-03 5.183646e-01
2.004625e-03 5.184004e-01
2.009054e-03 5.184372e-01
2.013599e-03 5.184752e-01
2.018281e-03 5.185145e-01
2.023122e-03 5.185554e-01
2.028140e-03 5.185979e-01
2.033306e-03 5.186419e-01
2.038485e-03 5.186863e-01
2.043668e-03 5.187311e-01
2.048855e-03 5.187761e-01
2.054047e-03 5.188215e-01
2.059243e-03 5.188671e-01
2.064316e-03 5.189120e-01
2.069278e-03 5.189561e-01
2.074114e-03 5.189994e-01
2.078851e-03 5.190419e-01
2.083484e-03 5.190837e-01
2.088012e-03 5.191247e-01
2.092460e-03 5.191652e-01
2.096807e-03 5.192049e-01
2.101087e-03 5.192442e-01
2.105308e-03 5.192831e-01
2.109471e-03 5.193216e-01
2.113619e-03 5.193601e-01
2.117734e-03 5.193984e-01
2.121850e-03 5.194368e-01
2.125937e-03 5.194751e-01
2.130016e-03 5.195134e-01
2.134111e-03 5.195520e-01
2.138229e-03 5.195910e-01
2.142415e-03 5.196306e-01
2.146697e-03 5.196713e-01
2.151084e-03 5.197132e-01
2.155653e-03 5.197568e-01
2.160328e-03 5.198016e-01
2.165024e-03 5.198466e-01
2.169764e-03 5.198921e-01
2.174570e-03 5.199382e-01
2.179460e-03 5.199853e-01
2.184453e-03 5.200334e-01
2.189561e-03 5.200827e-01
2.194794e-03 5.201333e-01
2.200159e-03 5.201853e-01
2.205642e-03 5.202385e-01
2.211125e-03 5.202918e-01
2.216469e-03 5.203437e-01
2.221664e-03 5.203943e-01
2.226714e-03 5.204435e-01
2.231642e-03 5.204916e-01
2.236424e-03 5.205383e-01
2.241077e-03 5.205839e-01
2.245566e-03 5.206278e-01
2.249926e-03 5.206706e-01
2.254155e-03 5.207121e-01
2.258271e-03 5.207525e-01
2.262313e-03 5.207922e-01
2.266265e-03 5.208311e-01
2.270169e-03 5.208694e-01
2.274024e-03 5.209073e-01
2.277806e-03 5.209445e-01
2.281571e-03 5.209816e-01
2.285356e-03 5.210188e-01
2.289139e-03 5.210560e-01
2.293006e-03 5.210941e-01
2.296967e-03 5.211333e-01
2.301027e-03 5.211734e-01
2.305297e-03 5.212157e-01
2.309731e-03 5.212596e-01
2.314413e-03 5.213060e-01
2.319393e-03 5.213554e-01
2.324391e-03 5.214051e-01
2.329358e-03 5.214545e-01
2.334308e-03 5.215040e-01
2.339253e-03 5.215535e-01
2.344199e-03 5.216030e-01
2.349142e-03 5.216526e-01
2.354092e-03 5.217024e-01
2.359056e-03 5.217524e-01
2.364041e-03 5.218027e-01
2.369052e-03 5.218534e-01
2.373985e-03 5.219033e-01
2.378683e-03 5.219510e-01
2.383183e-03 5.219967e-01
2.387505e-03 5.220407e-01
2.391653e-03 5.220830e-01
2.395663e-03 5.221239e-01
2.399568e-03 5.221637e-01
2.403310e-03 5.222019e-01
2.406911e-03 5.222387e-01
2.410373e-03 5.222741e-01
2.413736e-03 5.223085e-01
2.417056e-03 5.223424e-01
2.420351e-03 5.223762e-01
2.423608e-03 5.224096e-01
2.426871e-03 5.224430e-01
2.430195e-03 5.224770e-01
2.433593e-03 5.225119e-01
2.437032e-03 5.225473e-01
2.440563e-03 5.225836e-01
2.444252e-03 5.226215e-01
2.448106e-03 5.226611e-01
2.452083e-03 5.227020e-01
2.456260e-03 5.227450e-01
2.460679e-03 5.227906e-01
2.465289e-03 5.228382e-01
2.470104e-03 5.228881e-01
2.474954e-03 5.229384e-01
2.479762e-03 5.229883e-01
2.484516e-03 5.230378e-01
2.489234e-03 5.230869e-01
2.493933e-03 5.231358e-01
2.498630e-03 5.231848e-01
2.503343e-03 5.232339e-01
2.508090e-03 5.232835e-01
2.512889e-03 5.233336e-01
2.517631e-03 5.233832e-01
2.522333e-03 5.234324e-01
2.527012e-03 5.234814e-01
2.531686e-03 5.235303e-01
2.536374e-03 5.235794e-01
2.541091e-03 5.236289e-01
2.545614e-03 5.236764e-01
2.549948e-03 5.237218e-01
2.554114e-03 5.237656e-01
2.558138e-03 5.238078e-01
2.562032e-03 5.238487e-01
2.565802e-03 5.238884e-01
2.569471e-03 5.239269e-01
2.572960e-03 5.239634e-01
2.576288e-03 5.239982e-01
2.579478e-03 5.240316e-01
2.582572e-03 5.240641e-01
2.585603e-03 5.240960e-01
2.588606e-03 5.241275e-01
2.591615e-03 5.241590e-01
2.594635e-03 5.241906e-01
2.597660e-03 5.242223e-01
2.600712e-03 5.242542e-01
2.603815e-03 5.242867e-01
2.606991e-03 5.243198e-01
2.610267e-03 5.243538e-01
2.613669e-03 5.243892e-01
2.617162e-03 5.244255e-01
2.620313e-03 5.244582e-01
2.623234e-03 5.244886e-01
2.625749e-03 5.245145e-01
2.628040e-03 5.245383e-01
2.630169e-03 5.245604e-01
2.632130e-03 5.245805e-01
2.633946e-03 5.245993e-01
2.635640e-03 5.246168e-01
2.637229e-03 5.246330e-01
2.638746e-03 5.246483e-01
2.640206e-03 5.246633e-01
2.641615e-03 5.246775e-01
2.642987e-03 5.246911e-01
2.644335e-03 5.247045e-01
2.645671e-03 5.247181e-01
2.647002e-03 5.247315e-01
2.648339e-03 5.247448e-01
2.649694e-03 5.247580e-01
2.651079e-03 5.247717e-01
2.652505e-03 5.247860e-01
2.653975e-03 5.248009e-01
2.655500e-03 5.248163e-01
2.657091e-03 5.248323e-01
2.658745e-03 5.248487e-01
2.660433e-03 5.248655e-01
2.662160e-03 5.248827e-01
2.663926e-03 5.249005e-01
2.665735e-03 5.249188e-01
2.667591e-03 5.249378e-01
2.669496e-03 5.249572e-01
2.671449e-03 5.249772e-01
2.673450e-03 5.249977e-01
2.675501e-03 5.250188e-01
2.677605e-03 5.250404e-01
2.679765e-03 5.250625e-01
2.681952e-03 5.250849e-01
2.684142e-03 5.251073e-01
2.686345e-03 5.251300e-01
2.688567e-03 5.251527e-01
2.690818e-03 5.251757e-01
2.693058e-03 5.251986e-01
2.695157e-03 5.252202e-01
2.697144e-03 5.252404e-01
2.699044e-03 5.252597e-01
2.700872e-03 5.252785e-01
2.702639e-03 5.252965e-01
2.704359e-03 5.253139e-01
2.706050e-03 5.253310e-01
2.707725e-03 5.253481e-01
2.709395e-03 5.253651e-01
2.711076e-03 5.253821e-01
2.712772e-03 5.253991e-01
2.714475e-03 5.254164e-01
2.716196e-03 5.254339e-01
2.717947e-03 5.254517e-01
2.719741e-03 5.254699e-01
2.721595e-03 5.254885e-01
2.723527e-03 5.255078e-01
2.725493e-03 5.255275e-01
2.727497e-03 5.255477e-01
2.729553e-03 5.255684e-01
2.731675e-03 5.255899e-01
2.733872e-03 5.256122e-01
2.736150e-03 5.256354e-01
2.738472e-03 5.256590e-01
2.740819e-03 5.256829e-01
2.743207e-03 5.257072e-01
2.745651e-03 5.257321e-01
2.748151e-03 5.257575e-01
2.750684e-03 5.257833e-01
2.753224e-03 5.258091e-01
2.755779e-03 5.258351e-01
2.758366e-03 5.258614e-01
2.761002e-03 5.258882e-01
2.763676e-03 5.259153e-01
2.766364e-03 5.259426e-01
2.769067e-03 5.259700e-01
2.771791e-03 5.259977e-01
2.774551e-03 5.260257e-01
2.777341e-03 5.260540e-01
2.780146e-03 5.260824e-01
2.782987e-03 5.261112e-01
2.785852e-03 5.261403e-01
2.788751e-03 5.261696e-01
2.791693e-03 5.261994e-01
2.794652e-03 5.262293e-01
2.797650e-03 5.262595e-01
2.800692e-03 5.262902e-01
2.803763e-03 5.263211e-01
2.806866e-03 5.263524e-01
2.809992e-03 5.263837e-01
2.813162e-03 5.264155e-01
2.816387e-03 5.264478e-01
2.819643e-03 5.264804e-01
2.822930e-03 5.265133e-01
2.826249e-03 5.265466e-01
2.829620e-03 5.265802e-01
2.833045e-03 5.266144e-01
2.836498e-03 5.266487e-01
2.839975e-03 5.266833e-01
2.843497e-03 5.267183e-01
2.847085e-03 5.267539e-01
2.850711e-03 5.267899e-01
2.854359e-03 5.268261e-01
2.858047e-03 5.268626e-01
2.861800e-03 5.268997e-01
2.865569e-03 5.269369e-01
2.869260e-03 5.269734e-01
2.872894e-03 5.270093e-01
2.876492e-03 5.270448e-01
2.880063e-03 5.270800e-01
2.883603e-03 5.271147e-01
2.887136e-03 5.271493e-01
2.890651e-03 5.271837e-01
2.894164e-03 5.272181e-01
2.897694e-03 5.272527e-01
2.901193e-03 5.272870e-01
2.904624e-03 5.273205e-01
2.907997e-03 5.273532e-01
2.911315e-03 5.273854e-01
2.914585e-03 5.274171e-01
2.917816e-03 5.274486e-01
2.921016e-03 5.274797e-01
2.924191e-03 5.275106e-01
2.927350e-03 5.275413e-01
2.930498e-03 5.275718e-01
2.933643e-03 5.276022e-01
2.936791e-03 5.276327e-01
2.939947e-03 5.276632e-01
2.943117e-03 5.276938e-01
2.946306e-03 5.277246e-01
2.949518e-03 5.277555e-01
2.952758e-03 5.277868e-01
2.956030e-03 5.278183e-01
2.959337e-03 5.278502e-01
2.962682e-03 5.278825e-01
2.966069e-03 5.279153e-01
2.969500e-03 5.279484e-01
2.972977e-03 5.279819e-01
2.976504e-03 5.280159e-01
2.980081e-03 5.280501e-01
2.983711e-03 5.280849e-01
2.987396e-03 5.281201e-01
2.991138e-03 5.281558e-01
2.994939e-03 5.281921e-01
2.998800e-03 5.282291e-01
3.002723e-03 5.282667e-01
3.006711e-03 5.283048e-01
3.010693e-03 5.283428e-01
3.014593e-03 5.283799e-01
3.018420e-03 5.284164e-01
3.022184e-03 5.284522e-01
3.025756e-03 5.284862e-01
3.029129e-03 5.285183e-01
3.032334e-03 5.285488e-01
3.035401e-03 5.285779e-01
3.038356e-03 5.286059e-01
3.041195e-03 5.286328e-01
3.043938e-03 5.286588e-01
3.046613e-03 5.286841e-01
3.049242e-03 5.287090e-01
3.051820e-03 5.287333e-01
3.054355e-03 5.287573e-01
3.056872e-03 5.287810e-01
3.059392e-03 5.288048e-01
3.061920e-03 5.288285e-01
3.064450e-03 5.288523e-01
3.067005e-03 5.288763e-01
3.069608e-03 5.289007e-01
3.072238e-03 5.289253e-01
3.074905e-03 5.289502e-01
3.077628e-03 5.289756e-01
3.080400e-03 5.290013e-01
3.083240e-03 5.290278e-01
3.086169e-03 5.290551e-01
3.089175e-03 5.290831e-01
3.092258e-03 5.291119e-01
3.095412e-03 5.291413e-01
3.098626e-03 5.291712e-01
3.101915e-03 5.292017e-01
3.105291e-03 5.292330e-01
3.108745e-03 5.292650e-01
3.112281e-03 5.292978e-01
3.115861e-03 5.293310e-01
3.119497e-03 5.293646e-01
3.123205e-03 5.293989e-01
3.126998e-03 5.294340e-01
3.130887e-03 5.294699e-01
3.134833e-03 5.295063e-01
3.138820e-03 5.295431e-01
3.142865e-03 5.295805e-01
3.146939e-03 5.296180e-01
3.150999e-03 5.296555e-01
3.155043e-03 5.296927e-01
3.159070e-03 5.297298e-01
3.163080e-03 5.297666e-01
3.167074e-03 5.298032e-01
3.171053e-03 5.298396e-01
3.175017e-03 5.298759e-01
3.178971e-03 5.299120e-01
3.182915e-03 5.299480e-01
3.186853e-03 5.299839e-01
3.190789e-03 5.300198e-01
3.194725e-03 5.300557e-01
3.198664e-03 5.300916e-01
3.202612e-03 5.301275e-01
3.206572e-03 5.301635e-01
3.210548e-03 5.301996e-01
3.214543e-03 5.302359e-01
3.218563e-03 5.302723e-01
3.222611e-03 5.303091e-01
3.226679e-03 5.303459e-01
3.230769e-03 5.303829e-01
3.234880e-03 5.304201e-01
3.239017e-03 5.304575e-01
3.243180e-03 5.304950e-01
3.247371e-03 5.305327e-01
3.251590e-03 5.305706e-01
3.255838e-03 5.306087e-01
3.260114e-03 5.306471e-01
3.264417e-03 5.306857e-01
3.268746e-03 5.307245e-01
3.273099e-03 5.307635e-01
3.277472e-03 5.308026e-01
3.281862e-03 5.308419e-01
3.286266e-03 5.308812e-01
3.290680e-03 5.309205e-01
3.295100e-03 5.309599e-01
3.299521e-03 5.309993e-01
3.303939e-03 5.310386e-01
3.308351e-03 5.310779e-01
3.312753e-03 5.311170e-01
3.317142e-03 5.311561e-01
3.321515e-03 5.311950e-01
3.325872e-03 5.312337e-01
3.330209e-03 5.312722e-01
3.334527e-03 5.313105e-01
3.338826e-03 5.313486e-01
3.343105e-03 5.313865e-01
3.347365e-03 5.314243e-01
3.351608e-03 5.314618e-01
3.355835e-03 5.314993e-01
3.360049e-03 5.315367e-01
3.364252e-03 5.315740e-01
3.368448e-03 5.316114e-01
3.372639e-03 5.316487e-01
3.376830e-03 5.316862e-01
3.381024e-03 5.317237e-01
3.385204e-03 5.317611e-01
3.389309e-03 5.317978e-01
3.393349e-03 5.318340e-01
3.397309e-03 5.318695e-01
3.401194e-03 5.319043e-01
3.405018e-03 5.319386e-01
3.408795e-03 5.319725e-01
3.412541e-03 5.320061e-01
3.416233e-03 5.320392e-01
3.419782e-03 5.320711e-01
3.423149e-03 5.321013e-01
3.426380e-03 5.321303e-01
3.429522e-03 5.321585e-01
3.432584e-03 5.321859e-01
3.435604e-03 5.322130e-01
3.438605e-03 5.322398e-01
3.441605e-03 5.322667e-01
3.444620e-03 5.322936e-01
3.447657e-03 5.323208e-01
3.450735e-03 5.323483e-01
3.453858e-03 5.323763e-01
3.457030e-03 5.324046e-01
3.460259e-03 5.324334e-01
3.463546e-03 5.324627e-01
3.466896e-03 5.324925e-01
3.470305e-03 5.325228e-01
3.473777e-03 5.325536e-01
3.477315e-03 5.325850e-01
3.480908e-03 5.326168e-01
3.484562e-03 5.326491e-01
3.488276e-03 5.326820e-01
3.492042e-03 5.327152e-01
3.495866e-03 5.327489e-01
3.499741e-03 5.327831e-01
3.503663e-03 5.328176e-01
3.507636e-03 5.328525e-01
3.511642e-03 5.328877e-01
3.515539e-03 5.329219e-01
3.519330e-03 5.329551e-01
3.523022e-03 5.329875e-01
3.526623e-03 5.330190e-01
3.530143e-03 5.330498e-01
3.533586e-03 5.330799e-01
3.536945e-03 5.331092e-01
3.540234e-03 5.331379e-01
3.543465e-03 5.331661e-01
3.546652e-03 5.331939e-01
3.549811e-03 5.332214e-01
3.552926e-03 5.332485e-01
3.556005e-03 5.332753e-01
3.559065e-03 5.333018e-01
3.562127e-03 5.333284e-01
3.565195e-03 5.333550e-01
3.568248e-03 5.333815e-01
3.571236e-03 5.334073e-01
3.574168e-03 5.334326e-01
3.577050e-03 5.334575e-01
3.579893e-03 5.334820e-01
3.582705e-03 5.335064e-01
3.585492e-03 5.335305e-01
3.588201e-03 5.335539e-01
3.590839e-03 5.335767e-01
3.593408e-03 5.335988e-01
3.595908e-03 5.336203e-01
3.598344e-03 5.336412e-01
3.600717e-03 5.336616e-01
3.603031e-03 5.336815e-01
3.605287e-03 5.337009e-01
3.607486e-03 5.337198e-01
3.609634e-03 5.337383e-01
3.611730e-03 5.337564e-01
3.613776e-03 5.337740e-01
3.615778e-03 5.337912e-01
3.617732e-03 5.338080e-01
3.619643e-03 5.338245e-01
3.621515e-03 5.338406e-01
3.623350e-03 5.338564e-01
3.625159e-03 5.338720e-01
3.626948e-03 5.338874e-01
3.628726e-03 5.339027e-01
3.630500e-03 5.339180e-01
3.632181e-03 5.339324e-01
3.633669e-03 5.339452e-01
3.634976e-03 5.339564e-01
3.636127e-03 5.339663e-01
3.637162e-03 5.339752e-01
3.638094e-03 5.339832e-01
3.638947e-03 5.339905e-01
3.639743e-03 5.339973e-01
3.640493e-03 5.340038e-01
3.641212e-03 5.340099e-01
3.641910e-03 5.340159e-01
3.642586e-03 5.340217e-01
3.643249e-03 5.340274e-01
3.643906e-03 5.340330e-01
3.644563e-03 5.340387e-01
3.645225e-03 5.340443e-01
3.645893e-03 5.340499e-01
3.646569e-03 5.340557e-01
3.647256e-03 5.340615e-01
3.647955e-03 5.340675e-01
3.648668e-03 5.340734e-01
3.649397e-03 5.340795e-01
3.650142e-03 5.340858e-01
3.650902e-03 5.340922e-01
3.651678e-03 5.340987e-01
3.652471e-03 5.341052e-01
3.653281e-03 5.341118e-01
3.654107e-03 5.341186e-01
3.654951e-03 5.341256e-01
3.655812e-03 5.341328e-01
3.656690e-03 5.341401e-01
3.657583e-03 5.341476e-01
3.658491e-03 5.341551e-01
3.659414e-03 5.341628e-01
3.660351e-03 5.341706e-01
3.661303e-03 5.341785e-01
3.662268e-03 5.341866e-01
3.663247e-03 5.341948e-01
3.664238e-03 5.342031e-01
3.665242e-03 5.342115e-01
3.666258e-03 5.342202e-01
3.667285e-03 5.342289e-01
3.668323e-03 5.342377e-01
3.669371e-03 5.342467e-01
3.670429e-03 5.342557e-01
3.671496e-03 5.342649e-01
3.672571e-03 5.342741e-01
3.673655e-03 5.342834e-01
3.674746e-03 5.342927e-01
3.675845e-03 5.343020e-01
3.676950e-03 5.343115e-01
3.678062e-03 5.343209e-01
3.679180e-03 5.343305e-01
3.680305e-03 5.343400e-01
3.681435e-03 5.343496e-01
3.682571e-03 5.343592e-01
3.683712e-03 5.343689e-01
3.684860e-03 5.343787e-01
3.686013e-03 5.343884e-01
3.687173e-03 5.343982e-01
3.688338e-03 5.344081e-01
3.689511e-03 5.344180e-01
3.690690e-03 5.344280e-01
3.691877e-03 5.344381e-01
3.693071e-03 5.344482e-01
3.694274e-03 5.344584e-01
3.695486e-03 5.344687e-01
3.696707e-03 5.344790e-01
3.697939e-03 5.344895e-01
3.699182e-03 5.345000e-01
3.700436e-03 5.345106e-01
3.701704e-03 5.345213e-01
3.702984e-03 5.345321e-01
3.704280e-03 5.345430e-01
3.705591e-03 5.345541e-01
3.706919e-03 5.345653e-01
3.708265e-03 5.345766e-01
3.709630e-03 5.345882e-01
3.711017e-03 5.345999e-01
3.712425e-03 5.346119e-01
3.713857e-03 5.346240e-01
3.715315e-03 5.346363e-01
3.716801e-03 5.346489e-01
3.718315e-03 5.346617e-01
3.719861e-03 5.346748e-01
3.721441e-03 5.346881e-01
3.723058e-03 5.347018e-01
3.724713e-03 5.347157e-01
3.726409e-03 5.347300e-01
3.728151e-03 5.347446e-01
3.729941e-03 5.347597e-01
3.731783e-03 5.347752e-01
3.733681e-03 5.347912e-01
3.735640e-03 5.348077e-01
3.737665e-03 5.348248e-01
3.739761e-03 5.348425e-01
3.741935e-03 5.348608e-01
3.744194e-03 5.348800e-01
3.746547e-03 5.348999e-01
3.749002e-03 5.349206e-01
3.751565e-03 5.349423e-01
3.754250e-03 5.349650e-01
3.757059e-03 5.349888e-01
3.759995e-03 5.350137e-01
3.763076e-03 5.350397e-01
3.766322e-03 5.350672e-01
3.769693e-03 5.350958e-01
3.773217e-03 5.351257e-01
3.776925e-03 5.351571e-01
3.780745e-03 5.351895e-01
3.784699e-03 5.352232e-01
3.788788e-03 5.352578e-01
3.792761e-03 5.352914e-01
3.796602e-03 5.353240e-01
3.800326e-03 5.353556e-01
3.803953e-03 5.353863e-01
3.807502e-03 5.354164e-01
3.810992e-03 5.354460e-01
3.814410e-03 5.354749e-01
3.817770e-03 5.355033e-01
3.821094e-03 5.355314e-01
3.824401e-03 5.355593e-01
3.827713e-03 5.355873e-01
3.831027e-03 5.356152e-01
3.834343e-03 5.356432e-01
3.837686e-03 5.356713e-01
3.841082e-03 5.356999e-01
3.844557e-03 5.357290e-01
3.848103e-03 5.357587e-01
3.851719e-03 5.357892e-01
3.855439e-03 5.358205e-01
3.859296e-03 5.358530e-01
3.863303e-03 5.358866e-01
3.867329e-03 5.359203e-01
3.871317e-03 5.359537e-01
3.875269e-03 5.359852e-01
3.879187e-03 5.360198e-01
3.883014e-03 5.360525e-01
3.886615e-03 5.360826e-01
3.890008e-03 5.361106e-01
3.893212e-03 5.361369e-01
3.896243e-03 5.361619e-01
3.899120e-03 5.361856e-01
3.901856e-03 5.362082e-01
3.904456e-03 5.362298e-01
3.906932e-03 5.362504e-01
3.909300e-03 5.362701e-01
3.911570e-03 5.362891e-01
3.913756e-03 5.363074e-01
3.915868e-03 5.363251e-01
3.917914e-03 5.363423e-01
3.919904e-03 5.363589e-01
3.921839e-03 5.363751e-01
3.923727e-03 5.363910e-01
3.925574e-03 5.364065e-01
3.927387e-03 5.364217e-01
3.929172e-03 5.364367e-01
3.930934e-03 5.364515e-01
3.932678e-03 5.364662e-01
3.934406e-03 5.364807e-01
3.936124e-03 5.364951e-01
3.937834e-03 5.365095e-01
3.939539e-03 5.365238e-01
3.941241e-03 5.365381e-01
3.942942e-03 5.365524e-01
3.944645e-03 5.365666e-01
3.946351e-03 5.365809e-01
3.948060e-03 5.365953e-01
3.949774e-03 5.366096e-01
3.951493e-03 5.366240e-01
3.953218e-03 5.366384e-01
3.954948e-03 5.366528e-01
3.956685e-03 5.366673e-01
3.958430e-03 5.366819e-01
3.960182e-03 5.366965e-01
3.961943e-03 5.367112e-01
3.963712e-03 5.367260e-01
3.965491e-03 5.367408e-01
3.967278e-03 5.367558e-01
3.969075e-03 5.367707e-01
3.970883e-03 5.367858e-01
3.972700e-03 5.368009e-01
3.974528e-03 5.368162e-01
3.976367e-03 5.368315e-01
3.978218e-03 5.368469e-01
3.980079e-03 5.368624e-01
3.981952e-03 5.368780e-01
3.983837e-03 5.368937e-01
3.985735e-03 5.369095e-01
3.987644e-03 5.369253e-01
3.989566e-03 5.369413e-01
3.991500e-03 5.369574e-01
3.993447e-03 5.369736e-01
3.995407e-03 5.369900e-01
3.997380e-03 5.370065e-01
3.999366e-03 5.370231e-01
4.001364e-03 5.370398e-01
4.003375e-03 5.370566e-01
4.005400e-03 5.370736e-01
4.007436e-03 5.370906e-01
4.009486e-03 5.371078e-01
4.011549e-03 5.371250e-01
4.013624e-03 5.371423e-01
4.015711e-03 5.371598e-01
4.017811e-03 5.371773e-01
4.019923e-03 5.371949e-01
4.022047e-03 5.372126e-01
4.024183e-03 5.372305e-01
4.026331e-03 5.372484e-01
4.028490e-03 5.372665e-01
4.030661e-03 5.372846e-01
4.032843e-03 5.373029e-01
4.035036e-03 5.373213e-01
4.037240e-03 5.373398e-01
4.039454e-03 5.373583e-01
4.041678e-03 5.373770e-01
4.043913e-03 5.373957e-01
4.046157e-03 5.374146e-01
4.048411e-03 5.374335e-01
4.050674e-03 5.374524e-01
4.052946e-03 5.374715e-01
4.055227e-03 5.374906e-01
4.057516e-03 5.375098e-01
4.059813e-03 5.375290e-01
4.062118e-03 5.375483e-01
4.064431e-03 5.375677e-01
4.066751e-03 5.375871e-01
4.069077e-03 5.376066e-01
4.071411e-03 5.376261e-01
4.073751e-03 5.376457e-01
4.076096e-03 5.376653e-01
4.078448e-03 5.376849e-01
4.080805e-03 5.377046e-01
4.083167e-03 5.377243e-01
4.085534e-03 5.377441e-01
4.087906e-03 5.377639e-01
4.090282e-03 5.377838e-01
4.092662e-03 5.378037e-01
4.095046e-03 5.378236e-01
4.097434e-03 5.378436e-01
4.099825e-03 5.378636e-01
4.102219e-03 5.378836e-01
4.104616e-03 5.379036e-01
4.107016e-03 5.379236e-01
4.109418e-03 5.379437e-01
4.111823e-03 5.379638e-01
4.114229e-03 5.379838e-01
4.116638e-03 5.380039e-01
4.119048e-03 5.380240e-01
4.121459e-03 5.380442e-01
4.123872e-03 5.380643e-01
4.126286e-03 5.380845e-01
4.128701e-03 5.381047e-01
4.131116e-03 5.381249e-01
4.133533e-03 5.381451e-01
4.135950e-03 5.381653e-01
4.138367e-03 5.381855e-01
4.140785e-03 5.382056e-01
4.143203e-03 5.382258e-01
4.145621e-03 5.382459e-01
4.148039e-03 5.382661e-01
4.150457e-03 5.382863e-01
4.152874e-03 5.383065e-01
4.155291e-03 5.383268e-01
4.157708e-03 5.383470e-01
4.160124e-03 5.383672e-01
4.162540e-03 5.383874e-01
4.164954e-03 5.384076e-01
4.167368e-03 5.384277e-01
4.169781e-03 5.384478e-01
4.172193e-03 5.384679e-01
4.174604e-03 5.384879e-01
4.177014e-03 5.385080e-01
4.179423e-03 5.385280e-01
4.181831e-03 5.385480e-01
4.184237e-03 5.385681e-01
4.186642e-03 5.385881e-01
4.189046e-03 5.386082e-01
4.191448e-03 5.386283e-01
4.193849e-03 5.386484e-01
4.196248e-03 5.386685e-01
4.198646e-03 5.386886e-01
4.201042e-03 5.387087e-01
4.203437e-03 5.387287e-01
4.205830e-03 5.387488e-01
4.208222e-03 5.387689e-01
4.210611e-03 5.387890e-01
4.213000e-03 5.388090e-01
4.215386e-03 5.388291e-01
4.217771e-03 5.388491e-01
4.220154e-03 5.388692e-01
4.222536e-03 5.388892e-01
4.224916e-03 5.389093e-01
4.227294e-03 5.389293e-01
4.229671e-03 5.389494e-01
4.232045e-03 5.389694e-01
4.234419e-03 5.389894e-01
4.236790e-03 5.390094e-01
4.239160e-03 5.390294e-01
4.241529e-03 5.390493e-01
4.243895e-03 5.390693e-01
4.246261e-03 5.390892e-01
4.248624e-03 5.391092e-01
4.250987e-03 5.391291e-01
4.253347e-03 5.391491e-01
4.255707e-03 5.391690e-01
4.258065e-03 5.391889e-01
4.260421e-03 5.392089e-01
4.262777e-03 5.392288e-01
4.265131e-03 5.392487e-01
4.267483e-03 5.392686e-01
4.269835e-03 5.392886e-01
4.272186e-03 5.393085e-01
4.274535e-03 5.393284e-01
4.276884e-03 5.393484e-01
4.279231e-03 5.393683e-01
4.281578e-03 5.393882e-01
4.283924e-03 5.394081e-01
4.286269e-03 5.394281e-01
4.288613e-03 5.394480e-01
4.290957e-03 5.394680e-01
4.293300e-03 5.394879e-01
4.295643e-03 5.395079e-01
4.297985e-03 5.395278e-01
4.300327e-03 5.395478e-01
4.302669e-03 5.395677e-01
4.305011e-03 5.395877e-01
4.307352e-03 5.396077e-01
4.309693e-03 5.396278e-01
4.312035e-03 5.396478e-01
4.314376e-03 5.396679e-01
4.316718e-03 5.396881e-01
4.319060e-03 5.397082e-01
4.321402e-03 5.397284e-01
4.323745e-03 5.397487e-01
4.326088e-03 5.397689e-01
4.328431e-03 5.397891e-01
4.330775e-03 5.398094e-01
4.333120e-03 5.398297e-01
4.335466e-03 5.398500e-01
4.337812e-03 5.398703e-01
4.340159e-03 5.398906e-01
4.342506e-03 5.399110e-01
4.344855e-03 5.399313e-01
4.347205e-03 5.399517e-01
4.349555e-03 5.399722e-01
4.351907e-03 5.399927e-01
4.354259e-03 5.400132e-01
4.356613e-03 5.400338e-01
4.358968e-03 5.400544e-01
4.361324e-03 5.400750e-01
4.363681e-03 5.400957e-01
4.366039e-03 5.401165e-01
4.368398e-03 5.401373e-01
4.370759e-03 5.401581e-01
4.373120e-03 5.401790e-01
4.375483e-03 5.401999e-01
4.377847e-03 5.402208e-01
4.380212e-03 5.402417e-01
4.382578e-03 5.402627e-01
4.384945e-03 5.402837e-01
4.387314e-03 5.403048e-01
4.389683e-03 5.403259e-01
4.392053e-03 5.403470e-01
4.394424e-03 5.403682e-01
4.396796e-03 5.403894e-01
4.399169e-03 5.404107e-01
4.401543e-03 5.404320e-01
4.403918e-03 5.404533e-01
4.406293e-03 5.404747e-01
4.408668e-03 5.404962e-01
4.411045e-03 5.405177e-01
4.413421e-03 5.405392e-01
4.415798e-03 5.405608e-01
4.418175e-03 5.405824e-01
4.420553e-03 5.406041e-01
4.422930e-03 5.406257e-01
4.425307e-03 5.406474e-01
4.427684e-03 5.406691e-01
4.430061e-03 5.406908e-01
4.432438e-03 5.407126e-01
4.434814e-03 5.407344e-01
4.437189e-03 5.407563e-01
4.439564e-03 5.407782e-01
4.441938e-03 5.408001e-01
4.444311e-03 5.408221e-01
4.446682e-03 5.408440e-01
4.449053e-03 5.408660e-01
4.451422e-03 5.408881e-01
4.453790e-03 5.409101e-01
4.456156e-03 5.409322e-01
4.458521e-03 5.409543e-01
4.460884e-03 5.409764e-01
4.463244e-03 5.409985e-01
4.465603e-03 5.410207e-01
4.467960e-03 5.410428e-01
4.470314e-03 5.410650e-01
4.472666e-03 5.410871e-01
4.475015e-03 5.411093e-01
4.477362e-03 5.411315e-01
4.479706e-03 5.411536e-01
4.482048e-03 5.411758e-01
4.484386e-03 5.411981e-01
4.486721e-03 5.412203e-01
4.489054e-03 5.412425e-01
4.491383e-03 5.412648e-01
4.493709e-03 5.412871e-01
4.496032e-03 5.413093e-01
4.498351e-03 5.413316e-01
4.500667e-03 5.413539e-01
4.502979e-03 5.413762e-01
4.505288e-03 5.413985e-01
4.507593e-03 5.414208e-01
4.509895e-03 5.414432e-01
4.512193e-03 5.414655e-01
4.514487e-03 5.414878e-01
4.516778e-03 5.415101e-01
4.519065e-03 5.415324e-01
4.521348e-03 5.415548e-01
4.523627e-03 5.415771e-01
4.525903e-03 5.415994e-01
4.528175e-03 5.416218e-01
4.530443e-03 5.416441e-01
4.532707e-03 5.416664e-01
4.534968e-03 5.416887e-01
4.537225e-03 5.417110e-01
4.539478e-03 5.417333e-01
4.541728e-03 5.417556e-01
4.543974e-03 5.417779e-01
4.546216e-03 5.418002e-01
4.548455e-03 5.418225e-01
4.550691e-03 5.418448e-01
4.552923e-03 5.418670e-01
4.555151e-03 5.418893e-01
4.557377e-03 5.419116e-01
4.559599e-03 5.419338e-01
4.561817e-03 5.419561e-01
4.564033e-03 5.419783e-01
4.566245e-03 5.420006e-01
4.568455e-03 5.420228e-01
4.570661e-03 5.420451e-01
4.572865e-03 5.420673e-01
4.575065e-03 5.420896e-01
4.577263e-03 5.421119e-01
4.579458e-03 5.421341e-01
4.581651e-03 5.421564e-01
4.583840e-03 5.421786e-01
4.586028e-03 5.422009e-01
4.588212e-03 5.422232e-01
4.590395e-03 5.422454e-01
4.592574e-03 5.422677e-01
4.594752e-03 5.422899e-01
4.596928e-03 5.423122e-01
4.599101e-03 5.423345e-01
4.601272e-03 5.423567e-01
4.603441e-03 5.423790e-01
4.605608e-03 5.424012e-01
4.607773e-03 5.424235e-01
4.609936e-03 5.424457e-01
4.612098e-03 5.424680e-01
4.614257e-03 5.424903e-01
4.616415e-03 5.425125e-01
4.618572e-03 5.425348e-01
4.620726e-03 5.425571e-01
4.622879e-03 5.425794e-01
4.625031e-03 5.426016e-01
4.627181e-03 5.426239e-01
4.629330e-03 5.426461e-01
4.631477e-03 5.426683e-01
4.633623e-03 5.426906e-01
4.635768e-03 5.427128e-01
4.637911e-03 5.427351e-01
4.640053e-03 5.427574e-01
4.642194e-03 5.427797e-01
4.644334e-03 5.428020e-01
4.646472e-03 5.428243e-01
4.648610e-03 5.428466e-01
4.650746e-03 5.428690e-01
4.652882e-03 5.428913e-01
4.655016e-03 5.429137e-01
4.657149e-03 5.429360e-01
4.659282e-03 5.429584e-01
4.661413e-03 5.429807e-01
4.663544e-03 5.430031e-01
4.665673e-03 5.430254e-01
4.667802e-03 5.430478e-01
4.669930e-03 5.430701e-01
4.672057e-03 5.430925e-01
4.674183e-03 5.431148e-01
4.676308e-03 5.431372e-01
4.678432e-03 5.431596e-01
4.680556e-03 5.431820e-01
4.682678e-03 5.432044e-01
4.684800e-03 5.432268e-01
4.686921e-03 5.432492e-01
4.689042e-03 5.432716e-01
4.691161e-03 5.432940e-01
4.693280e-03 5.433165e-01
4.695398e-03 5.433389e-01
4.697515e-03 5.433613e-01
4.699631e-03 5.433837e-01
4.701747e-03 5.434061e-01
4.703862e-03 5.434286e-01
4.705976e-03 5.434510e-01
4.708089e-03 5.434734e-01
4.710202e-03 5.434959e-01
4.712313e-03 5.435183e-01
4.714424e-03 5.435407e-01
4.716535e-03 5.435631e-01
4.718644e-03 5.435855e-01
4.720752e-03 5.436080e-01
4.722860e-03 5.436304e-01
4.724967e-03 5.436528e-01
4.727073e-03 5.436752e-01
4.729179e-03 5.436976e-01
4.731283e-03 5.437200e-01
4.733387e-03 5.437423e-01
4.735490e-03 5.437647e-01
4.737593e-03 5.437871e-01
4.739694e-03 5.438094e-01
4.741795e-03 5.438318e-01
4.743895e-03 5.438541e-01
4.745994e-03 5.438765e-01
4.748092e-03 5.438988e-01
4.750190e-03 5.439212e-01
4.752287e-03 5.439435e-01
4.754383e-03 5.439659e-01
4.756478e-03 5.439882e-01
4.758573e-03 5.440106e-01
4.760667e-03 5.440329e-01
4.762761e-03 5.440553e-01
4.764854e-03 5.440776e-01
4.766946e-03 5.441000e-01
4.769038e-03 5.441224e-01
4.771129e-03 5.441448e-01
4.773220e-03 5.441671e-01
4.775310e-03 5.441895e-01
4.777400e-03 5.442119e-01
4.779490e-03 5.442343e-01
4.781579e-03 5.442567e-01
4.783668e-03 5.442791e-01
4.785756e-03 5.443015e-01
4.787845e-03 5.443239e-01
4.789933e-03 5.443463e-01
4.792021e-03 5.443687e-01
4.794110e-03 5.443911e-01
4.796198e-03 5.444134e-01
4.798286e-03 5.444358e-01
4.800374e-03 5.444582e-01
4.802463e-03 5.444805e-01
4.804551e-03 5.445029e-01
4.806640e-03 5.445253e-01
4.808729e-03 5.445476e-01
4.810819e-03 5.445700e-01
4.812908e-03 5.445924e-01
4.814999e-03 5.446149e-01
4.817090e-03 5.446373e-01
4.819181e-03 5.446597e-01
4.821273e-03 5.446821e-01
4.823366e-03 5.447046e-01
4.825459e-03 5.447270e-01
4.827553e-03 5.447495e-01
4.829648e-03 5.447720e-01
4.831744e-03 5.447945e-01
4.833840e-03 5.448170e-01
4.835938e-03 5.448395e-01
4.838037e-03 5.448620e-01
4.840137e-03 5.448846e-01
4.842238e-03 5.449071e-01
4.844340e-03 5.449297e-01
4.846443e-03 5.449523e-01
4.848548e-03 5.449750e-01
4.850654e-03 5.449976e-01
4.852762e-03 5.450203e-01
4.854871e-03 5.450431e-01
4.856982e-03 5.450658e-01
4.859094e-03 5.450886e-01
4.861208e-03 5.451114e-01
4.863324e-03 5.451342e-01
4.865441e-03 5.451570e-01
4.867560e-03 5.451799e-01
4.869681e-03 5.452028e-01
4.871805e-03 5.452257e-01
4.873930e-03 5.452487e-01
4.876057e-03 5.452717e-01
4.878187e-03 5.452947e-01
4.880318e-03 5.453177e-01
4.882452e-03 5.453408e-01
4.884589e-03 5.453639e-01
4.886727e-03 5.453870e-01
4.888868e-03 5.454102e-01
4.891012e-03 5.454334e-01
4.893158e-03 5.454566e-01
4.895307e-03 5.454798e-01
4.897459e-03 5.455031e-01
4.899613e-03 5.455265e-01
4.901770e-03 5.455498e-01
4.903930e-03 5.455732e-01
4.906092e-03 5.455967e-01
4.908258e-03 5.456201e-01
4.910427e-03 5.456437e-01
4.912598e-03 5.456672e-01
4.914773e-03 5.456908e-01
4.916951e-03 5.457145e-01
4.919133e-03 5.457381e-01
4.921317e-03 5.457618e-01
4.923505e-03 5.457856e-01
4.925696e-03 5.458094e-01
4.927891e-03 5.458332e-01
4.930089e-03 5.458570e-01
4.932291e-03 5.458809e-01
4.934496e-03 5.459048e-01
4.936705e-03 5.459287e-01
4.938918e-03 5.459527e-01
4.941134e-03 5.459767e-01
4.943354e-03 5.460007e-01
4.945578e-03 5.460248e-01
4.947806e-03 5.460490e-01
4.950038e-03 5.460732e-01
4.952274e-03 5.460974e-01
4.954514e-03 5.461217e-01
4.956757e-03 5.461461e-01
4.959005e-03 5.461705e-01
4.961257e-03 5.461949e-01
4.963514e-03 5.462194e-01
4.965774e-03 5.462439e-01
4.968039e-03 5.462685e-01
4.970308e-03 5.462931e-01
4.972581e-03 5.463178e-01
4.974859e-03 5.463425e-01
4.977141e-03 5.463672e-01
4.979427e-03 5.463920e-01
4.981718e-03 5.464169e-01
4.984014e-03 5.464417e-01
4.986314e-03 5.464666e-01
4.988618e-03 5.464916e-01
4.990928e-03 5.465166e-01
4.993241e-03 5.465416e-01
4.995560e-03 5.465667e-01
4.997883e-03 5.465919e-01
5.000211e-03 5.466171e-01
5.002543e-03 5.466423e-01
5.004880e-03 5.466676e-01
5.007222e-03 5.466929e-01
5.009569e-03 5.467182e-01
5.011921e-03 5.467436e-01
5.014277e-03 5.467690e-01
5.016638e-03 5.467945e-01
5.019005e-03 5.468201e-01
5.021376e-03 5.468456e-01
5.023752e-03 5.468712e-01
5.026133e-03 5.468969e-01
5.028519e-03 5.469226e-01
5.030911e-03 5.469483e-01
5.033307e-03 5.469741e-01
5.035708e-03 5.469999e-01
5.038115e-03 5.470258e-01
5.040527e-03 5.470517e-01
5.042944e-03 5.470777e-01
5.045366e-03 5.471037e-01
5.047794e-03 5.471298e-01
5.050227e-03 5.471558e-01
5.052666e-03 5.471819e-01
5.055110e-03 5.472081e-01
5.057559e-03 5.472342e-01
5.060014e-03 5.472604e-01
5.062474e-03 5.472867e-01
5.064941e-03 5.473130e-01
5.067412e-03 5.473394e-01
5.069890e-03 5.473658e-01
5.072373e-03 5.473923e-01
5.074862e-03 5.474188e-01
5.077357e-03 5.474454e-01
5.079858e-03 5.474719e-01
5.082364e-03 5.474985e-01
5.084877e-03 5.475252e-01
5.087395e-03 5.475519e-01
5.089920e-03 5.475787e-01
5.092451e-03 5.476054e-01
5.094987e-03 5.476323e-01
5.097530e-03 5.476592e-01
5.100079e-03 5.476861e-01
5.102634e-03 5.477130e-01
5.105196e-03 5.477400e-01
5.107763e-03 5.477671e-01
5.110337e-03 5.477942e-01
5.112917e-03 5.478213e-01
5.115504e-03 5.478484e-01
5.118096e-03 5.478757e-01
5.120578e-03 5.479016e-01
5.122886e-03 5.479258e-01
5.125034e-03 5.479483e-01
5.127053e-03 5.479694e-01
5.128974e-03 5.479894e-01
5.130820e-03 5.480087e-01
5.132605e-03 5.480273e-01
5.134338e-03 5.480452e-01
5.136036e-03 5.480627e-01
5.137712e-03 5.480800e-01
5.139374e-03 5.480972e-01
5.141030e-03 5.481141e-01
5.142694e-03 5.481310e-01
5.144378e-03 5.481482e-01
5.146092e-03 5.481658e-01
5.147848e-03 5.481839e-01
5.149654e-03 5.482024e-01
5.151492e-03 5.482211e-01
5.153366e-03 5.482401e-01
5.155283e-03 5.482596e-01
5.157249e-03 5.482797e-01
5.159269e-03 5.483004e-01
5.161350e-03 5.483218e-01
5.163496e-03 5.483439e-01
5.165708e-03 5.483666e-01
5.167988e-03 5.483901e-01
5.170331e-03 5.484143e-01
5.172706e-03 5.484387e-01
5.175115e-03 5.484636e-01
5.177563e-03 5.484888e-01
5.180053e-03 5.485145e-01
5.182591e-03 5.485407e-01
5.185180e-03 5.485674e-01
5.187826e-03 5.485947e-01
5.190524e-03 5.486224e-01
5.193274e-03 5.486507e-01
5.196040e-03 5.486792e-01
5.198813e-03 5.487076e-01
5.201591e-03 5.487361e-01
5.204375e-03 5.487646e-01
5.207165e-03 5.487932e-01
5.209962e-03 5.488218e-01
5.212764e-03 5.488504e-01
5.215573e-03 5.488792e-01
5.218388e-03 5.489080e-01
5.221210e-03 5.489368e-01
5.224038e-03 5.489657e-01
5.226873e-03 5.489947e-01
5.229714e-03 5.490237e-01
5.232561e-03 5.490527e-01
5.235416e-03 5.490817e-01
5.238277e-03 5.491107e-01
5.241145e-03 5.491398e-01
5.244019e-03 5.491689e-01
5.246901e-03 5.491980e-01
5.249789e-03 5.492272e-01
5.252684e-03 5.492565e-01
5.255586e-03 5.492857e-01
5.258495e-03 5.493149e-01
5.261410e-03 5.493441e-01
5.264332e-03 5.493733e-01
5.267261e-03 5.494025e-01
5.270197e-03 5.494318e-01
5.273140e-03 5.494612e-01
5.276089e-03 5.494907e-01
5.279045e-03 5.495203e-01
5.282008e-03 5.495499e-01
5.284977e-03 5.495796e-01
5.287953e-03 5.496093e-01
5.290826e-03 5.496380e-01
5.293473e-03 5.496644e-01
5.295932e-03 5.496888e-01
5.298247e-03 5.497119e-01
5.300442e-03 5.497338e-01
5.302534e-03 5.497545e-01
5.304545e-03 5.497743e-01
5.306492e-03 5.497935e-01
5.308389e-03 5.498123e-01
5.310241e-03 5.498307e-01
5.312060e-03 5.498485e-01
5.313856e-03 5.498661e-01
5.315640e-03 5.498836e-01
5.317420e-03 5.499011e-01
5.319201e-03 5.499186e-01
5.320989e-03 5.499362e-01
5.322789e-03 5.499539e-01
5.324607e-03 5.499718e-01
5.326447e-03 5.499897e-01
5.328315e-03 5.500080e-01
5.330214e-03 5.500265e-01
5.332148e-03 5.500454e-01
5.334118e-03 5.500646e-01
5.336127e-03 5.500844e-01
5.338176e-03 5.501045e-01
5.340268e-03 5.501251e-01
5.342401e-03 5.501462e-01
5.344579e-03 5.501677e-01
5.346799e-03 5.501896e-01
5.349063e-03 5.502120e-01
5.351371e-03 5.502348e-01
5.353722e-03 5.502580e-01
5.356116e-03 5.502817e-01
5.358553e-03 5.503057e-01
5.361033e-03 5.503302e-01
5.363554e-03 5.503551e-01
5.366118e-03 5.503804e-01
5.368723e-03 5.504061e-01
5.371370e-03 5.504323e-01
5.374059e-03 5.504590e-01
5.376790e-03 5.504860e-01
5.379563e-03 5.505135e-01
5.382378e-03 5.505415e-01
5.385236e-03 5.505699e-01
5.388136e-03 5.505987e-01
5.391080e-03 5.506280e-01
5.394068e-03 5.506578e-01
5.397099e-03 5.506880e-01
5.400175e-03 5.507187e-01
5.403295e-03 5.507498e-01
5.406460e-03 5.507814e-01
5.409670e-03 5.508135e-01
5.412886e-03 5.508456e-01
5.416107e-03 5.508778e-01
5.419332e-03 5.509101e-01
5.422562e-03 5.509426e-01
5.425795e-03 5.509751e-01
5.429034e-03 5.510077e-01
5.432277e-03 5.510405e-01
5.435524e-03 5.510734e-01
5.438775e-03 5.511064e-01
5.442032e-03 5.511395e-01
5.445292e-03 5.511727e-01
5.448558e-03 5.512059e-01
5.451828e-03 5.512392e-01
5.455103e-03 5.512726e-01
5.458382e-03 5.513060e-01
5.461667e-03 5.513396e-01
5.464957e-03 5.513732e-01
5.468251e-03 5.514070e-01
5.471551e-03 5.514409e-01
5.474856e-03 5.514748e-01
5.478166e-03 5.515089e-01
5.481482e-03 5.515430e-01
5.484803e-03 5.515771e-01
5.488129e-03 5.516113e-01
5.491460e-03 5.516456e-01
5.494797e-03 5.516800e-01
5.498139e-03 5.517144e-01
5.501487e-03 5.517490e-01
5.504840e-03 5.517836e-01
5.508198e-03 5.518184e-01
5.511562e-03 5.518532e-01
5.514931e-03 5.518882e-01
5.518305e-03 5.519231e-01
5.521685e-03 5.519582e-01
5.525070e-03 5.519933e-01
5.528460e-03 5.520284e-01
5.531855e-03 5.520636e-01
5.535256e-03 5.520989e-01
5.538661e-03 5.521342e-01
5.542072e-03 5.521696e-01
5.545488e-03 5.522051e-01
5.548908e-03 5.522406e-01
5.552334e-03 5.522763e-01
5.555766e-03 5.523120e-01
5.559202e-03 5.523477e-01
5.562644e-03 5.523836e-01
5.566091e-03 5.524196e-01
5.569543e-03 5.524557e-01
5.573001e-03 5.524918e-01
5.576465e-03 5.525281e-01
5.579935e-03 5.525643e-01
5.583411e-03 5.526007e-01
5.586893e-03 5.526370e-01
5.590381e-03 5.526734e-01
5.593877e-03 5.527099e-01
5.597379e-03 5.527465e-01
5.600889e-03 5.527831e-01
5.604406e-03 5.528199e-01
5.607931e-03 5.528567e-01
5.611464e-03 5.528937e-01
5.615005e-03 5.529309e-01
5.618555e-03 5.529681e-01
5.622115e-03 5.530055e-01
5.625683e-03 5.530430e-01
5.629262e-03 5.530806e-01
5.632850e-03 5.531183e-01
5.636449e-03 5.531562e-01
5.640059e-03 5.531942e-01
5.643680e-03 5.532324e-01
5.647312e-03 5.532706e-01
5.650956e-03 5.533091e-01
5.654613e-03 5.533476e-01
5.658282e-03 5.533863e-01
5.661963e-03 5.534251e-01
5.665658e-03 5.534640e-01
5.669366e-03 5.535031e-01
5.673089e-03 5.535423e-01
5.676825e-03 5.535817e-01
5.680576e-03 5.536213e-01
5.684341e-03 5.536610e-01
5.688106e-03 5.537007e-01
5.691824e-03 5.537399e-01
5.695497e-03 5.537787e-01
5.699125e-03 5.538169e-01
5.702709e-03 5.538546e-01
5.706252e-03 5.538919e-01
5.709755e-03 5.539288e-01
5.713219e-03 5.539652e-01
5.716647e-03 5.540012e-01
5.720040e-03 5.540369e-01
5.723402e-03 5.540723e-01
5.726733e-03 5.541074e-01
5.730036e-03 5.541422e-01
5.733314e-03 5.541768e-01
5.736569e-03 5.542111e-01
5.739803e-03 5.542453e-01
5.743019e-03 5.542792e-01
5.746218e-03 5.543130e-01
5.749405e-03 5.543466e-01
5.752579e-03 5.543800e-01
5.755745e-03 5.544133e-01
5.758904e-03 5.544465e-01
5.762059e-03 5.544797e-01
5.765211e-03 5.545129e-01
5.768363e-03 5.545460e-01
5.771517e-03 5.545791e-01
5.774674e-03 5.546123e-01
5.777837e-03 5.546455e-01
5.781008e-03 5.546789e-01
5.784188e-03 5.547124e-01
5.787379e-03 5.547461e-01
5.790583e-03 5.547799e-01
5.793802e-03 5.548138e-01
5.797036e-03 5.548479e-01
5.800287e-03 5.548822e-01
5.803557e-03 5.549168e-01
5.806847e-03 5.549515e-01
5.810158e-03 5.549865e-01
5.813492e-03 5.550217e-01
5.816849e-03 5.550573e-01
5.820231e-03 5.550930e-01
5.823639e-03 5.551291e-01
5.827074e-03 5.551654e-01
5.830536e-03 5.552020e-01
5.834027e-03 5.552389e-01
5.837547e-03 5.552761e-01
5.841097e-03 5.553136e-01
5.844678e-03 5.553514e-01
5.848291e-03 5.553895e-01
5.851678e-03 5.554252e-01
5.854728e-03 5.554574e-01
5.857401e-03 5.554855e-01
5.859837e-03 5.555111e-01
5.862029e-03 5.555342e-01
5.864002e-03 5.555548e-01
5.865820e-03 5.555739e-01
5.867508e-03 5.555914e-01
5.869074e-03 5.556076e-01
5.870540e-03 5.556229e-01
5.871925e-03 5.556371e-01
5.873254e-03 5.556506e-01
5.874544e-03 5.556638e-01
5.875806e-03 5.556768e-01
5.877040e-03 5.556892e-01
5.878251e-03 5.557014e-01
5.879452e-03 5.557137e-01
5.880647e-03 5.557259e-01
5.881844e-03 5.557380e-01
5.883052e-03 5.557502e-01
5.884282e-03 5.557627e-01
5.885544e-03 5.557757e-01
5.886833e-03 5.557890e-01
5.888145e-03 5.558025e-01
5.889489e-03 5.558161e-01
5.890876e-03 5.558301e-01
5.892317e-03 5.558447e-01
5.893818e-03 5.558600e-01
5.895368e-03 5.558759e-01
5.896955e-03 5.558923e-01
5.898585e-03 5.559091e-01
5.900267e-03 5.559265e-01
5.902007e-03 5.559445e-01
5.903811e-03 5.559631e-01
5.905680e-03 5.559824e-01
5.907584e-03 5.560022e-01
5.909530e-03 5.560223e-01
5.911520e-03 5.560429e-01
5.913548e-03 5.560640e-01
5.915619e-03 5.560855e-01
5.917733e-03 5.561075e-01
5.919874e-03 5.561299e-01
5.922045e-03 5.561526e-01
5.924250e-03 5.561757e-01
5.926489e-03 5.561991e-01
5.928766e-03 5.562230e-01
5.931081e-03 5.562472e-01
5.933436e-03 5.562719e-01
5.935830e-03 5.562970e-01
5.938264e-03 5.563225e-01
5.940738e-03 5.563485e-01
5.943251e-03 5.563749e-01
5.945805e-03 5.564018e-01
5.948399e-03 5.564290e-01
5.951032e-03 5.564567e-01
5.953706e-03 5.564847e-01
5.956421e-03 5.565132e-01
5.959174e-03 5.565420e-01
5.961965e-03 5.565712e-01
5.964793e-03 5.566007e-01
5.967663e-03 5.566307e-01
5.970575e-03 5.566611e-01
5.973534e-03 5.566920e-01
5.976547e-03 5.567234e-01
5.979620e-03 5.567554e-01
5.982767e-03 5.567883e-01
5.985973e-03 5.568217e-01
5.989239e-03 5.568557e-01
5.992575e-03 5.568903e-01
5.995998e-03 5.569260e-01
5.999527e-03 5.569628e-01
6.003133e-03 5.570004e-01
6.006822e-03 5.570387e-01
6.010613e-03 5.570779e-01
6.014528e-03 5.571185e-01
6.018430e-03 5.571589e-01
6.022304e-03 5.571989e-01
6.026125e-03 5.572382e-01
6.029860e-03 5.572765e-01
6.033536e-03 5.573141e-01
6.037196e-03 5.573515e-01
6.040877e-03 5.573892e-01
6.044506e-03 5.574263e-01
6.048085e-03 5.574628e-01
6.051655e-03 5.574991e-01
6.055254e-03 5.575357e-01
6.058875e-03 5.575725e-01
6.062438e-03 5.576087e-01
6.065983e-03 5.576448e-01
6.069546e-03 5.576810e-01
6.073166e-03 5.577178e-01
6.076766e-03 5.577542e-01
6.080328e-03 5.577902e-01
6.083890e-03 5.578263e-01
6.087495e-03 5.578627e-01
6.091113e-03 5.578992e-01
6.094672e-03 5.579352e-01
6.098215e-03 5.579708e-01
6.101785e-03 5.580066e-01
6.105401e-03 5.580429e-01
6.108955e-03 5.580786e-01
6.112484e-03 5.581141e-01
6.116033e-03 5.581498e-01
6.119612e-03 5.581857e-01
6.123141e-03 5.582210e-01
6.126643e-03 5.582559e-01
6.130168e-03 5.582910e-01
6.133732e-03 5.583263e-01
6.137260e-03 5.583613e-01
6.140768e-03 5.583961e-01
6.144304e-03 5.584312e-01
6.147853e-03 5.584663e-01
6.151250e-03 5.585000e-01
6.154219e-03 5.585293e-01
6.156931e-03 5.585560e-01
6.159437e-03 5.585806e-01
6.161719e-03 5.586030e-01
6.163847e-03 5.586238e-01
6.165846e-03 5.586434e-01
6.167736e-03 5.586618e-01
6.169531e-03 5.586794e-01
6.171249e-03 5.586961e-01
6.172909e-03 5.587121e-01
6.174528e-03 5.587278e-01
6.176115e-03 5.587432e-01
6.177674e-03 5.587581e-01
6.179216e-03 5.587727e-01
6.180751e-03 5.587874e-01
6.182288e-03 5.588021e-01
6.183832e-03 5.588170e-01
6.185393e-03 5.588318e-01
6.186978e-03 5.588467e-01
6.188595e-03 5.588619e-01
6.190236e-03 5.588773e-01
6.191904e-03 5.588931e-01
6.193603e-03 5.589093e-01
6.195334e-03 5.589259e-01
6.197102e-03 5.589428e-01
6.198908e-03 5.589601e-01
6.200757e-03 5.589779e-01
6.202649e-03 5.589961e-01
6.204589e-03 5.590147e-01
6.206577e-03 5.590338e-01
6.208588e-03 5.590532e-01
6.210621e-03 5.590728e-01
6.212679e-03 5.590926e-01
6.214761e-03 5.591126e-01
6.216868e-03 5.591329e-01
6.219003e-03 5.591535e-01
6.221167e-03 5.591743e-01
6.223363e-03 5.591954e-01
6.225592e-03 5.592169e-01
6.227858e-03 5.592387e-01
6.230155e-03 5.592608e-01
6.232462e-03 5.592830e-01
6.234782e-03 5.593053e-01
6.237117e-03 5.593278e-01
6.239471e-03 5.593504e-01
6.241847e-03 5.593731e-01
6.244248e-03 5.593961e-01
6.246679e-03 5.594194e-01
6.249144e-03 5.594429e-01
6.251648e-03 5.594667e-01
6.254192e-03 5.594909e-01
6.256766e-03 5.595154e-01
6.259357e-03 5.595400e-01
6.261966e-03 5.595648e-01
6.264598e-03 5.595898e-01
6.267258e-03 5.596150e-01
6.269948e-03 5.596405e-01
6.272673e-03 5.596663e-01
6.275438e-03 5.596925e-01
6.278247e-03 5.597190e-01
6.281097e-03 5.597458e-01
6.283986e-03 5.597730e-01
6.286901e-03 5.598004e-01
6.289837e-03 5.598281e-01
6.292798e-03 5.598559e-01
6.295787e-03 5.598840e-01
6.298809e-03 5.599124e-01
6.301868e-03 5.599411e-01
6.304968e-03 5.599702e-01
6.308115e-03 5.599996e-01
6.311313e-03 5.600294e-01
6.314552e-03 5.600596e-01
6.317834e-03 5.600901e-01
6.321150e-03 5.601209e-01
6.324494e-03 5.601518e-01
6.327864e-03 5.601829e-01
6.331239e-03 5.602140e-01
6.334621e-03 5.602452e-01
6.338010e-03 5.602765e-01
6.341408e-03 5.603079e-01
6.344817e-03 5.603394e-01
6.348237e-03 5.603711e-01
6.351669e-03 5.604028e-01
6.355116e-03 5.604346e-01
6.358578e-03 5.604666e-01
6.362055e-03 5.604986e-01
6.365551e-03 5.605308e-01
6.369064e-03 5.605632e-01
6.372598e-03 5.605958e-01
6.376152e-03 5.606285e-01
6.379728e-03 5.606615e-01
6.383327e-03 5.606946e-01
6.386949e-03 5.607279e-01
6.390597e-03 5.607613e-01
6.394270e-03 5.607948e-01
6.397970e-03 5.608286e-01
6.401698e-03 5.608625e-01
6.405454e-03 5.608967e-01
6.409240e-03 5.609311e-01
6.413057e-03 5.609657e-01
6.416905e-03 5.610006e-01
6.420785e-03 5.610358e-01
6.424699e-03 5.610713e-01
6.428646e-03 5.611070e-01
6.432628e-03 5.611430e-01
6.436647e-03 5.611793e-01
6.440702e-03 5.612157e-01
6.444794e-03 5.612525e-01
6.448925e-03 5.612895e-01
6.453095e-03 5.613269e-01
6.457305e-03 5.613646e-01
6.461556e-03 5.614027e-01
6.465848e-03 5.614413e-01
6.470182e-03 5.614802e-01
6.474560e-03 5.615194e-01
6.478982e-03 5.615590e-01
6.483447e-03 5.615990e-01
6.487958e-03 5.616392e-01
6.492515e-03 5.616798e-01
6.497117e-03 5.617207e-01
6.501766e-03 5.617620e-01
6.506345e-03 5.618027e-01
6.510617e-03 5.618407e-01
6.514612e-03 5.618762e-01
6.518365e-03 5.619096e-01
6.521924e-03 5.619412e-01
6.525329e-03 5.619715e-01
6.528612e-03 5.620007e-01
6.531800e-03 5.620290e-01
6.534916e-03 5.620566e-01
6.537941e-03 5.620834e-01
6.540893e-03 5.621095e-01
6.543789e-03 5.621351e-01
6.546647e-03 5.621604e-01
6.549482e-03 5.621855e-01
6.552308e-03 5.622105e-01
6.555136e-03 5.622355e-01
