2.000000e+04 0.000000e+00 2.902991e-14 
1.980000e+04 2.000000e+02 2.964338e-14 
1.980000e+04 4.000000e+02 1.861309e-14 
1.940000e+04 6.000000e+02 1.788340e-14 
1.920000e+04 8.000000e+02 1.707283e-14 
1.900000e+04 1.000000e+03 1.664045e-14 
1.880000e+04 1.200000e+03 1.647640e-14 
1.860000e+04 1.400000e+03 1.576559e-14 
1.840000e+04 1.600000e+03 1.565254e-14 
1.820000e+04 1.800000e+03 1.490922e-14 
1.800000e+04 2.000000e+03 1.492337e-14 
1.780000e+04 2.200000e+03 1.416152e-14 
1.760000e+04 2.400000e+03 1.426704e-14 
1.740000e+04 2.600000e+03 1.350410e-14 
1.720000e+04 2.800000e+03 1.367962e-14 
1.700000e+04 3.000000e+03 1.292710e-14 
1.680000e+04 3.200000e+03 1.315420e-14 
1.660000e+04 3.400000e+03 1.242045e-14 
1.640000e+04 3.600000e+03 1.268449e-14 
1.620000e+04 3.800000e+03 1.197499e-14 
1.600000e+04 4.000000e+03 1.226497e-14 
1.580000e+04 4.200000e+03 1.158287e-14 
1.560000e+04 4.400000e+03 1.189068e-14 
1.540000e+04 4.600000e+03 1.123744e-14 
1.520000e+04 4.800000e+03 1.155725e-14 
1.500000e+04 5.000000e+03 1.093308e-14 
1.480000e+04 5.200000e+03 1.126078e-14 
1.460000e+04 5.400000e+03 1.066510e-14 
1.440000e+04 5.600000e+03 1.099788e-14 
1.420000e+04 5.800000e+03 1.042953e-14 
1.400000e+04 6.000000e+03 1.076562e-14 
1.380000e+04 6.200000e+03 1.022307e-14 
1.360000e+04 6.400000e+03 1.056145e-14 
1.340000e+04 6.600000e+03 1.004299e-14 
1.320000e+04 6.800000e+03 1.038317e-14 
1.300000e+04 7.000000e+03 9.886976e-15 
1.280000e+04 7.200000e+03 1.022892e-14 
1.260000e+04 7.400000e+03 9.753158e-15 
1.240000e+04 7.600000e+03 1.009714e-14 
1.220000e+04 7.800000e+03 9.640021e-15 
1.200000e+04 8.000000e+03 9.986554e-15 
1.180000e+04 8.200000e+03 9.546507e-15 
1.160000e+04 8.400000e+03 9.896484e-15 
1.140000e+04 8.600000e+03 9.471195e-15 
1.120000e+04 8.800000e+03 9.825366e-15 
1.100000e+04 9.000000e+03 9.405486e-15 
1.080000e+04 9.200000e+03 9.746037e-15 
1.060000e+04 9.400000e+03 9.355509e-15 
1.040000e+04 9.600000e+03 9.726066e-15 
1.020000e+04 9.800000e+03 9.323207e-15 
1.000000e+04 1.000000e+04 9.646241e-15 
