0.000000e+00 8.749887e+02 1.021573e-03 1.010488e-13 -3.028510e-15 5.504250e-13
7.071068e-03 8.557158e+02 1.052368e-03 2.457356e-03 -2.446988e-03 6.172819e-03
1.414214e-02 8.345582e+02 1.088093e-03 4.914870e-03 -4.893819e-03 2.469128e-02
2.121320e-02 7.940023e+02 1.162827e-03 7.372681e-03 -7.340355e-03 4.116308e-02
2.828427e-02 7.615217e+02 1.229426e-03 9.830848e-03 -9.786537e-03 5.909277e-02
3.535534e-02 7.229667e+02 1.317619e-03 1.228939e-02 -1.223235e-02 9.627408e-02
4.242641e-02 6.932195e+02 1.393545e-03 1.474837e-02 -1.467774e-02 1.485739e-01
4.949747e-02 6.332780e+02 1.572143e-03 1.720796e-02 -1.712253e-02 2.433089e-01
5.656854e-02 5.866173e+02 1.741057e-03 1.966850e-02 -1.956639e-02 3.643680e-01
6.363961e-02 5.004044e+02 2.152091e-03 2.213036e-02 -2.200895e-02 4.619361e-01
7.071068e-02 4.120938e+02 2.788019e-03 2.459498e-02 -2.444878e-02 6.811412e-01
7.778175e-02 3.681263e+02 3.240625e-03 2.706239e-02 -2.688586e-02 3.000481e-01
8.485281e-02 3.284632e+02 3.772619e-03 2.953239e-02 -2.932030e-02 1.789769e-01
9.192388e-02 4.636675e+02 2.382396e-03 3.199965e-02 -3.175766e-02 -3.859431e-01
9.899495e-02 1.042069e+02 1.743537e-02 3.446450e-02 -3.419802e-02 -2.116277e+00
1.060660e-01 1.000000e+00 1.389233e-01 3.709694e-02 -3.638484e-02 -1.943973e+00
1.131371e-01 1.000000e+00 3.456199e-01 4.067887e-02 -3.758482e-02 -1.711578e+00
1.202082e-01 1.000000e+00 4.624866e-01 4.511607e-02 -3.795195e-02 -1.514686e+00
1.272792e-01 1.000000e+00 5.543857e-01 5.007672e-02 -3.780931e-02 -1.335165e+00
1.343503e-01 1.000000e+00 6.036313e-01 5.539031e-02 -3.731852e-02 -1.202001e+00
1.414214e-01 1.000000e+00 6.451576e-01 6.092754e-02 -3.660410e-02 -1.083973e+00
1.484924e-01 1.000000e+00 6.651000e-01 6.661375e-02 -3.573801e-02 -9.829441e-01
1.555635e-01 1.000000e+00 6.826811e-01 7.239234e-02 -3.477504e-02 -8.952345e-01
1.626346e-01 1.000000e+00 6.880790e-01 7.822333e-02 -3.375412e-02 -8.190407e-01
1.697056e-01 1.000000e+00 6.937682e-01 8.407984e-02 -3.270134e-02 -7.523094e-01
1.767767e-01 1.000000e+00 6.922962e-01 8.994210e-02 -3.163600e-02 -6.936262e-01
1.838478e-01 1.000000e+00 6.920721e-01 9.579730e-02 -3.057062e-02 -6.417163e-01
1.909188e-01 1.000000e+00 6.874559e-01 1.016359e-01 -2.951458e-02 -5.956161e-01
1.979899e-01 1.000000e+00 6.843436e-01 1.074519e-01 -2.847365e-02 -5.544752e-01
2.050610e-01 1.000000e+00 6.784335e-01 1.132411e-01 -2.745220e-02 -5.176330e-01
2.121320e-01 1.000000e+00 6.739978e-01 1.190011e-01 -2.645259e-02 -4.845036e-01
2.192031e-01 1.000000e+00 6.677198e-01 1.247303e-01 -2.547661e-02 -4.546235e-01
2.262742e-01 1.000000e+00 6.627811e-01 1.304280e-01 -2.452491e-02 -4.275783e-01
2.333452e-01 1.000000e+00 6.565942e-01 1.360942e-01 -2.359795e-02 -4.030350e-01
2.404163e-01 1.000000e+00 6.515833e-01 1.417291e-01 -2.269554e-02 -3.806938e-01
2.474874e-01 1.000000e+00 6.457055e-01 1.473334e-01 -2.181750e-02 -3.603105e-01
2.545584e-01 1.000000e+00 6.408442e-01 1.529078e-01 -2.096325e-02 -3.416636e-01
2.616295e-01 1.000000e+00 6.353685e-01 1.584533e-01 -2.013231e-02 -3.245703e-01
2.687006e-01 1.000000e+00 6.307653e-01 1.639709e-01 -1.932397e-02 -3.088641e-01
2.757716e-01 1.000000e+00 6.257196e-01 1.694618e-01 -1.853764e-02 -2.944058e-01
2.828427e-01 1.000000e+00 6.214214e-01 1.749272e-01 -1.777261e-02 -2.810680e-01
2.899138e-01 1.000000e+00 6.168008e-01 1.803682e-01 -1.702827e-02 -2.687430e-01
2.969848e-01 1.000000e+00 6.128214e-01 1.857860e-01 -1.630397e-02 -2.573318e-01
3.040559e-01 1.000000e+00 6.086057e-01 1.911819e-01 -1.559917e-02 -2.467498e-01
3.111270e-01 1.000000e+00 6.049418e-01 1.965572e-01 -1.491329e-02 -2.369188e-01
3.181981e-01 1.000000e+00 6.011050e-01 2.019129e-01 -1.424585e-02 -2.277715e-01
3.252691e-01 1.000000e+00 5.977450e-01 2.072505e-01 -1.359639e-02 -2.192455e-01
3.323402e-01 1.000000e+00 5.942604e-01 2.125710e-01 -1.296451e-02 -2.112863e-01
3.394113e-01 1.000000e+00 5.911899e-01 2.178757e-01 -1.234983e-02 -2.038433e-01
3.464823e-01 1.000000e+00 5.880326e-01 2.231659e-01 -1.175204e-02 -1.968720e-01
3.535534e-01 1.000000e+00 5.852373e-01 2.284427e-01 -1.117084e-02 -1.903308e-01
3.606245e-01 1.000000e+00 5.823856e-01 2.337073e-01 -1.060601e-02 -1.841830e-01
3.676955e-01 1.000000e+00 5.798524e-01 2.389611e-01 -1.005732e-02 -1.783938e-01
3.747666e-01 1.000000e+00 5.772885e-01 2.442051e-01 -9.524599e-03 -1.729324e-01
3.818377e-01 1.000000e+00 5.750067e-01 2.494406e-01 -9.007696e-03 -1.677697e-01
3.889087e-01 1.000000e+00 5.727164e-01 2.546688e-01 -8.506498e-03 -1.628794e-01
3.959798e-01 1.000000e+00 5.706780e-01 2.598909e-01 -8.020895e-03 -1.582368e-01
4.030509e-01 1.000000e+00 5.686507e-01 2.651082e-01 -7.550819e-03 -1.538193e-01
4.101219e-01 1.000000e+00 5.668502e-01 2.703219e-01 -7.096197e-03 -1.496055e-01
4.171930e-01 1.000000e+00 5.650785e-01 2.755331e-01 -6.656987e-03 -1.455760e-01
4.242641e-01 1.000000e+00 5.635127e-01 2.807432e-01 -6.233143e-03 -1.417120e-01
4.313351e-01 1.000000e+00 5.619922e-01 2.859532e-01 -5.824637e-03 -1.379965e-01
4.384062e-01 1.000000e+00 5.606599e-01 2.911646e-01 -5.431432e-03 -1.344132e-01
4.454773e-01 1.000000e+00 5.593883e-01 2.963783e-01 -5.053505e-03 -1.309468e-01
4.525483e-01 1.000000e+00 5.582900e-01 3.015957e-01 -4.690817e-03 -1.275829e-01
4.596194e-01 1.000000e+00 5.572666e-01 3.068180e-01 -4.343334e-03 -1.243080e-01
4.666905e-01 1.000000e+00 5.564038e-01 3.120463e-01 -4.011005e-03 -1.211092e-01
4.737615e-01 1.000000e+00 5.556291e-01 3.172819e-01 -3.693776e-03 -1.179743e-01
4.808326e-01 1.000000e+00 5.550039e-01 3.225259e-01 -3.391571e-03 -1.148919e-01
4.879037e-01 1.000000e+00 5.544788e-01 3.277795e-01 -3.104305e-03 -1.118510e-01
4.949747e-01 1.000000e+00 5.540931e-01 3.330437e-01 -2.831868e-03 -1.088412e-01
5.020458e-01 1.000000e+00 5.538184e-01 3.383197e-01 -2.574137e-03 -1.058529e-01
5.091169e-01 1.000000e+00 5.536736e-01 3.436087e-01 -2.330959e-03 -1.028765e-01
5.161880e-01 1.000000e+00 5.536490e-01 3.489116e-01 -2.102163e-03 -9.990337e-02
5.232590e-01 1.000000e+00 5.537453e-01 3.542295e-01 -1.887550e-03 -9.692505e-02
5.303301e-01 1.000000e+00 5.539693e-01 3.595633e-01 -1.686896e-03 -9.393372e-02
5.374012e-01 1.000000e+00 5.543051e-01 3.649141e-01 -1.499947e-03 -9.092184e-02
5.444722e-01 1.000000e+00 5.547742e-01 3.702827e-01 -1.326424e-03 -8.788245e-02
5.515433e-01 1.000000e+00 5.553458e-01 3.756700e-01 -1.166015e-03 -8.480887e-02
5.586144e-01 1.000000e+00 5.560542e-01 3.810769e-01 -1.018384e-03 -8.169497e-02
5.656854e-01 1.000000e+00 5.568555e-01 3.865040e-01 -8.831633e-04 -7.853489e-02
5.727565e-01 1.000000e+00 5.577950e-01 3.919522e-01 -7.599561e-04 -7.532330e-02
5.798276e-01 1.000000e+00 5.588170e-01 3.974221e-01 -6.483382e-04 -7.205515e-02
5.868986e-01 1.000000e+00 5.599767e-01 4.029142e-01 -5.478577e-04 -6.872588e-02
5.939697e-01 1.000000e+00 5.612082e-01 4.084293e-01 -4.580362e-04 -6.533120e-02
6.010408e-01 1.000000e+00 5.625746e-01 4.139676e-01 -3.783693e-04 -6.186732e-02
6.081118e-01 1.000000e+00 5.640016e-01 4.195298e-01 -3.083293e-04 -5.833070e-02
6.151829e-01 1.000000e+00 5.655592e-01 4.251161e-01 -2.473647e-04 -5.471826e-02
6.222540e-01 1.000000e+00 5.671662e-01 4.307268e-01 -1.949043e-04 -5.102716e-02
6.293250e-01 1.000000e+00 5.688977e-01 4.363623e-01 -1.503561e-04 -4.725501e-02
6.363961e-01 1.000000e+00 5.706675e-01 4.420226e-01 -1.131126e-04 -4.339965e-02
6.434672e-01 1.000000e+00 5.725549e-01 4.477080e-01 -8.254886e-05 -3.945930e-02
6.505382e-01 1.000000e+00 5.744700e-01 4.534185e-01 -5.802848e-05 -3.543241e-02
6.576093e-01 1.000000e+00 5.764953e-01 4.591541e-01 -3.890171e-05 -3.131777e-02
6.646804e-01 1.000000e+00 5.785386e-01 4.649149e-01 -2.451118e-05 -2.711435e-02
6.717514e-01 1.000000e+00 5.806850e-01 4.707006e-01 -1.419003e-05 -2.282142e-02
6.788225e-01 1.000000e+00 5.828412e-01 4.765113e-01 -7.267318e-06 -1.843840e-02
6.858936e-01 1.000000e+00 5.850945e-01 4.823468e-01 -3.066290e-06 -1.396496e-02
6.929646e-01 1.000000e+00 5.873515e-01 4.882069e-01 -9.087354e-07 -9.400799e-03
7.000357e-01 1.000000e+00 5.897012e-01 4.940914e-01 -1.136045e-07 -4.745817e-03
7.071068e-01 1.000000e+00 5.920513e-01 5.000000e-01 0.000000e+00 -7.532179e-12
