0 8.187648e-01 
1 4.637575e-01 
2 2.732600e-01 
3 1.692755e-01 
4 1.110988e-01 
5 7.732981e-02 
6 5.670803e-02 
7 4.333816e-02 
8 3.413742e-02 
9 2.746995e-02 
10 2.243697e-02 
11 1.851918e-02 
12 1.539920e-02 
13 1.287221e-02 
14 1.079960e-02 
15 9.083650e-03 
16 7.653107e-03 
17 6.454443e-03 
18 5.446442e-03 
19 4.596669e-03 
20 3.879126e-03 
21 3.272661e-03 
22 2.759846e-03 
23 2.326187e-03 
24 1.959538e-03 
25 1.649666e-03 
26 1.387918e-03 
27 1.166960e-03 
28 9.805608e-04 
29 8.234287e-04 
30 6.910644e-04 
31 5.796449e-04 
32 4.859229e-04 
33 4.071420e-04 
34 3.409648e-04 
35 2.854104e-04 
36 2.388023e-04 
37 1.997224e-04 
38 1.669728e-04 
39 1.395423e-04 
40 1.165782e-04 
41 9.736199e-05 
42 8.128898e-05 
43 6.785042e-05 
44 5.661873e-05 
45 4.723480e-05 
46 3.939722e-05 
47 3.285318e-05 
48 2.739075e-05 
49 2.283237e-05 
50 1.902936e-05 
51 1.585727e-05 
52 1.321201e-05 
53 1.100652e-05 
54 9.168024e-06 
55 7.635724e-06 
56 6.358826e-06 
57 5.294920e-06 
58 4.408600e-06 
59 3.670319e-06 
60 3.055423e-06 
61 2.543349e-06 
62 2.116947e-06 
63 1.761918e-06 
64 1.466341e-06 
65 1.220280e-06 
66 1.015457e-06 
67 8.449726e-07 
68 7.030788e-07 
69 5.849884e-07 
70 4.867137e-07 
71 4.049341e-07 
72 3.368841e-07 
73 2.802614e-07 
74 2.331490e-07 
75 1.939511e-07 
76 1.613393e-07 
77 1.342079e-07 
78 1.116366e-07 
79 9.285958e-08 
