0 9.074768e-04 
1 9.071125e-04 
2 9.067484e-04 
3 9.063844e-04 
4 9.060206e-04 
5 9.056569e-04 
6 9.052934e-04 
7 9.049300e-04 
8 9.045668e-04 
9 9.042038e-04 
10 9.038409e-04 
11 9.034782e-04 
12 9.031156e-04 
13 9.027532e-04 
14 9.023909e-04 
15 9.020288e-04 
16 9.016669e-04 
17 9.013051e-04 
18 9.009435e-04 
19 9.005820e-04 
20 9.002207e-04 
21 8.998595e-04 
22 8.994985e-04 
23 8.991377e-04 
24 8.987770e-04 
25 8.984165e-04 
26 8.980561e-04 
27 8.976959e-04 
28 8.973358e-04 
29 8.969759e-04 
30 8.966161e-04 
31 8.962565e-04 
32 8.958971e-04 
33 8.955378e-04 
34 8.951786e-04 
35 8.948197e-04 
36 8.944608e-04 
37 8.941022e-04 
38 8.937437e-04 
39 8.933853e-04 
40 8.930271e-04 
41 8.926691e-04 
42 8.923112e-04 
43 8.919534e-04 
44 8.915958e-04 
45 8.912384e-04 
46 8.908811e-04 
47 8.905240e-04 
48 8.901671e-04 
49 8.898102e-04 
50 8.894536e-04 
51 8.890971e-04 
52 8.887407e-04 
53 8.883845e-04 
54 8.880285e-04 
55 8.876726e-04 
56 8.873169e-04 
57 8.869613e-04 
58 8.866059e-04 
59 8.862506e-04 
60 8.858955e-04 
61 8.855405e-04 
62 8.851857e-04 
63 8.848311e-04 
64 8.844766e-04 
65 8.841222e-04 
66 8.837680e-04 
67 8.834140e-04 
68 8.830601e-04 
69 8.827063e-04 
70 8.823528e-04 
71 8.819993e-04 
72 8.816461e-04 
73 8.812929e-04 
74 8.809400e-04 
75 8.805871e-04 
76 8.802345e-04 
77 8.798820e-04 
78 8.795296e-04 
79 8.791774e-04 
80 8.788253e-04 
81 8.784734e-04 
82 8.781217e-04 
83 8.777701e-04 
84 8.774186e-04 
85 8.770673e-04 
86 8.767162e-04 
87 8.763652e-04 
88 8.760143e-04 
89 8.756636e-04 
90 8.753131e-04 
91 8.749627e-04 
92 8.746125e-04 
93 8.742624e-04 
94 8.739125e-04 
95 8.735627e-04 
96 8.732130e-04 
97 8.728636e-04 
98 8.725142e-04 
99 8.721651e-04 
100 8.718160e-04 
101 8.714672e-04 
102 8.711184e-04 
103 8.707699e-04 
104 8.704214e-04 
105 8.700732e-04 
106 8.697250e-04 
107 8.693771e-04 
108 8.690293e-04 
109 8.686816e-04 
110 8.683341e-04 
111 8.679867e-04 
112 8.676395e-04 
113 8.672924e-04 
114 8.669455e-04 
115 8.665987e-04 
116 8.662521e-04 
117 8.659056e-04 
118 8.655593e-04 
119 8.652131e-04 
120 8.648671e-04 
121 8.645212e-04 
122 8.641755e-04 
123 8.638299e-04 
124 8.634845e-04 
125 8.631392e-04 
126 8.627941e-04 
127 8.624491e-04 
128 8.621043e-04 
129 8.617596e-04 
130 8.614151e-04 
131 8.610707e-04 
132 8.607265e-04 
133 8.603824e-04 
134 8.600385e-04 
135 8.596947e-04 
136 8.593511e-04 
137 8.590076e-04 
138 8.586642e-04 
139 8.583210e-04 
140 8.579780e-04 
141 8.576351e-04 
142 8.572924e-04 
143 8.569498e-04 
144 8.566073e-04 
145 8.562650e-04 
146 8.559229e-04 
147 8.555808e-04 
148 8.552390e-04 
149 8.548973e-04 
150 8.545557e-04 
151 8.542143e-04 
152 8.538730e-04 
153 8.535319e-04 
154 8.531909e-04 
155 8.528501e-04 
156 8.525094e-04 
157 8.521689e-04 
158 8.518285e-04 
159 8.514883e-04 
160 8.511482e-04 
161 8.508082e-04 
162 8.504684e-04 
163 8.501288e-04 
164 8.497893e-04 
165 8.494499e-04 
166 8.491107e-04 
167 8.487717e-04 
168 8.484327e-04 
169 8.480940e-04 
170 8.477554e-04 
171 8.474169e-04 
172 8.470785e-04 
173 8.467404e-04 
174 8.464023e-04 
175 8.460644e-04 
176 8.457267e-04 
177 8.453891e-04 
178 8.450516e-04 
179 8.447143e-04 
180 8.443771e-04 
181 8.440401e-04 
182 8.437033e-04 
183 8.433665e-04 
184 8.430299e-04 
185 8.426935e-04 
186 8.423572e-04 
187 8.420211e-04 
188 8.416851e-04 
189 8.413492e-04 
190 8.410135e-04 
191 8.406779e-04 
192 8.403425e-04 
193 8.400072e-04 
194 8.396721e-04 
195 8.393371e-04 
196 8.390023e-04 
197 8.386676e-04 
198 8.383330e-04 
199 8.379986e-04 
200 8.376644e-04 
201 8.373302e-04 
202 8.369963e-04 
203 8.366624e-04 
204 8.363287e-04 
205 8.359952e-04 
206 8.356618e-04 
207 8.353285e-04 
208 8.349954e-04 
209 8.346625e-04 
210 8.343296e-04 
211 8.339970e-04 
212 8.336644e-04 
213 8.333320e-04 
214 8.329998e-04 
215 8.326677e-04 
216 8.323357e-04 
217 8.320039e-04 
218 8.316722e-04 
219 8.313407e-04 
220 8.310093e-04 
221 8.306781e-04 
222 8.303469e-04 
223 8.300160e-04 
224 8.296852e-04 
225 8.293545e-04 
226 8.290240e-04 
227 8.286936e-04 
228 8.283633e-04 
229 8.280332e-04 
230 8.277033e-04 
231 8.273734e-04 
232 8.270438e-04 
233 8.267142e-04 
234 8.263848e-04 
235 8.260556e-04 
236 8.257265e-04 
237 8.253975e-04 
238 8.250687e-04 
239 8.247400e-04 
240 8.244115e-04 
241 8.240831e-04 
242 8.237548e-04 
243 8.234267e-04 
244 8.230987e-04 
245 8.227709e-04 
246 8.224432e-04 
247 8.221157e-04 
248 8.217883e-04 
249 8.214610e-04 
250 8.211339e-04 
251 8.208069e-04 
252 8.204800e-04 
253 8.201533e-04 
254 8.198268e-04 
255 8.195004e-04 
256 8.191741e-04 
257 8.188479e-04 
258 8.185219e-04 
259 8.181961e-04 
260 8.178704e-04 
261 8.175448e-04 
262 8.172194e-04 
263 8.168941e-04 
264 8.165689e-04 
265 8.162439e-04 
266 8.159190e-04 
267 8.155943e-04 
268 8.152697e-04 
269 8.149452e-04 
270 8.146209e-04 
271 8.142968e-04 
272 8.139727e-04 
273 8.136488e-04 
274 8.133251e-04 
275 8.130015e-04 
276 8.126780e-04 
277 8.123547e-04 
278 8.120315e-04 
279 8.117084e-04 
280 8.113855e-04 
281 8.110627e-04 
282 8.107401e-04 
283 8.104176e-04 
284 8.100952e-04 
285 8.097730e-04 
286 8.094509e-04 
287 8.091290e-04 
288 8.088072e-04 
289 8.084855e-04 
290 8.081640e-04 
291 8.078426e-04 
292 8.075213e-04 
293 8.072002e-04 
294 8.068793e-04 
295 8.065584e-04 
296 8.062377e-04 
297 8.059172e-04 
298 8.055968e-04 
299 8.052765e-04 
300 8.049563e-04 
301 8.046363e-04 
302 8.043165e-04 
303 8.039967e-04 
304 8.036771e-04 
305 8.033577e-04 
306 8.030384e-04 
307 8.027192e-04 
308 8.024002e-04 
309 8.020813e-04 
310 8.017625e-04 
311 8.014439e-04 
312 8.011254e-04 
313 8.008070e-04 
314 8.004888e-04 
315 8.001707e-04 
316 7.998528e-04 
317 7.995350e-04 
318 7.992173e-04 
319 7.988998e-04 
320 7.985824e-04 
321 7.982652e-04 
322 7.979480e-04 
323 7.976311e-04 
324 7.973142e-04 
325 7.969975e-04 
326 7.966809e-04 
327 7.963645e-04 
328 7.960482e-04 
329 7.957321e-04 
330 7.954160e-04 
331 7.951001e-04 
332 7.947844e-04 
333 7.944688e-04 
334 7.941533e-04 
335 7.938379e-04 
336 7.935227e-04 
337 7.932077e-04 
338 7.928927e-04 
339 7.925779e-04 
340 7.922633e-04 
341 7.919487e-04 
342 7.916343e-04 
343 7.913201e-04 
344 7.910060e-04 
345 7.906920e-04 
346 7.903781e-04 
347 7.900644e-04 
348 7.897508e-04 
349 7.894374e-04 
350 7.891241e-04 
351 7.888109e-04 
352 7.884978e-04 
353 7.881849e-04 
354 7.878722e-04 
355 7.875595e-04 
356 7.872470e-04 
357 7.869347e-04 
358 7.866224e-04 
359 7.863103e-04 
360 7.859984e-04 
361 7.856865e-04 
362 7.853748e-04 
363 7.850633e-04 
364 7.847518e-04 
365 7.844406e-04 
366 7.841294e-04 
367 7.838184e-04 
368 7.835075e-04 
369 7.831967e-04 
370 7.828861e-04 
371 7.825756e-04 
372 7.822653e-04 
373 7.819550e-04 
374 7.816450e-04 
375 7.813350e-04 
376 7.810252e-04 
377 7.807155e-04 
378 7.804060e-04 
379 7.800965e-04 
380 7.797872e-04 
381 7.794781e-04 
382 7.791691e-04 
383 7.788602e-04 
384 7.785514e-04 
385 7.782428e-04 
386 7.779343e-04 
387 7.776260e-04 
388 7.773178e-04 
389 7.770097e-04 
390 7.767017e-04 
391 7.763939e-04 
392 7.760862e-04 
393 7.757786e-04 
394 7.754712e-04 
395 7.751639e-04 
396 7.748568e-04 
397 7.745497e-04 
398 7.742428e-04 
399 7.739361e-04 
400 7.736295e-04 
401 7.733230e-04 
402 7.730166e-04 
403 7.727104e-04 
404 7.724043e-04 
405 7.720983e-04 
406 7.717924e-04 
407 7.714867e-04 
408 7.711812e-04 
409 7.708757e-04 
410 7.705704e-04 
411 7.702652e-04 
412 7.699602e-04 
413 7.696553e-04 
414 7.693505e-04 
415 7.690458e-04 
416 7.687413e-04 
417 7.684369e-04 
418 7.681326e-04 
419 7.678285e-04 
420 7.675245e-04 
421 7.672206e-04 
422 7.669169e-04 
423 7.666133e-04 
424 7.663098e-04 
425 7.660065e-04 
426 7.657033e-04 
427 7.654002e-04 
428 7.650972e-04 
429 7.647944e-04 
430 7.644917e-04 
431 7.641891e-04 
432 7.638867e-04 
433 7.635844e-04 
434 7.632822e-04 
435 7.629802e-04 
436 7.626783e-04 
437 7.623765e-04 
438 7.620749e-04 
439 7.617733e-04 
440 7.614719e-04 
441 7.611707e-04 
442 7.608695e-04 
443 7.605685e-04 
444 7.602677e-04 
445 7.599669e-04 
446 7.596663e-04 
447 7.593658e-04 
448 7.590655e-04 
449 7.587653e-04 
450 7.584652e-04 
451 7.581652e-04 
452 7.578654e-04 
453 7.575656e-04 
454 7.572661e-04 
455 7.569666e-04 
456 7.566673e-04 
457 7.563681e-04 
458 7.560690e-04 
459 7.557701e-04 
460 7.554713e-04 
461 7.551726e-04 
462 7.548741e-04 
463 7.545756e-04 
464 7.542774e-04 
465 7.539792e-04 
466 7.536812e-04 
467 7.533832e-04 
468 7.530855e-04 
469 7.527878e-04 
470 7.524903e-04 
471 7.521929e-04 
472 7.518956e-04 
473 7.515985e-04 
474 7.513015e-04 
475 7.510046e-04 
476 7.507079e-04 
477 7.504112e-04 
478 7.501147e-04 
479 7.498184e-04 
480 7.495221e-04 
481 7.492260e-04 
482 7.489300e-04 
483 7.486341e-04 
484 7.483384e-04 
485 7.480428e-04 
486 7.477473e-04 
487 7.474520e-04 
488 7.471567e-04 
489 7.468616e-04 
490 7.465667e-04 
491 7.462718e-04 
492 7.459771e-04 
493 7.456825e-04 
494 7.453881e-04 
495 7.450937e-04 
496 7.447995e-04 
497 7.445054e-04 
498 7.442115e-04 
499 7.439176e-04 
500 7.436239e-04 
501 7.433304e-04 
502 7.430369e-04 
503 7.427436e-04 
504 7.424504e-04 
505 7.421573e-04 
506 7.418644e-04 
507 7.415715e-04 
508 7.412788e-04 
509 7.409863e-04 
510 7.406938e-04 
511 7.404015e-04 
512 7.401093e-04 
513 7.398173e-04 
514 7.395253e-04 
515 7.392335e-04 
516 7.389418e-04 
517 7.386503e-04 
518 7.383588e-04 
519 7.380675e-04 
520 7.377763e-04 
521 7.374853e-04 
522 7.371943e-04 
523 7.369035e-04 
524 7.366128e-04 
525 7.363223e-04 
526 7.360318e-04 
527 7.357415e-04 
528 7.354513e-04 
529 7.351613e-04 
530 7.348713e-04 
531 7.345815e-04 
532 7.342918e-04 
533 7.340023e-04 
534 7.337128e-04 
535 7.334235e-04 
536 7.331343e-04 
537 7.328453e-04 
538 7.325563e-04 
539 7.322675e-04 
540 7.319788e-04 
541 7.316903e-04 
542 7.314018e-04 
543 7.311135e-04 
544 7.308253e-04 
545 7.305372e-04 
546 7.302493e-04 
547 7.299615e-04 
548 7.296738e-04 
549 7.293862e-04 
550 7.290987e-04 
551 7.288114e-04 
552 7.285242e-04 
553 7.282371e-04 
554 7.279502e-04 
555 7.276633e-04 
556 7.273766e-04 
557 7.270900e-04 
558 7.268036e-04 
559 7.265172e-04 
560 7.262310e-04 
561 7.259449e-04 
562 7.256589e-04 
563 7.253731e-04 
564 7.250874e-04 
565 7.248018e-04 
566 7.245163e-04 
567 7.242309e-04 
568 7.239457e-04 
569 7.236606e-04 
570 7.233756e-04 
571 7.230907e-04 
572 7.228060e-04 
573 7.225213e-04 
574 7.222368e-04 
575 7.219525e-04 
576 7.216682e-04 
577 7.213841e-04 
578 7.211001e-04 
579 7.208162e-04 
580 7.205324e-04 
581 7.202488e-04 
582 7.199652e-04 
583 7.196818e-04 
584 7.193986e-04 
585 7.191154e-04 
586 7.188324e-04 
587 7.185495e-04 
588 7.182667e-04 
589 7.179840e-04 
590 7.177014e-04 
591 7.174190e-04 
592 7.171367e-04 
593 7.168545e-04 
594 7.165725e-04 
595 7.162905e-04 
596 7.160087e-04 
597 7.157270e-04 
598 7.154454e-04 
599 7.151640e-04 
600 7.148826e-04 
601 7.146014e-04 
602 7.143203e-04 
603 7.140393e-04 
604 7.137585e-04 
605 7.134778e-04 
606 7.131972e-04 
607 7.129167e-04 
608 7.126363e-04 
609 7.123560e-04 
610 7.120759e-04 
611 7.117959e-04 
612 7.115160e-04 
613 7.112362e-04 
614 7.109566e-04 
615 7.106771e-04 
616 7.103977e-04 
617 7.101184e-04 
618 7.098392e-04 
619 7.095602e-04 
620 7.092812e-04 
621 7.090024e-04 
622 7.087237e-04 
623 7.084452e-04 
624 7.081667e-04 
625 7.078884e-04 
626 7.076102e-04 
627 7.073321e-04 
628 7.070541e-04 
629 7.067763e-04 
630 7.064985e-04 
631 7.062209e-04 
632 7.059434e-04 
633 7.056661e-04 
634 7.053888e-04 
635 7.051117e-04 
636 7.048346e-04 
637 7.045578e-04 
638 7.042810e-04 
639 7.040043e-04 
640 7.037278e-04 
641 7.034514e-04 
642 7.031751e-04 
643 7.028989e-04 
644 7.026228e-04 
645 7.023469e-04 
646 7.020710e-04 
647 7.017953e-04 
648 7.015197e-04 
649 7.012443e-04 
650 7.009689e-04 
651 7.006937e-04 
652 7.004185e-04 
653 7.001435e-04 
654 6.998687e-04 
655 6.995939e-04 
656 6.993193e-04 
657 6.990447e-04 
658 6.987703e-04 
659 6.984960e-04 
660 6.982219e-04 
661 6.979478e-04 
662 6.976739e-04 
663 6.974000e-04 
664 6.971263e-04 
665 6.968527e-04 
666 6.965793e-04 
667 6.963059e-04 
668 6.960327e-04 
669 6.957596e-04 
670 6.954866e-04 
671 6.952137e-04 
672 6.949409e-04 
673 6.946683e-04 
674 6.943958e-04 
675 6.941233e-04 
676 6.938511e-04 
677 6.935789e-04 
678 6.933068e-04 
679 6.930349e-04 
680 6.927630e-04 
681 6.924913e-04 
682 6.922197e-04 
683 6.919483e-04 
684 6.916769e-04 
685 6.914056e-04 
686 6.911345e-04 
687 6.908635e-04 
688 6.905926e-04 
689 6.903218e-04 
690 6.900512e-04 
691 6.897806e-04 
692 6.895102e-04 
693 6.892399e-04 
694 6.889697e-04 
695 6.886996e-04 
696 6.884296e-04 
697 6.881598e-04 
698 6.878900e-04 
699 6.876204e-04 
700 6.873509e-04 
701 6.870815e-04 
702 6.868123e-04 
703 6.865431e-04 
704 6.862741e-04 
705 6.860051e-04 
706 6.857363e-04 
707 6.854676e-04 
708 6.851991e-04 
709 6.849306e-04 
710 6.846622e-04 
711 6.843940e-04 
712 6.841259e-04 
713 6.838579e-04 
714 6.835900e-04 
715 6.833222e-04 
716 6.830546e-04 
717 6.827870e-04 
718 6.825196e-04 
719 6.822523e-04 
720 6.819851e-04 
721 6.817180e-04 
722 6.814510e-04 
723 6.811842e-04 
724 6.809175e-04 
725 6.806508e-04 
726 6.803843e-04 
727 6.801179e-04 
728 6.798516e-04 
729 6.795855e-04 
730 6.793194e-04 
731 6.790535e-04 
732 6.787876e-04 
733 6.785219e-04 
734 6.782563e-04 
735 6.779909e-04 
736 6.777255e-04 
737 6.774602e-04 
738 6.771951e-04 
739 6.769301e-04 
740 6.766652e-04 
741 6.764004e-04 
742 6.761357e-04 
743 6.758711e-04 
744 6.756066e-04 
745 6.753423e-04 
746 6.750781e-04 
747 6.748139e-04 
748 6.745499e-04 
749 6.742860e-04 
750 6.740223e-04 
751 6.737586e-04 
752 6.734950e-04 
753 6.732316e-04 
754 6.729683e-04 
755 6.727051e-04 
756 6.724420e-04 
757 6.721790e-04 
758 6.719161e-04 
759 6.716533e-04 
760 6.713907e-04 
761 6.711281e-04 
762 6.708657e-04 
763 6.706034e-04 
764 6.703412e-04 
765 6.700791e-04 
766 6.698172e-04 
767 6.695553e-04 
768 6.692935e-04 
769 6.690319e-04 
770 6.687704e-04 
771 6.685090e-04 
772 6.682477e-04 
773 6.679865e-04 
774 6.677254e-04 
775 6.674644e-04 
776 6.672036e-04 
777 6.669428e-04 
778 6.666822e-04 
779 6.664217e-04 
780 6.661613e-04 
781 6.659010e-04 
782 6.656408e-04 
783 6.653808e-04 
784 6.651208e-04 
785 6.648609e-04 
786 6.646012e-04 
787 6.643416e-04 
788 6.640821e-04 
789 6.638227e-04 
790 6.635634e-04 
791 6.633042e-04 
792 6.630451e-04 
793 6.627862e-04 
794 6.625273e-04 
795 6.622686e-04 
796 6.620100e-04 
797 6.617515e-04 
798 6.614931e-04 
799 6.612348e-04 
800 6.609766e-04 
801 6.607185e-04 
802 6.604606e-04 
803 6.602027e-04 
804 6.599450e-04 
805 6.596873e-04 
806 6.594298e-04 
807 6.591724e-04 
808 6.589151e-04 
809 6.586579e-04 
810 6.584009e-04 
811 6.581439e-04 
812 6.578871e-04 
813 6.576303e-04 
814 6.573737e-04 
815 6.571171e-04 
816 6.568607e-04 
817 6.566044e-04 
818 6.563482e-04 
819 6.560921e-04 
820 6.558362e-04 
821 6.555803e-04 
822 6.553246e-04 
823 6.550689e-04 
824 6.548134e-04 
825 6.545579e-04 
826 6.543026e-04 
827 6.540474e-04 
828 6.537923e-04 
829 6.535373e-04 
830 6.532825e-04 
831 6.530277e-04 
832 6.527730e-04 
833 6.525185e-04 
834 6.522640e-04 
835 6.520097e-04 
836 6.517555e-04 
837 6.515014e-04 
838 6.512473e-04 
839 6.509935e-04 
840 6.507397e-04 
841 6.504860e-04 
842 6.502324e-04 
843 6.499789e-04 
844 6.497256e-04 
845 6.494723e-04 
846 6.492192e-04 
847 6.489662e-04 
848 6.487133e-04 
849 6.484605e-04 
850 6.482077e-04 
851 6.479552e-04 
852 6.477027e-04 
853 6.474503e-04 
854 6.471980e-04 
855 6.469459e-04 
856 6.466938e-04 
857 6.464419e-04 
858 6.461900e-04 
859 6.459383e-04 
860 6.456867e-04 
861 6.454352e-04 
862 6.451837e-04 
863 6.449324e-04 
864 6.446813e-04 
865 6.444302e-04 
866 6.441792e-04 
867 6.439283e-04 
868 6.436776e-04 
869 6.434269e-04 
870 6.431764e-04 
871 6.429259e-04 
872 6.426756e-04 
873 6.424254e-04 
874 6.421753e-04 
875 6.419252e-04 
876 6.416753e-04 
877 6.414256e-04 
878 6.411759e-04 
879 6.409263e-04 
880 6.406768e-04 
881 6.404274e-04 
882 6.401782e-04 
883 6.399290e-04 
884 6.396800e-04 
885 6.394310e-04 
886 6.391822e-04 
887 6.389335e-04 
888 6.386849e-04 
889 6.384363e-04 
890 6.381879e-04 
891 6.379396e-04 
892 6.376914e-04 
893 6.374434e-04 
894 6.371954e-04 
895 6.369475e-04 
896 6.366997e-04 
897 6.364521e-04 
898 6.362045e-04 
899 6.359571e-04 
900 6.357097e-04 
901 6.354625e-04 
902 6.352153e-04 
903 6.349683e-04 
904 6.347214e-04 
905 6.344746e-04 
906 6.342279e-04 
907 6.339813e-04 
908 6.337348e-04 
909 6.334884e-04 
910 6.332421e-04 
911 6.329959e-04 
912 6.327498e-04 
913 6.325038e-04 
914 6.322580e-04 
915 6.320122e-04 
916 6.317666e-04 
917 6.315210e-04 
918 6.312756e-04 
919 6.310302e-04 
920 6.307850e-04 
921 6.305399e-04 
922 6.302948e-04 
923 6.300499e-04 
924 6.298051e-04 
925 6.295604e-04 
926 6.293158e-04 
927 6.290713e-04 
928 6.288269e-04 
929 6.285826e-04 
930 6.283384e-04 
931 6.280943e-04 
932 6.278503e-04 
933 6.276065e-04 
934 6.273627e-04 
935 6.271190e-04 
936 6.268755e-04 
937 6.266320e-04 
938 6.263887e-04 
939 6.261454e-04 
940 6.259023e-04 
941 6.256592e-04 
942 6.254163e-04 
943 6.251735e-04 
944 6.249307e-04 
945 6.246881e-04 
946 6.244456e-04 
947 6.242032e-04 
948 6.239609e-04 
949 6.237187e-04 
950 6.234766e-04 
951 6.232346e-04 
952 6.229927e-04 
953 6.227509e-04 
954 6.225092e-04 
955 6.222676e-04 
956 6.220261e-04 
957 6.217847e-04 
958 6.215435e-04 
959 6.213023e-04 
960 6.210612e-04 
961 6.208202e-04 
962 6.205794e-04 
963 6.203386e-04 
964 6.200980e-04 
965 6.198574e-04 
966 6.196170e-04 
967 6.193766e-04 
968 6.191364e-04 
969 6.188962e-04 
970 6.186562e-04 
971 6.184162e-04 
972 6.181764e-04 
973 6.179367e-04 
974 6.176970e-04 
975 6.174575e-04 
976 6.172181e-04 
977 6.169788e-04 
978 6.167395e-04 
979 6.165004e-04 
980 6.162614e-04 
981 6.160225e-04 
982 6.157837e-04 
983 6.155450e-04 
984 6.153064e-04 
985 6.150679e-04 
986 6.148295e-04 
987 6.145912e-04 
988 6.143530e-04 
989 6.141149e-04 
990 6.138769e-04 
991 6.136390e-04 
992 6.134012e-04 
993 6.131635e-04 
994 6.129259e-04 
995 6.126884e-04 
996 6.124511e-04 
997 6.122138e-04 
998 6.119766e-04 
999 6.117395e-04 
1000 6.115025e-04 
1001 6.112657e-04 
1002 6.110289e-04 
1003 6.107922e-04 
1004 6.105556e-04 
1005 6.103192e-04 
1006 6.100828e-04 
1007 6.098465e-04 
1008 6.096104e-04 
1009 6.093743e-04 
1010 6.091383e-04 
1011 6.089025e-04 
1012 6.086667e-04 
1013 6.084310e-04 
1014 6.081955e-04 
1015 6.079600e-04 
1016 6.077247e-04 
1017 6.074894e-04 
1018 6.072542e-04 
1019 6.070192e-04 
1020 6.067842e-04 
1021 6.065494e-04 
1022 6.063146e-04 
1023 6.060800e-04 
1024 6.058454e-04 
1025 6.056109e-04 
1026 6.053766e-04 
1027 6.051423e-04 
1028 6.049082e-04 
1029 6.046741e-04 
1030 6.044402e-04 
1031 6.042063e-04 
1032 6.039726e-04 
1033 6.037389e-04 
1034 6.035053e-04 
1035 6.032719e-04 
1036 6.030385e-04 
1037 6.028053e-04 
1038 6.025721e-04 
1039 6.023391e-04 
1040 6.021061e-04 
1041 6.018733e-04 
1042 6.016405e-04 
1043 6.014078e-04 
1044 6.011753e-04 
1045 6.009428e-04 
1046 6.007105e-04 
1047 6.004782e-04 
1048 6.002460e-04 
1049 6.000140e-04 
1050 5.997820e-04 
1051 5.995502e-04 
1052 5.993184e-04 
1053 5.990867e-04 
1054 5.988552e-04 
1055 5.986237e-04 
1056 5.983923e-04 
1057 5.981611e-04 
1058 5.979299e-04 
1059 5.976988e-04 
1060 5.974678e-04 
1061 5.972370e-04 
1062 5.970062e-04 
1063 5.967755e-04 
1064 5.965449e-04 
1065 5.963145e-04 
1066 5.960841e-04 
1067 5.958538e-04 
1068 5.956236e-04 
1069 5.953935e-04 
1070 5.951635e-04 
1071 5.949337e-04 
1072 5.947039e-04 
1073 5.944742e-04 
1074 5.942446e-04 
1075 5.940151e-04 
1076 5.937857e-04 
1077 5.935564e-04 
1078 5.933272e-04 
1079 5.930981e-04 
1080 5.928691e-04 
1081 5.926402e-04 
1082 5.924114e-04 
1083 5.921826e-04 
1084 5.919540e-04 
1085 5.917255e-04 
1086 5.914971e-04 
1087 5.912688e-04 
1088 5.910406e-04 
1089 5.908124e-04 
1090 5.905844e-04 
1091 5.903565e-04 
1092 5.901286e-04 
1093 5.899009e-04 
1094 5.896733e-04 
1095 5.894457e-04 
1096 5.892183e-04 
1097 5.889909e-04 
1098 5.887637e-04 
1099 5.885365e-04 
1100 5.883095e-04 
1101 5.880825e-04 
1102 5.878556e-04 
1103 5.876289e-04 
1104 5.874022e-04 
1105 5.871756e-04 
1106 5.869492e-04 
1107 5.867228e-04 
1108 5.864965e-04 
1109 5.862703e-04 
1110 5.860442e-04 
1111 5.858182e-04 
1112 5.855924e-04 
1113 5.853666e-04 
1114 5.851409e-04 
1115 5.849152e-04 
1116 5.846897e-04 
1117 5.844643e-04 
1118 5.842390e-04 
1119 5.840138e-04 
1120 5.837887e-04 
1121 5.835636e-04 
1122 5.833387e-04 
1123 5.831139e-04 
1124 5.828891e-04 
1125 5.826645e-04 
1126 5.824399e-04 
1127 5.822155e-04 
1128 5.819911e-04 
1129 5.817669e-04 
1130 5.815427e-04 
1131 5.813186e-04 
1132 5.810947e-04 
1133 5.808708e-04 
1134 5.806470e-04 
1135 5.804233e-04 
1136 5.801997e-04 
1137 5.799762e-04 
1138 5.797529e-04 
1139 5.795295e-04 
1140 5.793063e-04 
1141 5.790832e-04 
1142 5.788602e-04 
1143 5.786373e-04 
1144 5.784145e-04 
1145 5.781917e-04 
1146 5.779691e-04 
1147 5.777466e-04 
1148 5.775241e-04 
1149 5.773018e-04 
1150 5.770795e-04 
1151 5.768573e-04 
1152 5.766353e-04 
1153 5.764133e-04 
1154 5.761914e-04 
1155 5.759696e-04 
1156 5.757480e-04 
1157 5.755264e-04 
1158 5.753049e-04 
1159 5.750835e-04 
1160 5.748621e-04 
1161 5.746409e-04 
1162 5.744198e-04 
1163 5.741988e-04 
1164 5.739779e-04 
1165 5.737570e-04 
1166 5.735363e-04 
1167 5.733156e-04 
1168 5.730951e-04 
1169 5.728746e-04 
1170 5.726542e-04 
1171 5.724340e-04 
1172 5.722138e-04 
1173 5.719937e-04 
1174 5.717737e-04 
1175 5.715538e-04 
1176 5.713340e-04 
1177 5.711143e-04 
1178 5.708947e-04 
1179 5.706752e-04 
1180 5.704558e-04 
1181 5.702364e-04 
1182 5.700172e-04 
1183 5.697980e-04 
1184 5.695790e-04 
1185 5.693600e-04 
1186 5.691412e-04 
1187 5.689224e-04 
1188 5.687037e-04 
1189 5.684851e-04 
1190 5.682666e-04 
1191 5.680482e-04 
1192 5.678299e-04 
1193 5.676117e-04 
1194 5.673936e-04 
1195 5.671756e-04 
1196 5.669576e-04 
1197 5.667398e-04 
1198 5.665221e-04 
1199 5.663044e-04 
1200 5.660868e-04 
1201 5.658694e-04 
1202 5.656520e-04 
1203 5.654347e-04 
1204 5.652175e-04 
1205 5.650004e-04 
1206 5.647834e-04 
1207 5.645665e-04 
1208 5.643497e-04 
1209 5.641330e-04 
1210 5.639163e-04 
1211 5.636998e-04 
1212 5.634833e-04 
1213 5.632670e-04 
1214 5.630507e-04 
1215 5.628345e-04 
1216 5.626185e-04 
1217 5.624025e-04 
1218 5.621866e-04 
1219 5.619708e-04 
1220 5.617551e-04 
1221 5.615394e-04 
1222 5.613239e-04 
1223 5.611085e-04 
1224 5.608931e-04 
1225 5.606779e-04 
1226 5.604627e-04 
1227 5.602477e-04 
1228 5.600327e-04 
1229 5.598178e-04 
1230 5.596030e-04 
1231 5.593883e-04 
1232 5.591737e-04 
1233 5.589592e-04 
1234 5.587447e-04 
1235 5.585304e-04 
1236 5.583162e-04 
1237 5.581020e-04 
1238 5.578880e-04 
1239 5.576740e-04 
1240 5.574601e-04 
1241 5.572463e-04 
1242 5.570326e-04 
1243 5.568190e-04 
1244 5.566055e-04 
1245 5.563921e-04 
1246 5.561788e-04 
1247 5.559655e-04 
1248 5.557524e-04 
1249 5.555393e-04 
1250 5.553263e-04 
1251 5.551135e-04 
1252 5.549007e-04 
1253 5.546880e-04 
1254 5.544754e-04 
1255 5.542629e-04 
1256 5.540504e-04 
1257 5.538381e-04 
1258 5.536259e-04 
1259 5.534137e-04 
1260 5.532016e-04 
1261 5.529897e-04 
1262 5.527778e-04 
1263 5.525660e-04 
1264 5.523543e-04 
1265 5.521427e-04 
1266 5.519312e-04 
1267 5.517198e-04 
1268 5.515084e-04 
1269 5.512972e-04 
1270 5.510860e-04 
1271 5.508749e-04 
1272 5.506640e-04 
1273 5.504531e-04 
1274 5.502423e-04 
1275 5.500316e-04 
1276 5.498209e-04 
1277 5.496104e-04 
1278 5.494000e-04 
1279 5.491896e-04 
1280 5.489794e-04 
1281 5.487692e-04 
1282 5.485591e-04 
1283 5.483491e-04 
1284 5.481392e-04 
1285 5.479294e-04 
1286 5.477197e-04 
1287 5.475101e-04 
1288 5.473005e-04 
1289 5.470911e-04 
1290 5.468817e-04 
1291 5.466724e-04 
1292 5.464632e-04 
1293 5.462541e-04 
1294 5.460451e-04 
1295 5.458362e-04 
1296 5.456274e-04 
1297 5.454186e-04 
1298 5.452100e-04 
1299 5.450014e-04 
1300 5.447929e-04 
1301 5.445846e-04 
1302 5.443763e-04 
1303 5.441681e-04 
1304 5.439599e-04 
1305 5.437519e-04 
1306 5.435440e-04 
1307 5.433361e-04 
1308 5.431283e-04 
1309 5.429207e-04 
1310 5.427131e-04 
1311 5.425056e-04 
1312 5.422982e-04 
1313 5.420909e-04 
1314 5.418836e-04 
1315 5.416765e-04 
1316 5.414694e-04 
1317 5.412625e-04 
1318 5.410556e-04 
1319 5.408488e-04 
1320 5.406421e-04 
1321 5.404355e-04 
1322 5.402289e-04 
1323 5.400225e-04 
1324 5.398161e-04 
1325 5.396099e-04 
1326 5.394037e-04 
1327 5.391976e-04 
1328 5.389916e-04 
1329 5.387857e-04 
1330 5.385799e-04 
1331 5.383741e-04 
1332 5.381685e-04 
1333 5.379629e-04 
1334 5.377574e-04 
1335 5.375521e-04 
1336 5.373468e-04 
1337 5.371415e-04 
1338 5.369364e-04 
1339 5.367314e-04 
1340 5.365264e-04 
1341 5.363216e-04 
1342 5.361168e-04 
1343 5.359121e-04 
1344 5.357075e-04 
1345 5.355030e-04 
1346 5.352986e-04 
1347 5.350942e-04 
1348 5.348900e-04 
1349 5.346858e-04 
1350 5.344817e-04 
1351 5.342777e-04 
1352 5.340738e-04 
1353 5.338700e-04 
1354 5.336663e-04 
1355 5.334627e-04 
1356 5.332591e-04 
1357 5.330556e-04 
1358 5.328522e-04 
1359 5.326489e-04 
1360 5.324457e-04 
1361 5.322426e-04 
1362 5.320396e-04 
1363 5.318366e-04 
1364 5.316338e-04 
1365 5.314310e-04 
1366 5.312283e-04 
1367 5.310257e-04 
1368 5.308232e-04 
1369 5.306207e-04 
1370 5.304184e-04 
1371 5.302161e-04 
1372 5.300139e-04 
1373 5.298119e-04 
1374 5.296099e-04 
1375 5.294079e-04 
1376 5.292061e-04 
1377 5.290044e-04 
1378 5.288027e-04 
1379 5.286011e-04 
1380 5.283996e-04 
1381 5.281982e-04 
1382 5.279969e-04 
1383 5.277957e-04 
1384 5.275946e-04 
1385 5.273935e-04 
1386 5.271925e-04 
1387 5.269916e-04 
1388 5.267908e-04 
1389 5.265901e-04 
1390 5.263895e-04 
1391 5.261890e-04 
1392 5.259885e-04 
1393 5.257881e-04 
1394 5.255878e-04 
1395 5.253876e-04 
1396 5.251875e-04 
1397 5.249875e-04 
1398 5.247875e-04 
1399 5.245877e-04 
1400 5.243879e-04 
1401 5.241882e-04 
1402 5.239886e-04 
1403 5.237891e-04 
1404 5.235896e-04 
1405 5.233903e-04 
1406 5.231910e-04 
1407 5.229918e-04 
1408 5.227927e-04 
1409 5.225937e-04 
1410 5.223948e-04 
1411 5.221959e-04 
1412 5.219972e-04 
1413 5.217985e-04 
1414 5.215999e-04 
1415 5.214014e-04 
1416 5.212030e-04 
1417 5.210047e-04 
1418 5.208064e-04 
1419 5.206082e-04 
1420 5.204102e-04 
1421 5.202122e-04 
1422 5.200142e-04 
1423 5.198164e-04 
1424 5.196187e-04 
1425 5.194210e-04 
1426 5.192234e-04 
1427 5.190259e-04 
1428 5.188285e-04 
1429 5.186312e-04 
1430 5.184339e-04 
1431 5.182368e-04 
1432 5.180397e-04 
1433 5.178427e-04 
1434 5.176458e-04 
1435 5.174490e-04 
1436 5.172523e-04 
1437 5.170556e-04 
1438 5.168590e-04 
1439 5.166625e-04 
1440 5.164661e-04 
1441 5.162698e-04 
1442 5.160736e-04 
1443 5.158774e-04 
1444 5.156814e-04 
1445 5.154854e-04 
1446 5.152895e-04 
1447 5.150936e-04 
1448 5.148979e-04 
1449 5.147023e-04 
1450 5.145067e-04 
1451 5.143112e-04 
1452 5.141158e-04 
1453 5.139205e-04 
1454 5.137252e-04 
1455 5.135301e-04 
1456 5.133350e-04 
1457 5.131400e-04 
1458 5.129451e-04 
1459 5.127503e-04 
1460 5.125556e-04 
1461 5.123609e-04 
1462 5.121663e-04 
1463 5.119718e-04 
1464 5.117774e-04 
1465 5.115831e-04 
1466 5.113889e-04 
1467 5.111947e-04 
1468 5.110006e-04 
1469 5.108066e-04 
1470 5.106127e-04 
1471 5.104189e-04 
1472 5.102251e-04 
1473 5.100315e-04 
1474 5.098379e-04 
1475 5.096444e-04 
1476 5.094510e-04 
1477 5.092576e-04 
1478 5.090644e-04 
1479 5.088712e-04 
1480 5.086781e-04 
1481 5.084851e-04 
1482 5.082922e-04 
1483 5.080993e-04 
1484 5.079066e-04 
1485 5.077139e-04 
1486 5.075213e-04 
1487 5.073288e-04 
1488 5.071363e-04 
1489 5.069440e-04 
1490 5.067517e-04 
1491 5.065595e-04 
1492 5.063674e-04 
1493 5.061754e-04 
1494 5.059835e-04 
1495 5.057916e-04 
1496 5.055998e-04 
1497 5.054081e-04 
1498 5.052165e-04 
1499 5.050250e-04 
1500 5.048335e-04 
1501 5.046421e-04 
1502 5.044509e-04 
1503 5.042596e-04 
1504 5.040685e-04 
1505 5.038775e-04 
1506 5.036865e-04 
1507 5.034956e-04 
1508 5.033048e-04 
1509 5.031141e-04 
1510 5.029234e-04 
1511 5.027329e-04 
1512 5.025424e-04 
1513 5.023520e-04 
1514 5.021617e-04 
1515 5.019715e-04 
1516 5.017813e-04 
1517 5.015912e-04 
1518 5.014012e-04 
1519 5.012113e-04 
1520 5.010215e-04 
1521 5.008317e-04 
1522 5.006421e-04 
1523 5.004525e-04 
1524 5.002630e-04 
1525 5.000735e-04 
1526 4.998842e-04 
1527 4.996949e-04 
1528 4.995057e-04 
1529 4.993166e-04 
1530 4.991276e-04 
1531 4.989386e-04 
1532 4.987498e-04 
1533 4.985610e-04 
1534 4.983723e-04 
1535 4.981837e-04 
1536 4.979951e-04 
1537 4.978066e-04 
1538 4.976183e-04 
1539 4.974300e-04 
1540 4.972417e-04 
1541 4.970536e-04 
1542 4.968655e-04 
1543 4.966775e-04 
1544 4.964896e-04 
1545 4.963018e-04 
1546 4.961141e-04 
1547 4.959264e-04 
1548 4.957388e-04 
1549 4.955513e-04 
1550 4.953639e-04 
1551 4.951765e-04 
1552 4.949893e-04 
1553 4.948021e-04 
1554 4.946150e-04 
1555 4.944279e-04 
1556 4.942410e-04 
1557 4.940541e-04 
1558 4.938673e-04 
1559 4.936806e-04 
1560 4.934940e-04 
1561 4.933074e-04 
1562 4.931210e-04 
1563 4.929346e-04 
1564 4.927482e-04 
1565 4.925620e-04 
1566 4.923759e-04 
1567 4.921898e-04 
1568 4.920038e-04 
1569 4.918179e-04 
1570 4.916320e-04 
1571 4.914463e-04 
1572 4.912606e-04 
1573 4.910750e-04 
1574 4.908894e-04 
1575 4.907040e-04 
1576 4.905186e-04 
1577 4.903333e-04 
1578 4.901481e-04 
1579 4.899630e-04 
1580 4.897779e-04 
1581 4.895930e-04 
1582 4.894081e-04 
1583 4.892233e-04 
1584 4.890385e-04 
1585 4.888539e-04 
1586 4.886693e-04 
1587 4.884848e-04 
1588 4.883003e-04 
1589 4.881160e-04 
1590 4.879317e-04 
1591 4.877475e-04 
1592 4.875634e-04 
1593 4.873794e-04 
1594 4.871954e-04 
1595 4.870116e-04 
1596 4.868278e-04 
1597 4.866440e-04 
1598 4.864604e-04 
1599 4.862768e-04 
1600 4.860933e-04 
1601 4.859099e-04 
1602 4.857266e-04 
1603 4.855434e-04 
1604 4.853602e-04 
1605 4.851771e-04 
1606 4.849941e-04 
1607 4.848111e-04 
1608 4.846283e-04 
1609 4.844455e-04 
1610 4.842628e-04 
1611 4.840801e-04 
1612 4.838976e-04 
1613 4.837151e-04 
1614 4.835327e-04 
1615 4.833504e-04 
1616 4.831681e-04 
1617 4.829860e-04 
1618 4.828039e-04 
1619 4.826219e-04 
1620 4.824399e-04 
1621 4.822581e-04 
1622 4.820763e-04 
1623 4.818946e-04 
1624 4.817130e-04 
1625 4.815314e-04 
1626 4.813499e-04 
1627 4.811685e-04 
1628 4.809872e-04 
1629 4.808060e-04 
1630 4.806248e-04 
1631 4.804437e-04 
1632 4.802627e-04 
1633 4.800818e-04 
1634 4.799009e-04 
1635 4.797201e-04 
1636 4.795394e-04 
1637 4.793588e-04 
1638 4.791783e-04 
1639 4.789978e-04 
1640 4.788174e-04 
1641 4.786371e-04 
1642 4.784568e-04 
1643 4.782767e-04 
1644 4.780966e-04 
1645 4.779166e-04 
1646 4.777366e-04 
1647 4.775568e-04 
1648 4.773770e-04 
1649 4.771973e-04 
1650 4.770176e-04 
1651 4.768381e-04 
1652 4.766586e-04 
1653 4.764792e-04 
1654 4.762999e-04 
1655 4.761206e-04 
1656 4.759414e-04 
1657 4.757623e-04 
1658 4.755833e-04 
1659 4.754044e-04 
1660 4.752255e-04 
1661 4.750467e-04 
1662 4.748680e-04 
1663 4.746893e-04 
1664 4.745108e-04 
1665 4.743323e-04 
1666 4.741538e-04 
1667 4.739755e-04 
1668 4.737972e-04 
1669 4.736190e-04 
1670 4.734409e-04 
1671 4.732629e-04 
1672 4.730849e-04 
1673 4.729070e-04 
1674 4.727292e-04 
1675 4.725515e-04 
1676 4.723738e-04 
1677 4.721962e-04 
1678 4.720187e-04 
1679 4.718413e-04 
1680 4.716639e-04 
1681 4.714867e-04 
1682 4.713094e-04 
1683 4.711323e-04 
1684 4.709553e-04 
1685 4.707783e-04 
1686 4.706014e-04 
1687 4.704245e-04 
1688 4.702478e-04 
1689 4.700711e-04 
1690 4.698945e-04 
1691 4.697179e-04 
1692 4.695415e-04 
1693 4.693651e-04 
1694 4.691888e-04 
1695 4.690125e-04 
1696 4.688364e-04 
1697 4.686603e-04 
1698 4.684843e-04 
1699 4.683084e-04 
1700 4.681325e-04 
1701 4.679567e-04 
1702 4.677810e-04 
1703 4.676054e-04 
1704 4.674298e-04 
1705 4.672543e-04 
1706 4.670789e-04 
1707 4.669035e-04 
1708 4.667283e-04 
1709 4.665531e-04 
1710 4.663780e-04 
1711 4.662029e-04 
1712 4.660280e-04 
1713 4.658531e-04 
1714 4.656782e-04 
1715 4.655035e-04 
1716 4.653288e-04 
1717 4.651542e-04 
1718 4.649797e-04 
1719 4.648052e-04 
1720 4.646309e-04 
1721 4.644566e-04 
1722 4.642823e-04 
1723 4.641082e-04 
1724 4.639341e-04 
1725 4.637601e-04 
1726 4.635862e-04 
1727 4.634123e-04 
1728 4.632385e-04 
1729 4.630648e-04 
1730 4.628912e-04 
1731 4.627176e-04 
1732 4.625441e-04 
1733 4.623707e-04 
1734 4.621974e-04 
1735 4.620241e-04 
1736 4.618509e-04 
1737 4.616778e-04 
1738 4.615047e-04 
1739 4.613317e-04 
1740 4.611588e-04 
1741 4.609860e-04 
1742 4.608132e-04 
1743 4.606406e-04 
1744 4.604679e-04 
1745 4.602954e-04 
1746 4.601229e-04 
1747 4.599506e-04 
1748 4.597782e-04 
1749 4.596060e-04 
1750 4.594338e-04 
1751 4.592617e-04 
1752 4.590897e-04 
1753 4.589177e-04 
1754 4.587459e-04 
1755 4.585740e-04 
1756 4.584023e-04 
1757 4.582307e-04 
1758 4.580591e-04 
1759 4.578875e-04 
1760 4.577161e-04 
1761 4.575447e-04 
1762 4.573734e-04 
1763 4.572022e-04 
1764 4.570311e-04 
1765 4.568600e-04 
1766 4.566890e-04 
1767 4.565180e-04 
1768 4.563472e-04 
1769 4.561764e-04 
1770 4.560057e-04 
1771 4.558350e-04 
1772 4.556644e-04 
1773 4.554939e-04 
1774 4.553235e-04 
1775 4.551531e-04 
1776 4.549829e-04 
1777 4.548126e-04 
1778 4.546425e-04 
1779 4.544724e-04 
1780 4.543024e-04 
1781 4.541325e-04 
1782 4.539627e-04 
1783 4.537929e-04 
1784 4.536232e-04 
1785 4.534535e-04 
1786 4.532840e-04 
1787 4.531145e-04 
1788 4.529450e-04 
1789 4.527757e-04 
1790 4.526064e-04 
1791 4.524372e-04 
1792 4.522681e-04 
1793 4.520990e-04 
1794 4.519300e-04 
1795 4.517611e-04 
1796 4.515923e-04 
1797 4.514235e-04 
1798 4.512548e-04 
1799 4.510861e-04 
1800 4.509176e-04 
1801 4.507491e-04 
1802 4.505807e-04 
1803 4.504123e-04 
1804 4.502440e-04 
1805 4.500758e-04 
1806 4.499077e-04 
1807 4.497396e-04 
1808 4.495716e-04 
1809 4.494037e-04 
1810 4.492359e-04 
1811 4.490681e-04 
1812 4.489004e-04 
1813 4.487327e-04 
1814 4.485652e-04 
1815 4.483977e-04 
1816 4.482303e-04 
1817 4.480629e-04 
1818 4.478956e-04 
1819 4.477284e-04 
1820 4.475613e-04 
1821 4.473942e-04 
1822 4.472272e-04 
1823 4.470603e-04 
1824 4.468934e-04 
1825 4.467266e-04 
1826 4.465599e-04 
1827 4.463933e-04 
1828 4.462267e-04 
1829 4.460602e-04 
1830 4.458938e-04 
1831 4.457274e-04 
1832 4.455611e-04 
1833 4.453949e-04 
1834 4.452287e-04 
1835 4.450626e-04 
1836 4.448966e-04 
1837 4.447307e-04 
1838 4.445648e-04 
1839 4.443990e-04 
1840 4.442333e-04 
1841 4.440676e-04 
1842 4.439020e-04 
1843 4.437365e-04 
1844 4.435711e-04 
1845 4.434057e-04 
1846 4.432404e-04 
1847 4.430751e-04 
1848 4.429099e-04 
1849 4.427448e-04 
1850 4.425798e-04 
1851 4.424149e-04 
1852 4.422500e-04 
1853 4.420851e-04 
1854 4.419204e-04 
1855 4.417557e-04 
1856 4.415911e-04 
1857 4.414266e-04 
1858 4.412621e-04 
1859 4.410977e-04 
1860 4.409333e-04 
1861 4.407691e-04 
1862 4.406049e-04 
1863 4.404408e-04 
1864 4.402767e-04 
1865 4.401127e-04 
1866 4.399488e-04 
1867 4.397850e-04 
1868 4.396212e-04 
1869 4.394575e-04 
1870 4.392938e-04 
1871 4.391303e-04 
1872 4.389668e-04 
1873 4.388033e-04 
1874 4.386400e-04 
1875 4.384767e-04 
1876 4.383134e-04 
1877 4.381503e-04 
1878 4.379872e-04 
1879 4.378242e-04 
1880 4.376612e-04 
1881 4.374983e-04 
1882 4.373355e-04 
1883 4.371728e-04 
1884 4.370101e-04 
1885 4.368475e-04 
1886 4.366850e-04 
1887 4.365225e-04 
1888 4.363601e-04 
1889 4.361978e-04 
1890 4.360355e-04 
1891 4.358733e-04 
1892 4.357112e-04 
1893 4.355492e-04 
1894 4.353872e-04 
1895 4.352252e-04 
1896 4.350634e-04 
1897 4.349016e-04 
1898 4.347399e-04 
1899 4.345783e-04 
1900 4.344167e-04 
1901 4.342552e-04 
1902 4.340937e-04 
1903 4.339324e-04 
1904 4.337711e-04 
1905 4.336098e-04 
1906 4.334487e-04 
1907 4.332876e-04 
1908 4.331265e-04 
1909 4.329656e-04 
1910 4.328047e-04 
1911 4.326439e-04 
1912 4.324831e-04 
1913 4.323224e-04 
1914 4.321618e-04 
1915 4.320012e-04 
1916 4.318407e-04 
1917 4.316803e-04 
1918 4.315200e-04 
1919 4.313597e-04 
1920 4.311995e-04 
1921 4.310393e-04 
1922 4.308793e-04 
1923 4.307192e-04 
1924 4.305593e-04 
1925 4.303994e-04 
1926 4.302396e-04 
1927 4.300799e-04 
1928 4.299202e-04 
1929 4.297606e-04 
1930 4.296011e-04 
1931 4.294416e-04 
1932 4.292822e-04 
1933 4.291228e-04 
1934 4.289636e-04 
1935 4.288044e-04 
1936 4.286452e-04 
1937 4.284862e-04 
1938 4.283272e-04 
1939 4.281682e-04 
1940 4.280094e-04 
1941 4.278506e-04 
1942 4.276918e-04 
1943 4.275332e-04 
1944 4.273746e-04 
1945 4.272161e-04 
1946 4.270576e-04 
1947 4.268992e-04 
1948 4.267409e-04 
1949 4.265826e-04 
1950 4.264244e-04 
1951 4.262663e-04 
1952 4.261082e-04 
1953 4.259502e-04 
1954 4.257923e-04 
1955 4.256344e-04 
1956 4.254766e-04 
1957 4.253189e-04 
1958 4.251613e-04 
1959 4.250037e-04 
1960 4.248461e-04 
1961 4.246887e-04 
1962 4.245313e-04 
1963 4.243739e-04 
1964 4.242167e-04 
1965 4.240595e-04 
1966 4.239024e-04 
1967 4.237453e-04 
1968 4.235883e-04 
1969 4.234314e-04 
1970 4.232745e-04 
1971 4.231177e-04 
1972 4.229610e-04 
1973 4.228043e-04 
1974 4.226477e-04 
1975 4.224912e-04 
1976 4.223347e-04 
1977 4.221783e-04 
1978 4.220220e-04 
1979 4.218657e-04 
1980 4.217095e-04 
1981 4.215534e-04 
1982 4.213973e-04 
1983 4.212413e-04 
1984 4.210854e-04 
1985 4.209295e-04 
1986 4.207737e-04 
1987 4.206179e-04 
1988 4.204623e-04 
1989 4.203067e-04 
1990 4.201511e-04 
1991 4.199956e-04 
1992 4.198402e-04 
1993 4.196849e-04 
1994 4.195296e-04 
1995 4.193744e-04 
1996 4.192192e-04 
1997 4.190642e-04 
1998 4.189091e-04 
1999 4.187542e-04 
2000 4.185993e-04 
2001 4.184445e-04 
2002 4.182897e-04 
2003 4.181350e-04 
2004 4.179804e-04 
2005 4.178258e-04 
2006 4.176713e-04 
2007 4.175169e-04 
2008 4.173626e-04 
2009 4.172083e-04 
2010 4.170540e-04 
2011 4.168998e-04 
2012 4.167457e-04 
2013 4.165917e-04 
2014 4.164377e-04 
2015 4.162838e-04 
2016 4.161300e-04 
2017 4.159762e-04 
2018 4.158225e-04 
2019 4.156688e-04 
2020 4.155152e-04 
2021 4.153617e-04 
2022 4.152083e-04 
2023 4.150549e-04 
2024 4.149016e-04 
2025 4.147483e-04 
2026 4.145951e-04 
2027 4.144420e-04 
2028 4.142889e-04 
2029 4.141359e-04 
2030 4.139830e-04 
2031 4.138301e-04 
2032 4.136773e-04 
2033 4.135245e-04 
2034 4.133719e-04 
2035 4.132192e-04 
2036 4.130667e-04 
2037 4.129142e-04 
2038 4.127618e-04 
2039 4.126094e-04 
2040 4.124571e-04 
2041 4.123049e-04 
2042 4.121527e-04 
2043 4.120006e-04 
2044 4.118486e-04 
2045 4.116966e-04 
2046 4.115447e-04 
2047 4.113929e-04 
2048 4.112411e-04 
2049 4.110894e-04 
2050 4.109377e-04 
2051 4.107862e-04 
2052 4.106346e-04 
2053 4.104832e-04 
2054 4.103318e-04 
2055 4.101804e-04 
2056 4.100292e-04 
2057 4.098780e-04 
2058 4.097268e-04 
2059 4.095758e-04 
2060 4.094247e-04 
2061 4.092738e-04 
2062 4.091229e-04 
2063 4.089721e-04 
2064 4.088213e-04 
2065 4.086706e-04 
2066 4.085200e-04 
2067 4.083694e-04 
2068 4.082189e-04 
2069 4.080685e-04 
2070 4.079181e-04 
2071 4.077678e-04 
2072 4.076176e-04 
2073 4.074674e-04 
2074 4.073172e-04 
2075 4.071672e-04 
2076 4.070172e-04 
2077 4.068673e-04 
2078 4.067174e-04 
2079 4.065676e-04 
2080 4.064178e-04 
2081 4.062682e-04 
2082 4.061185e-04 
2083 4.059690e-04 
2084 4.058195e-04 
2085 4.056701e-04 
2086 4.055207e-04 
2087 4.053714e-04 
2088 4.052222e-04 
2089 4.050730e-04 
2090 4.049239e-04 
2091 4.047748e-04 
2092 4.046258e-04 
2093 4.044769e-04 
2094 4.043281e-04 
2095 4.041793e-04 
2096 4.040305e-04 
2097 4.038819e-04 
2098 4.037332e-04 
2099 4.035847e-04 
2100 4.034362e-04 
2101 4.032878e-04 
2102 4.031394e-04 
2103 4.029911e-04 
2104 4.028429e-04 
2105 4.026947e-04 
2106 4.025466e-04 
2107 4.023986e-04 
2108 4.022506e-04 
2109 4.021027e-04 
2110 4.019548e-04 
2111 4.018070e-04 
2112 4.016593e-04 
2113 4.015116e-04 
2114 4.013640e-04 
2115 4.012164e-04 
2116 4.010689e-04 
2117 4.009215e-04 
2118 4.007742e-04 
2119 4.006269e-04 
2120 4.004796e-04 
2121 4.003325e-04 
2122 4.001853e-04 
2123 4.000383e-04 
2124 3.998913e-04 
2125 3.997444e-04 
2126 3.995975e-04 
2127 3.994507e-04 
2128 3.993040e-04 
2129 3.991573e-04 
2130 3.990107e-04 
2131 3.988641e-04 
2132 3.987176e-04 
2133 3.985712e-04 
2134 3.984248e-04 
2135 3.982785e-04 
2136 3.981323e-04 
2137 3.979861e-04 
2138 3.978399e-04 
2139 3.976939e-04 
2140 3.975479e-04 
2141 3.974019e-04 
2142 3.972561e-04 
2143 3.971102e-04 
2144 3.969645e-04 
2145 3.968188e-04 
2146 3.966732e-04 
2147 3.965276e-04 
2148 3.963821e-04 
2149 3.962366e-04 
2150 3.960912e-04 
2151 3.959459e-04 
2152 3.958007e-04 
2153 3.956555e-04 
2154 3.955103e-04 
2155 3.953652e-04 
2156 3.952202e-04 
2157 3.950753e-04 
2158 3.949304e-04 
2159 3.947855e-04 
2160 3.946407e-04 
2161 3.944960e-04 
2162 3.943514e-04 
2163 3.942068e-04 
2164 3.940623e-04 
2165 3.939178e-04 
2166 3.937734e-04 
2167 3.936290e-04 
2168 3.934847e-04 
2169 3.933405e-04 
2170 3.931963e-04 
2171 3.930522e-04 
2172 3.929082e-04 
2173 3.927642e-04 
2174 3.926203e-04 
2175 3.924764e-04 
2176 3.923326e-04 
2177 3.921889e-04 
2178 3.920452e-04 
2179 3.919016e-04 
2180 3.917580e-04 
2181 3.916145e-04 
2182 3.914711e-04 
2183 3.913277e-04 
2184 3.911844e-04 
2185 3.910411e-04 
2186 3.908979e-04 
2187 3.907548e-04 
2188 3.906117e-04 
2189 3.904687e-04 
2190 3.903257e-04 
2191 3.901828e-04 
2192 3.900400e-04 
2193 3.898972e-04 
2194 3.897545e-04 
2195 3.896119e-04 
2196 3.894693e-04 
2197 3.893267e-04 
2198 3.891843e-04 
2199 3.890418e-04 
2200 3.888995e-04 
2201 3.887572e-04 
2202 3.886150e-04 
2203 3.884728e-04 
2204 3.883307e-04 
2205 3.881886e-04 
2206 3.880466e-04 
2207 3.879047e-04 
2208 3.877628e-04 
2209 3.876210e-04 
2210 3.874792e-04 
2211 3.873375e-04 
2212 3.871959e-04 
2213 3.870543e-04 
2214 3.869128e-04 
2215 3.867713e-04 
2216 3.866299e-04 
2217 3.864886e-04 
2218 3.863473e-04 
2219 3.862061e-04 
2220 3.860649e-04 
2221 3.859238e-04 
2222 3.857828e-04 
2223 3.856418e-04 
2224 3.855009e-04 
2225 3.853600e-04 
2226 3.852192e-04 
2227 3.850785e-04 
2228 3.849378e-04 
2229 3.847972e-04 
2230 3.846566e-04 
2231 3.845161e-04 
2232 3.843756e-04 
2233 3.842352e-04 
2234 3.840949e-04 
2235 3.839546e-04 
2236 3.838144e-04 
2237 3.836743e-04 
2238 3.835342e-04 
2239 3.833941e-04 
2240 3.832542e-04 
2241 3.831142e-04 
2242 3.829744e-04 
2243 3.828346e-04 
2244 3.826948e-04 
2245 3.825552e-04 
2246 3.824155e-04 
2247 3.822760e-04 
2248 3.821365e-04 
2249 3.819970e-04 
2250 3.818576e-04 
2251 3.817183e-04 
2252 3.815790e-04 
2253 3.814398e-04 
2254 3.813006e-04 
2255 3.811615e-04 
2256 3.810225e-04 
2257 3.808835e-04 
2258 3.807446e-04 
2259 3.806057e-04 
2260 3.804669e-04 
2261 3.803282e-04 
2262 3.801895e-04 
2263 3.800509e-04 
2264 3.799123e-04 
2265 3.797738e-04 
2266 3.796353e-04 
2267 3.794970e-04 
2268 3.793586e-04 
2269 3.792203e-04 
2270 3.790821e-04 
2271 3.789440e-04 
2272 3.788058e-04 
2273 3.786678e-04 
2274 3.785298e-04 
2275 3.783919e-04 
2276 3.782540e-04 
2277 3.781162e-04 
2278 3.779784e-04 
2279 3.778407e-04 
2280 3.777031e-04 
2281 3.775655e-04 
2282 3.774280e-04 
2283 3.772905e-04 
2284 3.771531e-04 
2285 3.770158e-04 
2286 3.768785e-04 
2287 3.767412e-04 
2288 3.766041e-04 
2289 3.764669e-04 
2290 3.763299e-04 
2291 3.761929e-04 
2292 3.760559e-04 
2293 3.759190e-04 
2294 3.757822e-04 
2295 3.756454e-04 
2296 3.755087e-04 
2297 3.753720e-04 
2298 3.752354e-04 
2299 3.750989e-04 
2300 3.749624e-04 
2301 3.748260e-04 
2302 3.746896e-04 
2303 3.745533e-04 
2304 3.744170e-04 
2305 3.742808e-04 
2306 3.741447e-04 
2307 3.740086e-04 
2308 3.738726e-04 
2309 3.737366e-04 
2310 3.736007e-04 
2311 3.734648e-04 
2312 3.733290e-04 
2313 3.731933e-04 
2314 3.730576e-04 
2315 3.729220e-04 
2316 3.727864e-04 
2317 3.726509e-04 
2318 3.725154e-04 
2319 3.723800e-04 
2320 3.722447e-04 
2321 3.721094e-04 
2322 3.719742e-04 
2323 3.718390e-04 
2324 3.717039e-04 
2325 3.715688e-04 
2326 3.714338e-04 
2327 3.712989e-04 
2328 3.711640e-04 
2329 3.710291e-04 
2330 3.708944e-04 
2331 3.707596e-04 
2332 3.706250e-04 
2333 3.704904e-04 
2334 3.703558e-04 
2335 3.702213e-04 
2336 3.700869e-04 
2337 3.699525e-04 
2338 3.698182e-04 
2339 3.696839e-04 
2340 3.695497e-04 
2341 3.694156e-04 
2342 3.692815e-04 
2343 3.691474e-04 
2344 3.690134e-04 
2345 3.688795e-04 
2346 3.687456e-04 
2347 3.686118e-04 
2348 3.684781e-04 
2349 3.683444e-04 
2350 3.682107e-04 
2351 3.680771e-04 
2352 3.679436e-04 
2353 3.678101e-04 
2354 3.676767e-04 
2355 3.675433e-04 
2356 3.674100e-04 
2357 3.672767e-04 
2358 3.671435e-04 
2359 3.670104e-04 
2360 3.668773e-04 
2361 3.667443e-04 
2362 3.666113e-04 
2363 3.664784e-04 
2364 3.663455e-04 
2365 3.662127e-04 
2366 3.660800e-04 
2367 3.659473e-04 
2368 3.658146e-04 
2369 3.656820e-04 
2370 3.655495e-04 
2371 3.654170e-04 
2372 3.652846e-04 
2373 3.651523e-04 
2374 3.650200e-04 
2375 3.648877e-04 
2376 3.647555e-04 
2377 3.646234e-04 
2378 3.644913e-04 
2379 3.643593e-04 
2380 3.642273e-04 
2381 3.640954e-04 
2382 3.639635e-04 
2383 3.638317e-04 
2384 3.636999e-04 
2385 3.635682e-04 
2386 3.634366e-04 
2387 3.633050e-04 
2388 3.631735e-04 
2389 3.630420e-04 
2390 3.629106e-04 
2391 3.627792e-04 
2392 3.626479e-04 
2393 3.625167e-04 
2394 3.623855e-04 
2395 3.622543e-04 
2396 3.621232e-04 
2397 3.619922e-04 
2398 3.618612e-04 
2399 3.617303e-04 
2400 3.615994e-04 
2401 3.614686e-04 
2402 3.613378e-04 
2403 3.612071e-04 
2404 3.610765e-04 
2405 3.609459e-04 
2406 3.608154e-04 
2407 3.606849e-04 
2408 3.605544e-04 
2409 3.604241e-04 
2410 3.602937e-04 
2411 3.601635e-04 
2412 3.600333e-04 
2413 3.599031e-04 
2414 3.597730e-04 
2415 3.596430e-04 
2416 3.595130e-04 
2417 3.593830e-04 
2418 3.592531e-04 
2419 3.591233e-04 
2420 3.589935e-04 
2421 3.588638e-04 
2422 3.587342e-04 
2423 3.586045e-04 
2424 3.584750e-04 
2425 3.583455e-04 
2426 3.582160e-04 
2427 3.580866e-04 
2428 3.579573e-04 
2429 3.578280e-04 
2430 3.576988e-04 
2431 3.575696e-04 
2432 3.574405e-04 
2433 3.573114e-04 
2434 3.571824e-04 
2435 3.570534e-04 
2436 3.569245e-04 
2437 3.567957e-04 
2438 3.566669e-04 
2439 3.565381e-04 
2440 3.564095e-04 
2441 3.562808e-04 
2442 3.561522e-04 
2443 3.560237e-04 
2444 3.558952e-04 
2445 3.557668e-04 
2446 3.556384e-04 
2447 3.555101e-04 
2448 3.553819e-04 
2449 3.552537e-04 
2450 3.551255e-04 
2451 3.549974e-04 
2452 3.548694e-04 
2453 3.547414e-04 
2454 3.546135e-04 
2455 3.544856e-04 
2456 3.543577e-04 
2457 3.542300e-04 
2458 3.541022e-04 
2459 3.539746e-04 
2460 3.538470e-04 
2461 3.537194e-04 
2462 3.535919e-04 
2463 3.534644e-04 
2464 3.533370e-04 
2465 3.532097e-04 
2466 3.530824e-04 
2467 3.529552e-04 
2468 3.528280e-04 
2469 3.527008e-04 
2470 3.525738e-04 
2471 3.524467e-04 
2472 3.523198e-04 
2473 3.521928e-04 
2474 3.520660e-04 
2475 3.519392e-04 
2476 3.518124e-04 
2477 3.516857e-04 
2478 3.515590e-04 
2479 3.514324e-04 
2480 3.513059e-04 
2481 3.511794e-04 
2482 3.510530e-04 
2483 3.509266e-04 
2484 3.508002e-04 
2485 3.506740e-04 
2486 3.505477e-04 
2487 3.504215e-04 
2488 3.502954e-04 
2489 3.501694e-04 
2490 3.500433e-04 
2491 3.499174e-04 
2492 3.497915e-04 
2493 3.496656e-04 
2494 3.495398e-04 
2495 3.494140e-04 
2496 3.492883e-04 
2497 3.491627e-04 
2498 3.490371e-04 
2499 3.489115e-04 
2500 3.487861e-04 
2501 3.486606e-04 
2502 3.485352e-04 
2503 3.484099e-04 
2504 3.482846e-04 
2505 3.481594e-04 
2506 3.480342e-04 
2507 3.479091e-04 
2508 3.477840e-04 
2509 3.476590e-04 
2510 3.475340e-04 
2511 3.474091e-04 
2512 3.472843e-04 
2513 3.471595e-04 
2514 3.470347e-04 
2515 3.469100e-04 
2516 3.467853e-04 
2517 3.466607e-04 
2518 3.465362e-04 
2519 3.464117e-04 
2520 3.462873e-04 
2521 3.461629e-04 
2522 3.460385e-04 
2523 3.459142e-04 
2524 3.457900e-04 
2525 3.456658e-04 
2526 3.455417e-04 
2527 3.454176e-04 
2528 3.452936e-04 
2529 3.451696e-04 
2530 3.450457e-04 
2531 3.449218e-04 
2532 3.447980e-04 
2533 3.446742e-04 
2534 3.445505e-04 
2535 3.444269e-04 
2536 3.443033e-04 
2537 3.441797e-04 
2538 3.440562e-04 
2539 3.439327e-04 
2540 3.438093e-04 
2541 3.436860e-04 
2542 3.435627e-04 
2543 3.434394e-04 
2544 3.433162e-04 
2545 3.431931e-04 
2546 3.430700e-04 
2547 3.429469e-04 
2548 3.428240e-04 
2549 3.427010e-04 
2550 3.425781e-04 
2551 3.424553e-04 
2552 3.423325e-04 
2553 3.422098e-04 
2554 3.420871e-04 
2555 3.419645e-04 
2556 3.418419e-04 
2557 3.417194e-04 
2558 3.415969e-04 
2559 3.414745e-04 
2560 3.413521e-04 
2561 3.412298e-04 
2562 3.411075e-04 
2563 3.409853e-04 
2564 3.408631e-04 
2565 3.407410e-04 
2566 3.406189e-04 
2567 3.404969e-04 
2568 3.403749e-04 
2569 3.402530e-04 
2570 3.401312e-04 
2571 3.400093e-04 
2572 3.398876e-04 
2573 3.397659e-04 
2574 3.396442e-04 
2575 3.395226e-04 
2576 3.394011e-04 
2577 3.392795e-04 
2578 3.391581e-04 
2579 3.390367e-04 
2580 3.389153e-04 
2581 3.387940e-04 
2582 3.386728e-04 
2583 3.385516e-04 
2584 3.384304e-04 
2585 3.383093e-04 
2586 3.381883e-04 
2587 3.380673e-04 
2588 3.379463e-04 
2589 3.378254e-04 
2590 3.377046e-04 
2591 3.375838e-04 
2592 3.374631e-04 
2593 3.373424e-04 
2594 3.372217e-04 
2595 3.371011e-04 
2596 3.369806e-04 
2597 3.368601e-04 
2598 3.367397e-04 
2599 3.366193e-04 
2600 3.364989e-04 
2601 3.363786e-04 
2602 3.362584e-04 
2603 3.361382e-04 
2604 3.360181e-04 
2605 3.358980e-04 
2606 3.357779e-04 
2607 3.356579e-04 
2608 3.355380e-04 
2609 3.354181e-04 
2610 3.352983e-04 
2611 3.351785e-04 
2612 3.350588e-04 
2613 3.349391e-04 
2614 3.348194e-04 
2615 3.346998e-04 
2616 3.345803e-04 
2617 3.344608e-04 
2618 3.343414e-04 
2619 3.342220e-04 
2620 3.341027e-04 
2621 3.339834e-04 
2622 3.338641e-04 
2623 3.337449e-04 
2624 3.336258e-04 
2625 3.335067e-04 
2626 3.333877e-04 
2627 3.332687e-04 
2628 3.331497e-04 
2629 3.330309e-04 
2630 3.329120e-04 
2631 3.327932e-04 
2632 3.326745e-04 
2633 3.325558e-04 
2634 3.324372e-04 
2635 3.323186e-04 
2636 3.322000e-04 
2637 3.320815e-04 
2638 3.319631e-04 
2639 3.318447e-04 
2640 3.317264e-04 
2641 3.316081e-04 
2642 3.314898e-04 
2643 3.313716e-04 
2644 3.312535e-04 
2645 3.311354e-04 
2646 3.310173e-04 
2647 3.308993e-04 
2648 3.307814e-04 
2649 3.306635e-04 
2650 3.305457e-04 
2651 3.304279e-04 
2652 3.303101e-04 
2653 3.301924e-04 
2654 3.300747e-04 
2655 3.299571e-04 
2656 3.298396e-04 
2657 3.297221e-04 
2658 3.296046e-04 
2659 3.294872e-04 
2660 3.293699e-04 
2661 3.292526e-04 
2662 3.291353e-04 
2663 3.290181e-04 
2664 3.289009e-04 
2665 3.287838e-04 
2666 3.286668e-04 
2667 3.285497e-04 
2668 3.284328e-04 
2669 3.283159e-04 
2670 3.281990e-04 
2671 3.280822e-04 
2672 3.279654e-04 
2673 3.278487e-04 
2674 3.277320e-04 
2675 3.276154e-04 
2676 3.274988e-04 
2677 3.273823e-04 
2678 3.272658e-04 
2679 3.271494e-04 
2680 3.270330e-04 
2681 3.269167e-04 
2682 3.268004e-04 
2683 3.266842e-04 
2684 3.265680e-04 
2685 3.264518e-04 
2686 3.263358e-04 
2687 3.262197e-04 
2688 3.261037e-04 
2689 3.259878e-04 
2690 3.258719e-04 
2691 3.257561e-04 
2692 3.256403e-04 
2693 3.255245e-04 
2694 3.254088e-04 
2695 3.252932e-04 
2696 3.251776e-04 
2697 3.250620e-04 
2698 3.249465e-04 
2699 3.248310e-04 
2700 3.247156e-04 
2701 3.246003e-04 
2702 3.244849e-04 
2703 3.243697e-04 
2704 3.242545e-04 
2705 3.241393e-04 
2706 3.240242e-04 
2707 3.239091e-04 
2708 3.237941e-04 
2709 3.236791e-04 
2710 3.235642e-04 
2711 3.234493e-04 
2712 3.233345e-04 
2713 3.232197e-04 
2714 3.231049e-04 
2715 3.229902e-04 
2716 3.228756e-04 
2717 3.227610e-04 
2718 3.226465e-04 
2719 3.225320e-04 
2720 3.224175e-04 
2721 3.223031e-04 
2722 3.221888e-04 
2723 3.220745e-04 
2724 3.219602e-04 
2725 3.218460e-04 
2726 3.217318e-04 
2727 3.216177e-04 
2728 3.215036e-04 
2729 3.213896e-04 
2730 3.212757e-04 
2731 3.211617e-04 
2732 3.210479e-04 
2733 3.209340e-04 
2734 3.208202e-04 
2735 3.207065e-04 
2736 3.205928e-04 
2737 3.204792e-04 
2738 3.203656e-04 
2739 3.202520e-04 
2740 3.201385e-04 
2741 3.200251e-04 
2742 3.199117e-04 
2743 3.197983e-04 
2744 3.196850e-04 
2745 3.195718e-04 
2746 3.194586e-04 
2747 3.193454e-04 
2748 3.192323e-04 
2749 3.191192e-04 
2750 3.190062e-04 
2751 3.188932e-04 
2752 3.187803e-04 
2753 3.186674e-04 
2754 3.185546e-04 
2755 3.184418e-04 
2756 3.183290e-04 
2757 3.182163e-04 
2758 3.181037e-04 
2759 3.179911e-04 
2760 3.178785e-04 
2761 3.177660e-04 
2762 3.176536e-04 
2763 3.175412e-04 
2764 3.174288e-04 
2765 3.173165e-04 
2766 3.172042e-04 
2767 3.170920e-04 
2768 3.169798e-04 
2769 3.168677e-04 
2770 3.167556e-04 
2771 3.166435e-04 
2772 3.165316e-04 
2773 3.164196e-04 
2774 3.163077e-04 
2775 3.161959e-04 
2776 3.160841e-04 
2777 3.159723e-04 
2778 3.158606e-04 
2779 3.157489e-04 
2780 3.156373e-04 
2781 3.155257e-04 
2782 3.154142e-04 
2783 3.153027e-04 
2784 3.151913e-04 
2785 3.150799e-04 
2786 3.149686e-04 
2787 3.148573e-04 
2788 3.147461e-04 
2789 3.146349e-04 
2790 3.145237e-04 
2791 3.144126e-04 
2792 3.143015e-04 
2793 3.141905e-04 
2794 3.140796e-04 
2795 3.139686e-04 
2796 3.138578e-04 
2797 3.137469e-04 
2798 3.136362e-04 
2799 3.135254e-04 
2800 3.134147e-04 
2801 3.133041e-04 
2802 3.131935e-04 
2803 3.130829e-04 
2804 3.129724e-04 
2805 3.128620e-04 
2806 3.127516e-04 
2807 3.126412e-04 
2808 3.125309e-04 
2809 3.124206e-04 
2810 3.123104e-04 
2811 3.122002e-04 
2812 3.120901e-04 
2813 3.119800e-04 
2814 3.118699e-04 
2815 3.117599e-04 
2816 3.116500e-04 
2817 3.115401e-04 
2818 3.114302e-04 
2819 3.113204e-04 
2820 3.112106e-04 
2821 3.111009e-04 
2822 3.109912e-04 
2823 3.108816e-04 
2824 3.107720e-04 
2825 3.106625e-04 
2826 3.105530e-04 
2827 3.104435e-04 
2828 3.103341e-04 
2829 3.102248e-04 
2830 3.101155e-04 
2831 3.100062e-04 
2832 3.098970e-04 
2833 3.097878e-04 
2834 3.096787e-04 
2835 3.095696e-04 
2836 3.094605e-04 
2837 3.093515e-04 
2838 3.092426e-04 
2839 3.091337e-04 
2840 3.090248e-04 
2841 3.089160e-04 
2842 3.088073e-04 
2843 3.086985e-04 
2844 3.085899e-04 
2845 3.084812e-04 
2846 3.083726e-04 
2847 3.082641e-04 
2848 3.081556e-04 
2849 3.080472e-04 
2850 3.079388e-04 
2851 3.078304e-04 
2852 3.077221e-04 
2853 3.076138e-04 
2854 3.075056e-04 
2855 3.073974e-04 
2856 3.072893e-04 
2857 3.071812e-04 
2858 3.070732e-04 
2859 3.069652e-04 
2860 3.068572e-04 
2861 3.067493e-04 
2862 3.066414e-04 
2863 3.065336e-04 
2864 3.064258e-04 
2865 3.063181e-04 
2866 3.062104e-04 
2867 3.061028e-04 
2868 3.059952e-04 
2869 3.058876e-04 
2870 3.057801e-04 
2871 3.056727e-04 
2872 3.055653e-04 
2873 3.054579e-04 
2874 3.053506e-04 
2875 3.052433e-04 
2876 3.051361e-04 
2877 3.050289e-04 
2878 3.049217e-04 
2879 3.048146e-04 
2880 3.047076e-04 
2881 3.046006e-04 
2882 3.044936e-04 
2883 3.043867e-04 
2884 3.042798e-04 
2885 3.041729e-04 
2886 3.040662e-04 
2887 3.039594e-04 
2888 3.038527e-04 
2889 3.037461e-04 
2890 3.036394e-04 
2891 3.035329e-04 
2892 3.034264e-04 
2893 3.033199e-04 
2894 3.032134e-04 
2895 3.031071e-04 
2896 3.030007e-04 
2897 3.028944e-04 
2898 3.027881e-04 
2899 3.026819e-04 
2900 3.025758e-04 
2901 3.024696e-04 
2902 3.023636e-04 
2903 3.022575e-04 
2904 3.021515e-04 
2905 3.020456e-04 
2906 3.019397e-04 
2907 3.018338e-04 
2908 3.017280e-04 
2909 3.016222e-04 
2910 3.015165e-04 
2911 3.014108e-04 
2912 3.013052e-04 
2913 3.011996e-04 
2914 3.010940e-04 
2915 3.009885e-04 
2916 3.008831e-04 
2917 3.007777e-04 
2918 3.006723e-04 
2919 3.005669e-04 
2920 3.004617e-04 
2921 3.003564e-04 
2922 3.002512e-04 
2923 3.001461e-04 
2924 3.000410e-04 
2925 2.999359e-04 
2926 2.998309e-04 
2927 2.997259e-04 
2928 2.996209e-04 
2929 2.995160e-04 
2930 2.994112e-04 
2931 2.993064e-04 
2932 2.992016e-04 
2933 2.990969e-04 
2934 2.989922e-04 
2935 2.988876e-04 
2936 2.987830e-04 
2937 2.986785e-04 
2938 2.985740e-04 
2939 2.984695e-04 
2940 2.983651e-04 
2941 2.982607e-04 
2942 2.981564e-04 
2943 2.980521e-04 
2944 2.979479e-04 
2945 2.978437e-04 
2946 2.977395e-04 
2947 2.976354e-04 
2948 2.975313e-04 
2949 2.974273e-04 
2950 2.973233e-04 
2951 2.972194e-04 
2952 2.971155e-04 
2953 2.970117e-04 
2954 2.969078e-04 
2955 2.968041e-04 
2956 2.967004e-04 
2957 2.965967e-04 
2958 2.964930e-04 
2959 2.963895e-04 
2960 2.962859e-04 
2961 2.961824e-04 
2962 2.960789e-04 
2963 2.959755e-04 
2964 2.958721e-04 
2965 2.957688e-04 
2966 2.956655e-04 
2967 2.955623e-04 
2968 2.954591e-04 
2969 2.953559e-04 
2970 2.952528e-04 
2971 2.951497e-04 
2972 2.950467e-04 
2973 2.949437e-04 
2974 2.948407e-04 
2975 2.947378e-04 
2976 2.946350e-04 
2977 2.945322e-04 
2978 2.944294e-04 
2979 2.943266e-04 
2980 2.942240e-04 
2981 2.941213e-04 
2982 2.940187e-04 
2983 2.939161e-04 
2984 2.938136e-04 
2985 2.937111e-04 
2986 2.936087e-04 
2987 2.935063e-04 
2988 2.934040e-04 
2989 2.933017e-04 
2990 2.931994e-04 
2991 2.930972e-04 
2992 2.929950e-04 
2993 2.928929e-04 
2994 2.927908e-04 
2995 2.926887e-04 
2996 2.925867e-04 
2997 2.924847e-04 
2998 2.923828e-04 
2999 2.922809e-04 
3000 2.921791e-04 
3001 2.920773e-04 
3002 2.919755e-04 
3003 2.918738e-04 
3004 2.917722e-04 
3005 2.916705e-04 
3006 2.915689e-04 
3007 2.914674e-04 
3008 2.913659e-04 
3009 2.912644e-04 
3010 2.911630e-04 
3011 2.910616e-04 
3012 2.909603e-04 
3013 2.908590e-04 
3014 2.907578e-04 
3015 2.906566e-04 
3016 2.905554e-04 
3017 2.904543e-04 
3018 2.903532e-04 
3019 2.902522e-04 
3020 2.901512e-04 
3021 2.900502e-04 
3022 2.899493e-04 
3023 2.898484e-04 
3024 2.897476e-04 
3025 2.896468e-04 
3026 2.895461e-04 
3027 2.894454e-04 
3028 2.893447e-04 
3029 2.892441e-04 
3030 2.891435e-04 
3031 2.890430e-04 
3032 2.889425e-04 
3033 2.888420e-04 
3034 2.887416e-04 
3035 2.886413e-04 
3036 2.885409e-04 
3037 2.884406e-04 
3038 2.883404e-04 
3039 2.882402e-04 
3040 2.881400e-04 
3041 2.880399e-04 
3042 2.879398e-04 
3043 2.878398e-04 
3044 2.877398e-04 
3045 2.876399e-04 
3046 2.875399e-04 
3047 2.874401e-04 
3048 2.873402e-04 
3049 2.872405e-04 
3050 2.871407e-04 
3051 2.870410e-04 
3052 2.869414e-04 
3053 2.868417e-04 
3054 2.867422e-04 
3055 2.866426e-04 
3056 2.865431e-04 
3057 2.864437e-04 
3058 2.863442e-04 
3059 2.862449e-04 
3060 2.861455e-04 
3061 2.860463e-04 
3062 2.859470e-04 
3063 2.858478e-04 
3064 2.857486e-04 
3065 2.856495e-04 
3066 2.855504e-04 
3067 2.854514e-04 
3068 2.853524e-04 
3069 2.852534e-04 
3070 2.851545e-04 
3071 2.850556e-04 
3072 2.849568e-04 
3073 2.848580e-04 
3074 2.847592e-04 
3075 2.846605e-04 
3076 2.845618e-04 
3077 2.844632e-04 
3078 2.843646e-04 
3079 2.842661e-04 
3080 2.841676e-04 
3081 2.840691e-04 
3082 2.839707e-04 
3083 2.838723e-04 
3084 2.837739e-04 
3085 2.836756e-04 
3086 2.835774e-04 
3087 2.834791e-04 
3088 2.833810e-04 
3089 2.832828e-04 
3090 2.831847e-04 
3091 2.830867e-04 
3092 2.829886e-04 
3093 2.828907e-04 
3094 2.827927e-04 
3095 2.826948e-04 
3096 2.825970e-04 
3097 2.824991e-04 
3098 2.824014e-04 
3099 2.823036e-04 
3100 2.822059e-04 
3101 2.821083e-04 
3102 2.820107e-04 
3103 2.819131e-04 
3104 2.818156e-04 
3105 2.817181e-04 
3106 2.816206e-04 
3107 2.815232e-04 
3108 2.814258e-04 
3109 2.813285e-04 
3110 2.812312e-04 
3111 2.811340e-04 
3112 2.810368e-04 
3113 2.809396e-04 
3114 2.808425e-04 
3115 2.807454e-04 
3116 2.806483e-04 
3117 2.805513e-04 
3118 2.804543e-04 
3119 2.803574e-04 
3120 2.802605e-04 
3121 2.801637e-04 
3122 2.800669e-04 
3123 2.799701e-04 
3124 2.798734e-04 
3125 2.797767e-04 
3126 2.796801e-04 
3127 2.795834e-04 
3128 2.794869e-04 
3129 2.793904e-04 
3130 2.792939e-04 
3131 2.791974e-04 
3132 2.791010e-04 
3133 2.790047e-04 
3134 2.789083e-04 
3135 2.788120e-04 
3136 2.787158e-04 
3137 2.786196e-04 
3138 2.785234e-04 
3139 2.784273e-04 
3140 2.783312e-04 
3141 2.782352e-04 
3142 2.781392e-04 
3143 2.780432e-04 
3144 2.779473e-04 
3145 2.778514e-04 
3146 2.777555e-04 
3147 2.776597e-04 
3148 2.775640e-04 
3149 2.774682e-04 
3150 2.773725e-04 
3151 2.772769e-04 
3152 2.771813e-04 
3153 2.770857e-04 
3154 2.769902e-04 
3155 2.768947e-04 
3156 2.767992e-04 
3157 2.767038e-04 
3158 2.766085e-04 
3159 2.765131e-04 
3160 2.764178e-04 
3161 2.763226e-04 
3162 2.762274e-04 
3163 2.761322e-04 
3164 2.760371e-04 
3165 2.759420e-04 
3166 2.758469e-04 
3167 2.757519e-04 
3168 2.756569e-04 
3169 2.755620e-04 
3170 2.754671e-04 
3171 2.753722e-04 
3172 2.752774e-04 
3173 2.751826e-04 
3174 2.750879e-04 
3175 2.749932e-04 
3176 2.748985e-04 
3177 2.748039e-04 
3178 2.747093e-04 
3179 2.746148e-04 
3180 2.745202e-04 
3181 2.744258e-04 
3182 2.743314e-04 
3183 2.742370e-04 
3184 2.741426e-04 
3185 2.740483e-04 
3186 2.739540e-04 
3187 2.738598e-04 
3188 2.737656e-04 
3189 2.736715e-04 
3190 2.735773e-04 
3191 2.734833e-04 
3192 2.733892e-04 
3193 2.732952e-04 
3194 2.732013e-04 
3195 2.731074e-04 
3196 2.730135e-04 
3197 2.729196e-04 
3198 2.728258e-04 
3199 2.727321e-04 
3200 2.726383e-04 
3201 2.725446e-04 
3202 2.724510e-04 
3203 2.723574e-04 
3204 2.722638e-04 
3205 2.721703e-04 
3206 2.720768e-04 
3207 2.719833e-04 
3208 2.718899e-04 
3209 2.717965e-04 
3210 2.717032e-04 
3211 2.716099e-04 
3212 2.715166e-04 
3213 2.714234e-04 
3214 2.713302e-04 
3215 2.712371e-04 
3216 2.711440e-04 
3217 2.710509e-04 
3218 2.709579e-04 
3219 2.708649e-04 
3220 2.707720e-04 
3221 2.706790e-04 
3222 2.705862e-04 
3223 2.704933e-04 
3224 2.704005e-04 
3225 2.703078e-04 
3226 2.702150e-04 
3227 2.701224e-04 
3228 2.700297e-04 
3229 2.699371e-04 
3230 2.698445e-04 
3231 2.697520e-04 
3232 2.696595e-04 
3233 2.695671e-04 
3234 2.694747e-04 
3235 2.693823e-04 
3236 2.692899e-04 
3237 2.691976e-04 
3238 2.691054e-04 
3239 2.690132e-04 
3240 2.689210e-04 
3241 2.688288e-04 
3242 2.687367e-04 
3243 2.686446e-04 
3244 2.685526e-04 
3245 2.684606e-04 
3246 2.683687e-04 
3247 2.682767e-04 
3248 2.681849e-04 
3249 2.680930e-04 
3250 2.680012e-04 
3251 2.679094e-04 
3252 2.678177e-04 
3253 2.677260e-04 
3254 2.676344e-04 
3255 2.675428e-04 
3256 2.674512e-04 
3257 2.673596e-04 
3258 2.672681e-04 
3259 2.671767e-04 
3260 2.670852e-04 
3261 2.669939e-04 
3262 2.669025e-04 
3263 2.668112e-04 
3264 2.667199e-04 
3265 2.666287e-04 
3266 2.665375e-04 
3267 2.664463e-04 
3268 2.663552e-04 
3269 2.662641e-04 
3270 2.661731e-04 
3271 2.660821e-04 
3272 2.659911e-04 
3273 2.659002e-04 
3274 2.658093e-04 
3275 2.657184e-04 
3276 2.656276e-04 
3277 2.655368e-04 
3278 2.654460e-04 
3279 2.653553e-04 
3280 2.652647e-04 
3281 2.651740e-04 
3282 2.650834e-04 
3283 2.649929e-04 
3284 2.649023e-04 
3285 2.648119e-04 
3286 2.647214e-04 
3287 2.646310e-04 
3288 2.645406e-04 
3289 2.644503e-04 
3290 2.643600e-04 
3291 2.642697e-04 
3292 2.641795e-04 
3293 2.640893e-04 
3294 2.639992e-04 
3295 2.639091e-04 
3296 2.638190e-04 
3297 2.637290e-04 
3298 2.636390e-04 
3299 2.635490e-04 
3300 2.634591e-04 
3301 2.633692e-04 
3302 2.632793e-04 
3303 2.631895e-04 
3304 2.630998e-04 
3305 2.630100e-04 
3306 2.629203e-04 
3307 2.628306e-04 
3308 2.627410e-04 
3309 2.626514e-04 
3310 2.625619e-04 
3311 2.624724e-04 
3312 2.623829e-04 
3313 2.622934e-04 
3314 2.622040e-04 
3315 2.621147e-04 
3316 2.620253e-04 
3317 2.619360e-04 
3318 2.618468e-04 
3319 2.617576e-04 
3320 2.616684e-04 
3321 2.615792e-04 
3322 2.614901e-04 
3323 2.614010e-04 
3324 2.613120e-04 
3325 2.612230e-04 
3326 2.611340e-04 
3327 2.610451e-04 
3328 2.609562e-04 
3329 2.608674e-04 
3330 2.607786e-04 
3331 2.606898e-04 
3332 2.606010e-04 
3333 2.605123e-04 
3334 2.604237e-04 
3335 2.603350e-04 
3336 2.602464e-04 
3337 2.601579e-04 
3338 2.600693e-04 
3339 2.599809e-04 
3340 2.598924e-04 
3341 2.598040e-04 
3342 2.597156e-04 
3343 2.596273e-04 
3344 2.595390e-04 
3345 2.594507e-04 
3346 2.593625e-04 
3347 2.592743e-04 
3348 2.591861e-04 
3349 2.590980e-04 
3350 2.590099e-04 
3351 2.589219e-04 
3352 2.588338e-04 
3353 2.587459e-04 
3354 2.586579e-04 
3355 2.585700e-04 
3356 2.584822e-04 
3357 2.583943e-04 
3358 2.583065e-04 
3359 2.582188e-04 
3360 2.581311e-04 
3361 2.580434e-04 
3362 2.579557e-04 
3363 2.578681e-04 
3364 2.577805e-04 
3365 2.576930e-04 
3366 2.576055e-04 
3367 2.575180e-04 
3368 2.574306e-04 
3369 2.573432e-04 
3370 2.572558e-04 
3371 2.571685e-04 
3372 2.570812e-04 
3373 2.569940e-04 
3374 2.569067e-04 
3375 2.568196e-04 
3376 2.567324e-04 
3377 2.566453e-04 
3378 2.565582e-04 
3379 2.564712e-04 
3380 2.563842e-04 
3381 2.562972e-04 
3382 2.562103e-04 
3383 2.561234e-04 
3384 2.560366e-04 
3385 2.559497e-04 
3386 2.558630e-04 
3387 2.557762e-04 
3388 2.556895e-04 
3389 2.556028e-04 
3390 2.555162e-04 
3391 2.554296e-04 
3392 2.553430e-04 
3393 2.552565e-04 
3394 2.551700e-04 
3395 2.550835e-04 
3396 2.549971e-04 
3397 2.549107e-04 
3398 2.548243e-04 
3399 2.547380e-04 
3400 2.546517e-04 
3401 2.545655e-04 
3402 2.544792e-04 
3403 2.543931e-04 
3404 2.543069e-04 
3405 2.542208e-04 
3406 2.541347e-04 
3407 2.540487e-04 
3408 2.539627e-04 
3409 2.538767e-04 
3410 2.537908e-04 
3411 2.537049e-04 
3412 2.536191e-04 
3413 2.535332e-04 
3414 2.534475e-04 
3415 2.533617e-04 
3416 2.532760e-04 
3417 2.531903e-04 
3418 2.531047e-04 
3419 2.530190e-04 
3420 2.529335e-04 
3421 2.528479e-04 
3422 2.527624e-04 
3423 2.526770e-04 
3424 2.525915e-04 
3425 2.525061e-04 
3426 2.524208e-04 
3427 2.523354e-04 
3428 2.522501e-04 
3429 2.521649e-04 
3430 2.520796e-04 
3431 2.519945e-04 
3432 2.519093e-04 
3433 2.518242e-04 
3434 2.517391e-04 
3435 2.516541e-04 
3436 2.515690e-04 
3437 2.514841e-04 
3438 2.513991e-04 
3439 2.513142e-04 
3440 2.512293e-04 
3441 2.511445e-04 
3442 2.510597e-04 
3443 2.509749e-04 
3444 2.508902e-04 
3445 2.508055e-04 
3446 2.507208e-04 
3447 2.506362e-04 
3448 2.505516e-04 
3449 2.504671e-04 
3450 2.503825e-04 
3451 2.502980e-04 
3452 2.502136e-04 
3453 2.501292e-04 
3454 2.500448e-04 
3455 2.499604e-04 
3456 2.498761e-04 
3457 2.497918e-04 
3458 2.497076e-04 
3459 2.496234e-04 
3460 2.495392e-04 
3461 2.494551e-04 
3462 2.493710e-04 
3463 2.492869e-04 
3464 2.492029e-04 
3465 2.491189e-04 
3466 2.490349e-04 
3467 2.489510e-04 
3468 2.488671e-04 
3469 2.487832e-04 
3470 2.486994e-04 
3471 2.486156e-04 
3472 2.485318e-04 
3473 2.484481e-04 
3474 2.483644e-04 
3475 2.482807e-04 
3476 2.481971e-04 
3477 2.481135e-04 
3478 2.480300e-04 
3479 2.479465e-04 
3480 2.478630e-04 
3481 2.477795e-04 
3482 2.476961e-04 
3483 2.476127e-04 
3484 2.475294e-04 
3485 2.474461e-04 
3486 2.473628e-04 
3487 2.472795e-04 
3488 2.471963e-04 
3489 2.471132e-04 
3490 2.470300e-04 
3491 2.469469e-04 
3492 2.468638e-04 
3493 2.467808e-04 
3494 2.466978e-04 
3495 2.466148e-04 
3496 2.465319e-04 
3497 2.464490e-04 
3498 2.463661e-04 
3499 2.462833e-04 
3500 2.462005e-04 
3501 2.461177e-04 
3502 2.460350e-04 
3503 2.459523e-04 
3504 2.458696e-04 
3505 2.457870e-04 
3506 2.457044e-04 
3507 2.456218e-04 
3508 2.455393e-04 
3509 2.454568e-04 
3510 2.453744e-04 
3511 2.452919e-04 
3512 2.452095e-04 
3513 2.451272e-04 
3514 2.450449e-04 
3515 2.449626e-04 
3516 2.448803e-04 
3517 2.447981e-04 
3518 2.447159e-04 
3519 2.446337e-04 
3520 2.445516e-04 
3521 2.444695e-04 
3522 2.443875e-04 
3523 2.443055e-04 
3524 2.442235e-04 
3525 2.441415e-04 
3526 2.440596e-04 
3527 2.439777e-04 
3528 2.438959e-04 
3529 2.438141e-04 
3530 2.437323e-04 
3531 2.436505e-04 
3532 2.435688e-04 
3533 2.434871e-04 
3534 2.434055e-04 
3535 2.433239e-04 
3536 2.432423e-04 
3537 2.431607e-04 
3538 2.430792e-04 
3539 2.429977e-04 
3540 2.429163e-04 
3541 2.428349e-04 
3542 2.427535e-04 
3543 2.426722e-04 
3544 2.425908e-04 
3545 2.425096e-04 
3546 2.424283e-04 
3547 2.423471e-04 
3548 2.422659e-04 
3549 2.421848e-04 
3550 2.421037e-04 
3551 2.420226e-04 
3552 2.419415e-04 
3553 2.418605e-04 
3554 2.417796e-04 
3555 2.416986e-04 
3556 2.416177e-04 
3557 2.415368e-04 
3558 2.414560e-04 
3559 2.413752e-04 
3560 2.412944e-04 
3561 2.412136e-04 
3562 2.411329e-04 
3563 2.410522e-04 
3564 2.409716e-04 
3565 2.408910e-04 
3566 2.408104e-04 
3567 2.407298e-04 
3568 2.406493e-04 
3569 2.405689e-04 
3570 2.404884e-04 
3571 2.404080e-04 
3572 2.403276e-04 
3573 2.402473e-04 
3574 2.401669e-04 
3575 2.400867e-04 
3576 2.400064e-04 
3577 2.399262e-04 
3578 2.398460e-04 
3579 2.397659e-04 
3580 2.396857e-04 
3581 2.396057e-04 
3582 2.395256e-04 
3583 2.394456e-04 
3584 2.393656e-04 
3585 2.392856e-04 
3586 2.392057e-04 
3587 2.391258e-04 
3588 2.390460e-04 
3589 2.389662e-04 
3590 2.388864e-04 
3591 2.388066e-04 
3592 2.387269e-04 
3593 2.386472e-04 
3594 2.385675e-04 
3595 2.384879e-04 
3596 2.384083e-04 
3597 2.383288e-04 
3598 2.382492e-04 
3599 2.381697e-04 
3600 2.380903e-04 
3601 2.380109e-04 
3602 2.379315e-04 
3603 2.378521e-04 
3604 2.377728e-04 
3605 2.376935e-04 
3606 2.376142e-04 
3607 2.375350e-04 
3608 2.374558e-04 
3609 2.373766e-04 
3610 2.372975e-04 
3611 2.372184e-04 
3612 2.371393e-04 
3613 2.370603e-04 
3614 2.369812e-04 
3615 2.369023e-04 
3616 2.368233e-04 
3617 2.367444e-04 
3618 2.366655e-04 
3619 2.365867e-04 
3620 2.365079e-04 
3621 2.364291e-04 
3622 2.363504e-04 
3623 2.362717e-04 
3624 2.361930e-04 
3625 2.361143e-04 
3626 2.360357e-04 
3627 2.359571e-04 
3628 2.358786e-04 
3629 2.358000e-04 
3630 2.357216e-04 
3631 2.356431e-04 
3632 2.355647e-04 
3633 2.354863e-04 
3634 2.354079e-04 
3635 2.353296e-04 
3636 2.352513e-04 
3637 2.351730e-04 
3638 2.350948e-04 
3639 2.350166e-04 
3640 2.349384e-04 
3641 2.348603e-04 
3642 2.347822e-04 
3643 2.347041e-04 
3644 2.346261e-04 
3645 2.345481e-04 
3646 2.344701e-04 
3647 2.343922e-04 
3648 2.343143e-04 
3649 2.342364e-04 
3650 2.341585e-04 
3651 2.340807e-04 
3652 2.340029e-04 
3653 2.339252e-04 
3654 2.338475e-04 
3655 2.337698e-04 
3656 2.336921e-04 
3657 2.336145e-04 
3658 2.335369e-04 
3659 2.334594e-04 
3660 2.333818e-04 
3661 2.333043e-04 
3662 2.332269e-04 
3663 2.331494e-04 
3664 2.330720e-04 
3665 2.329947e-04 
3666 2.329173e-04 
3667 2.328400e-04 
3668 2.327628e-04 
3669 2.326855e-04 
3670 2.326083e-04 
3671 2.325311e-04 
3672 2.324540e-04 
3673 2.323769e-04 
3674 2.322998e-04 
3675 2.322227e-04 
3676 2.321457e-04 
3677 2.320687e-04 
3678 2.319918e-04 
3679 2.319149e-04 
3680 2.318380e-04 
3681 2.317611e-04 
3682 2.316843e-04 
3683 2.316075e-04 
3684 2.315307e-04 
3685 2.314540e-04 
3686 2.313773e-04 
3687 2.313006e-04 
3688 2.312239e-04 
3689 2.311473e-04 
3690 2.310708e-04 
3691 2.309942e-04 
3692 2.309177e-04 
3693 2.308412e-04 
3694 2.307648e-04 
3695 2.306883e-04 
3696 2.306119e-04 
3697 2.305356e-04 
3698 2.304593e-04 
3699 2.303830e-04 
3700 2.303067e-04 
3701 2.302305e-04 
3702 2.301543e-04 
3703 2.300781e-04 
3704 2.300020e-04 
3705 2.299258e-04 
3706 2.298498e-04 
3707 2.297737e-04 
3708 2.296977e-04 
3709 2.296217e-04 
3710 2.295458e-04 
3711 2.294698e-04 
3712 2.293940e-04 
3713 2.293181e-04 
3714 2.292423e-04 
3715 2.291665e-04 
3716 2.290907e-04 
3717 2.290150e-04 
3718 2.289393e-04 
3719 2.288636e-04 
3720 2.287879e-04 
3721 2.287123e-04 
3722 2.286368e-04 
3723 2.285612e-04 
3724 2.284857e-04 
3725 2.284102e-04 
3726 2.283347e-04 
3727 2.282593e-04 
3728 2.281839e-04 
3729 2.281086e-04 
3730 2.280332e-04 
3731 2.279579e-04 
3732 2.278827e-04 
3733 2.278074e-04 
3734 2.277322e-04 
3735 2.276570e-04 
3736 2.275819e-04 
3737 2.275068e-04 
3738 2.274317e-04 
3739 2.273566e-04 
3740 2.272816e-04 
3741 2.272066e-04 
3742 2.271316e-04 
3743 2.270567e-04 
3744 2.269818e-04 
3745 2.269069e-04 
3746 2.268321e-04 
3747 2.267573e-04 
3748 2.266825e-04 
3749 2.266078e-04 
3750 2.265330e-04 
3751 2.264583e-04 
3752 2.263837e-04 
3753 2.263091e-04 
3754 2.262345e-04 
3755 2.261599e-04 
3756 2.260854e-04 
3757 2.260109e-04 
3758 2.259364e-04 
3759 2.258620e-04 
3760 2.257875e-04 
3761 2.257132e-04 
3762 2.256388e-04 
3763 2.255645e-04 
3764 2.254902e-04 
3765 2.254159e-04 
3766 2.253417e-04 
3767 2.252675e-04 
3768 2.251933e-04 
3769 2.251192e-04 
3770 2.250451e-04 
3771 2.249710e-04 
3772 2.248970e-04 
3773 2.248229e-04 
3774 2.247490e-04 
3775 2.246750e-04 
3776 2.246011e-04 
3777 2.245272e-04 
3778 2.244533e-04 
3779 2.243795e-04 
3780 2.243057e-04 
3781 2.242319e-04 
3782 2.241582e-04 
3783 2.240844e-04 
3784 2.240108e-04 
3785 2.239371e-04 
3786 2.238635e-04 
3787 2.237899e-04 
3788 2.237163e-04 
3789 2.236428e-04 
3790 2.235693e-04 
3791 2.234958e-04 
3792 2.234224e-04 
3793 2.233489e-04 
3794 2.232756e-04 
3795 2.232022e-04 
3796 2.231289e-04 
3797 2.230556e-04 
3798 2.229823e-04 
3799 2.229091e-04 
3800 2.228359e-04 
3801 2.227627e-04 
3802 2.226896e-04 
3803 2.226165e-04 
3804 2.225434e-04 
3805 2.224703e-04 
3806 2.223973e-04 
3807 2.223243e-04 
3808 2.222513e-04 
3809 2.221784e-04 
3810 2.221055e-04 
3811 2.220326e-04 
3812 2.219598e-04 
3813 2.218870e-04 
3814 2.218142e-04 
3815 2.217414e-04 
3816 2.216687e-04 
3817 2.215960e-04 
3818 2.215233e-04 
3819 2.214507e-04 
3820 2.213781e-04 
3821 2.213055e-04 
3822 2.212330e-04 
3823 2.211604e-04 
3824 2.210880e-04 
3825 2.210155e-04 
3826 2.209431e-04 
3827 2.208707e-04 
3828 2.207983e-04 
3829 2.207260e-04 
3830 2.206536e-04 
3831 2.205814e-04 
3832 2.205091e-04 
3833 2.204369e-04 
3834 2.203647e-04 
3835 2.202925e-04 
3836 2.202204e-04 
3837 2.201483e-04 
3838 2.200762e-04 
3839 2.200042e-04 
3840 2.199322e-04 
3841 2.198602e-04 
3842 2.197882e-04 
3843 2.197163e-04 
3844 2.196444e-04 
3845 2.195725e-04 
3846 2.195007e-04 
3847 2.194289e-04 
3848 2.193571e-04 
3849 2.192853e-04 
3850 2.192136e-04 
3851 2.191419e-04 
3852 2.190703e-04 
3853 2.189986e-04 
3854 2.189270e-04 
3855 2.188554e-04 
3856 2.187839e-04 
3857 2.187124e-04 
3858 2.186409e-04 
3859 2.185694e-04 
3860 2.184980e-04 
3861 2.184266e-04 
3862 2.183552e-04 
3863 2.182839e-04 
3864 2.182126e-04 
3865 2.181413e-04 
3866 2.180700e-04 
3867 2.179988e-04 
3868 2.179276e-04 
3869 2.178565e-04 
3870 2.177853e-04 
3871 2.177142e-04 
3872 2.176431e-04 
3873 2.175721e-04 
3874 2.175011e-04 
3875 2.174301e-04 
3876 2.173591e-04 
3877 2.172882e-04 
3878 2.172173e-04 
3879 2.171464e-04 
3880 2.170755e-04 
3881 2.170047e-04 
3882 2.169339e-04 
3883 2.168632e-04 
3884 2.167924e-04 
3885 2.167217e-04 
3886 2.166510e-04 
3887 2.165804e-04 
3888 2.165098e-04 
3889 2.164392e-04 
3890 2.163686e-04 
3891 2.162981e-04 
3892 2.162276e-04 
3893 2.161571e-04 
3894 2.160867e-04 
3895 2.160163e-04 
3896 2.159459e-04 
3897 2.158755e-04 
3898 2.158052e-04 
3899 2.157349e-04 
3900 2.156646e-04 
3901 2.155944e-04 
3902 2.155242e-04 
3903 2.154540e-04 
3904 2.153838e-04 
3905 2.153137e-04 
3906 2.152436e-04 
3907 2.151735e-04 
3908 2.151035e-04 
3909 2.150335e-04 
3910 2.149635e-04 
3911 2.148935e-04 
3912 2.148236e-04 
3913 2.147537e-04 
3914 2.146838e-04 
3915 2.146140e-04 
3916 2.145442e-04 
3917 2.144744e-04 
3918 2.144046e-04 
3919 2.143349e-04 
3920 2.142652e-04 
3921 2.141955e-04 
3922 2.141259e-04 
3923 2.140563e-04 
3924 2.139867e-04 
3925 2.139171e-04 
3926 2.138476e-04 
3927 2.137781e-04 
3928 2.137086e-04 
3929 2.136392e-04 
3930 2.135697e-04 
3931 2.135004e-04 
3932 2.134310e-04 
3933 2.133617e-04 
3934 2.132924e-04 
3935 2.132231e-04 
3936 2.131538e-04 
3937 2.130846e-04 
3938 2.130154e-04 
3939 2.129463e-04 
3940 2.128771e-04 
3941 2.128080e-04 
3942 2.127389e-04 
3943 2.126699e-04 
3944 2.126009e-04 
3945 2.125319e-04 
3946 2.124629e-04 
3947 2.123940e-04 
3948 2.123251e-04 
3949 2.122562e-04 
3950 2.121873e-04 
3951 2.121185e-04 
3952 2.120497e-04 
3953 2.119809e-04 
3954 2.119122e-04 
3955 2.118435e-04 
3956 2.117748e-04 
3957 2.117061e-04 
3958 2.116375e-04 
3959 2.115689e-04 
3960 2.115003e-04 
3961 2.114318e-04 
3962 2.113633e-04 
3963 2.112948e-04 
3964 2.112263e-04 
3965 2.111579e-04 
3966 2.110895e-04 
3967 2.110211e-04 
3968 2.109528e-04 
3969 2.108844e-04 
3970 2.108162e-04 
3971 2.107479e-04 
3972 2.106796e-04 
3973 2.106114e-04 
3974 2.105433e-04 
3975 2.104751e-04 
3976 2.104070e-04 
3977 2.103389e-04 
3978 2.102708e-04 
3979 2.102028e-04 
3980 2.101347e-04 
3981 2.100668e-04 
3982 2.099988e-04 
3983 2.099309e-04 
3984 2.098630e-04 
3985 2.097951e-04 
3986 2.097272e-04 
3987 2.096594e-04 
3988 2.095916e-04 
3989 2.095238e-04 
3990 2.094561e-04 
3991 2.093884e-04 
3992 2.093207e-04 
3993 2.092530e-04 
3994 2.091854e-04 
3995 2.091178e-04 
3996 2.090502e-04 
3997 2.089827e-04 
3998 2.089152e-04 
3999 2.088477e-04 
4000 2.087802e-04 
4001 2.087128e-04 
4002 2.086454e-04 
4003 2.085780e-04 
4004 2.085106e-04 
4005 2.084433e-04 
4006 2.083760e-04 
4007 2.083087e-04 
4008 2.082415e-04 
4009 2.081743e-04 
4010 2.081071e-04 
4011 2.080399e-04 
4012 2.079728e-04 
4013 2.079057e-04 
4014 2.078386e-04 
4015 2.077715e-04 
4016 2.077045e-04 
4017 2.076375e-04 
4018 2.075706e-04 
4019 2.075036e-04 
4020 2.074367e-04 
4021 2.073698e-04 
4022 2.073029e-04 
4023 2.072361e-04 
4024 2.071693e-04 
4025 2.071025e-04 
4026 2.070358e-04 
4027 2.069690e-04 
4028 2.069023e-04 
4029 2.068357e-04 
4030 2.067690e-04 
4031 2.067024e-04 
4032 2.066358e-04 
4033 2.065692e-04 
4034 2.065027e-04 
4035 2.064362e-04 
4036 2.063697e-04 
4037 2.063033e-04 
4038 2.062368e-04 
4039 2.061704e-04 
4040 2.061040e-04 
4041 2.060377e-04 
4042 2.059714e-04 
4043 2.059051e-04 
4044 2.058388e-04 
4045 2.057726e-04 
4046 2.057064e-04 
4047 2.056402e-04 
4048 2.055740e-04 
4049 2.055079e-04 
4050 2.054418e-04 
4051 2.053757e-04 
4052 2.053097e-04 
4053 2.052436e-04 
4054 2.051776e-04 
4055 2.051117e-04 
4056 2.050457e-04 
4057 2.049798e-04 
4058 2.049139e-04 
4059 2.048480e-04 
4060 2.047822e-04 
4061 2.047164e-04 
4062 2.046506e-04 
4063 2.045849e-04 
4064 2.045191e-04 
4065 2.044534e-04 
4066 2.043877e-04 
4067 2.043221e-04 
4068 2.042565e-04 
4069 2.041909e-04 
4070 2.041253e-04 
4071 2.040598e-04 
4072 2.039943e-04 
4073 2.039288e-04 
4074 2.038633e-04 
4075 2.037979e-04 
4076 2.037325e-04 
4077 2.036671e-04 
4078 2.036017e-04 
4079 2.035364e-04 
4080 2.034711e-04 
4081 2.034058e-04 
4082 2.033405e-04 
4083 2.032753e-04 
4084 2.032101e-04 
4085 2.031450e-04 
4086 2.030798e-04 
4087 2.030147e-04 
4088 2.029496e-04 
4089 2.028845e-04 
4090 2.028195e-04 
4091 2.027545e-04 
4092 2.026895e-04 
4093 2.026245e-04 
4094 2.025596e-04 
4095 2.024947e-04 
4096 2.024298e-04 
4097 2.023650e-04 
4098 2.023001e-04 
4099 2.022353e-04 
4100 2.021706e-04 
4101 2.021058e-04 
4102 2.020411e-04 
4103 2.019764e-04 
4104 2.019117e-04 
4105 2.018471e-04 
4106 2.017825e-04 
4107 2.017179e-04 
4108 2.016533e-04 
4109 2.015888e-04 
4110 2.015242e-04 
4111 2.014598e-04 
4112 2.013953e-04 
4113 2.013309e-04 
4114 2.012665e-04 
4115 2.012021e-04 
4116 2.011377e-04 
4117 2.010734e-04 
4118 2.010091e-04 
4119 2.009448e-04 
4120 2.008806e-04 
4121 2.008163e-04 
4122 2.007521e-04 
4123 2.006880e-04 
4124 2.006238e-04 
4125 2.005597e-04 
4126 2.004956e-04 
4127 2.004315e-04 
4128 2.003675e-04 
4129 2.003035e-04 
4130 2.002395e-04 
4131 2.001755e-04 
4132 2.001116e-04 
4133 2.000477e-04 
4134 1.999838e-04 
4135 1.999199e-04 
4136 1.998561e-04 
4137 1.997923e-04 
4138 1.997285e-04 
4139 1.996647e-04 
4140 1.996010e-04 
4141 1.995373e-04 
4142 1.994736e-04 
4143 1.994100e-04 
4144 1.993463e-04 
4145 1.992827e-04 
4146 1.992191e-04 
4147 1.991556e-04 
4148 1.990921e-04 
4149 1.990286e-04 
4150 1.989651e-04 
4151 1.989017e-04 
4152 1.988382e-04 
4153 1.987748e-04 
4154 1.987115e-04 
4155 1.986481e-04 
4156 1.985848e-04 
4157 1.985215e-04 
4158 1.984582e-04 
4159 1.983950e-04 
4160 1.983318e-04 
4161 1.982686e-04 
4162 1.982054e-04 
4163 1.981423e-04 
4164 1.980792e-04 
4165 1.980161e-04 
4166 1.979530e-04 
4167 1.978900e-04 
4168 1.978270e-04 
4169 1.977640e-04 
4170 1.977010e-04 
4171 1.976381e-04 
4172 1.975752e-04 
4173 1.975123e-04 
4174 1.974494e-04 
4175 1.973866e-04 
4176 1.973238e-04 
4177 1.972610e-04 
4178 1.971982e-04 
4179 1.971355e-04 
4180 1.970728e-04 
4181 1.970101e-04 
4182 1.969475e-04 
4183 1.968848e-04 
4184 1.968222e-04 
4185 1.967597e-04 
4186 1.966971e-04 
4187 1.966346e-04 
4188 1.965721e-04 
4189 1.965096e-04 
4190 1.964471e-04 
4191 1.963847e-04 
4192 1.963223e-04 
4193 1.962599e-04 
4194 1.961976e-04 
4195 1.961353e-04 
4196 1.960730e-04 
4197 1.960107e-04 
4198 1.959484e-04 
4199 1.958862e-04 
4200 1.958240e-04 
4201 1.957618e-04 
4202 1.956997e-04 
4203 1.956376e-04 
4204 1.955755e-04 
4205 1.955134e-04 
4206 1.954513e-04 
4207 1.953893e-04 
4208 1.953273e-04 
4209 1.952653e-04 
4210 1.952034e-04 
4211 1.951415e-04 
4212 1.950796e-04 
4213 1.950177e-04 
4214 1.949558e-04 
4215 1.948940e-04 
4216 1.948322e-04 
4217 1.947705e-04 
4218 1.947087e-04 
4219 1.946470e-04 
4220 1.945853e-04 
4221 1.945236e-04 
4222 1.944620e-04 
4223 1.944003e-04 
4224 1.943387e-04 
4225 1.942772e-04 
4226 1.942156e-04 
4227 1.941541e-04 
4228 1.940926e-04 
4229 1.940311e-04 
4230 1.939697e-04 
4231 1.939082e-04 
4232 1.938468e-04 
4233 1.937855e-04 
4234 1.937241e-04 
4235 1.936628e-04 
4236 1.936015e-04 
4237 1.935402e-04 
4238 1.934790e-04 
4239 1.934178e-04 
4240 1.933565e-04 
4241 1.932954e-04 
4242 1.932342e-04 
4243 1.931731e-04 
4244 1.931120e-04 
4245 1.930509e-04 
4246 1.929899e-04 
4247 1.929288e-04 
4248 1.928678e-04 
4249 1.928069e-04 
4250 1.927459e-04 
4251 1.926850e-04 
4252 1.926241e-04 
4253 1.925632e-04 
4254 1.925023e-04 
4255 1.924415e-04 
4256 1.923807e-04 
4257 1.923199e-04 
4258 1.922592e-04 
4259 1.921984e-04 
4260 1.921377e-04 
4261 1.920770e-04 
4262 1.920164e-04 
4263 1.919557e-04 
4264 1.918951e-04 
4265 1.918346e-04 
4266 1.917740e-04 
4267 1.917135e-04 
4268 1.916529e-04 
4269 1.915925e-04 
4270 1.915320e-04 
4271 1.914716e-04 
4272 1.914111e-04 
4273 1.913508e-04 
4274 1.912904e-04 
4275 1.912301e-04 
4276 1.911697e-04 
4277 1.911094e-04 
4278 1.910492e-04 
4279 1.909889e-04 
4280 1.909287e-04 
4281 1.908685e-04 
4282 1.908084e-04 
4283 1.907482e-04 
4284 1.906881e-04 
4285 1.906280e-04 
4286 1.905679e-04 
4287 1.905079e-04 
4288 1.904478e-04 
4289 1.903878e-04 
4290 1.903279e-04 
4291 1.902679e-04 
4292 1.902080e-04 
4293 1.901481e-04 
4294 1.900882e-04 
4295 1.900284e-04 
4296 1.899685e-04 
4297 1.899087e-04 
4298 1.898489e-04 
4299 1.897892e-04 
4300 1.897294e-04 
4301 1.896697e-04 
4302 1.896100e-04 
4303 1.895504e-04 
4304 1.894908e-04 
4305 1.894311e-04 
4306 1.893715e-04 
4307 1.893120e-04 
4308 1.892524e-04 
4309 1.891929e-04 
4310 1.891334e-04 
4311 1.890740e-04 
4312 1.890145e-04 
4313 1.889551e-04 
4314 1.888957e-04 
4315 1.888363e-04 
4316 1.887770e-04 
4317 1.887177e-04 
4318 1.886584e-04 
4319 1.885991e-04 
4320 1.885398e-04 
4321 1.884806e-04 
4322 1.884214e-04 
4323 1.883622e-04 
4324 1.883031e-04 
4325 1.882439e-04 
4326 1.881848e-04 
4327 1.881257e-04 
4328 1.880667e-04 
4329 1.880076e-04 
4330 1.879486e-04 
4331 1.878896e-04 
4332 1.878307e-04 
4333 1.877717e-04 
4334 1.877128e-04 
4335 1.876539e-04 
4336 1.875950e-04 
4337 1.875362e-04 
4338 1.874774e-04 
4339 1.874186e-04 
4340 1.873598e-04 
4341 1.873010e-04 
4342 1.872423e-04 
4343 1.871836e-04 
4344 1.871249e-04 
4345 1.870662e-04 
4346 1.870076e-04 
4347 1.869490e-04 
4348 1.868904e-04 
4349 1.868319e-04 
4350 1.867733e-04 
4351 1.867148e-04 
4352 1.866563e-04 
4353 1.865978e-04 
4354 1.865394e-04 
4355 1.864810e-04 
4356 1.864226e-04 
4357 1.863642e-04 
4358 1.863058e-04 
4359 1.862475e-04 
4360 1.861892e-04 
4361 1.861309e-04 
4362 1.860727e-04 
4363 1.860144e-04 
4364 1.859562e-04 
4365 1.858980e-04 
4366 1.858399e-04 
4367 1.857817e-04 
4368 1.857236e-04 
4369 1.856655e-04 
4370 1.856075e-04 
4371 1.855494e-04 
4372 1.854914e-04 
4373 1.854334e-04 
4374 1.853754e-04 
4375 1.853175e-04 
4376 1.852595e-04 
4377 1.852016e-04 
4378 1.851437e-04 
4379 1.850859e-04 
4380 1.850281e-04 
4381 1.849702e-04 
4382 1.849125e-04 
4383 1.848547e-04 
4384 1.847969e-04 
4385 1.847392e-04 
4386 1.846815e-04 
4387 1.846239e-04 
4388 1.845662e-04 
4389 1.845086e-04 
4390 1.844510e-04 
4391 1.843934e-04 
4392 1.843358e-04 
4393 1.842783e-04 
4394 1.842208e-04 
4395 1.841633e-04 
4396 1.841058e-04 
4397 1.840484e-04 
4398 1.839910e-04 
4399 1.839336e-04 
4400 1.838762e-04 
4401 1.838189e-04 
4402 1.837615e-04 
4403 1.837042e-04 
4404 1.836470e-04 
4405 1.835897e-04 
4406 1.835325e-04 
4407 1.834753e-04 
4408 1.834181e-04 
4409 1.833609e-04 
4410 1.833038e-04 
4411 1.832467e-04 
4412 1.831896e-04 
4413 1.831325e-04 
4414 1.830754e-04 
4415 1.830184e-04 
4416 1.829614e-04 
4417 1.829044e-04 
4418 1.828475e-04 
4419 1.827905e-04 
4420 1.827336e-04 
4421 1.826767e-04 
4422 1.826199e-04 
4423 1.825630e-04 
4424 1.825062e-04 
4425 1.824494e-04 
4426 1.823926e-04 
4427 1.823359e-04 
4428 1.822792e-04 
4429 1.822225e-04 
4430 1.821658e-04 
4431 1.821091e-04 
4432 1.820525e-04 
4433 1.819959e-04 
4434 1.819393e-04 
4435 1.818827e-04 
4436 1.818262e-04 
4437 1.817696e-04 
4438 1.817131e-04 
4439 1.816567e-04 
4440 1.816002e-04 
4441 1.815438e-04 
4442 1.814874e-04 
4443 1.814310e-04 
4444 1.813746e-04 
4445 1.813183e-04 
4446 1.812619e-04 
4447 1.812057e-04 
4448 1.811494e-04 
4449 1.810931e-04 
4450 1.810369e-04 
4451 1.809807e-04 
4452 1.809245e-04 
4453 1.808683e-04 
4454 1.808122e-04 
4455 1.807561e-04 
4456 1.807000e-04 
4457 1.806439e-04 
4458 1.805879e-04 
4459 1.805319e-04 
4460 1.804759e-04 
4461 1.804199e-04 
4462 1.803639e-04 
4463 1.803080e-04 
4464 1.802521e-04 
4465 1.801962e-04 
4466 1.801403e-04 
4467 1.800845e-04 
4468 1.800286e-04 
4469 1.799728e-04 
4470 1.799171e-04 
4471 1.798613e-04 
4472 1.798056e-04 
4473 1.797499e-04 
4474 1.796942e-04 
4475 1.796385e-04 
4476 1.795829e-04 
4477 1.795273e-04 
4478 1.794717e-04 
4479 1.794161e-04 
4480 1.793605e-04 
4481 1.793050e-04 
4482 1.792495e-04 
4483 1.791940e-04 
4484 1.791385e-04 
4485 1.790831e-04 
4486 1.790277e-04 
4487 1.789723e-04 
4488 1.789169e-04 
4489 1.788615e-04 
4490 1.788062e-04 
4491 1.787509e-04 
4492 1.786956e-04 
4493 1.786404e-04 
4494 1.785851e-04 
4495 1.785299e-04 
4496 1.784747e-04 
4497 1.784195e-04 
4498 1.783644e-04 
4499 1.783092e-04 
4500 1.782541e-04 
4501 1.781990e-04 
4502 1.781440e-04 
4503 1.780889e-04 
4504 1.780339e-04 
4505 1.779789e-04 
4506 1.779239e-04 
4507 1.778690e-04 
4508 1.778140e-04 
4509 1.777591e-04 
4510 1.777042e-04 
4511 1.776494e-04 
4512 1.775945e-04 
4513 1.775397e-04 
4514 1.774849e-04 
4515 1.774301e-04 
4516 1.773754e-04 
4517 1.773206e-04 
4518 1.772659e-04 
4519 1.772112e-04 
4520 1.771566e-04 
4521 1.771019e-04 
4522 1.770473e-04 
4523 1.769927e-04 
4524 1.769381e-04 
4525 1.768836e-04 
4526 1.768290e-04 
4527 1.767745e-04 
4528 1.767200e-04 
4529 1.766655e-04 
4530 1.766111e-04 
4531 1.765567e-04 
4532 1.765023e-04 
4533 1.764479e-04 
4534 1.763935e-04 
4535 1.763392e-04 
4536 1.762849e-04 
4537 1.762306e-04 
4538 1.761763e-04 
4539 1.761220e-04 
4540 1.760678e-04 
4541 1.760136e-04 
4542 1.759594e-04 
4543 1.759052e-04 
4544 1.758511e-04 
4545 1.757970e-04 
4546 1.757429e-04 
4547 1.756888e-04 
4548 1.756347e-04 
4549 1.755807e-04 
4550 1.755267e-04 
4551 1.754727e-04 
4552 1.754187e-04 
4553 1.753648e-04 
4554 1.753108e-04 
4555 1.752569e-04 
4556 1.752030e-04 
4557 1.751492e-04 
4558 1.750953e-04 
4559 1.750415e-04 
4560 1.749877e-04 
4561 1.749339e-04 
4562 1.748802e-04 
4563 1.748265e-04 
4564 1.747727e-04 
4565 1.747191e-04 
4566 1.746654e-04 
4567 1.746117e-04 
4568 1.745581e-04 
4569 1.745045e-04 
4570 1.744509e-04 
4571 1.743974e-04 
4572 1.743438e-04 
4573 1.742903e-04 
4574 1.742368e-04 
4575 1.741833e-04 
4576 1.741299e-04 
4577 1.740764e-04 
4578 1.740230e-04 
4579 1.739696e-04 
4580 1.739163e-04 
4581 1.738629e-04 
4582 1.738096e-04 
4583 1.737563e-04 
4584 1.737030e-04 
4585 1.736498e-04 
4586 1.735965e-04 
4587 1.735433e-04 
4588 1.734901e-04 
4589 1.734369e-04 
4590 1.733838e-04 
4591 1.733306e-04 
4592 1.732775e-04 
4593 1.732244e-04 
4594 1.731714e-04 
4595 1.731183e-04 
4596 1.730653e-04 
4597 1.730123e-04 
4598 1.729593e-04 
4599 1.729063e-04 
4600 1.728534e-04 
4601 1.728005e-04 
4602 1.727476e-04 
4603 1.726947e-04 
4604 1.726418e-04 
4605 1.725890e-04 
4606 1.725362e-04 
4607 1.724834e-04 
4608 1.724306e-04 
4609 1.723779e-04 
4610 1.723251e-04 
4611 1.722724e-04 
4612 1.722197e-04 
4613 1.721671e-04 
4614 1.721144e-04 
4615 1.720618e-04 
4616 1.720092e-04 
4617 1.719566e-04 
4618 1.719040e-04 
4619 1.718515e-04 
4620 1.717990e-04 
4621 1.717465e-04 
4622 1.716940e-04 
4623 1.716415e-04 
4624 1.715891e-04 
4625 1.715367e-04 
4626 1.714843e-04 
4627 1.714319e-04 
4628 1.713796e-04 
4629 1.713272e-04 
4630 1.712749e-04 
4631 1.712226e-04 
4632 1.711704e-04 
4633 1.711181e-04 
4634 1.710659e-04 
4635 1.710137e-04 
4636 1.709615e-04 
4637 1.709093e-04 
4638 1.708572e-04 
4639 1.708051e-04 
4640 1.707530e-04 
4641 1.707009e-04 
4642 1.706488e-04 
4643 1.705968e-04 
4644 1.705448e-04 
4645 1.704928e-04 
4646 1.704408e-04 
4647 1.703888e-04 
4648 1.703369e-04 
4649 1.702850e-04 
4650 1.702331e-04 
4651 1.701812e-04 
4652 1.701294e-04 
4653 1.700775e-04 
4654 1.700257e-04 
4655 1.699739e-04 
4656 1.699222e-04 
4657 1.698704e-04 
4658 1.698187e-04 
4659 1.697670e-04 
4660 1.697153e-04 
4661 1.696636e-04 
4662 1.696120e-04 
4663 1.695604e-04 
4664 1.695087e-04 
4665 1.694572e-04 
4666 1.694056e-04 
4667 1.693541e-04 
4668 1.693025e-04 
4669 1.692510e-04 
4670 1.691996e-04 
4671 1.691481e-04 
4672 1.690967e-04 
4673 1.690452e-04 
4674 1.689938e-04 
4675 1.689425e-04 
4676 1.688911e-04 
4677 1.688398e-04 
4678 1.687884e-04 
4679 1.687372e-04 
4680 1.686859e-04 
4681 1.686346e-04 
4682 1.685834e-04 
4683 1.685322e-04 
4684 1.684810e-04 
4685 1.684298e-04 
4686 1.683787e-04 
4687 1.683275e-04 
4688 1.682764e-04 
4689 1.682253e-04 
4690 1.681742e-04 
4691 1.681232e-04 
4692 1.680722e-04 
4693 1.680212e-04 
4694 1.679702e-04 
4695 1.679192e-04 
4696 1.678682e-04 
4697 1.678173e-04 
4698 1.677664e-04 
4699 1.677155e-04 
4700 1.676647e-04 
4701 1.676138e-04 
4702 1.675630e-04 
4703 1.675122e-04 
4704 1.674614e-04 
4705 1.674106e-04 
4706 1.673599e-04 
4707 1.673091e-04 
4708 1.672584e-04 
4709 1.672078e-04 
4710 1.671571e-04 
4711 1.671064e-04 
4712 1.670558e-04 
4713 1.670052e-04 
4714 1.669546e-04 
4715 1.669041e-04 
4716 1.668535e-04 
4717 1.668030e-04 
4718 1.667525e-04 
4719 1.667020e-04 
4720 1.666516e-04 
4721 1.666011e-04 
4722 1.665507e-04 
4723 1.665003e-04 
4724 1.664499e-04 
4725 1.663995e-04 
4726 1.663492e-04 
4727 1.662989e-04 
4728 1.662486e-04 
4729 1.661983e-04 
4730 1.661480e-04 
4731 1.660978e-04 
4732 1.660476e-04 
4733 1.659974e-04 
4734 1.659472e-04 
4735 1.658970e-04 
4736 1.658469e-04 
4737 1.657967e-04 
4738 1.657466e-04 
4739 1.656966e-04 
4740 1.656465e-04 
4741 1.655965e-04 
4742 1.655464e-04 
4743 1.654964e-04 
4744 1.654465e-04 
4745 1.653965e-04 
4746 1.653465e-04 
4747 1.652966e-04 
4748 1.652467e-04 
4749 1.651968e-04 
4750 1.651470e-04 
4751 1.650971e-04 
4752 1.650473e-04 
4753 1.649975e-04 
4754 1.649477e-04 
4755 1.648980e-04 
4756 1.648482e-04 
4757 1.647985e-04 
4758 1.647488e-04 
4759 1.646991e-04 
4760 1.646494e-04 
4761 1.645998e-04 
4762 1.645502e-04 
4763 1.645006e-04 
4764 1.644510e-04 
4765 1.644014e-04 
4766 1.643519e-04 
4767 1.643023e-04 
4768 1.642528e-04 
4769 1.642033e-04 
4770 1.641539e-04 
4771 1.641044e-04 
4772 1.640550e-04 
4773 1.640056e-04 
4774 1.639562e-04 
4775 1.639068e-04 
4776 1.638575e-04 
4777 1.638081e-04 
4778 1.637588e-04 
4779 1.637095e-04 
4780 1.636603e-04 
4781 1.636110e-04 
4782 1.635618e-04 
4783 1.635126e-04 
4784 1.634634e-04 
4785 1.634142e-04 
4786 1.633651e-04 
4787 1.633159e-04 
4788 1.632668e-04 
4789 1.632177e-04 
4790 1.631686e-04 
4791 1.631196e-04 
4792 1.630706e-04 
4793 1.630215e-04 
4794 1.629725e-04 
4795 1.629236e-04 
4796 1.628746e-04 
4797 1.628257e-04 
4798 1.627767e-04 
4799 1.627278e-04 
4800 1.626790e-04 
4801 1.626301e-04 
4802 1.625813e-04 
4803 1.625324e-04 
4804 1.624836e-04 
4805 1.624349e-04 
4806 1.623861e-04 
4807 1.623373e-04 
4808 1.622886e-04 
4809 1.622399e-04 
4810 1.621912e-04 
4811 1.621426e-04 
4812 1.620939e-04 
4813 1.620453e-04 
4814 1.619967e-04 
4815 1.619481e-04 
4816 1.618995e-04 
4817 1.618510e-04 
4818 1.618024e-04 
4819 1.617539e-04 
4820 1.617054e-04 
4821 1.616570e-04 
4822 1.616085e-04 
4823 1.615601e-04 
4824 1.615116e-04 
4825 1.614633e-04 
4826 1.614149e-04 
4827 1.613665e-04 
4828 1.613182e-04 
4829 1.612699e-04 
4830 1.612216e-04 
4831 1.611733e-04 
4832 1.611250e-04 
4833 1.610768e-04 
4834 1.610285e-04 
4835 1.609803e-04 
4836 1.609322e-04 
4837 1.608840e-04 
4838 1.608358e-04 
4839 1.607877e-04 
4840 1.607396e-04 
4841 1.606915e-04 
4842 1.606434e-04 
4843 1.605954e-04 
4844 1.605474e-04 
4845 1.604993e-04 
4846 1.604514e-04 
4847 1.604034e-04 
4848 1.603554e-04 
4849 1.603075e-04 
4850 1.602596e-04 
4851 1.602117e-04 
4852 1.601638e-04 
4853 1.601159e-04 
4854 1.600681e-04 
4855 1.600203e-04 
4856 1.599725e-04 
4857 1.599247e-04 
4858 1.598769e-04 
4859 1.598292e-04 
4860 1.597814e-04 
4861 1.597337e-04 
4862 1.596860e-04 
4863 1.596384e-04 
4864 1.595907e-04 
4865 1.595431e-04 
4866 1.594955e-04 
4867 1.594479e-04 
4868 1.594003e-04 
4869 1.593527e-04 
4870 1.593052e-04 
4871 1.592577e-04 
4872 1.592102e-04 
4873 1.591627e-04 
4874 1.591152e-04 
4875 1.590678e-04 
4876 1.590203e-04 
4877 1.589729e-04 
4878 1.589255e-04 
4879 1.588782e-04 
4880 1.588308e-04 
4881 1.587835e-04 
4882 1.587362e-04 
4883 1.586889e-04 
4884 1.586416e-04 
4885 1.585943e-04 
4886 1.585471e-04 
4887 1.584999e-04 
4888 1.584527e-04 
4889 1.584055e-04 
4890 1.583583e-04 
4891 1.583112e-04 
4892 1.582641e-04 
4893 1.582170e-04 
4894 1.581699e-04 
4895 1.581228e-04 
4896 1.580758e-04 
4897 1.580287e-04 
4898 1.579817e-04 
4899 1.579347e-04 
4900 1.578877e-04 
4901 1.578408e-04 
4902 1.577938e-04 
4903 1.577469e-04 
4904 1.577000e-04 
4905 1.576531e-04 
4906 1.576063e-04 
4907 1.575594e-04 
4908 1.575126e-04 
4909 1.574658e-04 
4910 1.574190e-04 
4911 1.573722e-04 
4912 1.573255e-04 
4913 1.572787e-04 
4914 1.572320e-04 
4915 1.571853e-04 
4916 1.571386e-04 
4917 1.570920e-04 
4918 1.570453e-04 
4919 1.569987e-04 
4920 1.569521e-04 
4921 1.569055e-04 
4922 1.568589e-04 
4923 1.568124e-04 
4924 1.567659e-04 
4925 1.567193e-04 
4926 1.566728e-04 
4927 1.566264e-04 
4928 1.565799e-04 
4929 1.565335e-04 
4930 1.564870e-04 
4931 1.564406e-04 
4932 1.563943e-04 
4933 1.563479e-04 
4934 1.563015e-04 
4935 1.562552e-04 
4936 1.562089e-04 
4937 1.561626e-04 
4938 1.561163e-04 
4939 1.560701e-04 
4940 1.560238e-04 
4941 1.559776e-04 
4942 1.559314e-04 
4943 1.558852e-04 
4944 1.558391e-04 
4945 1.557929e-04 
4946 1.557468e-04 
4947 1.557007e-04 
4948 1.556546e-04 
4949 1.556085e-04 
4950 1.555625e-04 
4951 1.555164e-04 
4952 1.554704e-04 
4953 1.554244e-04 
4954 1.553784e-04 
4955 1.553325e-04 
4956 1.552865e-04 
4957 1.552406e-04 
4958 1.551947e-04 
4959 1.551488e-04 
4960 1.551029e-04 
4961 1.550570e-04 
4962 1.550112e-04 
4963 1.549654e-04 
4964 1.549196e-04 
4965 1.548738e-04 
4966 1.548280e-04 
4967 1.547823e-04 
4968 1.547366e-04 
4969 1.546909e-04 
4970 1.546452e-04 
4971 1.545995e-04 
4972 1.545538e-04 
4973 1.545082e-04 
4974 1.544626e-04 
4975 1.544170e-04 
4976 1.543714e-04 
4977 1.543258e-04 
4978 1.542803e-04 
4979 1.542347e-04 
4980 1.541892e-04 
4981 1.541437e-04 
4982 1.540983e-04 
4983 1.540528e-04 
4984 1.540074e-04 
4985 1.539619e-04 
4986 1.539165e-04 
4987 1.538711e-04 
4988 1.538258e-04 
4989 1.537804e-04 
4990 1.537351e-04 
4991 1.536898e-04 
4992 1.536445e-04 
4993 1.535992e-04 
4994 1.535539e-04 
4995 1.535087e-04 
4996 1.534635e-04 
4997 1.534183e-04 
4998 1.533731e-04 
4999 1.533279e-04 
