0.000000e+00 1.052520e+00 
3.125000e-02 1.021397e+00 
6.250000e-02 9.904538e-01 
9.375000e-02 9.597540e-01 
1.250000e-01 9.293235e-01 
1.562500e-01 8.991985e-01 
1.875000e-01 8.695196e-01 
2.187500e-01 8.402586e-01 
2.500000e-01 8.119346e-01 
2.812500e-01 7.839740e-01 
3.125000e-01 7.585996e-01 
3.437500e-01 7.316091e-01 
3.750000e-01 7.136381e-01 
4.062500e-01 6.208048e-01 
4.375000e-01 5.608152e-01 
4.687500e-01 5.527236e-01 
5.000000e-01 5.251380e-01 
5.312500e-01 5.003403e-01 
5.625000e-01 4.892739e-01 
5.937500e-01 4.178799e-01 
6.250000e-01 3.513550e-01 
6.562500e-01 3.210475e-01 
6.875000e-01 2.974555e-01 
7.187500e-01 2.689168e-01 
7.500000e-01 2.419226e-01 
7.812500e-01 2.131021e-01 
8.125000e-01 1.845592e-01 
8.437500e-01 1.554499e-01 
8.750000e-01 1.264410e-01 
9.062500e-01 9.732364e-02 
9.375000e-01 6.849980e-02 
9.687500e-01 3.963306e-02 
1.000000e+00 1.180870e-02 
