0.000000e+00 1.052103e+00 
1.562500e-02 1.036638e+00 
3.125000e-02 1.020961e+00 
4.687500e-02 1.005593e+00 
6.250000e-02 9.900119e-01 
7.812500e-02 9.747755e-01 
9.375000e-02 9.592757e-01 
1.093750e-01 9.442164e-01 
1.250000e-01 9.287822e-01 
1.406250e-01 9.139650e-01 
1.562500e-01 8.985776e-01 
1.718750e-01 8.840978e-01 
1.875000e-01 8.687314e-01 
2.031250e-01 8.547284e-01 
2.187500e-01 8.393490e-01 
2.343750e-01 8.260225e-01 
2.500000e-01 8.105985e-01 
2.656250e-01 7.982173e-01 
2.812500e-01 7.827677e-01 
2.968750e-01 7.716390e-01 
3.125000e-01 7.563798e-01 
3.281250e-01 7.466896e-01 
3.437500e-01 7.323250e-01 
3.593750e-01 7.234104e-01 
3.750000e-01 7.107562e-01 
3.906250e-01 6.509104e-01 
4.062500e-01 5.950228e-01 
4.218750e-01 6.122304e-01 
4.375000e-01 5.736191e-01 
4.531250e-01 5.713348e-01 
4.687500e-01 5.522571e-01 
4.843750e-01 5.385341e-01 
5.000000e-01 5.252518e-01 
5.156250e-01 5.082152e-01 
5.312500e-01 4.977241e-01 
5.468750e-01 4.756652e-01 
5.625000e-01 4.745785e-01 
5.781250e-01 4.350108e-01 
5.937500e-01 4.519541e-01 
6.093750e-01 3.934798e-01 
6.250000e-01 3.501433e-01 
6.406250e-01 3.321715e-01 
6.562500e-01 3.246964e-01 
6.718750e-01 3.071424e-01 
6.875000e-01 2.983213e-01 
7.031250e-01 2.813698e-01 
7.187500e-01 2.708054e-01 
7.343750e-01 2.545198e-01 
7.500000e-01 2.425609e-01 
7.656250e-01 2.268041e-01 
7.812500e-01 2.138673e-01 
7.968750e-01 1.984793e-01 
8.125000e-01 1.849011e-01 
8.281250e-01 1.697649e-01 
8.437500e-01 1.557901e-01 
8.593750e-01 1.408372e-01 
8.750000e-01 1.266412e-01 
8.906250e-01 1.118416e-01 
9.062500e-01 9.755371e-02 
9.218750e-01 8.290613e-02 
9.375000e-01 6.862907e-02 
9.531250e-01 5.415321e-02 
9.687500e-01 3.997846e-02 
9.843750e-01 2.570870e-02 
1.000000e+00 1.173650e-02 
