# # t/year,Tavrg
6.600674766460002214e+07 2.273149999999697684e+03
7.776481751834404469e+07 2.273149999999673128e+03
8.427400665502944589e+07 2.273149999999664942e+03
8.881772915641523898e+07 2.273149999999659940e+03
9.234119922757233679e+07 2.273149999999660395e+03
9.524591613834382594e+07 2.273149999999662214e+03
9.773988395808133483e+07 2.273149999999672218e+03
9.994503203511109948e+07 2.273149999999666306e+03
1.019392372924715877e+08 2.273149999999668125e+03
1.037755473332533836e+08 2.273149999999663123e+03
1.054920028387751281e+08 2.273149999999669490e+03
1.071170928824249357e+08 2.273149999999667671e+03
1.086724748524424881e+08 2.273149999999668580e+03
1.101753129608906955e+08 2.273149999999670399e+03
1.116337953226761222e+08 2.273149999999671763e+03
1.130590281886992455e+08 2.273149999999667671e+03
1.144609749712455720e+08 2.273149999999672218e+03
1.158483854702994525e+08 2.273149999999672218e+03
1.172291449023499042e+08 2.273149999999664033e+03
1.186105441281583458e+08 2.273149999999662214e+03
1.199994972283849120e+08 2.273149999999664942e+03
1.214027245178571343e+08 2.273149999999660395e+03
1.228268163736158162e+08 2.273149999999656302e+03
1.242775896297702491e+08 2.273149999999649481e+03
1.257621100934777409e+08 2.273149999999646298e+03
1.272878423311420381e+08 2.273149999999633110e+03
1.288628121610986590e+08 2.273149999999629017e+03
1.304957874333283603e+08 2.273149999999641295e+03
1.321964856983492821e+08 2.273149999999634929e+03
1.339758189300312400e+08 2.273149999999624015e+03
1.358461877547622025e+08 2.273149999999625834e+03
1.378218407931626141e+08 2.273149999999620832e+03
1.399193189136090875e+08 2.273149999999625834e+03
1.421580095953943133e+08 2.273149999999614465e+03
1.445608432674318850e+08 2.273149999999618103e+03
1.471551711700140536e+08 2.273149999999604006e+03
1.499738719415543377e+08 2.273149999999597185e+03
1.530567389895355999e+08 2.273149999999561715e+03
1.564521964624369144e+08 2.273149999999558986e+03
1.602166429316794276e+08 2.273149999999538522e+03
1.644203833828408420e+08 2.273149999999533065e+03
1.691482712035292983e+08 2.273149999999518514e+03
1.745011570968363583e+08 2.273149999999526244e+03
1.805936730143161118e+08 2.273149999999518968e+03
1.875352406360787749e+08 2.273149999999520332e+03
1.954299499550415277e+08 2.273149999999528063e+03
2.043758355588080585e+08 2.273149999999512602e+03
2.144450112813682556e+08 2.273149999999490774e+03
2.257186259972813427e+08 2.273149999999462125e+03
2.383182436482173502e+08 2.273149999999445299e+03
2.523797896509466767e+08 2.273149999999432112e+03
2.680777813054717183e+08 2.273149999999358897e+03
2.856144768221269250e+08 2.273149999999266583e+03
3.050979436393422484e+08 2.273149999999306146e+03
3.266153454083198309e+08 2.273149999999247484e+03
3.500796846217622161e+08 2.273149999999094234e+03
3.752284635998747349e+08 2.273149999999085594e+03
4.017594052510796189e+08 2.273149999999119700e+03
4.293001909178057313e+08 2.273149999998943258e+03
4.573957247944630384e+08 2.273149999998984185e+03
4.857189410205931664e+08 2.273149999998999192e+03
5.139947050428063869e+08 2.273149999999126976e+03
5.420063823536663055e+08 2.273149999999071497e+03
5.695947662637779713e+08 2.273149999999006468e+03
5.966523432290186882e+08 2.273149999999066495e+03
6.231148050541468859e+08 2.273149999999130159e+03
6.489515349415097237e+08 2.273149999999119700e+03
6.741564524446141720e+08 2.273149999998987369e+03
6.987210425466327667e+08 2.273149999999021929e+03
7.226432045105808973e+08 2.273149999999084685e+03
7.459578216446660757e+08 2.273149999999071497e+03
7.687063585830016136e+08 2.273149999999192460e+03
7.909367203298019171e+08 2.273149999999228839e+03
8.127043737462519407e+08 2.273149999999272950e+03
8.340740100963799953e+08 2.273149999999365718e+03
8.551209968648816347e+08 2.273149999999383908e+03
8.759320660346852541e+08 2.273149999999482134e+03
8.966049605743702650e+08 2.273149999999531701e+03
9.172470125009142160e+08 2.273149999999633110e+03
9.379727689444928169e+08 2.273149999999669490e+03
9.589007979271095991e+08 2.273149999999694955e+03
9.801497396900112629e+08 2.273149999999624015e+03
1.001833603982255340e+09 2.273149999999600368e+03
1.024056330555451751e+09 2.273149999999608099e+03
1.046905784881305814e+09 2.273149999999584907e+03
1.070447659748243451e+09 2.273149999999474403e+03
1.094720125616443396e+09 2.273149999999453485e+03
1.119730358640644550e+09 2.273149999999316606e+03
1.145454064238424778e+09 2.273149999999233842e+03
1.171838658713735104e+09 2.273149999999170177e+03
1.198809931229808092e+09 2.273149999999211104e+03
1.226281095723253012e+09 2.273149999999309330e+03
1.254162577180414200e+09 2.273149999999267038e+03
1.282370924422910452e+09 2.273149999999242937e+03
1.310835846916896820e+09 2.273149999999213378e+03
1.339505229284404278e+09 2.273149999999265674e+03
1.368348738528473854e+09 2.273149999999308875e+03
1.397361047923060417e+09 2.273149999999497140e+03
1.426565471420985460e+09 2.273149999999569445e+03
1.456017432816262484e+09 2.273149999999709507e+03
1.485804901403136015e+09 2.273149999999877309e+03
1.516043362009698629e+09 2.273150000000147429e+03
1.546828192199187994e+09 2.273150000000315231e+03
1.577893016550997019e+09 2.273150000000378441e+03
1.606759645376553774e+09 2.273150000000429372e+03
1.635010251818346024e+09 2.273150000000508044e+03
1.663432280937339544e+09 2.273150000000426189e+03
1.693288916310975313e+09 2.273150000000363434e+03
1.725118510132220030e+09 2.273150000000290675e+03
1.758310008999031067e+09 2.273150000000137425e+03
1.792745371364552498e+09 2.273149999999992360e+03
1.827826575257268667e+09 2.273149999999959618e+03
1.863706100448085785e+09 2.273149999999784086e+03
1.900506172124588013e+09 2.273149999999569445e+03
1.938302136749571562e+09 2.273149999999370721e+03
1.977110947229737520e+09 2.273149999999174270e+03
2.016889308683866739e+09 2.273149999999021929e+03
2.057541662509951591e+09 2.273149999998910971e+03
2.098933735176435947e+09 2.273149999998788189e+03
2.140908714888857126e+09 2.273149999998713156e+03
2.183303442487575054e+09 2.273149999998707699e+03
2.225961024986491680e+09 2.273149999998600833e+03
2.268737662136678219e+09 2.273149999998502608e+03
2.311503853037272930e+09 2.273149999998474868e+03
2.354141216984951973e+09 2.273149999998414842e+03
2.396536559063824177e+09 2.273149999998361181e+03
2.438575237847536564e+09 2.273149999998248859e+03
2.480136040122386932e+09 2.273149999998095154e+03
2.521089469400849342e+09 2.273149999997952364e+03
2.561216531125808716e+09 2.273149999997863233e+03
2.600276429101117611e+09 2.273149999997702253e+03
2.638156795909625053e+09 2.273149999997529903e+03
2.674756967479004383e+09 2.273149999997414398e+03
2.709859412722095966e+09 2.273149999997253872e+03
2.743453763988174438e+09 2.273149999997056057e+03
2.775543880847553730e+09 2.273149999996947372e+03
2.806098263265333652e+09 2.273149999996856877e+03
2.835113938546008587e+09 2.273149999996882343e+03
2.862644880093654156e+09 2.273149999997017403e+03
2.888752936840985298e+09 2.273149999997296163e+03
2.913509576921209335e+09 2.273149999997658597e+03
2.936995629654335499e+09 2.273149999998177009e+03
2.959283364330750942e+09 2.273149999998734074e+03
2.980459778789849758e+09 2.273149999999404372e+03
3.000621669993154049e+09 2.273150000000103773e+03
3.019865287935561657e+09 2.273150000000801811e+03
3.038285892366753101e+09 2.273150000001452554e+03
3.055977343724014759e+09 2.273150000001966418e+03
3.073029055390793324e+09 2.273150000002293382e+03
3.089495021352177620e+09 2.273150000002358411e+03
3.105462413402274132e+09 2.273150000002217439e+03
3.121014689599696159e+09 2.273150000001879107e+03
3.136196773116448879e+09 2.273150000001418448e+03
3.151079581599117756e+09 2.273150000000825912e+03
3.165729353129100800e+09 2.273150000000098771e+03
3.180180956349165440e+09 2.273149999999286592e+03
3.194500100396875381e+09 2.273149999998453495e+03
3.208724345207159996e+09 2.273149999997726809e+03
3.222899096322739601e+09 2.273149999997396662e+03
3.237077143460624695e+09 2.273149999997779560e+03
3.251280068423860073e+09 2.273149999999103329e+03
3.265541491531398296e+09 2.273150000001227454e+03
3.279890779297899246e+09 2.273150000003637615e+03
3.294341042025672913e+09 2.273150000005435686e+03
3.308885530708071709e+09 2.273150000005836773e+03
3.323530903738629341e+09 2.273150000004811773e+03
3.338280044040939331e+09 2.273150000003463902e+03
3.353130393836284637e+09 2.273150000003578043e+03
3.368068004009667873e+09 2.273150000006404753e+03
3.383060816061985016e+09 2.273150000011643442e+03
3.398056325984333992e+09 2.273150000017565162e+03
3.412985843663163662e+09 2.273150000022273161e+03
3.427772380456818104e+09 2.273150000025092140e+03
3.442336656851375103e+09 2.273150000026909311e+03
3.456578107256449699e+09 2.273150000029211697e+03
3.470410566333656311e+09 2.273150000032776006e+03
3.483730092354804039e+09 2.273150000037118843e+03
3.496454336368163586e+09 2.273150000041166095e+03
3.508499793268052101e+09 2.273150000043920500e+03
3.519837903979860783e+09 2.273150000044869557e+03
3.530458149308958054e+09 2.273150000043990076e+03
3.540393496723778725e+09 2.273150000041660860e+03
3.549701012122715473e+09 2.273150000038267081e+03
3.558451003909077168e+09 2.273150000034171171e+03
3.566714495696578979e+09 2.273150000029684179e+03
3.574559341329383850e+09 2.273150000025049394e+03
3.582060496646288395e+09 2.273150000020425978e+03
3.589275180758483410e+09 2.273150000015942169e+03
3.596264739637478828e+09 2.273150000011676639e+03
3.603077997437639713e+09 2.273150000007724429e+03
3.609767012753650188e+09 2.273150000004102822e+03
3.616370014217182636e+09 2.273150000000849104e+03
3.622934311463121891e+09 2.273149999997932809e+03
3.629494448695079803e+09 2.273149999995398048e+03
3.636090017574713707e+09 2.273149999993194342e+03
3.642750519223571301e+09 2.273149999991292589e+03
3.649508915500195980e+09 2.273149999989697790e+03
3.656397667163631916e+09 2.273149999988358559e+03
3.663443486473965168e+09 2.273149999987270348e+03
3.670665583451512814e+09 2.273149999986415423e+03
3.678075750504034042e+09 2.273149999985775594e+03
3.685679084615198612e+09 2.273149999985351769e+03
3.693467241505732059e+09 2.273149999985155318e+03
3.701423671421709061e+09 2.273149999985156228e+03
3.709523266744679928e+09 2.273149999985397699e+03
3.717734545133896351e+09 2.273149999985780141e+03
3.726014534877074242e+09 2.273149999986346756e+03
3.734320814144833088e+09 2.273149999987012052e+03
3.742620069071885586e+09 2.273149999987810588e+03
3.750893100228736877e+09 2.273149999988648233e+03
3.759128967333867550e+09 2.273149999989499065e+03
3.767324796709534168e+09 2.273149999990322158e+03
3.775484914103720188e+09 2.273149999991106142e+03
3.783619612050511837e+09 2.273149999991836467e+03
3.791743805931270599e+09 2.273149999992471294e+03
3.799875748217802525e+09 2.273149999993017445e+03
3.808028582509485245e+09 2.273149999993413985e+03
3.816223272348370552e+09 2.273149999993709116e+03
3.824481792596991062e+09 2.273149999993887832e+03
3.832818679942154884e+09 2.273149999993898746e+03
3.841256248478027821e+09 2.273149999993768233e+03
3.849816113102498055e+09 2.273149999993512665e+03
3.858518867333503723e+09 2.273149999993092024e+03
3.867383871832187653e+09 2.273149999992492667e+03
3.876429141742934704e+09 2.273149999991734148e+03
3.885671319005724430e+09 2.273149999990810102e+03
3.895125710622473717e+09 2.273149999989737807e+03
3.904806366656849861e+09 2.273149999988510444e+03
3.914726164382997990e+09 2.273149999987158935e+03
3.924896859467507839e+09 2.273149999985700106e+03
3.935329063002078533e+09 2.273149999984166243e+03
3.946032105581020832e+09 2.273149999982570080e+03
3.957013756738920689e+09 2.273149999980919802e+03
3.968279779792586803e+09 2.273149999979264976e+03
3.979833318243801594e+09 2.273149999977631069e+03
3.991674130254396915e+09 2.273149999976035815e+03
4.003797712154884815e+09 2.273149999974535149e+03
4.016194379830633640e+09 2.273149999973141803e+03
4.028848406210553169e+09 2.273149999971873513e+03
4.041737339878621578e+09 2.273149999970754834e+03
4.054826777107760429e+09 2.273149999969806231e+03
4.068072911753311634e+09 2.273149999969017244e+03
4.081431791675702095e+09 2.273149999968413340e+03
4.094845581293762684e+09 2.273149999967995882e+03
4.108260202853264809e+09 2.273149999967770782e+03
4.121625649085538387e+09 2.273149999967744407e+03
4.134895232839300632e+09 2.273149999967881286e+03
4.148027816289927483e+09 2.273149999968201428e+03
4.160989508452628136e+09 2.273149999968657085e+03
4.173748616697376251e+09 2.273149999969243254e+03
4.186290396052232742e+09 2.273149999969944020e+03
4.198608121789858818e+09 2.273149999970759836e+03
4.210701970719379902e+09 2.273149999971647048e+03
4.222577689732086182e+09 2.273149999972575642e+03
4.234245163310595036e+09 2.273149999973511513e+03
4.245717016043710709e+09 2.273149999974466482e+03
4.257005486271378994e+09 2.273149999975415994e+03
4.268122718322011948e+09 2.273149999976327308e+03
4.279083009866728783e+09 2.273149999977187235e+03
4.289899704869717121e+09 2.273149999977972584e+03
4.300584669475719452e+09 2.273149999978676078e+03
4.311147965560277939e+09 2.273149999979280437e+03
4.321597706098548889e+09 2.273149999979803397e+03
4.331940072361017227e+09 2.273149999980186749e+03
4.342179468629823685e+09 2.273149999980463235e+03
4.352318785544671059e+09 2.273149999980611483e+03
4.362359739043739319e+09 2.273149999980626490e+03
4.372303249293684959e+09 2.273149999980516441e+03
4.382149824081635475e+09 2.273149999980284974e+03
4.391899914463418007e+09 2.273149999979939366e+03
4.401554216878980637e+09 2.273149999979486893e+03
4.411113904591515541e+09 2.273149999978938467e+03
4.420580780838173866e+09 2.273149999978277265e+03
4.429957355068867683e+09 2.273149999977515108e+03
4.439246850920967102e+09 2.273149999976702020e+03
4.448453159479278564e+09 2.273149999975822993e+03
4.457580753756594658e+09 2.273149999974898492e+03
4.466634580496256828e+09 2.273149999973954891e+03
4.475619943894163132e+09 2.273149999972983551e+03
4.484542393272984505e+09 2.273149999972015848e+03
4.493407623674168587e+09 2.273149999971067700e+03
4.502221395189078331e+09 2.273149999970124099e+03
4.510989473920789719e+09 2.273149999969215969e+03
4.519717594922496796e+09 2.273149999968366956e+03
4.528411445385352135e+09 2.273149999967578424e+03
4.537076664782180786e+09 2.273149999966862197e+03
4.545718857615983963e+09 2.273149999966222367e+03
4.554343613855960846e+09 2.273149999965672123e+03
4.562956532032608986e+09 2.273149999965185998e+03
4.571563240253952026e+09 2.273149999964821745e+03
4.580168478550424576e+09 2.273149999964562994e+03
4.588777327010561943e+09 2.273149999964393828e+03
4.597395582156533241e+09 2.273149999964319250e+03
4.606029062948108673e+09 2.273149999964344715e+03
4.614683583236802101e+09 2.273149999964456129e+03
4.623364911866483688e+09 2.273149999964658946e+03
4.632078721780385017e+09 2.273149999964938615e+03
4.640830530230289459e+09 2.273149999965280585e+03
4.649625632769594193e+09 2.273149999965690313e+03
4.658469034138777733e+09 2.273149999966160067e+03
4.667365379423722267e+09 2.273149999966664382e+03
4.676318888982917786e+09 2.273149999967216900e+03
4.685333300594982147e+09 2.273149999967791246e+03
4.694411822063796043e+09 2.273149999968363318e+03
4.703557097125105858e+09 2.273149999968968132e+03
4.712771186917522430e+09 2.273149999969532473e+03
4.722055568519646645e+09 2.273149999970076806e+03
4.731411151129947662e+09 2.273149999970604767e+03
4.740838309423934937e+09 2.273149999971071338e+03
4.750336932525135994e+09 2.273149999971501984e+03
4.759906485958921432e+09 2.273149999971871694e+03
4.769546083013239861e+09 2.273149999972202750e+03
4.779254561206860542e+09 2.273149999972456044e+03
4.789030559138333321e+09 2.273149999972647947e+03
4.798872588916517258e+09 2.273149999972757087e+03
4.808779099670346260e+09 2.273149999972802107e+03
4.818748528282725334e+09 2.273149999972780279e+03
4.828779334431174278e+09 2.273149999972713431e+03
4.838870018162863731e+09 2.273149999972568821e+03
4.849019119481958389e+09 2.273149999972371916e+03
4.859225200679419518e+09 2.273149999972098612e+03
4.869486813294210434e+09 2.273149999971779835e+03
4.879802452586198807e+09 2.273149999971421494e+03
4.890170503163792610e+09 2.273149999971044508e+03
4.900589179907437325e+09 2.273149999970619774e+03
4.911056468557414055e+09 2.273149999970196859e+03
4.921570070275436401e+09 2.273149999969757118e+03
4.932127354170770645e+09 2.273149999969326018e+03
4.942725321223711014e+09 2.273149999968906286e+03
4.953360582280745506e+09 2.273149999968503380e+03
4.964029351888058662e+09 2.273149999968105931e+03
4.974726707998613358e+09 2.273149999967756685e+03
4.985447230054316521e+09 2.273149999967448821e+03
4.996186000724345207e+09 2.273149999967224176e+03
5.006937870099308968e+09 2.273149999966999530e+03
5.017697523111137390e+09 2.273149999966834002e+03
5.028459552659558296e+09 2.273149999966731684e+03
5.039218535209554672e+09 2.273149999966676205e+03
5.049969105798754692e+09 2.273149999966678024e+03
5.060706029756172180e+09 2.273149999966735322e+03
5.071424268926048279e+09 2.273149999966818996e+03
5.082119040756676674e+09 2.273149999966950418e+03
5.092785869184265137e+09 2.273149999967145050e+03
5.103420626768847466e+09 2.273149999967395615e+03
5.114019567984997749e+09 2.273149999967658459e+03
5.124579353913232803e+09 2.273149999967972690e+03
5.135097068814287186e+09 2.273149999968287830e+03
5.145570229207530022e+09 2.273149999968619795e+03
5.155996786133690834e+09 2.273149999968969041e+03
5.166375121285830498e+09 2.273149999969327382e+03
5.176704037661925316e+09 2.273149999969678902e+03
5.186982745351757050e+09 2.273149999970033150e+03
5.197210843033148766e+09 2.273149999970385579e+03
5.207388295729531288e+09 2.273149999970698900e+03
5.217515409375612259e+09 2.273149999971009038e+03
5.227592802749365807e+09 2.273149999971266425e+03
5.237621377353197098e+09 2.273149999971491525e+03
5.247602285855209351e+09 2.273149999971688430e+03
5.257536899729013443e+09 2.273149999971836223e+03
5.267426776746041298e+09 2.273149999971946727e+03
5.277273628975275040e+09 2.273149999972027672e+03
5.287079291925846100e+09 2.273149999972065416e+03
5.296845695426691055e+09 2.273149999972048590e+03
5.306574836773983002e+09 2.273149999972010392e+03
5.316268756595238686e+09 2.273149999971937177e+03
5.325929517778998375e+09 2.273149999971837588e+03
5.335559187708763123e+09 2.273149999971701618e+03
5.345159823921707153e+09 2.273149999971542002e+03
5.354733463194405556e+09 2.273149999971353736e+03
5.364282113942531586e+09 2.273149999971134548e+03
5.373807751716205597e+09 2.273149999970917634e+03
5.383312317479495049e+09 2.273149999970710269e+03
5.392797718286846161e+09 2.273149999970474710e+03
5.402265829913020134e+09 2.273149999970242334e+03
5.411718500956422806e+09 2.273149999970011777e+03
5.421157557920924187e+09 2.273149999969792589e+03
5.430584810785181999e+09 2.273149999969571127e+03
5.440002058592541695e+09 2.273149999969376040e+03
5.449411094633141518e+09 2.273149999969207784e+03
5.458813710842079163e+09 2.273149999969036344e+03
5.468211701099236488e+09 2.273149999968906286e+03
5.477606863184555054e+09 2.273149999968800785e+03
5.487000999213436127e+09 2.273149999968716656e+03
5.496395914447753906e+09 2.273149999968663906e+03
5.505793414447765350e+09 2.273149999968640259e+03
5.515195300590889931e+09 2.273149999968638895e+03
5.524603364043871880e+09 2.273149999968662542e+03
5.534019378322161674e+09 2.273149999968737120e+03
5.543444835578654289e+09 2.273149999968814427e+03
5.552881164172747612e+09 2.273149999968936754e+03
5.562330055216846466e+09 2.273149999969062264e+03
5.571793146408183098e+09 2.273149999969195505e+03
5.581272010547095299e+09 2.273149999969388318e+03
5.590768143942124367e+09 2.273149999969577948e+03
5.600282954968016624e+09 2.273149999969798500e+03
5.609817753033263206e+09 2.273149999969993587e+03
5.619373738199765205e+09 2.273149999970207318e+03
5.628951991677347183e+09 2.273149999970430144e+03
5.638553467392921448e+09 2.273149999970646604e+03
5.648178984806671143e+09 2.273149999970859881e+03
5.657829223117295265e+09 2.273149999971060424e+03
5.667504716966418266e+09 2.273149999971248235e+03
5.677205853716774940e+09 2.273149999971439684e+03
5.686932872343660355e+09 2.273149999971582929e+03
5.696685863942632675e+09 2.273149999971703437e+03
5.706464773820179939e+09 2.273149999971818488e+03
5.716269405099010468e+09 2.273149999971907164e+03
5.726099423737294197e+09 2.273149999971994021e+03
5.735954364829449654e+09 2.273149999972060414e+03
5.745833640031279564e+09 2.273149999972090427e+03
5.755736545929451942e+09 2.273149999972105434e+03
5.765662273159168243e+09 2.273149999972096793e+03
5.775609916064217567e+09 2.273149999972076330e+03
5.785578482689180374e+09 2.273149999972019941e+03
5.795566904897669792e+09 2.273149999971968555e+03
5.805574048420086861e+09 2.273149999971899433e+03
5.815598383387917519e+09 2.273149999971818943e+03
5.825638552189349174e+09 2.273149999971727993e+03
5.835693273972495079e+09 2.273149999971640682e+03
5.845761239905311584e+09 2.273149999971561101e+03
5.855841120460260391e+09 2.273149999971482430e+03
5.865931572001502037e+09 2.273149999971403304e+03
5.876031242689507484e+09 2.273149999971288253e+03
5.886138777748360634e+09 2.273149999971211400e+03
5.896252824167235374e+09 2.273149999971134093e+03
5.906372034928050995e+09 2.273149999971070883e+03
5.916495072866261482e+09 2.273149999971038596e+03
5.926620614279448509e+09 2.273149999970992212e+03
5.936747352399233818e+09 2.273149999970939007e+03
5.946874000835255623e+09 2.273149999970910812e+03
5.956999297087815285e+09 2.273149999970908539e+03
5.967122006207449913e+09 2.273149999970936278e+03
5.977240924657222748e+09 2.273149999970968565e+03
5.987354884407715797e+09 2.273149999971004945e+03
5.997462757268365860e+09 2.273149999971085890e+03
6.007563459431926727e+09 2.273149999971144553e+03
6.017655956183155060e+09 2.273149999971249599e+03
6.027739266701595306e+09 2.273149999971346460e+03
6.037812468869572639e+09 2.273149999971440138e+03
6.047874703983813286e+09 2.273149999971577472e+03
6.057925181261312485e+09 2.273149999971700709e+03
6.067963182028238297e+09 2.273149999971836678e+03
6.077988063484182358e+09 2.273149999971974921e+03
6.087999261942102432e+09 2.273149999972134083e+03
6.097996295457871437e+09 2.273149999972278692e+03
6.107978765779238701e+09 2.273149999972392834e+03
6.117946359562494278e+09 2.273149999972510614e+03
6.127898848825934410e+09 2.273149999972636579e+03
6.137836090628850937e+09 2.273149999972742989e+03
6.147758025985292435e+09 2.273149999972862133e+03
6.157664678040501595e+09 2.273149999972949900e+03
6.167556149553999901e+09 2.273149999973036302e+03
6.177432619747710228e+09 2.273149999973123613e+03
6.187294340589046478e+09 2.273149999973191370e+03
6.197141632586526871e+09 2.273149999973239119e+03
6.206974880182065010e+09 2.273149999973275499e+03
6.216794526825643539e+09 2.273149999973309150e+03
6.226601069819282532e+09 2.273149999973322792e+03
6.236395055014440536e+09 2.273149999973340528e+03
6.246177071443227768e+09 2.273149999973340528e+03
6.255947745958375931e+09 2.273149999973330068e+03
6.265707737949676514e+09 2.273149999973293234e+03
6.275457734197334290e+09 2.273149999973255035e+03
6.285198443913836479e+09 2.273149999973227750e+03
6.294930594017253876e+09 2.273149999973184094e+03
6.304654924670299530e+09 2.273149999973126796e+03
6.314372185110119820e+09 2.273149999973088143e+03
6.324083129785560608e+09 2.273149999973032664e+03
6.333788514810037613e+09 2.273149999972999467e+03
6.343489094730722427e+09 2.273149999972949900e+03
6.353185619607307434e+09 2.273149999972920341e+03
6.362878832387590408e+09 2.273149999972899423e+03
6.372569466560779572e+09 2.273149999972853038e+03
6.382258244065750122e+09 2.273149999972833029e+03
6.391945873426489830e+09 2.273149999972815749e+03
6.401633048085394859e+09 2.273149999972816204e+03
6.411320444902222633e+09 2.273149999972825754e+03
6.421008722786867142e+09 2.273149999972821206e+03
6.430698521433464050e+09 2.273149999972842124e+03
6.440390460125564575e+09 2.273149999972877140e+03
6.450085136584280014e+09 2.273149999972906244e+03
6.459783125834016800e+09 2.273149999972945807e+03
6.469484979065365791e+09 2.273149999972998103e+03
6.479191222478808403e+09 2.273149999973054946e+03
6.488902356098171234e+09 2.273149999973128160e+03
6.498618852548489571e+09 2.273149999973212743e+03
6.508341155798894882e+09 2.273149999973298236e+03
6.518069679875817299e+09 2.273149999973384638e+03
6.527804807558773041e+09 2.273149999973448303e+03
6.537546889074287415e+09 2.273149999973534250e+03
6.547296240809326172e+09 2.273149999973622926e+03
6.557053144068601608e+09 2.273149999973713420e+03
6.566817843902957916e+09 2.273149999973809372e+03
6.576590548037973404e+09 2.273149999973897138e+03
6.586371425932485580e+09 2.273149999973978993e+03
6.596160607996855736e+09 2.273149999974069033e+03
6.605958184998632431e+09 2.273149999974128605e+03
6.615764207681797028e+09 2.273149999974189996e+03
6.625578686621597290e+09 2.273149999974250477e+03
6.635401592333309174e+09 2.273149999974309139e+03
6.645232855648327827e+09 2.273149999974350521e+03
6.655072368365699768e+09 2.273149999974406455e+03
6.664919984181304932e+09 2.273149999974444654e+03
6.674775519891693115e+09 2.273149999974479670e+03
6.684638756863232613e+09 2.273149999974518778e+03
6.694509442752841949e+09 2.273149999974538332e+03
6.704387293460478783e+09 2.273149999974547882e+03
6.714271995290296555e+09 2.273149999974562888e+03
6.724163207292906761e+09 2.273149999974587445e+03
6.734060563759706497e+09 2.273149999974614275e+03
6.743963676836444855e+09 2.273149999974630191e+03
6.753872139224491119e+09 2.273149999974629281e+03
6.763785526936187744e+09 2.273149999974626553e+03
6.773703402073053360e+09 2.273149999974624734e+03
6.783625315596013069e+09 2.273149999974620187e+03
6.793550810059636116e+09 2.273149999974611546e+03
6.803479422285328865e+09 2.273149999974598813e+03
6.813410685950991631e+09 2.273149999974608363e+03
6.823344134078962326e+09 2.273149999974630646e+03
6.833279301406759262e+09 2.273149999974624279e+03
6.843215726629901886e+09 2.273149999974639286e+03
6.853152954508693695e+09 2.273149999974667026e+03
6.863090537834738731e+09 2.273149999974684306e+03
6.873028039255563736e+09 2.273149999974686125e+03
6.882965032958759308e+09 2.273149999974706589e+03
6.892901106218809128e+09 2.273149999974756156e+03
6.902835860811865807e+09 2.273149999974781622e+03
6.912768914304473877e+09 2.273149999974822094e+03
6.922699901223464966e+09 2.273149999974846651e+03
6.932628474114122391e+09 2.273149999974896218e+03
6.942554304493781090e+09 2.273149999974939874e+03
6.952477083707668304e+09 2.273149999974998082e+03
6.962396523692791939e+09 2.273149999975057199e+03
6.972312357654456139e+09 2.273149999975117680e+03
6.982224340659651756e+09 2.273149999975185892e+03
6.992132250149479866e+09 2.273149999975254559e+03
7.002035886371822357e+09 2.273149999975325500e+03
7.011935072734684944e+09 2.273149999975376431e+03
7.021829656078795433e+09 2.273149999975433275e+03
7.031719506867964745e+09 2.273149999975488754e+03
7.041604519294481277e+09 2.273149999975565606e+03
7.051484611296646118e+09 2.273149999975636547e+03
7.061359724485236168e+09 2.273149999975713399e+03
7.071229823976059914e+09 2.273149999975783885e+03
7.081094898125365257e+09 2.273149999975836181e+03
7.090954958166480064e+09 2.273149999975893024e+03
7.100810037746114731e+09 2.273149999975948958e+03
7.110660192359829903e+09 2.273149999976001709e+03
7.120505498687666893e+09 2.273149999976028994e+03
7.130346053831753731e+09 2.273149999976072195e+03
7.140181974459131241e+09 2.273149999976118124e+03
7.150013395854422569e+09 2.273149999976155868e+03
7.159840470888253212e+09 2.273149999976171785e+03
7.169663368908131599e+09 2.273149999976200888e+03
7.179482274560153961e+09 2.273149999976245454e+03
7.189297386550460815e+09 2.273149999976270919e+03
7.199108916355937004e+09 2.273149999976284562e+03
7.208917086894995689e+09 2.273149999976296385e+03
7.218722131168475151e+09 2.273149999976310028e+03
7.228524290881858826e+09 2.273149999976320487e+03
7.238323815059734344e+09 2.273149999976320942e+03
7.248120958662489891e+09 2.273149999976333220e+03
7.257915981215695381e+09 2.273149999976329582e+03
7.267709145461440086e+09 2.273149999976336858e+03
7.277500716040501595e+09 2.273149999976351410e+03
7.287290958212873459e+09 2.273149999976376421e+03
7.297080136623908997e+09 2.273149999976406889e+03
7.306868514121438980e+09 2.273149999976442814e+03
7.316656350628958702e+09 2.273149999976467825e+03
7.326443902078741074e+09 2.273149999976496474e+03
7.336231419406972885e+09 2.273149999976517392e+03
7.346019147613360405e+09 2.273149999976549680e+03
7.355807324885423660e+09 2.273149999976576055e+03
7.365596181787679672e+09 2.273149999976613344e+03
7.375385940515114784e+09 2.273149999976629260e+03
7.385176814209335327e+09 2.273149999976667914e+03
7.394969006335690498e+09 2.273149999976702020e+03
7.404762710119416237e+09 2.273149999976738400e+03
7.414558108038204193e+09 2.273149999976782510e+03
7.424355371368997574e+09 2.273149999976836170e+03
7.434154659786220551e+09 2.273149999976867548e+03
7.443956121009589195e+09 2.273149999976920753e+03
7.453759890499127388e+09 2.273149999976975778e+03
7.463566091195770264e+09 2.273149999977015341e+03
7.473374833305660248e+09 2.273149999977065363e+03
7.483186214127913475e+09 2.273149999977115385e+03
7.493000317923958778e+09 2.273149999977169045e+03
7.502817215829188347e+09 2.273149999977218613e+03
7.512636965806224823e+09 2.273149999977266816e+03
7.522459612640327454e+09 2.273149999977306834e+03
7.532285187977753639e+09 2.273149999977333664e+03
7.542113710407357216e+09 2.273149999977379139e+03
7.551945185586786270e+09 2.273149999977425523e+03
7.561779606413838387e+09 2.273149999977465086e+03
7.571616953243999481e+09 2.273149999977505104e+03
7.581457194155118942e+09 2.273149999977540574e+03
7.591300285258948326e+09 2.273149999977558309e+03
7.601146171060719490e+09 2.273149999977602874e+03
7.610994784865820885e+09 2.273149999977643347e+03
7.620846049233389854e+09 2.273149999977686548e+03
7.630699876475296021e+09 2.273149999977721109e+03
7.640556169199460983e+09 2.273149999977756124e+03
7.650414820894766808e+09 2.273149999977780681e+03
7.660275716555326462e+09 2.273149999977820698e+03
7.670138733340804100e+09 2.273149999977853895e+03
7.680003741268866539e+09 2.273149999977899824e+03
7.689870603935997009e+09 2.273149999977928019e+03
7.699739179262131691e+09 2.273149999977960761e+03
7.709609320254019737e+09 2.273149999977989864e+03
7.719480875782564163e+09 2.273149999978010328e+03
7.729353691368845940e+09 2.273149999978028518e+03
7.739227609973615646e+09 2.273149999978064898e+03
7.749102472784868240e+09 2.273149999978082633e+03
7.758978119998497009e+09 2.273149999978118558e+03
7.768854391586956024e+09 2.273149999978146298e+03
7.778731128051241875e+09 2.273149999978171309e+03
7.788608171152026176e+09 2.273149999978201777e+03
7.798485364615373611e+09 2.273149999978234064e+03
7.808362554809992790e+09 2.273149999978270444e+03
7.818239591392433167e+09 2.273149999978304095e+03
7.828116327917758942e+09 2.273149999978327287e+03
7.837992622413276672e+09 2.273149999978372762e+03
7.847868337913719177e+09 2.273149999978416417e+03
7.857743342956239700e+09 2.273149999978445067e+03
7.867617512034645081e+09 2.273149999978481446e+03
7.877490726011934280e+09 2.273149999978526921e+03
7.887362872491459846e+09 2.273149999978566484e+03
7.897233846146234512e+09 2.273149999978614233e+03
7.907103549007214546e+09 2.273149999978642882e+03
7.916971890711154938e+09 2.273149999978698361e+03
7.926838788708412170e+09 2.273149999978745655e+03
7.936704168432094574e+09 2.273149999978806136e+03
7.946567963429185867e+09 2.273149999978839332e+03
7.956430115455102921e+09 2.273149999978887081e+03
7.966290574532207489e+09 2.273149999978921187e+03
7.976149298973994255e+09 2.273149999978961660e+03
7.986006255375655174e+09 2.273149999979004406e+03
7.995861418572120667e+09 2.273149999979036693e+03
8.005714771564908981e+09 2.273149999979060340e+03
8.015566305418537140e+09 2.273149999979104450e+03
8.025416019127300262e+09 2.273149999979142649e+03
8.035263919454219818e+09 2.273149999979176300e+03
8.045110020742254257e+09 2.273149999979207223e+03
8.054954344699277878e+09 2.273149999979254062e+03
8.064796920157851219e+09 2.273149999979289078e+03
8.074637782810762405e+09 2.273149999979335462e+03
8.084476974923745155e+09 2.273149999979380027e+03
8.094314545026216507e+09 2.273149999979422773e+03
8.104150547581929207e+09 2.273149999979453241e+03
8.113985042640306473e+09 2.273149999979481436e+03
8.123818095470852852e+09 2.273149999979500535e+03
8.133649776181474686e+09 2.273149999979521908e+03
8.143480159322896004e+09 2.273149999979548738e+03
8.153309323481204987e+09 2.273149999979540553e+03
8.163137350860085487e+09 2.273149999979566473e+03
8.172964326854855537e+09 2.273149999979590120e+03
8.182790339620700836e+09 2.273149999979633321e+03
8.192615479636891365e+09 2.273149999979663335e+03
8.202439839269448280e+09 2.273149999979690620e+03
8.212263512334196091e+09 2.273149999979726999e+03
8.222086593662476540e+09 2.273149999979757013e+03
8.231909178671654701e+09 2.273149999979787935e+03
8.241731362942431450e+09 2.273149999979809309e+03
8.251553241804905891e+09 2.273149999979838867e+03
8.261374909935387611e+09 2.273149999979878885e+03
8.271196460965557098e+09 2.273149999979920267e+03
8.281017987105710030e+09 2.273149999979963013e+03
8.290839578783543587e+09 2.273149999979992117e+03
8.300661324299584389e+09 2.273149999980021221e+03
8.310483309500950813e+09 2.273149999980049415e+03
8.320305617473735809e+09 2.273149999980090797e+03
8.330128328255578041e+09 2.273149999980110351e+03
8.339951518568401337e+09 2.273149999980152643e+03
8.349775261572205544e+09 2.273149999980186294e+03
8.359599626640541077e+09 2.273149999980230859e+03
8.369424679157222748e+09 2.273149999980271332e+03
8.379250480334822655e+09 2.273149999980304983e+03
8.389077087054975510e+09 2.273149999980340453e+03
8.398904551730072021e+09 2.273149999980376833e+03
8.408732922186491013e+09 2.273149999980409120e+03
8.418562241568658829e+09 2.273149999980447774e+03
8.428392548263942719e+09 2.273149999980488701e+03
8.438223875847980499e+09 2.273149999980523717e+03
8.448056253049692154e+09 2.273149999980566463e+03
8.457889703735696793e+09 2.273149999980605116e+03
8.467724246913805008e+09 2.273149999980648772e+03
8.477559896754634857e+09 2.273149999980687426e+03
8.487396662631241798e+09 2.273149999980713801e+03
8.497234549176094055e+09 2.273149999980738357e+03
8.507073556354599953e+09 2.273149999980775192e+03
8.516913679555013657e+09 2.273149999980806115e+03
8.526754909693799019e+09 2.273149999980821576e+03
8.536597233336099625e+09 2.273149999980862503e+03
8.546440632830525398e+09 2.273149999980898428e+03
8.556285086457809448e+09 2.273149999980930261e+03
8.566130568592594147e+09 2.273149999980946632e+03
8.575977049877426147e+09 2.273149999981003930e+03
8.585824497408602715e+09 2.273149999981025303e+03
8.595672874932865143e+09 2.273149999981054407e+03
8.605522143054283142e+09 2.273149999981079418e+03
8.615372259450222015e+09 2.273149999981109431e+03
8.625223179095836639e+09 2.273149999981122619e+03
8.635074854495719910e+09 2.273149999981148540e+03
8.644927235922302246e+09 2.273149999981164456e+03
8.654780271659215927e+09 2.273149999981191741e+03
8.664633908249303818e+09 2.273149999981210385e+03
8.674488090745714188e+09 2.273149999981248584e+03
8.684342762965074539e+09 2.273149999981251767e+03
8.694197867741693497e+09 2.273149999981274959e+03
8.704053347181524277e+09 2.273149999981292240e+03
8.713909142914909363e+09 2.273149999981321798e+03
8.723765196346832275e+09 2.273149999981349083e+03
8.733621448903585434e+09 2.273149999981378642e+03
8.743477842274854660e+09 2.273149999981420024e+03
8.753334318650197983e+09 2.273149999981448218e+03
8.763190820948707581e+09 2.273149999981493238e+03
8.773047293041255951e+09 2.273149999981518249e+03
8.782903679964126587e+09 2.273149999981558267e+03
8.792759928123296738e+09 2.273149999981593737e+03
8.802615985489042282e+09 2.273149999981621022e+03
8.812471801779348373e+09 2.273149999981651035e+03
8.822327328632463455e+09 2.273149999981676501e+03
8.832182519767461777e+09 2.273149999981698784e+03
8.842037331132555008e+09 2.273149999981737437e+03
8.851891721040969849e+09 2.273149999981756082e+03
8.861745650294046402e+09 2.273149999981792917e+03
8.871599082291090012e+09 2.273149999981830206e+03
8.881451983126226425e+09 2.273149999981860674e+03
8.891304321672101974e+09 2.273149999981885230e+03
8.901156069650278091e+09 2.273149999981917972e+03
8.911007201688526154e+09 2.273149999981957080e+03
8.920857695365205765e+09 2.273149999982006193e+03
8.930707531240621567e+09 2.273149999982018926e+03
8.940556692875936508e+09 2.273149999982065765e+03
8.950405166839622498e+09 2.273149999982095324e+03
8.960252942701929092e+09 2.273149999982124882e+03
8.970100013017475128e+09 2.273149999982146255e+03
8.979946373296495438e+09 2.273149999982177633e+03
8.989792021965196609e+09 2.273149999982204918e+03
8.999636960315296173e+09 2.273149999982228110e+03
9.009481192443569183e+09 2.273149999982254485e+03
9.019324725181501389e+09 2.273149999982285408e+03
9.029167568015964508e+09 2.273149999982324061e+03
9.039009733000696182e+09 2.273149999982343161e+03
9.048851234659919739e+09 2.273149999982370446e+03
9.058692089883899689e+09 2.273149999982403642e+03
9.068532317817518234e+09 2.273149999982420923e+03
9.078371939742019653e+09 2.273149999982441386e+03
9.088210978950860977e+09 2.273149999982461850e+03
9.098049460619750977e+09 2.273149999982492773e+03
9.107887411671987534e+09 2.273149999982494592e+03
9.117724860639455795e+09 2.273149999982538702e+03
9.127561837519895554e+09 2.273149999982561440e+03
9.137398373631015778e+09 2.273149999982604641e+03
9.147234501462198257e+09 2.273149999982634199e+03
9.157070254524513245e+09 2.273149999982665577e+03
9.166905667199186325e+09 2.273149999982694226e+03
9.176740774586004257e+09 2.273149999982716963e+03
9.186575612351310730e+09 2.273149999982756526e+03
9.196410216576963425e+09 2.273149999982778354e+03
9.206244623610467911e+09 2.273149999982817462e+03
9.216078869917007446e+09 2.273149999982841564e+03
9.225912991933832169e+09 2.273149999982871122e+03
9.235747025927862167e+09 2.273149999982927511e+03
9.245581007856628418e+09 2.273149999982948430e+03
9.255414973233232498e+09 2.273149999982977988e+03
9.265248956995855331e+09 2.273149999983017551e+03
9.275082993382259369e+09 2.273149999983045291e+03
9.284917115809495926e+09 2.273149999983075759e+03
9.294751356759344101e+09 2.273149999983110320e+03
9.304585747669887543e+09 2.273149999983120324e+03
9.314420318833469391e+09 2.273149999983166254e+03
9.324255099300945282e+09 2.273149999983206271e+03
9.334090116793113708e+09 2.273149999983233556e+03
9.343925397619009018e+09 2.273149999983254475e+03
9.353760966601331711e+09 2.273149999983294038e+03
9.363596847009237289e+09 2.273149999983337693e+03
9.373433060498424530e+09 2.273149999983363159e+03
9.383269627058618546e+09 2.273149999983413181e+03
9.393106564968597412e+09 2.273149999983441830e+03
9.402943890758539200e+09 2.273149999983479574e+03
9.412781619179693222e+09 2.273149999983512316e+03
9.422619763181619644e+09 2.273149999983523685e+03
9.432458333896276474e+09 2.273149999983536418e+03
9.442297340629564285e+09 2.273149999983558700e+03
9.452136790859628677e+09 2.273149999983585076e+03
9.461976690242174149e+09 2.273149999983617363e+03
9.471817042622148514e+09 2.273149999983646467e+03
9.481657850052362442e+09 2.273149999983680573e+03
9.491499112817773819e+09 2.273149999983711950e+03
9.501340829466398239e+09 2.273149999983733323e+03
9.511182996845682144e+09 2.273149999983754697e+03
9.521025610144567490e+09 2.273149999983800626e+03
9.530868662940917969e+09 2.273149999983829275e+03
9.540712147253948212e+09 2.273149999983845191e+03
9.550556053601387024e+09 2.273149999983872021e+03
9.560400371061267853e+09 2.273149999983920225e+03
9.570245087337936401e+09 2.273149999983934322e+03
9.580090188831695557e+09 2.273149999983970247e+03
9.589935660712285995e+09 2.273149999983979797e+03
9.599781486995618820e+09 2.273149999984007081e+03
9.609627650623289108e+09 2.273149999984036640e+03
9.619474133544857025e+09 2.273149999984067563e+03
9.629320916802284241e+09 2.273149999984093483e+03
9.639167980616388321e+09 2.273149999984111673e+03
9.649015304474767685e+09 2.273149999984133501e+03
9.658862867221054077e+09 2.273149999984166243e+03
9.668710647145036697e+09 2.273149999984182159e+03
9.678558622073261261e+09 2.273149999984214446e+03
9.688406769459857941e+09 2.273149999984258557e+03
9.698255066477300644e+09 2.273149999984326769e+03
9.708103490106533051e+09 2.273149999984348142e+03
9.717952017226369858e+09 2.273149999984375881e+03
9.727800624701765060e+09 2.273149999984410897e+03
9.737649289470582962e+09 2.273149999984436363e+03
9.747497988628612518e+09 2.273149999984456372e+03
9.757346699512605667e+09 2.273149999984486385e+03
9.767195399780864716e+09 2.273149999984514125e+03
9.777044067491403580e+09 2.273149999984555507e+03
9.786892681177042007e+09 2.273149999984590977e+03
9.796741219917726517e+09 2.273149999984611895e+03
9.806589663409227371e+09 2.273149999984640544e+03
9.816437992028608322e+09 2.273149999984662827e+03
9.826286186895853043e+09 2.273149999984694659e+03
9.836134229931777954e+09 2.273149999984720125e+03
9.845982103911861420e+09 2.273149999984754686e+03
9.855829792516077042e+09 2.273149999984793794e+03
9.865677280374399185e+09 2.273149999984803344e+03
9.875524553108068466e+09 2.273149999984839724e+03
9.885371597366405487e+09 2.273149999984860642e+03
9.895218400859310150e+09 2.273149999984885653e+03
9.905064952385253906e+09 2.273149999984910210e+03
9.914911241854667664e+09 2.273149999984949318e+03
9.924757260309089661e+09 2.273149999984970691e+03
9.934602999935525894e+09 2.273149999984995702e+03
9.944448454076671600e+09 2.273149999985007980e+03
9.954293617236526489e+09 2.273149999985036629e+03
9.964138485081693649e+09 2.273149999985049817e+03
9.973983054438550949e+09 2.273149999985091654e+03
9.983827323286020279e+09 2.273149999985118029e+03
9.993671290744546890e+09 2.273149999985134400e+03
1.000351495706081390e+10 2.273149999985144859e+03
1.001335832358873558e+10 2.273149999985178056e+03
1.002320139276676178e+10 2.273149999985195336e+03
1.003304416809162903e+10 2.273149999985229442e+03
1.004288665408859634e+10 2.273149999985251270e+03
1.005272885627852440e+10 2.273149999985274917e+03
1.006257078114180756e+10 2.273149999985301292e+03
1.007241243607952309e+10 2.273149999985318118e+03
1.008225382937161827e+10 2.273149999985337217e+03
1.009209497013296318e+10 2.273149999985349041e+03
1.010193586826665878e+10 2.273149999985389968e+03
1.011177653441564751e+10 2.273149999985432714e+03
1.012161697991201591e+10 2.273149999985463637e+03
1.013145721672507477e+10 2.273149999985488193e+03
1.014129725740745544e+10 2.273149999985495924e+03
1.015113711504038429e+10 2.273149999985523664e+03
1.016097680317768288e+10 2.273149999985548220e+03
1.017081633578906441e+10 2.273149999985565046e+03
1.018065572720275307e+10 2.273149999985582781e+03
1.019049499204780769e+10 2.273149999985604154e+03
1.020033414519634628e+10 2.273149999985610975e+03
1.021017320170563698e+10 2.273149999985644172e+03
1.022001217676068497e+10 2.273149999985679642e+03
1.022985108561708069e+10 2.273149999985701925e+03
1.023968994354467201e+10 2.273149999985702834e+03
1.024952876577208900e+10 2.273149999985738305e+03
1.025936756743224716e+10 2.273149999985764225e+03
1.026920636350905609e+10 2.273149999985789236e+03
1.027904516878575706e+10 2.273149999985809700e+03
1.028888399779461479e+10 2.273149999985826071e+03
1.029872286476828384e+10 2.273149999985854720e+03
1.030856178359324646e+10 2.273149999985881550e+03
1.031840076776513672e+10 2.273149999985884733e+03
1.032823983034613609e+10 2.273149999985902468e+03
1.033807898392470741e+10 2.273149999985937029e+03
1.034791824057755661e+10 2.273149999985953855e+03
1.035775761183415794e+10 2.273149999985979775e+03
1.036759710864369583e+10 2.273149999986002058e+03
1.037743674134454727e+10 2.273149999986012062e+03
1.038727651963659859e+10 2.273149999986032071e+03
1.039711645255606079e+10 2.273149999986044804e+03
1.040695654845305634e+10 2.273149999986061630e+03
1.041679681497214317e+10 2.273149999986088915e+03
1.042663725903537560e+10 2.273149999986113471e+03
1.043647788682836533e+10 2.273149999986132570e+03
1.044631870378900528e+10 2.273149999986185776e+03
1.045615971459908104e+10 2.273149999986211697e+03
1.046600092317860413e+10 2.273149999986238072e+03
1.047584233268286896e+10 2.273149999986262628e+03
1.048568394550229073e+10 2.273149999986277635e+03
1.049552576326500130e+10 2.273149999986299463e+03
1.050536778684169006e+10 2.273149999986326748e+03
1.051521001635350800e+10 2.273149999986339026e+03
1.052505245118212891e+10 2.273149999986359035e+03
1.053489508998233986e+10 2.273149999986377679e+03
1.054473793069696426e+10 2.273149999986404964e+03
1.055458097057415390e+10 2.273149999986448620e+03
1.056442420618663597e+10 2.273149999986471812e+03
1.057426763345324898e+10 2.273149999986495459e+03
1.058411124766238022e+10 2.273149999986526836e+03
1.059395504349716949e+10 2.273149999986568673e+03
1.060379901506254578e+10 2.273149999986595503e+03
1.061364315591403770e+10 2.273149999986613693e+03
1.062348745908779716e+10 2.273149999986630064e+03
1.063333191713237762e+10 2.273149999986661442e+03
1.064317652214141655e+10 2.273149999986688272e+03
1.065302126578776741e+10 2.273149999986709190e+03
1.066286613935846329e+10 2.273149999986724652e+03
1.067271113379054451e+10 2.273149999986740568e+03
1.068255623970779610e+10 2.273149999986764669e+03
1.069240144745788765e+10 2.273149999986782859e+03
1.070224674715015984e+10 2.273149999986821513e+03
1.071209212869360924e+10 2.273149999986858347e+03
1.072193758183513451e+10 2.273149999986884268e+03
1.073178309619786072e+10 2.273149999986913372e+03
1.074162866131934929e+10 2.273149999986940657e+03
1.075147426668971062e+10 2.273149999986969306e+03
1.076131990178928375e+10 2.273149999986993862e+03
1.077116555612587929e+10 2.273149999987008414e+03
1.078101121927152634e+10 2.273149999987032970e+03
1.079085688089843750e+10 2.273149999987061619e+03
1.080070253081426239e+10 2.273149999987095725e+03
1.081054815899632454e+10 2.273149999987123920e+03
1.082039375562481689e+10 2.273149999987152569e+03
1.083023931111503792e+10 2.273149999987183946e+03
1.084008481614818954e+10 2.273149999987203500e+03
1.084993026170107841e+10 2.273149999987239880e+03
1.085977563907411766e+10 2.273149999987277170e+03
1.086962093991818237e+10 2.273149999987307183e+03
1.087946615625972366e+10 2.273149999987346291e+03
1.088931128052420235e+10 2.273149999987364936e+03
1.089915630555795288e+10 2.273149999987401316e+03
1.090900122464837456e+10 2.273149999987408137e+03
1.091884603154204178e+10 2.273149999987424962e+03
1.092869072046132469e+10 2.273149999987451338e+03
1.093853528611901474e+10 2.273149999987477258e+03
1.094837972373079300e+10 2.273149999987494994e+03
1.095822402902630424e+10 2.273149999987520914e+03
1.096806819825783920e+10 2.273149999987543652e+03
1.097791222820734024e+10 2.273149999987572755e+03
1.098775611619131279e+10 2.273149999987581850e+03
1.099759986006393433e+10 2.273149999987602314e+03
1.100744345821807289e+10 2.273149999987613228e+03
1.101728690958457375e+10 2.273149999987646424e+03
1.102713021362961960e+10 2.273149999987663705e+03
1.103697337035010338e+10 2.273149999987695082e+03
1.104681638026740074e+10 2.273149999987703723e+03
1.105665924441925621e+10 2.273149999987727824e+03
1.106650196434993553e+10 2.273149999987763294e+03
1.107634454209867287e+10 2.273149999987785122e+03
1.108618698018675995e+10 2.273149999987800129e+03
1.109602928160278893e+10 2.273149999987836964e+03
1.110587144978642845e+10 2.273149999987865613e+03
1.111571348861125946e+10 2.273149999987880619e+03
1.112555540236558533e+10 2.273149999987890169e+03
1.113539719573261452e+10 2.273149999987907449e+03
1.114523887376903343e+10 2.273149999987922001e+03
1.115508044188293457e+10 2.273149999987935644e+03
1.116492190581039238e+10 2.273149999987964748e+03
1.117476327159141541e+10 2.273149999987992032e+03
1.118460454554488945e+10 2.273149999988032050e+03
1.119444573424308777e+10 2.273149999988069794e+03
1.120428684448543167e+10 2.273149999988078889e+03
1.121412788327166557e+10 2.273149999988092077e+03
1.122396885777486610e+10 2.273149999988114359e+03
1.123380977531409264e+10 2.273149999988116633e+03
1.124365064332668114e+10 2.273149999988139825e+03
1.125349146934061623e+10 2.273149999988181662e+03
1.126333226094686699e+10 2.273149999988199397e+03
1.127317302577190018e+10 2.273149999988226227e+03
1.128301377145009995e+10 2.273149999988248965e+03
1.129285450559687042e+10 2.273149999988265790e+03
1.130269523578191566e+10 2.273149999988290801e+03
1.131253596950289345e+10 2.273149999988323088e+03
1.132237671415989494e+10 2.273149999988335367e+03
1.133221747703027153e+10 2.273149999988364470e+03
1.134205826524444199e+10 2.273149999988392665e+03
1.135189908576239777e+10 2.273149999988403579e+03
1.136173994535087967e+10 2.273149999988418131e+03
1.137158085056185150e+10 2.273149999988449053e+03
1.138142180771173286e+10 2.273149999988460877e+03
1.139126282286170769e+10 2.273149999988489526e+03
1.140110390179934502e+10 2.273149999988514992e+03
1.141094505002101517e+10 2.273149999988531818e+03
1.142078627271593285e+10 2.273149999988544550e+03
1.143062757475122070e+10 2.273149999988559557e+03
1.144046896065827560e+10 2.273149999988586387e+03
1.145031043462053299e+10 2.273149999988606851e+03
1.146015200046250534e+10 2.273149999988632771e+03
1.146999366164039421e+10 2.273149999988645504e+03
1.147983542123378754e+10 2.273149999988671880e+03
1.148967728193899345e+10 2.273149999988690070e+03
1.149951924606374359e+10 2.273149999988706440e+03
1.150936131552319527e+10 2.273149999988722811e+03
1.151920349183753777e+10 2.273149999988757827e+03
1.152904577613086510e+10 2.273149999988792842e+03
1.153888816913142014e+10 2.273149999988802392e+03
1.154873067117345047e+10 2.273149999988829222e+03
