# # t/year,min(v),max(v)
6.600674766460002214e+07 -2.130464005175232434e-01 2.130464005203794864e-01
7.776481751834404469e+07 -1.194229721194254079e+00 1.194229721197108685e+00
8.427400665502944589e+07 -2.154054832280956511e+00 2.154054832285855259e+00
8.881772915641523898e+07 -3.080790575725569358e+00 3.080790575732275549e+00
9.234119922757233679e+07 -3.966216633494808796e+00 3.966216633501653543e+00
9.524591613834382594e+07 -4.803526483950695258e+00 4.803526483961318760e+00
9.773988395808133483e+07 -5.587233393906373635e+00 5.587233393914013746e+00
9.994503203511109948e+07 -6.313087945055610994e+00 6.313087945065674944e+00
1.019392372924715877e+08 -6.977966799095443484e+00 6.977966799102915729e+00
1.037755473332533836e+08 -7.579740096266101013e+00 7.579740096273150485e+00
1.054920028387751281e+08 -8.117128895054971593e+00 8.117128895061361149e+00
1.071170928824249357e+08 -8.589562641071227134e+00 8.589562641077479910e+00
1.086724748524424881e+08 -9.003099389376883366e+00 9.003099389384093598e+00
1.101753129608906955e+08 -9.354047094362169190e+00 9.354047094367761161e+00
1.116337953226761222e+08 -9.641871830917672526e+00 9.641871830925037301e+00
1.130590281886992455e+08 -9.866808670526779679e+00 9.866808670529147562e+00
1.144609749712455720e+08 -1.003069458489255794e+01 1.003069458489607513e+01
1.158483854702994525e+08 -1.013578894608495595e+01 1.013578894609045555e+01
1.172291449023499042e+08 -1.018461266573480195e+01 1.018461266573916646e+01
1.186105441281583458e+08 -1.017989567191523648e+01 1.017989567191932743e+01
1.199994972283849120e+08 -1.012453192098644017e+01 1.012453192098859134e+01
1.214027245178571343e+08 -1.002154113271884306e+01 1.002154113271916636e+01
1.228268163736158162e+08 -9.874714150726434880e+00 9.874714150730213191e+00
1.242775896297702491e+08 -9.693106721080319232e+00 9.693106721084442157e+00
1.257621100934777409e+08 -9.472755912623515684e+00 9.472755912626297459e+00
1.272878423311420381e+08 -9.216885933750143423e+00 9.216885933751978399e+00
1.288628121610986590e+08 -8.928742463839707710e+00 8.928742463837474830e+00
1.304957874333283603e+08 -8.611581717826979343e+00 8.611581717828920901e+00
1.321964856983492821e+08 -8.268662518936780614e+00 8.268662518937166084e+00
1.339758189300312400e+08 -7.903241365700114152e+00 7.903241365703620680e+00
1.358461877547622025e+08 -7.518570569643033608e+00 7.518570569640507628e+00
1.378218407931626141e+08 -7.117899614286289811e+00 7.117899614289431298e+00
1.399193189136090875e+08 -6.704479948045004356e+00 6.704479948046706106e+00
1.421580095953943133e+08 -6.281573472572078209e+00 6.281573472573716010e+00
1.445608432674318850e+08 -5.852465013970704177e+00 5.852465013974560648e+00
1.471551711700140536e+08 -5.420479032735564751e+00 5.420479032740401770e+00
1.499738719415543377e+08 -4.989000656607284867e+00 4.989000656609413831e+00
1.530567389895355999e+08 -4.561500635972808304e+00 4.561500635977315810e+00
1.564521964624369144e+08 -4.141562694339939732e+00 4.141562694344119500e+00
1.602166429316794276e+08 -3.735608970633191639e+00 3.735608970640956983e+00
1.644203833828408420e+08 -3.345235074182271173e+00 3.345235074186085455e+00
1.691482712035292983e+08 -2.974372602163050772e+00 2.974372602172322022e+00
1.745011570968363583e+08 -2.627087571131062838e+00 2.627087571132967980e+00
1.805936730143161118e+08 -2.308159747210170920e+00 2.308159747216081303e+00
1.875352406360787749e+08 -2.025839229153300280e+00 2.025839229155141474e+00
1.954299499550415277e+08 -1.781256209926840972e+00 1.781256209930676793e+00
2.043758355588080585e+08 -1.571951690732106055e+00 1.571951690739169960e+00
2.144450112813682556e+08 -1.396588994713885867e+00 1.396588994717082866e+00
2.257186259972813427e+08 -1.247381638839649920e+00 1.247381638841204232e+00
2.383182436482173502e+08 -1.116105296967815574e+00 1.116105296969495564e+00
2.523797896509466767e+08 -1.000067844406641759e+00 1.000067844408465856e+00
2.680777813054717183e+08 -8.958152297105598239e-01 8.958152297110187900e-01
2.856144768221269250e+08 -8.018899562146331039e-01 8.018899562127524971e-01
3.050979436393422484e+08 -7.217657992762662733e-01 7.217657992748099938e-01
3.266153454083198309e+08 -6.535408015792314451e-01 6.535408015791730474e-01
3.500796846217622161e+08 -5.993137020429619710e-01 5.993137020407368620e-01
3.752284635998747349e+08 -5.591722768021530898e-01 5.591722768027372892e-01
4.017594052510796189e+08 -5.300414958834062107e-01 5.300414958825153677e-01
4.293001909178057313e+08 -5.106063483497780275e-01 5.106063483508346268e-01
4.573957247944630384e+08 -5.005243915896387952e-01 5.005243915854508119e-01
4.857189410205931664e+08 -4.965008171291777073e-01 4.965008171282340732e-01
5.139947050428063869e+08 -4.973340415824873961e-01 4.973340415801771330e-01
5.420063823536663055e+08 -5.020227758567001874e-01 5.020227758552965325e-01
5.695947662637779713e+08 -5.097253991320214173e-01 5.097253991324167677e-01
5.966523432290186882e+08 -5.197250300004787604e-01 5.197250299984084165e-01
6.231148050541468859e+08 -5.314131426207581166e-01 5.314131426217707510e-01
6.489515349415097237e+08 -5.442832766107216225e-01 5.442832766089070740e-01
6.741564524446141720e+08 -5.579268409931483763e-01 5.579268409913108462e-01
6.987210425466327667e+08 -5.724703706262715963e-01 5.724703706268828851e-01
7.226432045105808973e+08 -5.878440260204276235e-01 5.878440260186852395e-01
7.459578216446660757e+08 -6.031623817420977973e-01 6.031623817401308152e-01
7.687063585830016136e+08 -6.181716229954178354e-01 6.181716229979637989e-01
7.909367203298019171e+08 -6.325807991866826407e-01 6.325807991859068169e-01
8.127043737462519407e+08 -6.460273751589949986e-01 6.460273751583810453e-01
8.340740100963799953e+08 -6.580598644501421957e-01 6.580598644541665321e-01
8.551209968648816347e+08 -6.681478994908045532e-01 6.681478994915079905e-01
8.759320660346852541e+08 -6.757221306200325017e-01 6.757221306248136772e-01
8.966049605743702650e+08 -6.802385593819036957e-01 6.802385593853170764e-01
9.172470125009142160e+08 -6.812549474263330795e-01 6.812549474268508876e-01
9.379727689444928169e+08 -6.785035826429999251e-01 6.785035826452053831e-01
9.589007979271095991e+08 -6.719457437525826471e-01 6.719457437491108687e-01
9.801497396900112629e+08 -6.617976630041672026e-01 6.617976630008023387e-01
1.001833603982255340e+09 -6.485237045608120976e-01 6.485237045565874769e-01
1.024056330555451751e+09 -6.327981381439152786e-01 6.327981381352778545e-01
1.046905784881305814e+09 -6.154413930177899950e-01 6.154413930106591435e-01
1.070447659748243451e+09 -5.973398499262860817e-01 5.973398499154440877e-01
1.094720125616443396e+09 -5.793601719891079416e-01 5.793601719822587537e-01
1.119730358640644550e+09 -5.622698511602212124e-01 5.622698511499948371e-01
1.145454064238424778e+09 -5.466747372980903519e-01 5.466747372891003209e-01
1.171838658713735104e+09 -5.329814719403466183e-01 5.329814719303351822e-01
1.198809931229808092e+09 -5.213880802850431317e-01 5.213880802757173694e-01
1.226281095723253012e+09 -5.119003966269968231e-01 5.119003966192288146e-01
1.254162577180414200e+09 -5.043670301955263113e-01 5.043670301870172290e-01
1.282370924422910452e+09 -4.985226493105116008e-01 4.985226493089051636e-01
1.310835846916896820e+09 -4.940290985500067622e-01 4.940290985450478956e-01
1.339505229284404278e+09 -4.905058581219328140e-01 4.905058581202531576e-01
1.368348738528473854e+09 -4.875446978731057257e-01 4.875446978683148358e-01
1.397361047923060417e+09 -4.847080530108852092e-01 4.847080530108996421e-01
1.426565471420985460e+09 -4.815195205274019896e-01 4.815195205210073826e-01
1.456017432816262484e+09 -4.774724444075587604e-01 4.774724444018960678e-01
1.485804901403136015e+09 -4.720944970193592383e-01 4.720944970139861474e-01
1.516043362009698629e+09 -4.650534358534127444e-01 4.650534358457880657e-01
1.546828192199187994e+09 -4.567996611786168115e-01 4.567996611728768475e-01
1.577893016550997019e+09 -4.508837895408867591e-01 4.508837895640123161e-01
1.606759645376553774e+09 -4.840006471228927576e-01 4.840006471293316070e-01
1.635010251818346024e+09 -4.945423764836037739e-01 4.945423764674532485e-01
1.663432280937339544e+09 -4.910156762819007925e-01 4.910156762408339759e-01
1.693288916310975313e+09 -4.666324350334761228e-01 4.666324349683187434e-01
1.725118510132220030e+09 -4.386770127601595792e-01 4.386770127759618276e-01
1.758310008999031067e+09 -4.211933471034735033e-01 4.211933471074194579e-01
1.792745371364552498e+09 -4.083738062846757888e-01 4.083738062800408852e-01
1.827826575257268667e+09 -4.008556845142855485e-01 4.008556845077547726e-01
1.863706100448085785e+09 -3.919366247243206702e-01 3.919366247201822584e-01
1.900506172124588013e+09 -3.821324078827601500e-01 3.821324078772502797e-01
1.938302136749571562e+09 -3.720635295204105519e-01 3.720635295199503645e-01
1.977110947229737520e+09 -3.623532859165307096e-01 3.623532859149401486e-01
2.016889308683866739e+09 -3.535213489428479794e-01 3.535213489411252463e-01
2.057541662509951591e+09 -3.459209289617251604e-01 3.459209289598225712e-01
2.098933735176435947e+09 -3.397389667643211930e-01 3.397389667656468548e-01
2.140908714888857126e+09 -3.350210076656368052e-01 3.350210076638419077e-01
2.183303442487575054e+09 -3.317039829346909441e-01 3.317039829364343273e-01
2.225961024986491680e+09 -3.296600317268407743e-01 3.296600317272355696e-01
2.268737662136678219e+09 -3.287425318290953524e-01 3.287425318317410139e-01
2.311503853037272930e+09 -3.288228318647012927e-01 3.288228318636742253e-01
2.354141216984951973e+09 -3.298163558435788234e-01 3.298163558415764807e-01
2.396536559063824177e+09 -3.316991752026708373e-01 3.316991752027466656e-01
2.438575237847536564e+09 -3.345133673765178228e-01 3.345133673765315896e-01
2.480136040122386932e+09 -3.383596858156930343e-01 3.383596858164992782e-01
2.521089469400849342e+09 -3.433778378931365838e-01 3.433778378944103982e-01
2.561216531125808716e+09 -3.504492827406044952e-01 3.504492827390007226e-01
2.600276429101117611e+09 -3.600239818534733405e-01 3.600239818570292738e-01
2.638156795909625053e+09 -3.712345255521423137e-01 3.712345255548538669e-01
2.674756967479004383e+09 -3.842195103662401912e-01 3.842195103742369611e-01
2.709859412722095966e+09 -4.006131169002888348e-01 4.006131169100649592e-01
2.743453763988174438e+09 -4.185971590381042384e-01 4.185971590467820747e-01
2.775543880847553730e+09 -4.382190336457097990e-01 4.382190336552136412e-01
2.806098263265333652e+09 -4.602449431758992571e-01 4.602449431874857666e-01
2.835113938546008587e+09 -4.846518257267414809e-01 4.846518257448944045e-01
2.862644880093654156e+09 -5.107889236250579001e-01 5.107889236429846713e-01
2.888752936840985298e+09 -5.386268359829414765e-01 5.386268360029426994e-01
2.913509576921209335e+09 -5.680294237695032722e-01 5.680294238002581153e-01
2.936995629654335499e+09 -5.987596195519576669e-01 5.987596195832965984e-01
2.959283364330750942e+09 -6.309524141017718302e-01 6.309524141491471561e-01
2.980459778789849758e+09 -6.640642600790241934e-01 6.640642601305835058e-01
3.000621669993154049e+09 -6.974792124967468254e-01 6.974792125500275386e-01
3.019865287935561657e+09 -7.307617538865920359e-01 7.307617539532513806e-01
3.038285892366753101e+09 -7.634114315489284319e-01 7.634114316133951972e-01
3.055977343724014759e+09 -7.948754296543816267e-01 7.948754297214818410e-01
3.073029055390793324e+09 -8.246972663596663367e-01 8.246972664567031597e-01
3.089495021352177620e+09 -8.540343172963194007e-01 8.540343173901261409e-01
3.105462413402274132e+09 -8.807011160231492664e-01 8.807011161171430791e-01
3.121014689599696159e+09 -9.042084785601611774e-01 9.042084786489912318e-01
3.136196773116448879e+09 -9.262562666406700673e-01 9.262562667688141183e-01
3.151079581599117756e+09 -9.448821446993497242e-01 9.448821448166767611e-01
3.165729353129100800e+09 -9.599125807916740749e-01 9.599125809722613978e-01
3.180180956349165440e+09 -9.730754286210616666e-01 9.730754287853430329e-01
3.194500100396875381e+09 -9.820768581581260648e-01 9.820768583055375922e-01
3.208724345207159996e+09 -9.886289349363169832e-01 9.886289351426581495e-01
3.222899096322739601e+09 -9.920809108164972967e-01 9.920809110040553769e-01
3.237077143460624695e+09 -9.918502781717873917e-01 9.918502783379689047e-01
3.251280068423860073e+09 -9.901129543985159875e-01 9.901129546485034627e-01
3.265541491531398296e+09 -9.860516647264716550e-01 9.860516649679226253e-01
3.279890779297899246e+09 -9.800137975725968786e-01 9.800137978157698049e-01
3.294341042025672913e+09 -9.731656966815260823e-01 9.731656970479447555e-01
3.308885530708071709e+09 -9.668610772036356771e-01 9.668610775584289829e-01
3.323530903738629341e+09 -9.602008747612646999e-01 9.602008750926610547e-01
3.338280044040939331e+09 -9.534454013926875193e-01 9.534454016819653432e-01
3.353130393836284637e+09 -9.469473911513434095e-01 9.469473913946397925e-01
3.368068004009667873e+09 -9.414156504152731975e-01 9.414156506143943615e-01
3.383060816061985016e+09 -9.379494619410621015e-01 9.379494621108511732e-01
3.398056325984333992e+09 -9.377807137308101781e-01 9.377807138816897092e-01
3.412985843663163662e+09 -9.419259416459169199e-01 9.419259417831465919e-01
3.427772380456818104e+09 -9.510340517599072951e-01 9.510340518703797041e-01
3.442336656851375103e+09 -9.655474544718205543e-01 9.655474545412806586e-01
3.456578107256449699e+09 -9.874345379168326664e-01 9.874345379138793621e-01
3.470410566333656311e+09 -1.016630515334203233e+00 1.016630515290414927e+00
3.483730092354804039e+09 -1.055780812145487912e+00 1.055780812049896378e+00
3.496454336368163586e+09 -1.105173712892892679e+00 1.105173712745316061e+00
3.508499793268052101e+09 -1.167452601995510930e+00 1.167452601772285270e+00
3.519837903979860783e+09 -1.240286001560541251e+00 1.240286001232270729e+00
3.530458149308958054e+09 -1.324121954270845336e+00 1.324121953784376027e+00
3.540393496723778725e+09 -1.415400932938001732e+00 1.415400932271177581e+00
3.549701012122715473e+09 -1.510875824240561327e+00 1.510875823372998861e+00
3.558451003909077168e+09 -1.607144365771761008e+00 1.607144364683020799e+00
3.566714495696578979e+09 -1.701762446387240724e+00 1.701762445136974389e+00
3.574559341329383850e+09 -1.792578293853761995e+00 1.792578292407177365e+00
3.582060496646288395e+09 -1.874711215258896946e+00 1.874711213648166286e+00
3.589275180758483410e+09 -1.949149786922855565e+00 1.949149785219768338e+00
3.596264739637478828e+09 -2.011929542829895112e+00 2.011929541054246151e+00
3.603077997437639713e+09 -2.063990591940912722e+00 2.063990590121655533e+00
3.609767012753650188e+09 -2.102327373408769517e+00 2.102327371614714391e+00
3.616370014217182636e+09 -2.129713294426168968e+00 2.129713292653663270e+00
3.622934311463121891e+09 -2.142270447716105419e+00 2.142270446065447587e+00
3.629494448695079803e+09 -2.143628936829796494e+00 2.143628935238643951e+00
3.636090017574713707e+09 -2.132113280390944610e+00 2.132113279009427931e+00
3.642750519223571301e+09 -2.111327455704690159e+00 2.111327454423496341e+00
3.649508915500195980e+09 -2.080745109403911108e+00 2.080745108382344277e+00
3.656397667163631916e+09 -2.041371308918114469e+00 2.041371308181353594e+00
3.663443486473965168e+09 -1.995864409888552737e+00 1.995864409447686061e+00
3.670665583451512814e+09 -1.947149151239316422e+00 1.947149150942122375e+00
3.678075750504034042e+09 -1.897730496528746258e+00 1.897730496536572664e+00
3.685679084615198612e+09 -1.849517565699074551e+00 1.849517566162286908e+00
3.693467241505732059e+09 -1.805626182392862100e+00 1.805626183146467501e+00
3.701423671421709061e+09 -1.767438429069785766e+00 1.767438430113139169e+00
3.709523266744679928e+09 -1.736197850448107260e+00 1.736197851776373424e+00
3.717734545133896351e+09 -1.712583512608236491e+00 1.712583514214793601e+00
3.726014534877074242e+09 -1.698371667059605850e+00 1.698371669069494994e+00
3.734320814144833088e+09 -1.692996289548378774e+00 1.692996291923963836e+00
3.742620069071885586e+09 -1.694429211087971288e+00 1.694429213658871225e+00
3.750893100228736877e+09 -1.699800195456358409e+00 1.699800198184091338e+00
3.759128967333867550e+09 -1.707470482123165212e+00 1.707470484952359424e+00
3.767324796709534168e+09 -1.715811705183190927e+00 1.715811708056183882e+00
3.775484914103720188e+09 -1.723320792756556585e+00 1.723320795607592659e+00
3.783619612050511837e+09 -1.728705856014131070e+00 1.728705858777048077e+00
3.791743805931270599e+09 -1.730940962901432956e+00 1.730940965515980201e+00
3.799875748217802525e+09 -1.729291660581306012e+00 1.729291662988073019e+00
3.808028582509485245e+09 -1.724860272898515623e+00 1.724860275198480508e+00
3.816223272348370552e+09 -1.716050303285765688e+00 1.716050305317425861e+00
3.824481792596991062e+09 -1.702786886868189908e+00 1.702786888770764229e+00
3.832818679942154884e+09 -1.686780617810019312e+00 1.686780619406751835e+00
3.841256248478027821e+09 -1.666653127544658330e+00 1.666653128826516728e+00
3.849816113102498055e+09 -1.642841400967269605e+00 1.642841401930458467e+00
3.858518867333503723e+09 -1.615867761051138052e+00 1.615867761713707162e+00
3.867383871832187653e+09 -1.586293610879109028e+00 1.586293611253940083e+00
3.876429141742934704e+09 -1.554679975027814853e+00 1.554679975142767789e+00
3.885671319005724430e+09 -1.521557053078546273e+00 1.521557052953975919e+00
3.895125710622473717e+09 -1.487404009697137042e+00 1.487404009366402935e+00
3.904806366656849861e+09 -1.452639154832469082e+00 1.452639154326134774e+00
3.914726164382997990e+09 -1.417619631792669921e+00 1.417619631140959235e+00
3.924896859467507839e+09 -1.382648863539101658e+00 1.382648862766564291e+00
3.935329063002078533e+09 -1.347989420777618186e+00 1.347989419916081344e+00
3.946032105581020832e+09 -1.313878730863622391e+00 1.313878729941138523e+00
3.957013756738920689e+09 -1.280545138231233171e+00 1.280545137272145251e+00
3.968279779792586803e+09 -1.248222192783768225e+00 1.248222191814138515e+00
3.979833318243801594e+09 -1.217159579238836331e+00 1.217159578279276122e+00
3.991674130254396915e+09 -1.187629698657211907e+00 1.187629697706833243e+00
4.003797712154884815e+09 -1.159929475911235963e+00 1.159929475010306188e+00
4.016194379830633640e+09 -1.134377428501194940e+00 1.134377427650293146e+00
4.028848406210553169e+09 -1.111306360346775657e+00 1.111306359556681223e+00
4.041737339878621578e+09 -1.091052243898090301e+00 1.091052243185168136e+00
4.054826777107760429e+09 -1.074339542168758932e+00 1.074339541585392022e+00
4.068072911753311634e+09 -1.061630458718210157e+00 1.061630458227434071e+00
4.081431791675702095e+09 -1.052670589278252855e+00 1.052670588888461101e+00
4.094845581293762684e+09 -1.048361454921428626e+00 1.048361454692719574e+00
4.108260202853264809e+09 -1.048296438153285104e+00 1.048296438040777767e+00
4.121625649085538387e+09 -1.052153422750826461e+00 1.052153422759884549e+00
4.134895232839300632e+09 -1.059754417251475900e+00 1.059754417391836068e+00
4.148027816289927483e+09 -1.070809871432532701e+00 1.070809871710978411e+00
4.160989508452628136e+09 -1.084927787053635129e+00 1.084927787474178507e+00
4.173748616697376251e+09 -1.102153827833846966e+00 1.102153828484722320e+00
4.186290396052232742e+09 -1.121252383091526417e+00 1.121252383901546246e+00
4.198608121789858818e+09 -1.141647434570575381e+00 1.141647435536316868e+00
4.210701970719379902e+09 -1.162781184753236108e+00 1.162781185869877998e+00
4.222577689732086182e+09 -1.184138827299674235e+00 1.184138828558841894e+00
4.234245163310595036e+09 -1.205273780070635459e+00 1.205273781455412418e+00
4.245717016043710709e+09 -1.225826403987104296e+00 1.225826405477255632e+00
4.257005486271378994e+09 -1.245740095783474999e+00 1.245740097319160355e+00
4.268122718322011948e+09 -1.264928168995351987e+00 1.264928170605175151e+00
4.279083009866728783e+09 -1.283040685967932637e+00 1.283040687615525144e+00
4.289899704869717121e+09 -1.300073634158244396e+00 1.300073635811553219e+00
4.300584669475719452e+09 -1.316101690660417933e+00 1.316101692288263569e+00
4.311147965560277939e+09 -1.331260609451850208e+00 1.331260611028132868e+00
4.321597706098548889e+09 -1.345727191299091796e+00 1.345727192794623051e+00
4.331940072361017227e+09 -1.359698508899765290e+00 1.359698510294602425e+00
4.342179468629823685e+09 -1.373371985800198258e+00 1.373371987061437371e+00
4.352318785544671059e+09 -1.386927749359446516e+00 1.386927750468813336e+00
4.362359739043739319e+09 -1.400514402519279278e+00 1.400514403468261060e+00
4.372303249293684959e+09 -1.414238999991665358e+00 1.414239000767080423e+00
4.382149824081635475e+09 -1.428161599032248041e+00 1.428161599626295519e+00
4.391899914463418007e+09 -1.442294321934987078e+00 1.442294322345486046e+00
4.401554216878980637e+09 -1.456604464253421050e+00 1.456604464485260708e+00
4.411113904591515541e+09 -1.471020855734882282e+00 1.471020855792328108e+00
4.420580780838173866e+09 -1.485442466300786357e+00 1.485442466194529798e+00
4.429957355068867683e+09 -1.499748165376451281e+00 1.499748165115036613e+00
4.439246850920967102e+09 -1.513806585835528518e+00 1.513806585442519781e+00
4.448453159479278564e+09 -1.527485192455915630e+00 1.527485191944975673e+00
4.457580753756594658e+09 -1.540657874654500326e+00 1.540657874043969366e+00
4.466634580496256828e+09 -1.553210637265256766e+00 1.553210636581154214e+00
4.475619943894163132e+09 -1.565045216009456119e+00 1.565045215268082490e+00
4.484542393272984505e+09 -1.576080670558887453e+00 1.576080669783472388e+00
4.493407623674168587e+09 -1.586253189553018972e+00 1.586253188761658217e+00
4.502221395189078331e+09 -1.595514471439515969e+00 1.595514470656503647e+00
4.510989473920789719e+09 -1.603829120413739373e+00 1.603829119653028323e+00
4.519717594922496796e+09 -1.611171522169570158e+00 1.611171521452269051e+00
4.528411445385352135e+09 -1.617522645470151232e+00 1.617522644808981225e+00
4.537076664782180786e+09 -1.622867160772327288e+00 1.622867160177695167e+00
4.545718857615983963e+09 -1.627191185204123869e+00 1.627191184688359771e+00
4.554343613855960846e+09 -1.630480863310495687e+00 1.630480862882193183e+00
4.562956532032608986e+09 -1.632721884915480537e+00 1.632721884582289285e+00
4.571563240253952026e+09 -1.633899934603225468e+00 1.633899934365605544e+00
4.580168478550424576e+09 -1.634179033224952615e+00 1.634179033035225270e+00
4.588777327010561943e+09 -1.633493732072952564e+00 1.633493731988666209e+00
4.597395582156533241e+09 -1.631710800116903615e+00 1.631710800134960282e+00
4.606029062948108673e+09 -1.628833183092420978e+00 1.628833183218598046e+00
4.614683583236802101e+09 -1.624873422092864006e+00 1.624873422316864824e+00
4.623364911866483688e+09 -1.619855738337959039e+00 1.619855738661883704e+00
4.632078721780385017e+09 -1.613817622292398113e+00 1.613817622710023381e+00
4.640830530230289459e+09 -1.606810761010316169e+00 1.606810761512176056e+00
4.649625632769594193e+09 -1.598901198941290458e+00 1.598901199520616379e+00
4.658469034138777733e+09 -1.590168692695110852e+00 1.590168693349458318e+00
4.667365379423722267e+09 -1.580705283260842142e+00 1.580705283977635212e+00
4.676318888982917786e+09 -1.570613165723665050e+00 1.570613166493758150e+00
4.685333300594982147e+09 -1.560001983254250213e+00 1.560001984065063851e+00
4.694411822063796043e+09 -1.548985706610513491e+00 1.548985707453159222e+00
4.703557097125105858e+09 -1.537679282236260381e+00 1.537679283097147742e+00
4.712771186917522430e+09 -1.526195241067724417e+00 1.526195241940617509e+00
4.722055568519646645e+09 -1.514640456902991872e+00 1.514640457775010551e+00
4.731411151129947662e+09 -1.503113229579622123e+00 1.503113230438074766e+00
4.740838309423934937e+09 -1.491700844896636680e+00 1.491700845733066716e+00
4.750336932525135994e+09 -1.480477732668941337e+00 1.480477733475164648e+00
4.759906485958921432e+09 -1.469504307593708647e+00 1.469504308356933020e+00
4.769546083013239861e+09 -1.458826537449230187e+00 1.458826538159068154e+00
4.779254561206860542e+09 -1.448476240373475887e+00 1.448476241028289868e+00
4.789030559138333321e+09 -1.438472071373242178e+00 1.438472071963876386e+00
4.798872588916517258e+09 -1.428821118388806433e+00 1.428821118909029853e+00
4.808779099670346260e+09 -1.419520994329894759e+00 1.419520994772506928e+00
4.818748528282725334e+09 -1.410562284270230116e+00 1.410562284636776686e+00
4.828779334431174278e+09 -1.401931189676828504e+00 1.401931189964729541e+00
4.838870018162863731e+09 -1.393612204270972654e+00 1.393612204476911254e+00
4.849019119481958389e+09 -1.385590660350830339e+00 1.385590660479776304e+00
4.859225200679419518e+09 -1.377854999130766700e+00 1.377854999184027429e+00
4.869486813294210434e+09 -1.370398642775808806e+00 1.370398642759238061e+00
4.879802452586198807e+09 -1.363221376974891319e+00 1.363221376888518854e+00
4.890170503163792610e+09 -1.356330189051127233e+00 1.356330188910970902e+00
4.900589179907437325e+09 -1.349739544283049986e+00 1.349739544090390986e+00
4.911056468557414055e+09 -1.343471119431891792e+00 1.343471119196306462e+00
4.921570070275436401e+09 -1.337553045774397376e+00 1.337553045505454508e+00
4.932127354170770645e+09 -1.332018740749599361e+00 1.332018740456552219e+00
4.942725321223711014e+09 -1.326905427215711475e+00 1.326905426912196484e+00
4.953360582280745506e+09 -1.322252451029283682e+00 1.322252450725220241e+00
4.964029351888058662e+09 -1.318099510777794414e+00 1.318099510482629411e+00
4.974726707998613358e+09 -1.314577158567816539e+00 1.314577158300787696e+00
4.985447230054316521e+09 -1.311736492582327163e+00 1.311736492341452065e+00
4.996186000724345207e+09 -1.309507431725641213e+00 1.309507431526736543e+00
5.006937870099308968e+09 -1.307912095058143764e+00 1.307912094901616085e+00
5.017697523111137390e+09 -1.306965938821643469e+00 1.306965938716295073e+00
5.028459552659558296e+09 -1.306677326681697782e+00 1.306677326629394065e+00
5.039218535209554672e+09 -1.307047384316954108e+00 1.307047384327765460e+00
5.049969105798754692e+09 -1.308070104986245097e+00 1.308070105053430243e+00
5.060706029756172180e+09 -1.309732662202118814e+00 1.309732662331688502e+00
5.071424268926048279e+09 -1.312015880134988821e+00 1.312015880325169359e+00
5.082119040756676674e+09 -1.314894812160749993e+00 1.314894812409787672e+00
5.092785869184265137e+09 -1.318339381967804647e+00 1.318339382269375859e+00
5.103420626768847466e+09 -1.322315048969814777e+00 1.322315049323468106e+00
5.114019567984997749e+09 -1.326783469116496139e+00 1.326783469519836389e+00
5.124579353913232803e+09 -1.331703132133145395e+00 1.331703132579491244e+00
5.135097068814287186e+09 -1.337029965841461054e+00 1.337029966327581310e+00
5.145570229207530022e+09 -1.342717906210570522e+00 1.342717906723998267e+00
5.155996786133690834e+09 -1.348719437677966759e+00 1.348719438218046074e+00
5.166375121285830498e+09 -1.354986111745885458e+00 1.354986112305281321e+00
5.176704037661925316e+09 -1.361469052712861894e+00 1.361469053282902353e+00
5.186982745351757050e+09 -1.368119458054596338e+00 1.368119458627172325e+00
5.197210843033148766e+09 -1.374889097879744559e+00 1.374889098447447111e+00
5.207388295729531288e+09 -1.381730813574480798e+00 1.381730814135629704e+00
5.217515409375612259e+09 -1.388599011124177496e+00 1.388599011668144145e+00
5.227592802749365807e+09 -1.395450140049501631e+00 1.395450140571621089e+00
5.237621377353197098e+09 -1.402243145265383850e+00 1.402243145763558463e+00
5.247602285855209351e+09 -1.408939876819028658e+00 1.408939877283167164e+00
5.257536899729013443e+09 -1.415505441316531110e+00 1.415505441744528303e+00
5.267426776746041298e+09 -1.421908479946620396e+00 1.421908480336846914e+00
5.277273628975275040e+09 -1.428121359923061329e+00 1.428121360270987905e+00
5.287079291925846100e+09 -1.434120269875000186e+00 1.434120270183282253e+00
5.296845695426691055e+09 -1.439885214267946578e+00 1.439885214529903701e+00
5.306574836773983002e+09 -1.445399906930712630e+00 1.445399907147368435e+00
5.316268756595238686e+09 -1.450651568988199802e+00 1.450651569158429854e+00
5.325929517778998375e+09 -1.455630641443081741e+00 1.455630641573110617e+00
5.335559187708763123e+09 -1.460330426869066001e+00 1.460330426958155625e+00
5.345159823921707153e+09 -1.464746677994009705e+00 1.464746678042097461e+00
5.354733463194405556e+09 -1.468877153116843637e+00 1.468877153132747582e+00
5.364282113942531586e+09 -1.472721159349065223e+00 1.472721159332242902e+00
5.373807751716205597e+09 -1.476279104257540276e+00 1.476279104210579618e+00
5.383312317479495049e+09 -1.479552075310504256e+00 1.479552075244148890e+00
5.392797718286846161e+09 -1.482541464046648549e+00 1.482541463961284389e+00
5.402265829913020134e+09 -1.485248648856909881e+00 1.485248648762758972e+00
5.411718500956422806e+09 -1.487674746685867300e+00 1.487674746577085427e+00
5.421157557920924187e+09 -1.489820439995892531e+00 1.489820439887695080e+00
5.430584810785181999e+09 -1.491685881611974462e+00 1.491685881506722433e+00
5.440002058592541695e+09 -1.493270676068421787e+00 1.493270675970347128e+00
5.449411094633141518e+09 -1.494573932900296054e+00 1.494573932813262340e+00
5.458813710842079163e+09 -1.495594384319619330e+00 1.495594384248092990e+00
5.468211701099236488e+09 -1.496330557407175244e+00 1.496330557358169111e+00
5.477606863184555054e+09 -1.496780989225838798e+00 1.496780989200500844e+00
5.487000999213436127e+09 -1.496944472249970737e+00 1.496944472250205660e+00
5.496395914447753906e+09 -1.496820317050606475e+00 1.496820317083207730e+00
5.505793414447765350e+09 -1.496408619248518423e+00 1.496408619311758725e+00
5.515195300590889931e+09 -1.495710518617643814e+00 1.495710518711627968e+00
5.524603364043871880e+09 -1.494728438971657303e+00 1.494728439096969286e+00
5.534019378322161674e+09 -1.493466299315906021e+00 1.493466299474779380e+00
5.543444835578654289e+09 -1.491970056800546951e+00 1.491970056976737569e+00
5.552881164172747612e+09 -1.490251198634049423e+00 1.490251198840447877e+00
5.562330055216846466e+09 -1.488269886077837389e+00 1.488269886314522505e+00
5.571793146408183098e+09 -1.486036614588640559e+00 1.486036614851017124e+00
5.581272010547095299e+09 -1.483563831186207604e+00 1.483563831479611350e+00
5.590768143942124367e+09 -1.480865886358248895e+00 1.480865886673585763e+00
5.600282954968016624e+09 -1.477958937759702440e+00 1.477958938094720898e+00
5.609817753033263206e+09 -1.474860809889272373e+00 1.474860810241557463e+00
5.619373738199765205e+09 -1.471590814710062922e+00 1.471590815073090974e+00
5.628951991677347183e+09 -1.468169539397403689e+00 1.468169539771929433e+00
5.638553467392921448e+09 -1.464618607901387870e+00 1.464618608282179046e+00
5.648178984806671143e+09 -1.460960423412954512e+00 1.460960423791119123e+00
5.657829223117295265e+09 -1.457217899051398202e+00 1.457217899429274155e+00
5.667504716966418266e+09 -1.453414183884178312e+00 1.453414184256242248e+00
5.677205853716774940e+09 -1.449572391190969478e+00 1.449572391553325623e+00
5.686932872343660355e+09 -1.445715335394910372e+00 1.445715335748464447e+00
5.696685863942632675e+09 -1.441865283489526028e+00 1.441865283825486843e+00
5.706464773820179939e+09 -1.438043726040101333e+00 1.438043726355181517e+00
5.716269405099010468e+09 -1.434271172180379139e+00 1.434271172477842304e+00
5.726099423737294197e+09 -1.430566971920999908e+00 1.430566972195890241e+00
5.735954364829449654e+09 -1.426949168544102031e+00 1.426949168797583933e+00
5.745833640031279564e+09 -1.423434382627393191e+00 1.423434382857903246e+00
5.755736545929451942e+09 -1.420037728579088165e+00 1.420037728783833053e+00
5.765662273159168243e+09 -1.416772763620163911e+00 1.416772763802969903e+00
5.775609916064217567e+09 -1.413651468255073818e+00 1.413651468415903389e+00
5.785578482689180374e+09 -1.410684256591358210e+00 1.410684256730089237e+00
5.795566904897669792e+09 -1.407880014010266079e+00 1.407880014127510071e+00
5.805574048420086861e+09 -1.405246159157280017e+00 1.405246159256041905e+00
5.815598383387917519e+09 -1.402836202542665056e+00 1.402836202613753080e+00
5.825638552189349174e+09 -1.400623861763889311e+00 1.400623861821400418e+00
5.835693273972495079e+09 -1.398596629806050595e+00 1.398596629851299955e+00
5.845761239905311584e+09 -1.396756811998603798e+00 1.396756812035144346e+00
5.855841120460260391e+09 -1.395105817278734284e+00 1.395105817310124952e+00
5.865931572001502037e+09 -1.393644272730233835e+00 1.393644272758744362e+00
5.876031242689507484e+09 -1.392372131146663916e+00 1.392372131172566085e+00
5.886138777748360634e+09 -1.391288768016199384e+00 1.391288768044668167e+00
5.896252824167235374e+09 -1.390393064978295623e+00 1.390393065010813167e+00
5.906372034928050995e+09 -1.389683477494226826e+00 1.389683477534968015e+00
5.916495072866261482e+09 -1.389158085288153988e+00 1.389158085333110915e+00
5.926620614279448509e+09 -1.388814624872186654e+00 1.388814624933214725e+00
5.936747352399233818e+09 -1.388650504525970053e+00 1.388650504600694946e+00
5.946874000835255623e+09 -1.388662802703506394e+00 1.388662802786574613e+00
5.956999297087815285e+09 -1.388848251765969266e+00 1.388848251866736438e+00
5.967122006207449913e+09 -1.389203209598699695e+00 1.389203209714243936e+00
5.977240924657222748e+09 -1.389723621988870450e+00 1.389723622124443336e+00
5.987354884407715797e+09 -1.390404979392488194e+00 1.390404979544682673e+00
5.997462757268365860e+09 -1.391242271460530588e+00 1.391242271630257044e+00
6.007563459431926727e+09 -1.392229943068615805e+00 1.392229943253964430e+00
6.017655956183155060e+09 -1.393361855309806163e+00 1.393361855508063796e+00
6.027739266701595306e+09 -1.394631254495238837e+00 1.394631254713679214e+00
6.037812468869572639e+09 -1.396030752003958098e+00 1.396030752237217065e+00
6.047874703983813286e+09 -1.397552316944763673e+00 1.397552317188249571e+00
6.057925181261312485e+09 -1.399187283266342119e+00 1.399187283521599490e+00
6.067963182028238297e+09 -1.400926372078562965e+00 1.400926372344506676e+00
6.077988063484182358e+09 -1.402759729283922896e+00 1.402759729558862078e+00
6.087999261942102432e+09 -1.404676978120492636e+00 1.404676978396579790e+00
6.097996295457871437e+09 -1.406667285352174668e+00 1.406667285632018594e+00
6.107978765779238701e+09 -1.408719439626646031e+00 1.408719439906636062e+00
6.117946359562494278e+09 -1.410821939874133513e+00 1.410821940158151877e+00
6.127898848825934410e+09 -1.412963091441263419e+00 1.412963091721900488e+00
6.137836090628850937e+09 -1.415131107420489753e+00 1.415131107695654755e+00
6.147758025985292435e+09 -1.417314212618628666e+00 1.417314212883862723e+00
6.157664678040501595e+09 -1.419500747482125957e+00 1.419500747743149160e+00
6.167556149553999901e+09 -1.421679269694573922e+00 1.421679269945719692e+00
6.177432619747710228e+09 -1.423838651037019121e+00 1.423838651277917089e+00
6.187294340589046478e+09 -1.425968167624808602e+00 1.425968167853225443e+00
6.197141632586526871e+09 -1.428057581867964609e+00 1.428057582084213406e+00
6.206974880182065010e+09 -1.430097214717906517e+00 1.430097214920192483e+00
6.216794526825643539e+09 -1.432078007341227366e+00 1.432078007531604635e+00
6.226601069819282532e+09 -1.433991571483816063e+00 1.433991571660153452e+00
6.236395055014440536e+09 -1.435830228267067188e+00 1.435830228429613831e+00
6.246177071443227768e+09 -1.437587035444152006e+00 1.437587035594864560e+00
6.255947745958375931e+09 -1.439255803359236197e+00 1.439255803496298780e+00
6.265707737949676514e+09 -1.440831100197021986e+00 1.440831100326090741e+00
6.275457734197334290e+09 -1.442308247269288302e+00 1.442308247388130349e+00
6.285198443913836479e+09 -1.443683305243864679e+00 1.443683305352730040e+00
6.294930594017253876e+09 -1.444953052466778853e+00 1.444953052569727170e+00
6.304654924670299530e+09 -1.446114956478601554e+00 1.446114956569825249e+00
6.314372185110119820e+09 -1.447167139980974238e+00 1.447167140068988944e+00
6.324083129785560608e+09 -1.448108342614483179e+00 1.448108342699596873e+00
6.333788514810037613e+09 -1.448937879715917809e+00 1.448937879799194750e+00
6.343489094730722427e+09 -1.449655599373160131e+00 1.449655599456896260e+00
6.353185619607307434e+09 -1.450261838974341577e+00 1.450261839059309166e+00
6.362878832387590408e+09 -1.450757382293382136e+00 1.450757382382398708e+00
6.372569466560779572e+09 -1.451143418251005013e+00 1.451143418343841196e+00
6.382258244065750122e+09 -1.451421502029067279e+00 1.451421502122947071e+00
6.391945873426489830e+09 -1.451593519463215243e+00 1.451593519565240076e+00
6.401633048085394859e+09 -1.451661655142034268e+00 1.451661655245765292e+00
6.411320444902222633e+09 -1.451628364645073832e+00 1.451628364760701340e+00
6.421008722786867142e+09 -1.451496351183531486e+00 1.451496351305963328e+00
6.430698521433464050e+09 -1.451268546604589149e+00 1.451268546734816534e+00
6.440390460125564575e+09 -1.450948096698390977e+00 1.450948096840603663e+00
6.450085136584280014e+09 -1.450538350445984337e+00 1.450538350597364579e+00
6.459783125834016800e+09 -1.450042852834153573e+00 1.450042852994688714e+00
6.469484979065365791e+09 -1.449465340593739215e+00 1.449465340761962873e+00
6.479191222478808403e+09 -1.448809740209720420e+00 1.448809740390759160e+00
6.488902356098171234e+09 -1.448080167506692106e+00 1.448080167691383480e+00
6.498618852548489571e+09 -1.447280927857358179e+00 1.447280928048843007e+00
6.508341155798894882e+09 -1.446416516322935220e+00 1.446416516519773543e+00
6.518069679875817299e+09 -1.445491616897400133e+00 1.445491617105613358e+00
6.527804807558773041e+09 -1.444511099999327364e+00 1.444511100210817522e+00
6.537546889074287415e+09 -1.443480017644811486e+00 1.443480017859192222e+00
6.547296240809326172e+09 -1.442403595652177239e+00 1.442403595867904231e+00
6.557053144068601608e+09 -1.441287222408147217e+00 1.441287222626879805e+00
6.566817843902957916e+09 -1.440136433928892012e+00 1.440136434150400380e+00
6.576590548037973404e+09 -1.438956894996914704e+00 1.438956895217353038e+00
6.586371425932485580e+09 -1.437754376398562517e+00 1.437754376618041174e+00
6.596160607996855736e+09 -1.436534728376673176e+00 1.436534728594184740e+00
6.605958184998632431e+09 -1.435303850670689663e+00 1.435303850885832455e+00
6.615764207681797028e+09 -1.434067659465905864e+00 1.434067659678512685e+00
6.625578686621597290e+09 -1.432832051935926554e+00 1.432832052140049051e+00
6.635401592333309174e+09 -1.431602868921769467e+00 1.431602869121900268e+00
6.645232855648327827e+09 -1.430385856574174941e+00 1.430385856771576814e+00
6.655072368365699768e+09 -1.429186627637661688e+00 1.429186627826845468e+00
6.664919984181304932e+09 -1.428010623229862386e+00 1.428010623415618019e+00
6.674775519891693115e+09 -1.426863075891682486e+00 1.426863076065729263e+00
6.684638756863232613e+09 -1.425748974592997431e+00 1.425748974761221088e+00
6.694509442752841949e+09 -1.424673032415646468e+00 1.424673032580656029e+00
6.704387293460478783e+09 -1.423639657516809542e+00 1.423639657676643022e+00
6.714271995290296555e+09 -1.422652927790996502e+00 1.422652927939439094e+00
6.724163207292906761e+09 -1.421716569704276623e+00 1.421716569849124090e+00
6.734060563759706497e+09 -1.420833941449455740e+00 1.420833941585412319e+00
6.743963676836444855e+09 -1.420008020681267746e+00 1.420008020814362171e+00
6.753872139224491119e+09 -1.419241396699963076e+00 1.419241396825123624e+00
6.763785526936187744e+09 -1.418536267087254776e+00 1.418536267214497215e+00
6.773703402073053360e+09 -1.417894438546402736e+00 1.417894438671506219e+00
6.783625315596013069e+09 -1.417317331606413600e+00 1.417317331728334073e+00
6.793550810059636116e+09 -1.416805988898852009e+00 1.416805989015231138e+00
6.803479422285328865e+09 -1.416361086439534178e+00 1.416361086558542981e+00
6.813410685950991631e+09 -1.415982947608339870e+00 1.415982947731043051e+00
6.823344134078962326e+09 -1.415671559124585643e+00 1.415671559244669364e+00
6.833279301406759262e+09 -1.415426588684137066e+00 1.415426588806005359e+00
6.843215726629901886e+09 -1.415247403665461201e+00 1.415247403789416714e+00
6.853152954508693695e+09 -1.415133090458922327e+00 1.415133090588867715e+00
6.863090537834738731e+09 -1.415082474006990942e+00 1.415082474140735069e+00
6.873028039255563736e+09 -1.415094137161205579e+00 1.415094137297913335e+00
6.882965032958759308e+09 -1.415166439533404930e+00 1.415166439672596477e+00
6.892901106218809128e+09 -1.415297535606154122e+00 1.415297535752024327e+00
6.902835860811865807e+09 -1.415485391890784372e+00 1.415485392042662882e+00
6.912768914304473877e+09 -1.415727803027686083e+00 1.415727803183997269e+00
6.922699901223464966e+09 -1.416022406745174100e+00 1.416022406907762488e+00
6.932628474114122391e+09 -1.416366697737204250e+00 1.416366697900079519e+00
6.942554304493781090e+09 -1.416758040432054111e+00 1.416758040598712354e+00
6.952477083707668304e+09 -1.417193680835141301e+00 1.417193681012159701e+00
6.962396523692791939e+09 -1.417670757556673156e+00 1.417670757733378251e+00
6.972312357654456139e+09 -1.418186312174993358e+00 1.418186312353308276e+00
6.982224340659651756e+09 -1.418737299165456767e+00 1.418737299350565362e+00
6.992132250149479866e+09 -1.419320595590755962e+00 1.419320595776292437e+00
7.002035886371822357e+09 -1.419933010702265630e+00 1.419933010895148895e+00
7.011935072734684944e+09 -1.420571295721431149e+00 1.420571295915326715e+00
7.021829656078795433e+09 -1.421232153898635886e+00 1.421232154092656685e+00
7.031719506867964745e+09 -1.421912251040296615e+00 1.421912251234326519e+00
7.041604519294481277e+09 -1.422608226608953919e+00 1.422608226801847620e+00
7.051484611296646118e+09 -1.423316705454711339e+00 1.423316705645851776e+00
7.061359724485236168e+09 -1.424034310242455525e+00 1.424034310436935513e+00
7.071229823976059914e+09 -1.424757674552774356e+00 1.424757674740116276e+00
7.081094898125365257e+09 -1.425483456620407763e+00 1.425483456806137195e+00
7.090954958166480064e+09 -1.426208353657109962e+00 1.426208353839828691e+00
7.100810037746114731e+09 -1.426929116562431599e+00 1.426929116743052894e+00
7.110660192359829903e+09 -1.427642564987533280e+00 1.427642565165420541e+00
7.120505498687666893e+09 -1.428345602463933384e+00 1.428345602638950496e+00
7.130346053831753731e+09 -1.429035231488197555e+00 1.429035231660804151e+00
7.140181974459131241e+09 -1.429708568327614282e+00 1.429708568495170029e+00
7.150013395854422569e+09 -1.430362857309228408e+00 1.430362857474029026e+00
7.159840470888253212e+09 -1.430995484415662045e+00 1.430995484575829257e+00
7.169663368908131599e+09 -1.431603989985542169e+00 1.431603990140470684e+00
7.179482274560153961e+09 -1.432186080291317998e+00 1.432186080441954834e+00
7.189297386550460815e+09 -1.432739637859425930e+00 1.432739638007988647e+00
7.199108916355937004e+09 -1.433262730414657238e+00 1.433262730563428677e+00
7.208917086894995689e+09 -1.433753618227562532e+00 1.433753618373526662e+00
7.218722131168475151e+09 -1.434210759931715318e+00 1.434210760071407798e+00
7.228524290881858826e+09 -1.434632816627145591e+00 1.434632816765815333e+00
7.238323815059734344e+09 -1.435018654311797981e+00 1.435018654451385878e+00
7.248120958662489891e+09 -1.435367344691488523e+00 1.435367344829417302e+00
7.257915981215695381e+09 -1.435678164320149275e+00 1.435678164456982264e+00
7.267709145461440086e+09 -1.435950592247033253e+00 1.435950592385014213e+00
7.277500716040501595e+09 -1.436184306195680493e+00 1.436184306333118776e+00
7.287290958212873459e+09 -1.436379177454937484e+00 1.436379177594191425e+00
7.297080136623908997e+09 -1.436535264570684145e+00 1.436535264711024329e+00
7.306868514121438980e+09 -1.436652806064091736e+00 1.436652806202970201e+00
7.316656350628958702e+09 -1.436732212249975937e+00 1.436732212394113972e+00
7.326443902078741074e+09 -1.436774056387193577e+00 1.436774056529977583e+00
7.336231419406972885e+09 -1.436779065311413195e+00 1.436779065456761817e+00
7.346019147613360405e+09 -1.436748109679702123e+00 1.436748109824257602e+00
7.355807324885423660e+09 -1.436682194004109014e+00 1.436682194154265790e+00
7.365596181787679672e+09 -1.436582446646325950e+00 1.436582446798186474e+00
7.375385940515114784e+09 -1.436450109750554427e+00 1.436450109908383954e+00
7.385176814209335327e+09 -1.436286529441320736e+00 1.436286529597564199e+00
7.394969006335690498e+09 -1.436093146151536937e+00 1.436093146309001423e+00
7.404762710119416237e+09 -1.435871485290233007e+00 1.435871485450374241e+00
7.414558108038204193e+09 -1.435623148232923363e+00 1.435623148399978177e+00
7.424355371368997574e+09 -1.435349803671416291e+00 1.435349803837633997e+00
7.434154659786220551e+09 -1.435053179332598017e+00 1.435053179502700171e+00
7.443956121009589195e+09 -1.434735054076455851e+00 1.434735054246161212e+00
7.453759890499127388e+09 -1.434397250292696047e+00 1.434397250466387996e+00
7.463566091195770264e+09 -1.434041626655596868e+00 1.434041626826285887e+00
7.473374833305660248e+09 -1.433670071121471601e+00 1.433670071295022774e+00
7.483186214127913475e+09 -1.433284494107496920e+00 1.433284494278642462e+00
7.493000317923958778e+09 -1.432886821919897136e+00 1.432886822092451773e+00
7.502817215829188347e+09 -1.432478990212419312e+00 1.432478990385395834e+00
7.512636965806224823e+09 -1.432062937572217587e+00 1.432062937741422237e+00
7.522459612640327454e+09 -1.431640599098598754e+00 1.431640599270639358e+00
7.532285187977753639e+09 -1.431213899989600247e+00 1.431213900160787533e+00
7.542113710407357216e+09 -1.430784749086097651e+00 1.430784749256283073e+00
7.551945185586786270e+09 -1.430355032351686928e+00 1.430355032520870706e+00
7.561779606413838387e+09 -1.429926606322598825e+00 1.429926606487910812e+00
7.571616953243999481e+09 -1.429501291470729685e+00 1.429501291637304439e+00
7.581457194155118942e+09 -1.429080865540816703e+00 1.429080865704198233e+00
7.591300285258948326e+09 -1.428667056931159918e+00 1.428667057092297688e+00
7.601146171060719490e+09 -1.428261538021728505e+00 1.428261538181812451e+00
7.610994784865820885e+09 -1.427865918669352752e+00 1.427865918827725178e+00
7.620846049233389854e+09 -1.427481739782440862e+00 1.427481739937322525e+00
7.630699876475296021e+09 -1.427110467156193385e+00 1.427110467311163644e+00
7.640556169199460983e+09 -1.426753485520364961e+00 1.426753485671390598e+00
7.650414820894766808e+09 -1.426412092965573253e+00 1.426412093115722257e+00
7.660275716555326462e+09 -1.426087495757413004e+00 1.426087495910275393e+00
7.670138733340804100e+09 -1.425780803623850401e+00 1.425780803770493099e+00
7.680003741268866539e+09 -1.425493025563699945e+00 1.425493025707253558e+00
7.689870603935997009e+09 -1.425225066263385854e+00 1.425225066408129848e+00
7.699739179262131691e+09 -1.424977723108816319e+00 1.424977723254331918e+00
7.709609320254019737e+09 -1.424751683905987720e+00 1.424751684049771150e+00
7.719480875782564163e+09 -1.424547525254585389e+00 1.424547525396276271e+00
7.729353691368845940e+09 -1.424365711649622668e+00 1.424365711797465295e+00
7.739227609973615646e+09 -1.424206595318570745e+00 1.424206595465317582e+00
7.749102472784868240e+09 -1.424070416707413189e+00 1.424070416854264609e+00
7.758978119998497009e+09 -1.423957305719228739e+00 1.423957305865756640e+00
7.768854391586956024e+09 -1.423867283582809673e+00 1.423867283726084176e+00
7.778731128051241875e+09 -1.423800265340065208e+00 1.423800265487511263e+00
7.788608171152026176e+09 -1.423756062927457711e+00 1.423756063075436007e+00
7.798485364615373611e+09 -1.423734388790421690e+00 1.423734388941948259e+00
7.808362554809992790e+09 -1.423734859960518628e+00 1.423734860108521794e+00
7.818239591392433167e+09 -1.423757002533335925e+00 1.423757002682394468e+00
7.828116327917758942e+09 -1.423800256534830000e+00 1.423800256688234844e+00
7.837992622413276672e+09 -1.423863981056275652e+00 1.423863981210974572e+00
7.847868337913719177e+09 -1.423947459587337150e+00 1.423947459743097887e+00
7.857743342956239700e+09 -1.424049905582904563e+00 1.424049905741631816e+00
7.867617512034645081e+09 -1.424170468093311381e+00 1.424170468252852428e+00
7.877490726011934280e+09 -1.424308237492970086e+00 1.424308237656602083e+00
7.887362872491459846e+09 -1.424462251200032892e+00 1.424462251361953369e+00
7.897233846146234512e+09 -1.424631499405842883e+00 1.424631499568217219e+00
7.907103549007214546e+09 -1.424814930749456643e+00 1.424814930913046895e+00
7.916971890711154938e+09 -1.425011457877687571e+00 1.425011458043156098e+00
7.926838788708412170e+09 -1.425219962979578536e+00 1.425219963144275015e+00
7.936704168432094574e+09 -1.425439303123790191e+00 1.425439303288340565e+00
7.946567963429185867e+09 -1.425668315542324427e+00 1.425668315708813028e+00
7.956430115455102921e+09 -1.425905822725719307e+00 1.425905822891730734e+00
7.966290574532207489e+09 -1.426150637448762470e+00 1.426150637616109496e+00
7.976149298973994255e+09 -1.426401567605709797e+00 1.426401567772305423e+00
7.986006255375655174e+09 -1.426657420946470411e+00 1.426657421111354518e+00
7.995861418572120667e+09 -1.426917009695755967e+00 1.426917009861839114e+00
8.005714771564908981e+09 -1.427179155018004186e+00 1.427179155186269588e+00
8.015566305418537140e+09 -1.427442691398760788e+00 1.427442691558093335e+00
8.025416019127300262e+09 -1.427706470887609047e+00 1.427706471051003678e+00
8.035263919454219818e+09 -1.427969367235078391e+00 1.427969367394995137e+00
8.045110020742254257e+09 -1.428230279889030507e+00 1.428230280048905732e+00
8.054954344699277878e+09 -1.428488137919363243e+00 1.428488138077412151e+00
8.064796920157851219e+09 -1.428741903751646003e+00 1.428741903903903099e+00
8.074637782810762405e+09 -1.428990576787175337e+00 1.428990576942896995e+00
8.084476974923745155e+09 -1.429233196893343161e+00 1.429233197047249160e+00
8.094314545026216507e+09 -1.429468847690802846e+00 1.429468847847463753e+00
8.104150547581929207e+09 -1.429696659678734383e+00 1.429696659831847017e+00
8.113985042640306473e+09 -1.429915813166277916e+00 1.429915813320955964e+00
8.123818095470852852e+09 -1.430125540950315521e+00 1.430125541105056186e+00
8.133649776181474686e+09 -1.430325130814396939e+00 1.430325130962239566e+00
8.143480159322896004e+09 -1.430513927710876709e+00 1.430513927859752510e+00
8.153309323481204987e+09 -1.430691335705359446e+00 1.430691335855967639e+00
8.163137350860085487e+09 -1.430856819627683851e+00 1.430856819774355193e+00
8.172964326854855537e+09 -1.431009906407638477e+00 1.431009906555595901e+00
8.182790339620700836e+09 -1.431150186112527090e+00 1.431150186256759049e+00
8.192615479636891365e+09 -1.431277312627478482e+00 1.431277312773828969e+00
8.202439839269448280e+09 -1.431391004045535320e+00 1.431391004193096173e+00
8.212263512334196091e+09 -1.431491042694439830e+00 1.431491042842501615e+00
8.222086593662476540e+09 -1.431577274847116721e+00 1.431577274995663895e+00
8.231909178671654701e+09 -1.431649610094580360e+00 1.431649610246044313e+00
8.241731362942431450e+09 -1.431708020421309957e+00 1.431708020571297091e+00
8.251553241804905891e+09 -1.431752538941756026e+00 1.431752539091905030e+00
8.261374909935387611e+09 -1.431783258372376189e+00 1.431783258523787516e+00
8.271196460965557098e+09 -1.431800329227767676e+00 1.431800329378021042e+00
8.281017987105710030e+09 -1.431803957739978816e+00 1.431803957890983581e+00
8.290839578783543587e+09 -1.431794403575693098e+00 1.431794403725591636e+00
8.300661324299584389e+09 -1.431771977344715951e+00 1.431771977499581849e+00
8.310483309500950813e+09 -1.431737037899849074e+00 1.431737038052502742e+00
8.320305617473735809e+09 -1.431689989503573734e+00 1.431689989660652085e+00
8.330128328255578041e+09 -1.431631278857280920e+00 1.431631279014646152e+00
8.339951518568401337e+09 -1.431561392041202252e+00 1.431561392192692184e+00
8.349775261572205544e+09 -1.431480851343300609e+00 1.431480851499836282e+00
8.359599626640541077e+09 -1.431390212054035826e+00 1.431390212210759350e+00
8.369424679157222748e+09 -1.431290059220288624e+00 1.431290059378567125e+00
8.379250480334822655e+09 -1.431181004403680790e+00 1.431181004563639281e+00
8.389077087054975510e+09 -1.431063682398710180e+00 1.431063682559002626e+00
8.398904551730072021e+09 -1.430938748019900064e+00 1.430938748183541165e+00
8.408732922186491013e+09 -1.430806872897903759e+00 1.430806873057570039e+00
8.418562241568658829e+09 -1.430668742331314025e+00 1.430668742488141909e+00
8.428392548263942719e+09 -1.430525052200529279e+00 1.430525052361280913e+00
8.438223875847980499e+09 -1.430376505939139342e+00 1.430376506101999068e+00
8.448056253049692154e+09 -1.430223811591773364e+00 1.430223811750437779e+00
8.457889703735696793e+09 -1.430067678933708120e+00 1.430067679091997057e+00
8.467724246913805008e+09 -1.429908816686360273e+00 1.429908816842937691e+00
8.477559896754634857e+09 -1.429747929830187836e+00 1.429747929986709076e+00
8.487396662631241798e+09 -1.429585716976676801e+00 1.429585717135174461e+00
8.497234549176094055e+09 -1.429422867842146783e+00 1.429422867999871949e+00
8.507073556354599953e+09 -1.429260060829212753e+00 1.429260060986624836e+00
8.516913679555013657e+09 -1.429097960672541134e+00 1.429097960827386382e+00
8.526754909693799019e+09 -1.428937216197892157e+00 1.428937216352382356e+00
8.536597233336099625e+09 -1.428778458175095967e+00 1.428778458326956491e+00
8.546440632830525398e+09 -1.428622297254788842e+00 1.428622297404708252e+00
8.556285086457809448e+09 -1.428469322009922271e+00 1.428469322159966914e+00
8.566130568592594147e+09 -1.428320097077581785e+00 1.428320097226705832e+00
8.575977049877426147e+09 -1.428175161436270324e+00 1.428175161584207098e+00
8.585824497408602715e+09 -1.428035026744632674e+00 1.428035026891834480e+00
8.595672874932865143e+09 -1.427900175832085727e+00 1.427900175978610964e+00
8.605522143054283142e+09 -1.427771061280762366e+00 1.427771061427488331e+00
8.615372259450222015e+09 -1.427648104174792820e+00 1.427648104320537792e+00
8.625223179095836639e+09 -1.427531692925521067e+00 1.427531693070112961e+00
8.635074854495719910e+09 -1.427422182290442043e+00 1.427422182440851950e+00
8.644927235922302246e+09 -1.427319892489377295e+00 1.427319892636228493e+00
8.654780271659215927e+09 -1.427225108486644745e+00 1.427225108634998962e+00
8.664633908249303818e+09 -1.427138079428354800e+00 1.427138079574016505e+00
8.674488090745714188e+09 -1.427059018207449403e+00 1.427059018353173725e+00
8.684342762965074539e+09 -1.426988101227824046e+00 1.426988101377388629e+00
8.694197867741693497e+09 -1.426925468300210387e+00 1.426925468449848022e+00
8.704053347181524277e+09 -1.426871222689857666e+00 1.426871222841425979e+00
8.713909142914909363e+09 -1.426825431343098805e+00 1.426825431493615737e+00
8.723765196346832275e+09 -1.426788125252353767e+00 1.426788125402523644e+00
8.733621448903585434e+09 -1.426759300003590303e+00 1.426759300152528942e+00
8.743477842274854660e+09 -1.426738916437590099e+00 1.426738916589012307e+00
8.753334318650197983e+09 -1.426726901482339827e+00 1.426726901631903299e+00
8.763190820948707581e+09 -1.426723149105464161e+00 1.426723149258034340e+00
8.773047293041255951e+09 -1.426727521414788091e+00 1.426727521567637380e+00
8.782903679964126587e+09 -1.426739849862731058e+00 1.426739850012201716e+00
8.792759928123296738e+09 -1.426759936581123434e+00 1.426759936732566514e+00
8.802615985489042282e+09 -1.426787555780499206e+00 1.426787555932333751e+00
8.812471801779348373e+09 -1.426822455315522431e+00 1.426822455470370121e+00
8.822327328632463455e+09 -1.426864358247518227e+00 1.426864358403803434e+00
8.832182519767461777e+09 -1.426912964533153749e+00 1.426912964687017782e+00
8.842037331132555008e+09 -1.426967952761832858e+00 1.426967952914068860e+00
8.851891721040969849e+09 -1.427028981919119310e+00 1.427028982077387154e+00
8.861745650294046402e+09 -1.427095693232983908e+00 1.427095693386357445e+00
8.871599082291090012e+09 -1.427167711994543842e+00 1.427167712145444245e+00
8.881451983126226425e+09 -1.427244649447103830e+00 1.427244649601098425e+00
8.891304321672101974e+09 -1.427326104660273209e+00 1.427326104814805152e+00
8.901156069650278091e+09 -1.427411666399983847e+00 1.427411666554098568e+00
8.911007201688526154e+09 -1.427500915010820659e+00 1.427500915163870676e+00
8.920857695365205765e+09 -1.427593424255575449e+00 1.427593424407999301e+00
8.930707531240621567e+09 -1.427688763179682185e+00 1.427688763332586319e+00
8.940556692875936508e+09 -1.427786497894595552e+00 1.427786498048543296e+00
8.950405166839622498e+09 -1.427886193367035261e+00 1.427886193520982783e+00
8.960252942701929092e+09 -1.427987415139730487e+00 1.427987415292989226e+00
8.970100013017475128e+09 -1.428089731048104660e+00 1.428089731196510836e+00
8.979946373296495438e+09 -1.428192712841327427e+00 1.428192712992895741e+00
8.989792021965196609e+09 -1.428295937799808790e+00 1.428295937951084893e+00
8.999636960315296173e+09 -1.428398990267932378e+00 1.428398990416933412e+00
9.009481192443569183e+09 -1.428501463123737825e+00 1.428501463269284733e+00
9.019324725181501389e+09 -1.428602959213018053e+00 1.428602959363292291e+00
9.029167568015964508e+09 -1.428703092699823873e+00 1.428703092846591804e+00
9.039009733000696182e+09 -1.428801490361432558e+00 1.428801490506969030e+00
9.048851234659919739e+09 -1.428897792787900967e+00 1.428897792931887789e+00
9.058692089883899689e+09 -1.428991655551104856e+00 1.428991655698144125e+00
9.068532317817518234e+09 -1.429082750262603563e+00 1.429082750406015068e+00
9.078371939742019653e+09 -1.429170765549711231e+00 1.429170765696145207e+00
9.088210978950860977e+09 -1.429255407980186909e+00 1.429255408125994498e+00
9.098049460619750977e+09 -1.429336402898967018e+00 1.429336403041518766e+00
9.107887411671987534e+09 -1.429413495136334644e+00 1.429413495282935598e+00
9.117724860639455795e+09 -1.429486449694300276e+00 1.429486449841151696e+00
9.127561837519895554e+09 -1.429555052275588434e+00 1.429555052422919692e+00
9.137398373631015778e+09 -1.429619109787264364e+00 1.429619109932592114e+00
9.147234501462198257e+09 -1.429678450698033343e+00 1.429678450844926507e+00
9.157070254524513245e+09 -1.429732925325398529e+00 1.429732925471686400e+00
9.166905667199186325e+09 -1.429782406056564925e+00 1.429782406203604195e+00
9.176740774586004257e+09 -1.429826787393281506e+00 1.429826787539485888e+00
9.186575612351310730e+09 -1.429865986008673984e+00 1.429865986158551650e+00
9.196410216576963425e+09 -1.429899940647072709e+00 1.429899940794623348e+00
9.206244623610467911e+09 -1.429928611930617821e+00 1.429928612075131555e+00
9.216078869917007446e+09 -1.429951982107404040e+00 1.429951982253159004e+00
9.225912991933832169e+09 -1.429970054721950046e+00 1.429970054870011831e+00
9.235747025927862167e+09 -1.429982854144845827e+00 1.429982854293241790e+00
9.245581007856628418e+09 -1.429990425077989569e+00 1.429990425227804618e+00
9.255414973233232498e+09 -1.429992831984356672e+00 1.429992832134375114e+00
9.265248956995855331e+09 -1.429990158411730050e+00 1.429990158560835445e+00
9.275082993382259369e+09 -1.429982506264463549e+00 1.429982506414195109e+00
9.284917115809495926e+09 -1.429969995046215470e+00 1.429969995192732934e+00
9.294751356759344101e+09 -1.429952760994843475e+00 1.429952761145049989e+00
9.304585747669887543e+09 -1.429930956216788562e+00 1.429930956367062800e+00
9.314420318833469391e+09 -1.429904747713381052e+00 1.429904747862789094e+00
9.324255099300945282e+09 -1.429874316469031958e+00 1.429874316616045027e+00
9.334090116793113708e+09 -1.429839856381790231e+00 1.429839856532774123e+00
9.343925397619009018e+09 -1.429801573280572002e+00 1.429801573430890427e+00
9.353760966601331711e+09 -1.429759683838133233e+00 1.429759683987032570e+00
9.363596847009237289e+09 -1.429714414503111986e+00 1.429714414654493559e+00
9.373433060498424530e+09 -1.429666000439154150e+00 1.429666000586527153e+00
9.383269627058618546e+09 -1.429614684397429114e+00 1.429614684549372905e+00
9.393106564968597412e+09 -1.429560715665043835e+00 1.429560715812959515e+00
9.402943890758539200e+09 -1.429504348929089952e+00 1.429504349076123892e+00
9.412781619179693222e+09 -1.429445843238723812e+00 1.429445843388204906e+00
9.422619763181619644e+09 -1.429385460895442383e+00 1.429385461042878225e+00
9.432458333896276474e+09 -1.429323466424812450e+00 1.429323466573161339e+00
9.442297340629564285e+09 -1.429260125515778856e+00 1.429260125661169223e+00
9.452136790859628677e+09 -1.429195703999316169e+00 1.429195704149339941e+00
9.461976690242174149e+09 -1.429130466873540728e+00 1.429130467019353645e+00
9.471817042622148514e+09 -1.429064677315526888e+00 1.429064677461543420e+00
9.481657850052362442e+09 -1.428998595726085119e+00 1.428998595869724664e+00
9.491499112817773819e+09 -1.428932478867197320e+00 1.428932479013338863e+00
9.501340829466398239e+09 -1.428866578937095566e+00 1.428866579080732668e+00
9.511182996845682144e+09 -1.428801142741922270e+00 1.428801142886265030e+00
9.521025610144567490e+09 -1.428736410905495413e+00 1.428736411049758681e+00
9.530868662940917969e+09 -1.428672617075528173e+00 1.428672617220584584e+00
9.540712147253948212e+09 -1.428609987215021970e+00 1.428609987358387956e+00
9.550556053601387024e+09 -1.428548738908775650e+00 1.428548739053787653e+00
9.560400371061267853e+09 -1.428489080716857540e+00 1.428489080864376648e+00
9.570245087337936401e+09 -1.428431211563309322e+00 1.428431211707739568e+00
9.580090188831695557e+09 -1.428375320204587018e+00 1.428375320347263999e+00
9.589935660712285995e+09 -1.428321584696652602e+00 1.428321584841802938e+00
9.599781486995618820e+09 -1.428270171939840072e+00 1.428270172083418554e+00
9.609627650623289108e+09 -1.428221237263054499e+00 1.428221237404447841e+00
9.619474133544857025e+09 -1.428174924042367122e+00 1.428174924185252825e+00
9.629320916802284241e+09 -1.428131363406969001e+00 1.428131363548769572e+00
9.639167980616388321e+09 -1.428090673937193023e+00 1.428090674080788380e+00
9.649015304474767685e+09 -1.428052961475918980e+00 1.428052961621288475e+00
9.658862867221054077e+09 -1.428018318937245956e+00 1.428018319081050036e+00
9.668710647145036697e+09 -1.427986826183433866e+00 1.427986826325735148e+00
9.678558622073261261e+09 -1.427958549961287682e+00 1.427958550107095270e+00
9.688406769459857941e+09 -1.427933543900133051e+00 1.427933544042977010e+00
9.698255066477300644e+09 -1.427911848483222057e+00 1.427911848626274738e+00
9.708103490106533051e+09 -1.427893491182229191e+00 1.427893491325699316e+00
9.717952017226369858e+09 -1.427878486544879033e+00 1.427878486690478121e+00
9.727800624701765060e+09 -1.427866836372490233e+00 1.427866836517692750e+00
9.737649289470582962e+09 -1.427858529930713383e+00 1.427858530074496812e+00
9.747497988628612518e+09 -1.427853544201890479e+00 1.427853544347090331e+00
9.757346699512605667e+09 -1.427851844187123964e+00 1.427851844331731623e+00
9.767195399780864716e+09 -1.427853383241894480e+00 1.427853383387357900e+00
9.777044067491403580e+09 -1.427858103437768422e+00 1.427858103583972582e+00
9.786892681177042007e+09 -1.427865936000229485e+00 1.427865936147581838e+00
9.796741219917726517e+09 -1.427876801709367482e+00 1.427876801855550992e+00
9.806589663409227371e+09 -1.427890611413449085e+00 1.427890611560801215e+00
9.816437992028608322e+09 -1.427907266506989181e+00 1.427907266652963747e+00
9.826286186895853043e+09 -1.427926659469984871e+00 1.427926659612703597e+00
9.836134229931777954e+09 -1.427948674401013029e+00 1.427948674544128327e+00
9.845982103911861420e+09 -1.427973187616532469e+00 1.427973187760169571e+00
9.855829792516077042e+09 -1.428000068214662521e+00 1.428000068359259744e+00
9.865677280374399185e+09 -1.428029178697983070e+00 1.428029178844295810e+00
9.875524553108068466e+09 -1.428060375592599351e+00 1.428060375734316434e+00
9.885371597366405487e+09 -1.428093510059949223e+00 1.428093510201619232e+00
9.895218400859310150e+09 -1.428128428552184248e+00 1.428128428695925711e+00
9.905064952385253906e+09 -1.428164973447287656e+00 1.428164973589902242e+00
9.914911241854667664e+09 -1.428202983699996098e+00 1.428202983843215756e+00
9.924757260309089661e+09 -1.428242295469882128e+00 1.428242295613675772e+00
9.934602999935525894e+09 -1.428282742802515548e+00 1.428282742948104200e+00
9.944448454076671600e+09 -1.428324158233063468e+00 1.428324158377702435e+00
9.954293617236526489e+09 -1.428366373443302528e+00 1.428366373585687521e+00
9.964138485081693649e+09 -1.428409219887552650e+00 1.428409220028873161e+00
9.973983054438550949e+09 -1.428452529394713011e+00 1.428452529536429871e+00
9.983827323286020279e+09 -1.428496134805737894e+00 1.428496134947872198e+00
9.993671290744546890e+09 -1.428539870521491117e+00 1.428539870661517330e+00
1.000351495706081390e+10 -1.428583573112420346e+00 1.428583573252926842e+00
1.001335832358873558e+10 -1.428627081875845750e+00 1.428627082016101557e+00
1.002320139276676178e+10 -1.428670239362377803e+00 1.428670239501506734e+00
1.003304416809162903e+10 -1.428712891890879577e+00 1.428712892030853832e+00
1.004288665408859634e+10 -1.428754890069332095e+00 1.428754890211048956e+00
1.005272885627852440e+10 -1.428796089252691859e+00 1.428796089394492430e+00
1.006257078114180756e+10 -1.428836349994464738e+00 1.428836350139312428e+00
1.007241243607952309e+10 -1.428875538473902029e+00 1.428875538615723473e+00
1.008225382937161827e+10 -1.428913526898980768e+00 1.428913527040347908e+00
1.009209497013296318e+10 -1.428950193850431871e+00 1.428950193989519057e+00
1.010193586826665878e+10 -1.428985424657959635e+00 1.428985424800832238e+00
1.011177653441564751e+10 -1.429019111686835819e+00 1.429019111825714283e+00
1.012161697991201591e+10 -1.429051154622623665e+00 1.429051154766333820e+00
1.013145721672507477e+10 -1.429081460718278684e+00 1.429081460858503405e+00
1.014129725740745544e+10 -1.429109945019717998e+00 1.429109945163167250e+00
1.015113711504038429e+10 -1.429136530546262662e+00 1.429136530689560702e+00
1.016097680317768288e+10 -1.429161148440579510e+00 1.429161148582880791e+00
1.017081633578906441e+10 -1.429183738093777523e+00 1.429183738233287482e+00
1.018065572720275307e+10 -1.429204247234024505e+00 1.429204247371765435e+00
1.019049499204780769e+10 -1.429222631981103442e+00 1.429222632122841175e+00
1.020033414519634628e+10 -1.429238856872095509e+00 1.429238857013812369e+00
1.021017320170563698e+10 -1.429252894861082535e+00 1.429252895002621981e+00
1.022001217676068497e+10 -1.429264727265502355e+00 1.429264727405203272e+00
1.022985108561708069e+10 -1.429274343718081930e+00 1.429274343857445562e+00
1.023968994354467201e+10 -1.429281742059046234e+00 1.429281742199344007e+00
1.024952876577208900e+10 -1.429286928209910101e+00 1.429286928349258190e+00
1.025936756743224716e+10 -1.429289916025049623e+00 1.429289916164074192e+00
1.026920636350905609e+10 -1.429290727119722604e+00 1.429290727261355975e+00
1.027904516878575706e+10 -1.429289390645857027e+00 1.429289390786113056e+00
1.028888399779461479e+10 -1.429285943072066356e+00 1.429285943209045451e+00
1.029872286476828384e+10 -1.429280427946466592e+00 1.429280428085522470e+00
1.030856178359324646e+10 -1.429272895608567406e+00 1.429272895749491123e+00
1.031840076776513672e+10 -1.429263402903374836e+00 1.429263403043087965e+00
1.032823983034613609e+10 -1.429252012869885791e+00 1.429252013007501487e+00
1.033807898392470741e+10 -1.429238794409994906e+00 1.429238794546817459e+00
1.034791824057755661e+10 -1.429223821960467156e+00 1.429223822099209729e+00
1.035775761183415794e+10 -1.429207175122916285e+00 1.429207175261767437e+00
1.036759710864369583e+10 -1.429188938301381828e+00 1.429188938439425405e+00
1.037743674134454727e+10 -1.429169200330808742e+00 1.429169200470396861e+00
1.038727651963659859e+10 -1.429148054077040264e+00 1.429148054215955144e+00
1.039711645255606079e+10 -1.429125596052538416e+00 1.429125596190206515e+00
1.040695654845305634e+10 -1.429101926023443214e+00 1.429101926160526670e+00
1.041679681497214317e+10 -1.429077146575852497e+00 1.429077146713875202e+00
1.042663725903537560e+10 -1.429051362751893262e+00 1.429051362889433241e+00
1.043647788682836533e+10 -1.429024681605489011e+00 1.429024681739921698e+00
1.044631870378900528e+10 -1.428997211807617740e+00 1.428997211943428214e+00
1.045615971459908104e+10 -1.428969063246218862e+00 1.428969063381288152e+00
1.046600092317860413e+10 -1.428940346611423440e+00 1.428940346743769130e+00
1.047584233268286896e+10 -1.428911172997685330e+00 1.428911173130990919e+00
1.048568394550229073e+10 -1.428881653512418026e+00 1.428881653649918926e+00
1.049552576326500130e+10 -1.428851898881224658e+00 1.428851899014342619e+00
1.050536778684169006e+10 -1.428822019075978389e+00 1.428822019214335048e+00
1.051521001635350800e+10 -1.428792122941683562e+00 1.428792123076888743e+00
1.052505245118212891e+10 -1.428762317813375482e+00 1.428762317948606642e+00
1.053489508998233986e+10 -1.428732709200486894e+00 1.428732709331684614e+00
1.054473793069696426e+10 -1.428703400409587099e+00 1.428703400544207636e+00
1.055458097057415390e+10 -1.428674492242987704e+00 1.428674492378187555e+00
1.056442420618663597e+10 -1.428646082680615548e+00 1.428646082814943874e+00
1.057426763345324898e+10 -1.428618266562333705e+00 1.428618266698603367e+00
1.058411124766238022e+10 -1.428591135321977790e+00 1.428591135454323480e+00
1.059395504349716949e+10 -1.428564776709326134e+00 1.428564776841650952e+00
1.060379901506254578e+10 -1.428539274549057492e+00 1.428539274682832927e+00
1.061364315591403770e+10 -1.428514708477297779e+00 1.428514708611555717e+00
1.062348745908779716e+10 -1.428491153759833043e+00 1.428491153897417432e+00
1.063333191713237762e+10 -1.428468681056925149e+00 1.428468681192714751e+00
1.064317652214141655e+10 -1.428447356267396939e+00 1.428447356403551582e+00
1.065302126578776741e+10 -1.428427240340253812e+00 1.428427240481177751e+00
1.066286613935846329e+10 -1.428408389167117098e+00 1.428408389302050718e+00
1.067271113379054451e+10 -1.428390853408498362e+00 1.428390853546437578e+00
1.068255623970779610e+10 -1.428374678429746414e+00 1.428374678565998979e+00
1.069240144745788765e+10 -1.428359904188174934e+00 1.428359904326917729e+00
1.070224674715015984e+10 -1.428346565180882433e+00 1.428346565319531303e+00
1.071209212869360924e+10 -1.428334690392053519e+00 1.428334690528646478e+00
1.072193758183513451e+10 -1.428324303259636663e+00 1.428324303397304540e+00
1.073178309619786072e+10 -1.428315421680155461e+00 1.428315421816717112e+00
1.074162866131934929e+10 -1.428308058004378100e+00 1.428308058143548553e+00
1.075147426668971062e+10 -1.428302219075270996e+00 1.428302219214900637e+00
1.076131990178928375e+10 -1.428297906272643747e+00 1.428297906410290752e+00
1.077116555612587929e+10 -1.428295115579103047e+00 1.428295115717136188e+00
1.078101121927152634e+10 -1.428293837664580623e+00 1.428293837801935418e+00
1.079085688089843750e+10 -1.428294057982551601e+00 1.428294058122264731e+00
1.080070253081426239e+10 -1.428295756894887081e+00 1.428295757032262747e+00
1.081054815899632454e+10 -1.428298909792323990e+00 1.428298909928572558e+00
1.082039375562481689e+10 -1.428303487262771787e+00 1.428303487399104066e+00
1.083023931111503792e+10 -1.428309455231673963e+00 1.428309455364541458e+00
1.084008481614818954e+10 -1.428316775147302709e+00 1.428316775284678375e+00
1.084993026170107841e+10 -1.428325404183098390e+00 1.428325404315767599e+00
1.085977563907411766e+10 -1.428335295423414308e+00 1.428335295557909834e+00
1.086962093991818237e+10 -1.428346398081497881e+00 1.428346398218957036e+00
1.087946615625972366e+10 -1.428358657731559234e+00 1.428358657865449466e+00
1.088931128052420235e+10 -1.428372016532942546e+00 1.428372016668210120e+00
1.089915630555795288e+10 -1.428386413488647255e+00 1.428386413624102902e+00
1.090900122464837456e+10 -1.428401784669740326e+00 1.428401784803212893e+00
1.091884603154204178e+10 -1.428418063510554115e+00 1.428418063643948521e+00
1.092869072046132469e+10 -1.428435181034543033e+00 1.428435181171960444e+00
1.093853528611901474e+10 -1.428453066157992613e+00 1.428453066288104978e+00
1.094837972373079300e+10 -1.428471645944224155e+00 1.428471646077362989e+00
1.095822402902630424e+10 -1.428490845877713689e+00 1.428490846013354520e+00
1.096806819825783920e+10 -1.428510590170010586e+00 1.428510590305007044e+00
1.097791222820734024e+10 -1.428530802001699351e+00 1.428530802134817312e+00
1.098775611619131279e+10 -1.428551403831713973e+00 1.428551403967211142e+00
1.099759986006393433e+10 -1.428572317675314451e+00 1.428572317805959058e+00
1.100744345821807289e+10 -1.428593465367755222e+00 1.428593465498942505e+00
1.101728690958457375e+10 -1.428614768855285044e+00 1.428614768988131667e+00
1.102713021362961960e+10 -1.428636150458084675e+00 1.428636150589908560e+00
1.103697337035010338e+10 -1.428657533151562298e+00 1.428657533282551295e+00
1.104681638026740074e+10 -1.428678840805643446e+00 1.428678840939345607e+00
1.105665924441925621e+10 -1.428699998469656229e+00 1.428699998602168897e+00
1.106650196434993553e+10 -1.428720932602583149e+00 1.428720932733865689e+00
1.107634454209867287e+10 -1.428741571330621074e+00 1.428741571465471427e+00
1.108618698018675995e+10 -1.428761844660445535e+00 1.428761844793258184e+00
1.109602928160278893e+10 -1.428781684722184808e+00 1.428781684850815248e+00
1.110587144978642845e+10 -1.428801025980972250e+00 1.428801026116886863e+00
1.111571348861125946e+10 -1.428819805428791723e+00 1.428819805559071066e+00
1.112555540236558533e+10 -1.428837962788749305e+00 1.428837962923536820e+00
1.113539719573261452e+10 -1.428855440699249968e+00 1.428855440829445822e+00
1.114523887376903343e+10 -1.428872184870826123e+00 1.428872185003505768e+00
1.115508044188293457e+10 -1.428888144239416791e+00 1.428888144373807956e+00
1.116492190581039238e+10 -1.428903271133360464e+00 1.428903271266937614e+00
1.117476327159141541e+10 -1.428917521369673871e+00 1.428917521500641996e+00
1.118460454554488945e+10 -1.428930854398316352e+00 1.428930854529806282e+00
1.119444573424308777e+10 -1.428943233378662470e+00 1.428943233511488220e+00
1.120428684448543167e+10 -1.428954625283524793e+00 1.428954625413282331e+00
1.121412788327166557e+10 -1.428965000969156796e+00 1.428965001100521492e+00
1.122396885777486610e+10 -1.428974335225740910e+00 1.428974335359432857e+00
1.123380977531409264e+10 -1.428982606819799717e+00 1.428982606951769707e+00
1.124365064332668114e+10 -1.428989798533683686e+00 1.428989798665306843e+00
1.125349146934061623e+10 -1.428995897172232521e+00 1.428995897304617291e+00
1.126333226094686699e+10 -1.429000893560961716e+00 1.429000893695065777e+00
1.127317302577190018e+10 -1.429004782531982709e+00 1.429004782659508921e+00
1.128301377145009995e+10 -1.429007562895904249e+00 1.429007563029940586e+00
1.129285450559687042e+10 -1.429009237412919076e+00 1.429009237548771072e+00
1.130269523578191566e+10 -1.429009812716728556e+00 1.429009812846340211e+00
1.131253596950289345e+10 -1.429009299248793496e+00 1.429009299379782494e+00
1.132237671415989494e+10 -1.429007711191108809e+00 1.429007711321555130e+00
1.133221747703027153e+10 -1.429005066370393706e+00 1.429005066500547816e+00
1.134205826524444199e+10 -1.429001386133436968e+00 1.429001386266053997e+00
1.135189908576239777e+10 -1.428996695249355797e+00 1.428996695381456128e+00
1.136173994535087967e+10 -1.428991021800772865e+00 1.428991021928714522e+00
1.137158085056185150e+10 -1.428984396987373673e+00 1.428984397118560956e+00
1.138142180771173286e+10 -1.428976855049476358e+00 1.428976855180214889e+00
1.139126282286170769e+10 -1.428968433072841160e+00 1.428968433204351962e+00
1.140110390179934502e+10 -1.428959170825331748e+00 1.428959170951854318e+00
1.141094505002101517e+10 -1.428949110610062689e+00 1.428949110738187089e+00
1.142078627271593285e+10 -1.428938297067267937e+00 1.428938297195835982e+00
1.143062757475122070e+10 -1.428926776998083570e+00 1.428926777125357317e+00
1.144046896065827560e+10 -1.428914599182464329e+00 1.428914599306690958e+00
1.145031043462053299e+10 -1.428901814169578621e+00 1.428901814294342598e+00
1.146015200046250534e+10 -1.428888474105409534e+00 1.428888474233179107e+00
1.146999366164039421e+10 -1.428874632500482411e+00 1.428874632627380681e+00
1.147983542123378754e+10 -1.428860344053856313e+00 1.428860344184793352e+00
1.148967728193899345e+10 -1.428845664445468788e+00 1.428845664576687380e+00
1.149951924606374359e+10 -1.428830650108657840e+00 1.428830650239391264e+00
1.150936131552319527e+10 -1.428815358056319651e+00 1.428815358186307005e+00
1.151920349183753777e+10 -1.428799845642577226e+00 1.428799845772668720e+00
1.152904577613086510e+10 -1.428784170386672159e+00 1.428784170513627716e+00
1.153888816913142014e+10 -1.428768389754457191e+00 1.428768389883176448e+00
1.154873067117345047e+10 -1.428752560953720607e+00 1.428752561081568562e+00
