0 -1.585811e-10 1.585811e-10 
1 -2.668405e-11 2.668405e-11 
2 -1.465076e-11 1.465076e-11 
3 -8.564898e-12 8.564898e-12 
4 -5.243533e-12 5.243533e-12 
5 -3.306369e-12 3.306369e-12 
6 -2.132200e-12 2.132200e-12 
7 -1.391789e-12 1.391789e-12 
8 -9.148049e-13 9.148049e-13 
9 -6.047199e-13 6.047199e-13 
10 -4.013620e-13 4.013620e-13 
11 -2.670519e-13 2.670519e-13 
12 -1.779969e-13 1.779969e-13 
13 -1.187859e-13 1.187859e-13 
14 -7.934072e-14 7.934072e-14 
15 -5.302660e-14 5.302660e-14 
16 -3.545473e-14 3.545473e-14 
17 -2.371226e-14 2.371226e-14 
18 -1.614661e-14 1.614661e-14 
19 -1.116291e-14 1.116291e-14 
20 -7.780246e-15 7.780246e-15 
21 -5.449856e-15 5.449856e-15 
22 -3.837594e-15 3.837594e-15 
23 -2.713108e-15 2.713108e-15 
24 -1.926369e-15 1.926369e-15 
25 -1.371772e-15 1.371772e-15 
26 -9.797058e-16 9.797058e-16 
27 -7.016176e-16 7.016176e-16 
28 -5.034983e-16 5.034983e-16 
29 -3.621229e-16 3.621229e-16 
30 -2.609290e-16 2.609290e-16 
31 -1.884323e-16 1.884323e-16 
32 -1.362101e-16 1.362101e-16 
33 -9.865653e-17 9.865653e-17 
34 -7.152353e-17 7.152353e-17 
35 -5.190394e-17 5.190394e-17 
36 -3.773479e-17 3.773479e-17 
37 -2.745311e-17 2.745311e-17 
38 -1.999014e-17 1.999014e-17 
39 -1.457585e-17 1.457585e-17 
40 -1.063410e-17 1.063410e-17 
41 -7.762524e-18 7.762523e-18 
42 -5.669902e-18 5.669902e-18 
43 -4.146455e-18 4.146455e-18 
44 -3.033713e-18 3.033713e-18 
45 -2.220539e-18 2.220538e-18 
