bench  0.125 32 90 -1.0689923502322698e-05 1.0689923506036218e-05 -2.0251106095866382e-05 1.9270760547992745e-05 0 0 0.0 2.0251106095866382e-05 -0.43777495876348443 0.43777495876362 1.2304128535925294e-05
bench  0.1 50 132 -9.344217077343037e-06 9.344217071618383e-06 -1.6485418754544226e-05 2.2695517632927575e-05 0 0 0.0 2.2695517632927575e-05 -0.45034598257205716 0.4503459825717861 1.2056008324280167e-05
bench  0.08333333333333333 72 182 -1.0466249519488914e-05 1.0466249522601418e-05 -2.0025352323760667e-05 2.37628852496368e-05 0 0 0.0 2.37628852496368e-05 -0.4586555495636631 0.4586555495635276 1.3272406987157032e-05
bench  0.07142857142857142 98 240 -9.662376884453738e-06 9.662376894085762e-06 -1.8206151721336776e-05 1.8762148874837067e-05 0 0 0.0 1.8762148874837067e-05 -0.46455882936461995 0.4645588293645522 1.1456789208785634e-05
bench  0.0625 128 306 -1.1462174899951096e-05 1.1462174911906724e-05 -2.4108224260677615e-05 2.172857903626128e-05 0 0 0.0 2.4108237278066776e-05 -0.46905246458989475 0.46905246458989475 1.3907620869058731e-05
bench  0.05555555555555555 162 380 -1.0763393501448521e-05 1.0763393522945994e-05 -2.184117939260999e-05 2.3155758829293067e-05 0 0 0.0 2.3155758829293067e-05 -0.4725265086417301 0.4725265086412558 1.3419938833712838e-05
bench  0.05 200 462 -1.0281079953122285e-05 1.0281079963524667e-05 -2.240406912557636e-05 2.1282395649115223e-05 0 0 0.0 2.240406912557636e-05 -0.4752763490115163 0.4752763490119906 1.297719069869621e-05
bench  0.045454545454545456 242 552 -1.0068863398275461e-05 1.006886338680389e-05 -2.170155912268748e-05 1.9936995729902387e-05 0 0 0.0 2.1701565339646263e-05 -0.4775412392959104 0.4775412392953683 1.2513841226959286e-05
bench  0.041666666666666664 288 650 -1.1399616306409436e-05 1.1399616314625844e-05 -2.5434828715349867e-05 2.1985613609565303e-05 0 0 0.0 2.5434828715349867e-05 -0.4794542285164061 0.47945422851437325 1.3991197297111266e-05
bench  0.038461538461538464 338 756 -1.0802590550796135e-05 1.080259055702609e-05 -2.4332710701020045e-05 2.032731615186318e-05 0 0 0.0 2.4332715394824265e-05 -0.4810432489920724 0.4810432489893619 1.3244505950632224e-05
bench  0.03571428571428571 392 870 -1.0965007275621802e-05 1.096500735207748e-05 -2.3852612805511777e-05 2.2120010367899947e-05 0 0 0.0 2.3852613603020012e-05 -0.482435332717113 0.48243533271521566 1.3727234731909563e-05
bench  0.03125 512 1122 -1.130688788095962e-05 1.1306887887025416e-05 -2.5338613435278174e-05 2.182391106123095e-05 0 0 0.0 2.5338618909340146e-05 -0.4846649821657178 0.48466498216504017 1.3996044494006462e-05
bench  0.025 800 1722 -1.107140471481974e-05 1.1071404682578144e-05 -2.56939072950227e-05 2.1381342410089825e-05 0 0 0.0 2.5693907767558018e-05 -0.4877771598748627 0.487777159873914 1.3771138241931194e-05
bench  0.020833333333333332 1152 2450 -1.1641102205868529e-05 1.164110223019317e-05 -2.740838218282755e-05 2.2485484823826148e-05 0 0 0.0 2.740838218282755e-05 -0.4898700908548899 0.4898700908638346 1.4456703520247509e-05
bench  0.015625 2048 4290 -1.1647828179744248e-05 1.1647828147460678e-05 -2.7602010828512425e-05 2.2462844898164106e-05 0 0 0.0 2.7602010828512425e-05 -0.49247422449579425 0.49247422450013106 1.4498783243294787e-05
bench  0.0125 3200 6642 -1.1567573913393884e-05 1.156757392755913e-05 -2.7648169364777543e-05 2.2223036181645876e-05 0 0 0.0 2.7648169364777543e-05 -0.4940321454650811 0.4940321454839191 1.4378518680708676e-05
bench  0.010416666666666666 4608 9506 -1.1693409103381678e-05 1.169340869338888e-05 -2.810144397442137e-05 2.2404333194262048e-05 0 0 0.0 2.810144397442137e-05 -0.4950752448767233 0.4950752448710312 1.452333033489915e-05
bench  0.0078125 8192 16770 -1.1684761057022882e-05 1.1684761052578208e-05 -2.835699449277617e-05 2.2375105339177473e-05 0 0 0.0 2.835699449277617e-05 -0.496375011528453 0.4963750115346871 1.4515272709417805e-05
bench  0.00625 12800 26082 -1.170120986686951e-05 1.170120984932873e-05 -2.8464236134665153e-05 2.234798168546353e-05 0 0 0.0 2.8464236134665153e-05 -0.49715597208224693 0.4971559720834667 1.4527413059405314e-05
bench  0.005 20000 40602 -1.1762444673715969e-05 1.1762445183276487e-05 -2.8738872272662268e-05 2.2432497439973078e-05 0 0 0.0 2.8738872272662268e-05 -0.4977812764411847 0.49778127646503717 1.4596777282720414e-05
bench  0.004545454545454545 24200 49062 -1.182521064140466e-05 1.1825211712804268e-05 -2.902658429909483e-05 2.2480917783892333e-05 0 0 0.0 2.902658429909483e-05 -0.49800892087037074 0.4980089209972224 1.4666009773093664e-05
