# # t/year,ET
4.400478442594832927e+07 7.671872428062345999e+22
5.718554056864567846e+07 7.671879618959122838e+22
6.503083814813650399e+07 7.671897993948512125e+22
7.064831389546290040e+07 7.671926024064924962e+22
7.504532425362651050e+07 7.671962289392057529e+22
7.867464311617241800e+07 7.672005248445684122e+22
8.177872790648259223e+07 7.672053199229126758e+22
8.450266500544023514e+07 7.672104277324383807e+22
8.693994522804935277e+07 7.672156461168646632e+22
8.914680984561285377e+07 7.672207511103526142e+22
9.116904971440976858e+07 7.672255169601369801e+22
9.304233578217802942e+07 7.672297156137639425e+22
9.479374676495277882e+07 7.672331159603683682e+22
9.644436115733613074e+07 7.672354851947248878e+22
9.801094507470767200e+07 7.672365900147990305e+22
9.950709007253877819e+07 7.672361976758303457e+22
1.009440032227582484e+08 7.672340769472757786e+22
1.023310529604499340e+08 7.672299991391392498e+22
1.036761154167440385e+08 7.672237397346075070e+22
1.049860443150900751e+08 7.672150788837913448e+22
1.062668177488041669e+08 7.672038031086023030e+22
1.075237161608835608e+08 7.671897071718304947e+22
1.087614617086213380e+08 7.671725963949143124e+22
1.099843291207044870e+08 7.671522894501300404e+22
1.111962352698534578e+08 7.671286215983121826e+22
1.124008127149658799e+08 7.671014482839237925e+22
1.136014711008781046e+08 7.670706489422711777e+22
1.148014493436133415e+08 7.670361308271111412e+22
1.160038608465574831e+08 7.669978326361318621e+22
1.172117335044487268e+08 7.669557277025026599e+22
1.184280459014084786e+08 7.669098265328802280e+22
1.196557608585389405e+08 7.668601785063124763e+22
1.208978573101737499e+08 7.668068725991239844e+22
1.221573613679563105e+08 7.667500370636662060e+22
1.234277158855720162e+08 7.666903061454421964e+22
1.247083233599425554e+08 7.666281069838684547e+22
1.260014366476922333e+08 7.665637544313337623e+22
1.273092393359055668e+08 7.664975766729178848e+22
1.286343987214074135e+08 7.664298817648912551e+22
1.299796750077721328e+08 7.663609729444045704e+22
1.313479486635416001e+08 7.662911446095394924e+22
1.327422495220061988e+08 7.662206791282788087e+22
1.341657882680705190e+08 7.661498444644823859e+22
1.356219910236225724e+08 7.660788925746176537e+22
1.371145378342290223e+08 7.660080585051430348e+22
1.386472827693180740e+08 7.659375655495595668e+22
1.402241955814554095e+08 7.658676289583442611e+22
1.418500092473182976e+08 7.657984303495824330e+22
1.435299213749082983e+08 7.657301359705129904e+22
1.452696692271062732e+08 7.656628980811934204e+22
1.470756172361131012e+08 7.655968565147280291e+22
1.489548596123376787e+08 7.655321403534144963e+22
1.509153412002009153e+08 7.654688696704037814e+22
1.529660003996173143e+08 7.654071572961747062e+22
1.551169387719132006e+08 7.653471105776223676e+22
1.573796228940228224e+08 7.652888331049505705e+22
1.597671251141661704e+08 7.652324263881346331e+22
1.622944110693435073e+08 7.651779914703738346e+22
1.649786830761084259e+08 7.651256304717459463e+22
1.678397896420366466e+08 7.650754480625414046e+22
1.709007120652261972e+08 7.650275528732477227e+22
1.741881388644950092e+08 7.649820588580620206e+22
1.777331367438479066e+08 7.649390866396246494e+22
1.815719216096798778e+08 7.648987648719794156e+22
1.857458697707859278e+08 7.648612381024662533e+22
1.903026599886268377e+08 7.648266615084616044e+22
1.952981755766112208e+08 7.647951946891607304e+22
2.007949523119095862e+08 7.647670158473550417e+22
2.068610473096172214e+08 7.647423188160834490e+22
2.135690822750304341e+08 7.647213010236967852e+22
2.209932098917452991e+08 7.647041503012040632e+22
2.291754954506636262e+08 7.646910513816557270e+22
2.379518924149098992e+08 7.646821645273129812e+22
2.473325687678892016e+08 7.646772042887771403e+22
2.573233898189430237e+08 7.646758432520920682e+22
2.679427029472682774e+08 7.646777314680165840e+22
2.792184637109131813e+08 7.646825227570382058e+22
2.911726327124085426e+08 7.646898775721372969e+22
3.038443447816624641e+08 7.646994849512843064e+22
3.172757481117523909e+08 7.647110605201001257e+22
3.314916146397050023e+08 7.647243270564989213e+22
3.465198306194660664e+08 7.647390329722783557e+22
3.623796347399120927e+08 7.647549419094872477e+22
3.790479656143156290e+08 7.647717990787903495e+22
3.965086114023464918e+08 7.647893839102295723e+22
4.147191113871010542e+08 7.648074787194247997e+22
4.335945988409296870e+08 7.648258572768558186e+22
4.530633387641539574e+08 7.648443423585883233e+22
4.730430189176258445e+08 7.648627819120667761e+22
4.934453576009663939e+08 7.648810528235677811e+22
5.141618244971212149e+08 7.648990468545675736e+22
5.351050482296174169e+08 7.649167030089452356e+22
5.561984057693159580e+08 7.649339913098798878e+22
5.773732550468500853e+08 7.649509041161150189e+22
5.985697202955390215e+08 7.649674507709399328e+22
6.197367890431832075e+08 7.649836523048462084e+22
6.408319282017201185e+08 7.649995368279372831e+22
6.618204037322169542e+08 7.650151360945032318e+22
6.826744483814826012e+08 7.650304835756696273e+22
7.033723801038516760e+08 7.650456142565841515e+22
7.238977378440647125e+08 7.650605662843106545e+22
7.442384740334047079e+08 7.650753845225428982e+22
7.643862242571433783e+08 7.650901260059511305e+22
7.843356625461167097e+08 7.651048672195297201e+22
8.040839438211119175e+08 7.651197130410866560e+22
8.236256519373172522e+08 7.651348034175329790e+22
8.429557781318533421e+08 7.651503265087581114e+22
8.620767967088928223e+08 7.651665357667303843e+22
8.809923035826237202e+08 7.651837558401023135e+22
8.997068146453467607e+08 7.652023909980554501e+22
9.182256333528636694e+08 7.652229297554874119e+22
9.365547850794774294e+08 7.652459435096417921e+22
9.547010154320799112e+08 7.652720766499158386e+22
9.726718499205536842e+08 7.653020255666483652e+22
9.904757125354574919e+08 7.653365045696521463e+22
1.008122100061719179e+09 7.653761982819833846e+22
1.025621806041524649e+09 7.654217028255203983e+22
1.042603654502364516e+09 7.654721837754159727e+22
1.059001953311080694e+09 7.655271423451494928e+22
1.074884388400494337e+09 7.655862818304629827e+22
1.090339910975738525e+09 7.656492905842908489e+22
1.105464184836736441e+09 7.657158490006362469e+22
1.120357061607587814e+09 7.657856624361908208e+22
1.135120775386270285e+09 7.658584849163868963e+22
1.149858826057684183e+09 7.659341346932373691e+22
1.164675388377281666e+09 7.660125037946205320e+22
1.179675022617371798e+09 7.660935641625512011e+22
1.194935985332639694e+09 7.661772266477800181e+22
1.210561584973335266e+09 7.662636334694463124e+22
1.226658719580619574e+09 7.663530620656622030e+22
1.243332665028600216e+09 7.664459245111044630e+22
1.260685140947296619e+09 7.665428027809512135e+22
1.278326083105584383e+09 7.666417639173283801e+22
1.296161770287601233e+09 7.667427762251963040e+22
1.314211878341550350e+09 7.668467107724352763e+22
1.332494562281841516e+09 7.669547148212106481e+22
1.351026415031599045e+09 7.670682227972347475e+22
1.369822471031837940e+09 7.671889507151689390e+22
1.388896253376774073e+09 7.673188528341279100e+22
1.408259811723593712e+09 7.674600096810156845e+22
1.427913772971041679e+09 7.676143323767494201e+22
1.447863438051443815e+09 7.677833537941636802e+22
1.468110538488249779e+09 7.679677704591388967e+22
1.488650211101036310e+09 7.681670467923249988e+22
1.508329141603011131e+09 7.683672505164328704e+22
1.526604853568758011e+09 7.685589585411589538e+22
1.544088330259216309e+09 7.687453978095100363e+22
1.561241644732766628e+09 7.689291652127870104e+22
1.578342110855395079e+09 7.691112734915691964e+22
1.595656980317266941e+09 7.692927821207994945e+22
1.613468227191581011e+09 7.694749630633069039e+22
1.632029967625109911e+09 7.696585766599908760e+22
1.651523220426772118e+09 7.698432152941490287e+22
1.672194088874564648e+09 7.700285196643864674e+22
1.693984216305015564e+09 7.702108659365388589e+22
1.715843008907003880e+09 7.703792408586996836e+22
1.737792382240634918e+09 7.705320316607644933e+22
1.759855669758176804e+09 7.706673413439444170e+22
1.782057320396007538e+09 7.707828969214878260e+22
1.804423832982854128e+09 7.708759925627540419e+22
1.826985703141787052e+09 7.709434923085253837e+22
1.849780112054425955e+09 7.709819053719917953e+22
1.872853872082624435e+09 7.709875442748665050e+22
1.896265795217580318e+09 7.709567626882337210e+22
1.920087178476915598e+09 7.708862936718185071e+22
1.944377164517271519e+09 7.707738242141842624e+22
1.966719226348224401e+09 7.706371836962172358e+22
1.987412154838581324e+09 7.704841642985926112e+22
2.007104979407593966e+09 7.703170328980682179e+22
2.026067532464487076e+09 7.701387609863014161e+22
2.044685649776512146e+09 7.699496734862684769e+22
2.063167438958608389e+09 7.697507434239905864e+22
2.081739594994200230e+09 7.695420729953478299e+22
2.100600628173979521e+09 7.693236241903665126e+22
2.119911433821088314e+09 7.690955491109887594e+22
2.139845095345522881e+09 7.688577746263529331e+22
2.160559727693787575e+09 7.686104215530663156e+22
2.182230907778243542e+09 7.683535234489037672e+22
2.205006153763596535e+09 7.680876400002290890e+22
2.229047963265228748e+09 7.678133892775701538e+22
2.254491722770414352e+09 7.675319568953579563e+22
2.281464915799577236e+09 7.672448349823603992e+22
2.309985116255020142e+09 7.669547702645708502e+22
2.338132772288894653e+09 7.666822434641593709e+22
2.365906473340842247e+09 7.664269126303213421e+22
2.393310529432582855e+09 7.661881169308424549e+22
2.420353880888030529e+09 7.659650068914198125e+22
2.447048836180714130e+09 7.657566431795335922e+22
2.473375844893955231e+09 7.655623021680538524e+22
2.499340383425516129e+09 7.653810721133003014e+22
2.524961004929522991e+09 7.652119987841502754e+22
2.550255942925036907e+09 7.650541968156118535e+22
2.575242650537577629e+09 7.649068521002207124e+22
2.599937508955066681e+09 7.647692183722387099e+22
2.624355665393378258e+09 7.646406098116502408e+22
2.648510965217840672e+09 7.645203916475088031e+22
2.672415948540742874e+09 7.644079710341666596e+22
2.696051038568041325e+09 7.643029194344518124e+22
2.719423199805662632e+09 7.642046987719158425e+22
2.742543766816950321e+09 7.641127744354889236e+22
2.765422789908417702e+09 7.640266358094224897e+22
2.788069109313678741e+09 7.639457877680815971e+22
2.810490438776550293e+09 7.638697417051557855e+22
2.832693458548134327e+09 7.637980104702043567e+22
2.854654745764934540e+09 7.637301971239013712e+22
2.876380920329802036e+09 7.636658151648704804e+22
2.897878025941718578e+09 7.636043984358535594e+22
2.919151156638525009e+09 7.635455001071924439e+22
2.940204484950626373e+09 7.634886837369001371e+22
2.961041305139537811e+09 7.634335158527499803e+22
2.981642785894593239e+09 7.633796230608666493e+22
3.002009363561304569e+09 7.633265945410381912e+22
3.022143860457480431e+09 7.632740371642962464e+22
3.042048177784232140e+09 7.632215833896415763e+22
3.061723279662694931e+09 7.631688812943107949e+22
3.081155050286685467e+09 7.631156242331862460e+22
3.100338860639193535e+09 7.630614847831104972e+22
3.119274792311246395e+09 7.630061343253600613e+22
3.137962020481074333e+09 7.629492678941199670e+22
3.156398864317918777e+09 7.628906059842947174e+22
3.174576974917319298e+09 7.628299065865369813e+22
3.192485338022637367e+09 7.627669439218813659e+22
3.210121763359425068e+09 7.627014611448953097e+22
3.227483608413680077e+09 7.626332061686129964e+22
3.244567975837907791e+09 7.625619455362188968e+22
3.261371899095592976e+09 7.624874760067327879e+22
3.277883359203371048e+09 7.624096699113126075e+22
3.294099803643224239e+09 7.623283785009668397e+22
3.310020213207350254e+09 7.622434471495203815e+22
3.325644168035239220e+09 7.621547139628747719e+22
3.340972056212284088e+09 7.620620232462784528e+22
3.356005245311050892e+09 7.619652549724242077e+22
3.370740980501993179e+09 7.618643920275412248e+22
3.385181193743431091e+09 7.617594766396662533e+22
3.399331311366114616e+09 7.616506048249349748e+22
3.413197874565462589e+09 7.615379279715713103e+22
3.426788556954329967e+09 7.614216563852188425e+22
3.440112148689989090e+09 7.613020907746840334e+22
3.453172616705276012e+09 7.611797233782392619e+22
3.465980336884585381e+09 7.610551579044150562e+22
3.478547116630850792e+09 7.609291342058335764e+22
3.490885251267521858e+09 7.608024948549000312e+22
3.503007364404886246e+09 7.606761582175101701e+22
3.514920565668479443e+09 7.605511912755203513e+22
3.526637502839525700e+09 7.604287274301155757e+22
3.538171280613992691e+09 7.603100296441639836e+22
3.549534644288762569e+09 7.601964522788819567e+22
3.560737268489065647e+09 7.600893795457619198e+22
3.571788322081652641e+09 7.599901255165376306e+22
3.582699241894928455e+09 7.598998940362173160e+22
3.593480615801168442e+09 7.598198264024930661e+22
3.604142067502849102e+09 7.597509972893101982e+22
3.614691250976570129e+09 7.596943664904196116e+22
3.625134025374543190e+09 7.596507047566531101e+22
3.635477323019514561e+09 7.596205569388268067e+22
3.645726807570152760e+09 7.596042892645429674e+22
3.655886850225757122e+09 7.596021411374170951e+22
3.665960521936288834e+09 7.596142409790815784e+22
3.675949622524206638e+09 7.596405685472765306e+22
3.685854772346732616e+09 7.596808951547539803e+22
3.695675414644803524e+09 7.597347450134640722e+22
3.705407954743914604e+09 7.598013792578545333e+22
3.715050679511581421e+09 7.598798514557487677e+22
3.724601989653185844e+09 7.599690260949217627e+22
3.734060815339718342e+09 7.600675948710434806e+22
3.743427035541826725e+09 7.601740913614316057e+22
3.752701577512729645e+09 7.602869160119612998e+22
3.761887344679559708e+09 7.604043940634726656e+22
3.770990050736091137e+09 7.605248525864920731e+22
3.780016017247973919e+09 7.606466619269236707e+22
3.788974288528898239e+09 7.607683267782102955e+22
3.797875988543011665e+09 7.608885245587443050e+22
3.806734189328880787e+09 7.610061299928742337e+22
3.815559932755767822e+09 7.611201728557381111e+22
3.824366818185936928e+09 7.612298957379667493e+22
3.833170473808809280e+09 7.613347308161808204e+22
3.841982433639177799e+09 7.614342114818821980e+22
3.850820880389635563e+09 7.615280744068975637e+22
3.859696410750710011e+09 7.616160866859259580e+22
3.868627936618036270e+09 7.616981911126485972e+22
3.877626793544704437e+09 7.617743381290058514e+22
3.886711412731242180e+09 7.618446045253983221e+22
3.895894472549476624e+09 7.619090772173628690e+22
3.905192756270407200e+09 7.619679222559030221e+22
3.914621859827429771e+09 7.620213396250389014e+22
3.924194983697559357e+09 7.620695589267587675e+22
3.933929529640827179e+09 7.621128705927450041e+22
3.943840552170270443e+09 7.621515918157541697e+22
3.953939942859804153e+09 7.621860709323430586e+22
3.964242894961066723e+09 7.622167113962923386e+22
3.974763460833960056e+09 7.622439557463224300e+22
3.985514531841719151e+09 7.622682884145987925e+22
3.996507878761464596e+09 7.622902374432791908e+22
4.007709664917897701e+09 7.623103023881008028e+22
4.018945013821283817e+09 7.623288270866817745e+22
4.030220630522034645e+09 7.623464803755694961e+22
4.041544691449431896e+09 7.623638928926753528e+22
4.052923520553131104e+09 7.623816502104575233e+22
4.064364094791810989e+09 7.624002946861430630e+22
4.075878645356897831e+09 7.624203320237690244e+22
4.087476926842144012e+09 7.624422177965999129e+22
4.099168638051778793e+09 7.624663594864977799e+22
4.110969493490090847e+09 7.624931295303081709e+22
4.122891707308766365e+09 7.625228446048694619e+22
4.134948370828095913e+09 7.625557729505734925e+22
4.147157577956961155e+09 7.625921465644264037e+22
4.159537447262097359e+09 7.626321473268076669e+22
4.172102985111270905e+09 7.626758912094363661e+22
4.184871369451224804e+09 7.627234398251199234e+22
4.197861162257329941e+09 7.627747924472243631e+22
4.211089802133152962e+09 7.628298679848958060e+22
4.224569252604773998e+09 7.628884756921562694e+22
4.238307229051071167e+09 7.629503113115703076e+22
4.252245754590160370e+09 7.630146620069564436e+22
4.266386697645445347e+09 7.630810043575241068e+22
4.280756959368424892e+09 7.631488811256458825e+22
4.295382703742389679e+09 7.632177944775658308e+22
4.310168595996321678e+09 7.632866537199691104e+22
4.325060935411129951e+09 7.633545975933781515e+22
4.340007505195074081e+09 7.634208366922345900e+22
4.354992021474865913e+09 7.634848205711703907e+22
4.370003346181435585e+09 7.635460957797827897e+22
4.385030343820114136e+09 7.636042843017753238e+22
4.400059854469738960e+09 7.636590771506492159e+22
4.415041068919669151e+09 7.637101219388355248e+22
4.429972529758239746e+09 7.637573255217153887e+22
4.444851893047621727e+09 7.638006540728748160e+22
4.459672210655761719e+09 7.638401197127262798e+22
4.474421797463179588e+09 7.638757805242695706e+22
4.489097125262578964e+09 7.639077660192381967e+22
4.503694309101177216e+09 7.639362475852642543e+22
4.518209238907536507e+09 7.639614344489609881e+22
4.532637748899680138e+09 7.639835698624038804e+22
4.546975807597985268e+09 7.640029273619037579e+22
4.561219711705595016e+09 7.640198069823283292e+22
4.575366269665867805e+09 7.640345313594176858e+22
4.589412964369545937e+09 7.640474417033225909e+22
4.603358088337685585e+09 7.640588936698349696e+22
4.617200848125180244e+09 7.640692531872856120e+22
4.630941437368492126e+09 7.640788923166631133e+22
4.644581079819467545e+09 7.640881852285914920e+22
4.658122044976076126e+09 7.640975043743272508e+22
4.671401572688107491e+09 7.641070961374350488e+22
4.684413941277768135e+09 7.641172746053495239e+22
4.697159447148779869e+09 7.641283179015550534e+22
4.709640044881473541e+09 7.641404640673566976e+22
4.721859323652765274e+09 7.641539109799240034e+22
4.733822451843327522e+09 7.641688171580087494e+22
4.745536092656361580e+09 7.641853032469975007e+22
4.757008294586263657e+09 7.642034540051153761e+22
4.768248361371658325e+09 7.642233206669364848e+22
4.779266706601264000e+09 7.642449236187594883e+22
4.790074698391594887e+09 7.642682553616300402e+22
4.800684499504189491e+09 7.642932837497464632e+22
4.811108907922220230e+09 7.643199554716599268e+22
4.821361202322403908e+09 7.643481996968109015e+22
4.831454996100317955e+09 7.643779317557686908e+22
4.841403666201065063e+09 7.644090552479490507e+22
4.851217804796449661e+09 7.644414565314741456e+22
4.860911142135516167e+09 7.644750269712954085e+22
4.870497328066192627e+09 7.645096559055799425e+22
4.879989847987987518e+09 7.645452320202632987e+22
4.889401952522710800e+09 7.645816440244396255e+22
4.898743341243473053e+09 7.646187675164660990e+22
4.908025643388343811e+09 7.646564862923195915e+22
4.917261189321832657e+09 7.646946880547369412e+22
4.926461919700617790e+09 7.647332598204789162e+22
4.935639185034731865e+09 7.647720868197054179e+22
4.944800259238368988e+09 7.648110376083029964e+22
4.953955965684044838e+09 7.648499969635743957e+22
4.963116681691075325e+09 7.648888496136167988e+22
4.972292335057877541e+09 7.649274808487137772e+22
4.981492404123136520e+09 7.649657772259156165e+22
4.990722830072679520e+09 7.650036148102724846e+22
4.999992253035198212e+09 7.650408857952529573e+22
5.009309008394898415e+09 7.650774863255287575e+22
5.018680996477831841e+09 7.651133163896205371e+22
5.028115692390778542e+09 7.651482802824380049e+22
5.037620156891551018e+09 7.651822871311147860e+22
5.047200682289631844e+09 7.652152503517526045e+22
5.056862001641765594e+09 7.652470862702690330e+22
5.066610170656155586e+09 7.652777247859132701e+22
5.076450872747367859e+09 7.653071046250833379e+22
5.086389433309424400e+09 7.653351749765251570e+22
5.096430834022048950e+09 7.653618973414712463e+22
5.106579727102948189e+09 7.653872475280780768e+22
5.116840449449593544e+09 7.654112177025529676e+22
5.127217036640620232e+09 7.654338184006953075e+22
5.137713236777091980e+09 7.654550804034465300e+22
5.148332524143529892e+09 7.654750563867143910e+22
5.159078112644070625e+09 7.654938222678935339e+22
5.169952968924389839e+09 7.655114781865528210e+22
5.180959825021854401e+09 7.655281490730529325e+22
5.192101190296434402e+09 7.655439847747991110e+22
5.203379362284547806e+09 7.655591597238252890e+22
5.214796435996186256e+09 7.655738721411134810e+22
5.226354311048250198e+09 7.655883427817575154e+22
5.238054695904259682e+09 7.656028132309387864e+22
5.249899108385555267e+09 7.656175437634626965e+22
5.261888871542061806e+09 7.656328107802138090e+22
5.274025103933794975e+09 7.656489038331804805e+22
5.286308703394440651e+09 7.656661222472909482e+22
5.298738598879940987e+09 7.656847686027031504e+22
5.311314351903618813e+09 7.657051479415730890e+22
5.324035788848259926e+09 7.657275629295594216e+22
5.336902382149967194e+09 7.657523080712559788e+22
5.349913197415379524e+09 7.657796643492155988e+22
5.363066833088720322e+09 7.658098934951858458e+22
5.376359815077238083e+09 7.658432277654707739e+22
5.389787588280822754e+09 7.658798649606334841e+22
5.403346832480463028e+09 7.659199688041635932e+22
5.417033517304033279e+09 7.659636582137732478e+22
5.430842836772603035e+09 7.660110010698904791e+22
5.444756218062708855e+09 7.660619582504373217e+22
5.458724164033334732e+09 7.661162941685013309e+22
5.472743889790507317e+09 7.661738783266836998e+22
5.486811812347330093e+09 7.662345221312294892e+22
5.500923566639589310e+09 7.662979801165588752e+22
5.515074045461560249e+09 7.663639530380583345e+22
5.529257462588397980e+09 7.664320929778849179e+22
5.543467437383869171e+09 7.665020104352851611e+22
5.557697098285175323e+09 7.665732831657199875e+22
5.571939201758690834e+09 7.666454663310384457e+22
5.586186262643610001e+09 7.667181033774992536e+22
5.600430691263647079e+09 7.667907370136724780e+22
5.614664932307341576e+09 7.668629197375815444e+22
5.628881277736332893e+09 7.669342219330033130e+22
5.643067139004508972e+09 7.670042171036012013e+22
5.657215720776210785e+09 7.670725428140287459e+22
5.671319719599619865e+09 7.671388753067061019e+22
5.685367552872536659e+09 7.672029187735715578e+22
5.699351114332528114e+09 7.672644467198428552e+22
5.713260098283228874e+09 7.673232795882801123e+22
5.727083462306924820e+09 7.673792941263620250e+22
5.740812037145092964e+09 7.674324335051779814e+22
5.754441468263253212e+09 7.674827136218761580e+22
5.767969981773786545e+09 7.675302071221440899e+22
5.781400649347640991e+09 7.675750430365113437e+22
5.794737024082780838e+09 7.676173838317240346e+22
5.807982029584374428e+09 7.676574161687644052e+22
5.821140721401267052e+09 7.676953534696824976e+22
5.834218355171605110e+09 7.677314244128293257e+22
5.847220314137959480e+09 7.677658682065054125e+22
5.860150937093693733e+09 7.677989276975589281e+22
5.872953397242395401e+09 7.678307012739559798e+22
5.885627536736456871e+09 7.678614321480602118e+22
5.898173560445483208e+09 7.678913553403278787e+22
5.910592029734970093e+09 7.679206944783569676e+22
5.922883864351668358e+09 7.679496592117056143e+22
5.935050351006292343e+09 7.679784432010429412e+22
5.947093112767169952e+09 7.680072225334656762e+22
5.959013388623569489e+09 7.680361529149676218e+22
5.970813834562645912e+09 7.680653733870961479e+22
5.982497571586012840e+09 7.680950039359985916e+22
5.994068195962127686e+09 7.681251457339176989e+22
6.005529785415575981e+09 7.681558816797229895e+22
6.016886900124808311e+09 7.681872771849211452e+22
6.028144577679344177e+09 7.682193811516193925e+22
6.039308321457840919e+09 7.682522270905232733e+22
6.050383869297003746e+09 7.682858336668451078e+22
6.061376455660895348e+09 7.683202035723454225e+22
6.072292591747726440e+09 7.683553303526230301e+22
6.083139157600274086e+09 7.683911971121790347e+22
6.093923362493481636e+09 7.684277777361424246e+22
6.104652700413511276e+09 7.684650380388059002e+22
6.115334901528733253e+09 7.685029368235449490e+22
6.125977880560640335e+09 7.685414268458250115e+22
6.136589682919226646e+09 7.685804556769532943e+22
6.147177790155795097e+09 7.686199640557084056e+22
6.157748098096659660e+09 7.686598827589768525e+22
6.168308685030263901e+09 7.687001477373939522e+22
6.178867561506853104e+09 7.687406926072452324e+22
6.189432614907622337e+09 7.687814491536027235e+22
6.200011555206889153e+09 7.688223477978759378e+22
6.210611862303066254e+09 7.688633180480041334e+22
6.221239514417696953e+09 7.689042842548752823e+22
6.231900112257973671e+09 7.689451707183009681e+22
6.242600306489122391e+09 7.689859078732874619e+22
6.253346347198690414e+09 7.690264273718084423e+22
6.264144043157933235e+09 7.690666626546542209e+22
6.274998724822722435e+09 7.691065495845166331e+22
6.285915211506107330e+09 7.691460271438056286e+22
6.296897783159772873e+09 7.691850381951539295e+22
6.307950157194068909e+09 7.692235302972873402e+22
6.319075470732707024e+09 7.692614565625216788e+22
6.330276268640173912e+09 7.692987765359893912e+22
6.341554497577793121e+09 7.693354570711414551e+22
6.352911506236054420e+09 7.693714731707486175e+22
6.364348051766597748e+09 7.694068087593326399e+22
6.375864312288394928e+09 7.694414573508869122e+22
6.387459905201853752e+09 7.694754225759477930e+22
6.399133910891886711e+09 7.695087185345409293e+22
6.410884901264037132e+09 7.695413699460430666e+22
6.422710972446015358e+09 7.695734120736941408e+22
6.434609780892599106e+09 7.696048904095342474e+22
6.446578582081707001e+09 7.696358601148989230e+22
6.458614270972640038e+09 7.696663852213795711e+22
6.470713423421257019e+09 7.696965376066650217e+22
6.482872337807848930e+09 7.697263957685917712e+22
6.495086876966750145e+09 7.697560429502788534e+22
6.507350792105619431e+09 7.697855615247923020e+22
6.519659727690720558e+09 7.698150408645811949e+22
6.532009230189347267e+09 7.698445706846841864e+22
6.544394784084728241e+09 7.698742393751129922e+22
6.556811846016712189e+09 7.699041323807341858e+22
6.569255877123150826e+09 7.699343306690072360e+22
6.581722373712636948e+09 7.699649093214608871e+22
6.594206896423539162e+09 7.699959362796118658e+22
6.606703169675312042e+09 7.700274663344089701e+22
6.619206814518495560e+09 7.700595494657304664e+22
6.631713865043702126e+09 7.700922265334930473e+22
6.644220542129719734e+09 7.701255282238148313e+22
6.656723274267753601e+09 7.701594748230750857e+22
6.669218716468776703e+09 7.701940761932362836e+22
6.681703767019083023e+09 7.702293319356685851e+22
6.694175581813830376e+09 7.702652317267926398e+22
6.706631585990658760e+09 7.703017558061227599e+22
6.719069482599757195e+09 7.703388755953092814e+22
6.731487258088815689e+09 7.703765544256860586e+22
6.743883184445028305e+09 7.704147483517619326e+22
6.756255817916873932e+09 7.704534070286271853e+22
6.768603994330057144e+09 7.704924746322980897e+22
6.780926821108062744e+09 7.705318908040471747e+22
6.793223666204862595e+09 7.705715916013854890e+22
6.805494144239633560e+09 7.706115104408797289e+22
6.817738100198220253e+09 7.706515790201830664e+22
6.829955591123888016e+09 7.706917282088331772e+22
6.842146866256332397e+09 7.707318888995838807e+22
6.854312346095190048e+09 7.707719928139130025e+22
6.866452600867454529e+09 7.708119732567340273e+22
6.878568328860297203e+09 7.708517658171106184e+22
6.890660335048636436e+09 7.708913090124295700e+22
6.902729510405684471e+09 7.709305448745789502e+22
6.914776812234959602e+09 7.709694194772372095e+22
6.926803245802268982e+09 7.710078834035759933e+22
6.938809847491791725e+09 7.710458921543167640e+22
6.950797669649288177e+09 7.710834064959638969e+22
6.962767767218830109e+09 7.711203927492625695e+22
6.974721186229163170e+09 7.711568230179696909e+22
6.986658791424156189e+09 7.711926748770139426e+22
6.998580822904740334e+09 7.712279302538378242e+22
7.010488315480798721e+09 7.712625797039859224e+22
7.022382270276160240e+09 7.712966198883493347e+22
7.034263650674842834e+09 7.713300535003795633e+22
7.046133379753158569e+09 7.713628891385717745e+22
7.057992339063495636e+09 7.713951411254007221e+22
7.069841368635128021e+09 7.714268292744303398e+22
7.081681268054417610e+09 7.714579786076938201e+22
7.093512798491663933e+09 7.714886190254529079e+22
7.105336685547269821e+09 7.715187849311623630e+22
7.117153622797231674e+09 7.715485148146734150e+22
7.128964275926527977e+09 7.715778507972252638e+22
7.140769287345320702e+09 7.716068381422422642e+22
7.152569281190332413e+09 7.716355247363388028e+22
7.164364868617506027e+09 7.716639605455821419e+22
7.176156653295569420e+09 7.716921970522140023e+22
7.187945237010640144e+09 7.717202866777841100e+22
7.199731225292308807e+09 7.717482821988655301e+22
7.211515232965538025e+09 7.717762361616226058e+22
7.223297889534262657e+09 7.718042003022249198e+22
7.235079844293631554e+09 7.718322249796248876e+22
7.246861771064680099e+09 7.718603586277212579e+22
7.258644372443134308e+09 7.718886472334935746e+22
7.270428383449938774e+09 7.719171338475980351e+22
7.282214574470574379e+09 7.719458581335143717e+22
7.294003753374276161e+09 7.719748559607460109e+22
7.305796766707934380e+09 7.720041590471526449e+22
7.317594499866929054e+09 7.720337946545947568e+22
7.329397876158796310e+09 7.720637853412686928e+22
7.341207854689356804e+09 7.720941487734770369e+22
7.353025427019240379e+09 7.721248975984928804e+22
7.364851612559484482e+09 7.721560393792165931e+22
7.376687452699950218e+09 7.721875765908445384e+22
7.388534003686919212e+09 7.722195066784001609e+22
7.400392328296422958e+09 7.722518221736503778e+22
7.412263486374565125e+09 7.722845108689621641e+22
7.424148524345827103e+09 7.723175560451150001e+22
7.436048463817199707e+09 7.723509367496224696e+22
7.447964289431615829e+09 7.723846281214029306e+22
7.459896936148316383e+09 7.724186017575356649e+22
7.471847276150445938e+09 7.724528261172515412e+22
7.483816105598491669e+09 7.724872669581263713e+22
7.495804131461934090e+09 7.725218877992453171e+22
7.507811958674143791e+09 7.725566504056570826e+22
7.519840077861127853e+09 7.725915152884611154e+22
7.531888853894258499e+09 7.726264422145121793e+22
7.543958515513810158e+09 7.726613907196290164e+22
7.556049146259513855e+09 7.726963206189112885e+22
7.568160676926723480e+09 7.727311925077730132e+22
7.580292879746390343e+09 7.727659682471547503e+22
7.592445364457419395e+09 7.728006114262657270e+22
7.604617576407074928e+09 7.728350877964782115e+22
7.616808796778150558e+09 7.728693656699900684e+22
7.629018145001146317e+09 7.729034162772705595e+22
7.641244583362444878e+09 7.729372140777500574e+22
7.653486923779644966e+09 7.729707370187902996e+22
7.665743836666007042e+09 7.730039667386888697e+22
7.678013861765639305e+09 7.730368887105708360e+22
7.690295420800459862e+09 7.730694923247392129e+22
7.702586831732245445e+09 7.731017709085442179e+22
7.714886324416206360e+09 7.731337216837696461e+22
7.727192057397038460e+09 7.731653456630000071e+22
7.739502135579000473e+09 7.731966474876603282e+22
7.751814628497221947e+09 7.732276352114649098e+22
7.764127588908850670e+09 7.732583200344680851e+22
7.776439071431398392e+09 7.732887159935123377e+22
7.788747150961810112e+09 7.733188396160945383e+22
7.801049940628843307e+09 7.733487095449348001e+22
7.813345609046899796e+09 7.733783461411874354e+22
7.825632396666313171e+09 7.734077710742969123e+22
7.837908631036441803e+09 7.734370069066090860e+22
7.850172740826187134e+09 7.734660766803121144e+22
7.862423260642070770e+09 7.734950034957866002e+22
7.874658189442411423e+09 7.735238085919459666e+22
7.886876376384954453e+09 7.735525142206307369e+22
7.899076818820987701e+09 7.735811416278361650e+22
7.911258667930992126e+09 7.736097107486210785e+22
7.923421232664531708e+09 7.736382399372529028e+22
7.935563982013346672e+09 7.736667457347199068e+22
7.947686545658686638e+09 7.736952426751412562e+22
7.959788713051434517e+09 7.737237431316288582e+22
7.971870430999076843e+09 7.737522572014459761e+22
7.983931799843213081e+09 7.737807926297913564e+22
7.995973068323797226e+09 7.738093547707722367e+22
8.007994627235198975e+09 7.738379465838740845e+22
8.019997001985914230e+09 7.738665686638029020e+22
8.031980844179700851e+09 7.738952193013648772e+22
8.043946922341048241e+09 7.739238945727810686e+22
8.055896111911273956e+09 7.739525884548413496e+22
8.067829384642013550e+09 7.739812929631763510e+22
8.079747797514069557e+09 7.740099983108989570e+22
8.091652481308705330e+09 7.740386930849757947e+22
8.103544628955583572e+09 7.740673644377136536e+22
8.115425483779927254e+09 7.740959982907041618e+22
8.127296327764815331e+09 7.741245795488705282e+22
8.139158469941047668e+09 7.741530923220650374e+22
8.151013224417482376e+09 7.741815201266179401e+22
8.162861386417095184e+09 7.742098448933902615e+22
8.174704274831394196e+09 7.742380497242812947e+22
8.186543197465491295e+09 7.742661178599910932e+22
8.198379441308113098e+09 7.742940329043404050e+22
8.210214263419972420e+09 7.743217790423514952e+22
8.222048882502274513e+09 7.743493412500051224e+22
8.233884471198055267e+09 7.743767054936377498e+22
8.245722149169493675e+09 7.744038589168670789e+22
8.257562976983294487e+09 7.744307900130782714e+22
8.269407950829634666e+09 7.744574887817104274e+22
8.281257998086723328e+09 7.744839468661003728e+22
8.293113973737596512e+09 7.745101576716861991e+22
8.304976657633050919e+09 7.745361164625841331e+22
8.316846752588099480e+09 7.745618204354034218e+22
8.328724883290008545e+09 7.745872687689691352e+22
8.340611595989048004e+09 7.746124626492135152e+22
8.352507358933720589e+09 7.746374052685270326e+22
8.364412563507221222e+09 7.746621017993008854e+22
8.376327526017565727e+09 7.746865593417647889e+22
8.388252490083750725e+09 7.747107868465530772e+22
8.400187629562417984e+09 7.747347950128015711e+22
8.412133051951269150e+09 7.747585961630591720e+22
8.424088802207420349e+09 7.747822040965197699e+22
8.436054866912065506e+09 7.748056339226050114e+22
8.448031178720199585e+09 7.748289018771970772e+22
8.460017621026962280e+09 7.748520251240491254e+22
8.472014032787256241e+09 7.748750215442600873e+22
8.484020213428331375e+09 7.748979095168996501e+22
8.496035927794492722e+09 7.749207076939786460e+22
8.508060911068117142e+09 7.749434347729639283e+22
8.520094873614881516e+09 7.749661092703163227e+22
8.532137505704433441e+09 7.749887492991826159e+22
8.544188482061551094e+09 7.750113723544834461e+22
8.556247466207516670e+09 7.750339951084575916e+22
8.568314114556982040e+09 7.750566332194193251e+22
8.580388080237018585e+09 7.750793011563224210e+22
8.592469016602602005e+09 7.751020120413950706e+22
8.604556580425731659e+09 7.751247775128470579e+22
8.616650434738477707e+09 7.751476076091635086e+22
8.628750251319074631e+09 7.751705106762586024e+22
8.640855712806772232e+09 7.751934932983921980e+22
8.652966514444149017e+09 7.752165602532578977e+22
8.665082365443464279e+09 7.752397144914515932e+22
8.677202989980115891e+09 7.752629571399762261e+22
8.689328127821216583e+09 7.752862875293765861e+22
8.701457534599840164e+09 7.753097032434194999e+22
8.713590981750900269e+09 7.753332001902498624e+22
8.725728256127061844e+09 7.753567726936061798e+22
8.737869159318632126e+09 7.753804136023523013e+22
8.750013506704311371e+09 7.754041144165087052e+22
8.762161126261531830e+09 7.754278654276442417e+22
8.774311857170471191e+09 7.754516558716375505e+22
8.786465548246189117e+09 7.754754740913252912e+22
8.798622056236785889e+09 7.754993077068714161e+22
8.810781244026023865e+09 7.755231437913236229e+22
8.822942978780246735e+09 7.755469690490828358e+22
8.835107130079208374e+09 7.755707699948493262e+22
8.847273568070381165e+09 7.755945331307260255e+22
8.859442161685617447e+09 7.756182451192689643e+22
8.871612776955890656e+09 7.756418929502613563e+22
8.883785275459806442e+09 7.756654640992255738e+22
8.895959512936286926e+09 7.756889466758458088e+22
8.908135338091434479e+09 7.757123295604106278e+22
8.920312591621644974e+09 7.757356025269146196e+22
8.932491105475555420e+09 7.757587563513707600e+22
8.944670702370534897e+09 7.757817829042745141e+22
8.956851195573440552e+09 7.758046752262169035e+22
8.969032388954813004e+09 7.758274275861287928e+22
8.981214077316478729e+09 7.758500355215787557e+22
8.993396046991525650e+09 7.758724958611584110e+22
9.005578076708732605e+09 7.758948067287226961e+22
9.017759938709959030e+09 7.759169675301112041e+22
9.029941400106393814e+09 7.759389789227866233e+22
9.042122224452852249e+09 7.759608427690242920e+22
9.054302173519094467e+09 7.759825620740119881e+22
9.066481009232316971e+09 7.760041409095647678e+22
9.078658495762811661e+09 7.760255843253855715e+22
9.090834401722503662e+09 7.760468982488849449e+22
9.103008502445215225e+09 7.760680893755660907e+22
9.115180582315540314e+09 7.760891650515858673e+22
9.127350437111211777e+09 7.761101331503620555e+22
9.139517876326417923e+09 7.761310019450574576e+22
9.151682725440721512e+09 7.761517799789527512e+22
9.163844828099151611e+09 7.761724759354104821e+22
9.176004048172489166e+09 7.761930985093983319e+22
9.188160271663726807e+09 7.762136562822539117e+22
9.200313408432264328e+09 7.762341576014394347e+22
9.212463393706539154e+09 7.762546104666470692e+22
9.224610189361417770e+09 7.762750224239326921e+22
9.236753784935802460e+09 7.762954004688115283e+22
9.248894198372350693e+09 7.763157509596857028e+22
9.261031476462354660e+09 7.763360795422313415e+22
9.273165694984586716e+09 7.763563910857196411e+22
9.285296958528535843e+09 7.763766896315378277e+22
9.297425399999628067e+09 7.763969783543905019e+22
9.309551179804920197e+09 7.764172595363553529e+22
9.321674484726312637e+09 7.764375345535860395e+22
9.333795526487340927e+09 7.764578038756530140e+22
9.345914540029918671e+09 7.764780670770063868e+22
9.358031781516706467e+09 7.764983228600945947e+22
9.370147526081352234e+09 7.765185690894939560e+22
9.382262065352064133e+09 7.765388028363152766e+22
9.394375704777172089e+09 7.765590204318812104e+22
9.406488760783807755e+09 7.765792175298311514e+22
9.418601557804723740e+09 7.765993891755183414e+22
9.430714425208879471e+09 7.766195298817430625e+22
9.442827694173858643e+09 7.766396337094230278e+22
9.454941694538007736e+09 7.766596943523537224e+22
9.467056751673328400e+09 7.766797052245601524e+22
9.479173183414646149e+09 7.766996595493080295e+22
9.491291297086563110e+09 7.767195504483671160e+22
9.503411386661775589e+09 7.767393710306479414e+22
9.515533730087249756e+09 7.767591144788213944e+22
9.527658586810113907e+09 7.767787741330407214e+22
9.539786195531772614e+09 7.767983435706869901e+22
9.551916772217027664e+09 7.768178166812503337e+22
9.564050508380878448e+09 7.768371877353645041e+22
9.576187569669603348e+09 7.768564514474338707e+22
9.588328094752037048e+09 7.768756030309079712e+22
9.600472194530128479e+09 7.768946382458504557e+22
9.612619951673454285e+09 7.769135534381991146e+22
9.624771420479215622e+09 7.769323455704321124e+22
9.636926627054004669e+09 7.769510122433345801e+22
9.649085569808624268e+09 7.769695517087815120e+22
9.661248220255195618e+09 7.769879628735708555e+22
9.673414524089683533e+09 7.770062452943178695e+22
9.685584402540552139e+09 7.770243991638518215e+22
9.697757753962438583e+09 7.770424252891618345e+22
9.709934455647092819e+09 7.770603250616889665e+22
9.722114365826177597e+09 7.770781004203453684e+22
9.734297325836652756e+09 7.770957538078517468e+22
9.746483162415699005e+09 7.771132881214143621e+22
9.758671690096286774e+09 7.771307066582161896e+22
9.770862713669315338e+09 7.771480130568385987e+22
9.783056030682453156e+09 7.771652112353995627e+22
9.795251433941759109e+09 7.771823053274229191e+22
9.807448713987928391e+09 7.771992996163290451e+22
9.819647661515996933e+09 7.772161984695472069e+22
9.831848069712738037e+09 7.772330062731439768e+22
9.844049736484466553e+09 7.772497273679604246e+22
9.856252466553594589e+09 7.772663659879603791e+22
9.868456073401102066e+09 7.772829262017995787e+22
9.880660381038604736e+09 7.772994118581732193e+22
9.892865225593648911e+09 7.773158265357215361e+22
9.905070456694942474e+09 7.773321734980467320e+22
9.917275938648797989e+09 7.773484556542492751e+22
9.929481551400281906e+09 7.773646755255692558e+22
9.941687191273361206e+09 7.773808352182670249e+22
9.953892771490901947e+09 7.773969364029394020e+22
9.966098222475934982e+09 7.774129803005806615e+22
9.978303491936023712e+09 7.774289676750878147e+22
9.990508544741624832e+09 7.774448988325390215e+22
1.000271336260367775e+10 7.774607736266285698e+22
1.001491794356379509e+10 7.774765914703755267e+22
1.002712230130867195e+10 7.774923513536156638e+22
1.003932646432499695e+10 7.775080518659681236e+22
1.005153047490892792e+10 7.775236912247401244e+22
1.006373438804883766e+10 7.775392673073477557e+22
1.007593827019915962e+10 7.775547776877055915e+22
1.008814219796454239e+10 7.775702196760121809e+22
1.010034625671216583e+10 7.775855903612707275e+22
1.011255053913440514e+10 7.776008866559879545e+22
1.012475514377778435e+10 7.776161053424084215e+22
1.013696017356022263e+10 7.776312431195741120e+22
1.014916573429440117e+10 7.776462966506955735e+22
1.016137193323374748e+10 7.776612626101200696e+22
1.017357887765975380e+10 7.776761377292962864e+22
1.018578667352565575e+10 7.776909188412121442e+22
1.019799542417080498e+10 7.777056029227228751e+22
1.021020522911945152e+10 7.777201871342184012e+22
1.022241618297551918e+10 7.777346688562308841e+22
1.023462837442275620e+10 7.777490457225294617e+22
1.024684188533948326e+10 7.777633156492956585e+22
1.025905679003463936e+10 7.777774768600966077e+22
1.027127315460954475e+10 7.777915279064317716e+22
1.028349103644837379e+10 7.778054676835520112e+22
1.029571048384017563e+10 7.778192954415390917e+22
1.030793153573077202e+10 7.778330107914340637e+22
1.032015422160406876e+10 7.778466137065854809e+22
1.033237856148816490e+10 7.778601045190577331e+22
1.034460456608283997e+10 7.778734839113996409e+22
1.035683223700148201e+10 7.778867529038791757e+22
1.036906156712059975e+10 7.778999128373673433e+22
1.038129254102861404e+10 7.779129653522921737e+22
1.039352513556412888e+10 7.779259123638158230e+22
1.040575932043457413e+10 7.779387560338283666e+22
1.041799505890343094e+10 7.779514987400139689e+22
1.043023230853596306e+10 7.779641430425373717e+22
1.044247102199035454e+10 7.779766916487429541e+22
1.045471114784413147e+10 7.779891473765307410e+22
1.046695263144263268e+10 7.780015131166819903e+22
1.047919541575901031e+10 7.780137917948785957e+22
1.049143944225304413e+10 7.780259863338134222e+22
1.050368465171832275e+10 7.780380996158663688e+22
1.051593098510653877e+10 7.780501344469444356e+22
1.052817838431947708e+10 7.780620935218396240e+22
1.054042679295855522e+10 7.780739793916294647e+22
1.055267615702343750e+10 7.780857944334131003e+22
1.056492642555233955e+10 7.780975408228560431e+22
1.057717754929309845e+10 7.781092205079551384e+22
1.058942941430619431e+10 7.781208351250199452e+22
1.060168198464933014e+10 7.781323861161555263e+22
1.061393522960260773e+10 7.781438746454077420e+22
1.062618912387881660e+10 7.781553015886890349e+22
1.063844364774892807e+10 7.781666675276812544e+22
1.065069878708292389e+10 7.781779727474131940e+22
1.066295453330782127e+10 7.781892172379024104e+22
1.067521088328594780e+10 7.782004006992964328e+22
1.068746783911753654e+10 7.782115225507841494e+22
1.069972540787273788e+10 7.782225819427096284e+22
1.071198360125811386e+10 7.782335777720041367e+22
1.072424243522553062e+10 7.782445087003459663e+22
1.073650192952964783e+10 7.782553731749866635e+22
1.074876210724274063e+10 7.782661694518289288e+22
1.076102299423469925e+10 7.782768956203750077e+22
1.077328461862695122e+10 7.782875496302038221e+22
1.078554701023016930e+10 7.782981293186105947e+22
1.079781019997340393e+10 7.783086324390400360e+22
1.081007421933425522e+10 7.783190566898723560e+22
1.082233909977931213e+10 7.783293997431824318e+22
1.083460487222257233e+10 7.783396592732151061e+22
1.084687156650989532e+10 7.783498329840454468e+22
1.085913921093803215e+10 7.783599186361169478e+22
1.087140783181329727e+10 7.783699140715675753e+22
1.088367745305796051e+10 7.783798172376259310e+22
1.089594809586776352e+10 7.783896262082312117e+22
1.090821977842641830e+10 7.783993392033417711e+22
1.092049251568001747e+10 7.784089546059203740e+22
1.093276631917341423e+10 7.784184709763119343e+22
1.094504119695090485e+10 7.784278870639605554e+22
1.095731715352113724e+10 7.784372018163116881e+22
1.096959418988577652e+10 7.784464143849282653e+22
1.098187230363090706e+10 7.784555241287850761e+22
1.099415148907833672e+10 7.784645306146648752e+22
1.100643173749354744e+10 7.784734336148961441e+22
1.101871303734638214e+10 7.784822331024417279e+22
1.103099537461978531e+10 7.784909292433500956e+22
1.104327873316106224e+10 7.784995223870560954e+22
1.105556309506852341e+10 7.785080130543330682e+22
1.106784844110946274e+10 7.785164019234060108e+22
1.108013475115944862e+10 7.785246898143640315e+22
1.109242200465871620e+10 7.785328776720521206e+22
1.110471018107664680e+10 7.785409665478120020e+22
1.111699926037733650e+10 7.785489575803903332e+22
1.112928922347934151e+10 7.785568519760810240e+22
1.114158005270240974e+10 7.785646509886855237e+22
1.115387173219392204e+10 7.785723558993014764e+22
1.116616424833023453e+10 7.785799679964152123e+22
1.117845759008423042e+10 7.785874885564403443e+22
1.119075174935644913e+10 7.785949188250391911e+22
1.120304672126300049e+10 7.786022599993815414e+22
1.121534250437720871e+10 7.786095132116739582e+22
1.122763910092107201e+10 7.786166795139804247e+22
1.123993651690374756e+10 7.786237598647398380e+22
1.125223476220575523e+10 7.786307551168563669e+22
1.126453385060652161e+10 7.786376660077554277e+22
1.127683379975635910e+10 7.786444931513062942e+22
1.128913463109285736e+10 7.786512370316717379e+22
1.130143636970189857e+10 7.786578979993017962e+22
1.131373904412721634e+10 7.786644762688802416e+22
1.132604268612892342e+10 7.786709719192650226e+22
1.133834733039649200e+10 7.786773848954704914e+22
1.135065301421866798e+10 7.786837150124110722e+22
1.136295977711585808e+10 7.786899619605669269e+22
1.137526766043852997e+10 7.786961253132431209e+22
1.138757670693833923e+10 7.787022045353555159e+22
1.139988696031807709e+10 7.787081989936845003e+22
1.141219846476363373e+10 7.787141079682351786e+22
1.142451126446798515e+10 7.787199306646827093e+22
1.143682540314966583e+10 7.787256662276635519e+22
1.144914092357484436e+10 7.787313137546948510e+22
1.146145786708742142e+10 7.787368723105125813e+22
1.147377627315275574e+10 7.787423409416897036e+22
1.148609617892221642e+10 7.787477186912259670e+22
1.149841761882233238e+10 7.787530046130675830e+22
1.151074062417463684e+10 7.787581977861846519e+22
1.152306522284999275e+10 7.787632973281400717e+22
1.153539143896126366e+10 7.787683024079611861e+22
1.154771929259895134e+10 7.787732122581474057e+22
1.156004879961066246e+10 7.787780261856349572e+22
1.157237997142926025e+10 7.787827435816338693e+22
1.158471281494845772e+10 7.787873639302778008e+22
1.159704733244991684e+10 7.787918868157900941e+22
1.160938352157968140e+10 7.787963119284031114e+22
1.162172137537456512e+10 7.788006390687159498e+22
1.163406088233881760e+10 7.788048681505588144e+22
1.164640202656768799e+10 7.788089992024158949e+22
1.165874478791701508e+10 7.788130323673158097e+22
1.167108914221620941e+10 7.788169679012912903e+22
1.168343506152112770e+10 7.788208061703555908e+22
1.169578251440414238e+10 7.788245476462593625e+22
1.170813146627665901e+10 7.788281929008952849e+22
1.172048187974032593e+10 7.788317425995836555e+22
1.173283371496375847e+10 7.788351974933196387e+22
1.174518693007702446e+10 7.788385584101205842e+22
1.175754148158252335e+10 7.788418262455489135e+22
1.176989732477511024e+10 7.788450019526387433e+22
1.178225441416780472e+10 7.788480865313619758e+22
1.179461270391706848e+10 7.788510810176679104e+22
1.180697214824443817e+10 7.788539864725065826e+22
1.181933270184834671e+10 7.788568039706313150e+22
1.183169432030293846e+10 7.788595345897196985e+22
1.184405696043883705e+10 7.788621793996615084e+22
1.185642058070219994e+10 7.788647394522642042e+22
1.186878514148976707e+10 7.788672157715837170e+22
1.188115060545464325e+10 7.788696093448207965e+22
1.189351693778155327e+10 7.788719211140599094e+22
1.190588410642887306e+10 7.788741519688963247e+22
1.191825208233576012e+10 7.788763027399508807e+22
1.193062083959250832e+10 7.788783741934628556e+22
1.194299035557361603e+10 7.788803670269612786e+22
1.195536061103235054e+10 7.788822818659938756e+22
1.196773159015864182e+10 7.788841192620997109e+22
1.198010328059753990e+10 7.788858796917567521e+22
1.199247567343299484e+10 7.788875635566501377e+22
1.200484876313414955e+10 7.788891711848952365e+22
1.201722254746948814e+10 7.788907028334267230e+22
1.202959702738817978e+10 7.788921586913221437e+22
1.204197220687244225e+10 7.788935388841388278e+22
1.205434809276279259e+10 7.788948434790742229e+22
1.206672469455898857e+10 7.788960724909759975e+22
1.207910202420086861e+10 7.788972258889599812e+22
1.209148009583101845e+10 7.788983036036929867e+22
1.210385892554280472e+10 7.788993055351094903e+22
1.211623853111810112e+10 7.789002315605420383e+22
1.212861893175725365e+10 7.789010815430467728e+22
1.214100014780533218e+10 7.789018553399421960e+22
1.215338220047766113e+10 7.789025528112939113e+22
1.216576511158815002e+10 7.789031738283921506e+22
1.217814890328354454e+10 7.789037182819558333e+22
1.219053359778672791e+10 7.789041860901057698e+22
1.220291921715159035e+10 7.789045772058964577e+22
1.221530578303255463e+10 7.789048916243188915e+22
1.222769331647037697e+10 7.789051293888475352e+22
1.224008183769667435e+10 7.789052905971965860e+22
1.225247136595907211e+10 7.789053754064452452e+22
1.226486191936747551e+10 7.789053840374085190e+22
1.227725351476382446e+10 7.789053167781109406e+22
1.228964616761567307e+10 7.789051739865549793e+22
1.230203989193263626e+10 7.789049560924987536e+22
1.231443470020815849e+10 7.789046635984463908e+22
1.232683060338455582e+10 7.789042970797720103e+22
1.233922761084115219e+10 7.789038571839743119e+22
1.235162573040595818e+10 7.789033446291048864e+22
1.236402496838745499e+10 7.789027602014799711e+22
1.237642532962768936e+10 7.789021047525902542e+22
1.238882681757265282e+10 7.789013791953494894e+22
1.240122943436045074e+10 7.789005844997703362e+22
1.241363318092369270e+10 7.788997216880058538e+22
1.242603805710472488e+10 7.788987918290371635e+22
1.243844406178116989e+10 7.788977960328936974e+22
1.245085119299987411e+10 7.788967354446110523e+22
1.246325944811727524e+10 7.788956112379334938e+22
1.247566882394252014e+10 7.788944246089515323e+22
1.248807931688207626e+10 7.788931767696589691e+22
1.250049092308467293e+10 7.788918689415720180e+22
1.251290363858115768e+10 7.788905023494859994e+22
1.252531745942142296e+10 7.788890782154454414e+22
1.253773238180280685e+10 7.788875977530123118e+22
1.255014840219029617e+10 7.788860621618788539e+22
1.256256551742686844e+10 7.788844726229369304e+22
1.257498372483135033e+10 7.788828302938282027e+22
