# # x,sigmayy
0.000000000000000000e+00 -3.320455131519137529e-04 -0.000000000000000000e+00 2.492135023891807975e-13
2.500000000000000139e-02 -2.368192425506341139e-02 -2.437500000000000083e-02 -2.374726368355917910e-02
5.000000000000000278e-02 -4.759175968842416227e-02 -4.750000000000000056e-02 -4.749452736736756858e-02
7.500000000000001110e-02 -6.872087600259249585e-02 -6.937500000000001998e-02 -6.874522381952950789e-02
1.000000000000000056e-01 -9.004793473427299966e-02 -9.000000000000001055e-02 -8.999592027169144026e-02
1.250000000000000000e-01 -1.087298073303463730e-01 -1.093750000000000000e-01 -1.087455810179190074e-01
1.500000000000000222e-01 -1.275358508567488447e-01 -1.275000000000000022e-01 -1.274952417641465607e-01
1.750000000000000167e-01 -1.437332232820055788e-01 -1.443750000000000033e-01 -1.437453062650209668e-01
2.000000000000000111e-01 -1.600297157785313673e-01 -1.600000000000000311e-01 -1.599953707658954005e-01
2.250000000000000056e-01 -1.737358608387377656e-01 -1.743750000000000022e-01 -1.737454943408033026e-01
2.500000000000000000e-01 -1.875244880820116367e-01 -1.875000000000000000e-01 -1.874956179157112046e-01
2.750000000000000222e-01 -1.987383677385105851e-01 -1.993749999999999967e-01 -1.987458958886062499e-01
3.000000000000000444e-01 -2.100194994233057222e-01 -2.100000000000000200e-01 -2.099961738615012952e-01
3.250000000000000111e-01 -2.187409025635091986e-01 -2.193750000000000144e-01 -2.187465541876758013e-01
3.500000000000000333e-01 -2.275145771889676982e-01 -2.274999999999999800e-01 -2.274969345138502796e-01
3.750000000000000000e-01 -2.337434719979149533e-01 -2.343750000000000000e-01 -2.337473995760589451e-01
4.000000000000000222e-01 -2.400096976975859275e-01 -2.399999999999999911e-01 -2.399978646382676106e-01
4.250000000000000444e-01 -2.437460712389481476e-01 -2.443750000000000089e-01 -2.437483845500248436e-01
4.500000000000000111e-01 -2.475048426493249853e-01 -2.475000000000000255e-01 -2.474989044617820488e-01
4.750000000000000333e-01 -2.487486883836633467e-01 -2.493749999999999856e-01 -2.487494522307662215e-01
5.000000000000000000e-01 -2.499999999997502553e-01 -2.500000000000000000e-01 -2.499999999997503664e-01
5.250000000000000222e-01 -2.487513116158375781e-01 -2.493749999999999856e-01 -2.487505477687347311e-01
5.500000000000000444e-01 -2.474951573501757152e-01 -2.474999999999999978e-01 -2.475010955377190680e-01
5.750000000000000666e-01 -2.437539287605529625e-01 -2.443749999999999811e-01 -2.437516154494759890e-01
6.000000000000000888e-01 -2.399903023019139270e-01 -2.399999999999999911e-01 -2.400021353612328823e-01
6.250000000000000000e-01 -2.337565280015854452e-01 -2.343750000000000000e-01 -2.337526004234418142e-01
6.500000000000000222e-01 -2.274854228105336329e-01 -2.274999999999999800e-01 -2.275030654856507739e-01
6.750000000000000444e-01 -2.187590974359922280e-01 -2.193749999999999867e-01 -2.187534458118251535e-01
7.000000000000000666e-01 -2.099805005761944676e-01 -2.099999999999999645e-01 -2.100038261379995053e-01
7.250000000000000888e-01 -1.987616322609902231e-01 -1.993749999999999689e-01 -1.987541041108945028e-01
7.500000000000000000e-01 -1.874755119174881246e-01 -1.875000000000000000e-01 -1.875043820837895281e-01
7.750000000000000222e-01 -1.737641391607646635e-01 -1.743749999999999745e-01 -1.737545056586985159e-01
8.000000000000000444e-01 -1.599702842209702325e-01 -1.599999999999999756e-01 -1.600046292336075038e-01
8.250000000000000666e-01 -1.437667767174950206e-01 -1.443749999999999478e-01 -1.437546937344789111e-01
8.500000000000000888e-01 -1.274641491427505047e-01 -1.274999999999999467e-01 -1.275047582353503184e-01
8.750000000000000000e-01 -1.087701926691578003e-01 -1.093750000000000000e-01 -1.087544189815889684e-01
9.000000000000000222e-01 -8.995206526523492896e-02 -8.999999999999998279e-02 -9.000407972782760446e-02
9.250000000000000444e-01 -6.877912399690613854e-02 -6.937499999999996447e-02 -6.875477617995406909e-02
9.500000000000000666e-01 -4.740824031103618719e-02 -4.749999999999993811e-02 -4.750547263208051985e-02
9.750000000000000888e-01 -2.381807574449303772e-02 -2.437499999999991410e-02 -2.375273631604025992e-02
1.000000000000000000e+00 3.320455135383066020e-04 -0.000000000000000000e+00 0.000000000000000000e+00
