# # x,sigmayy
0.000000000000000000e+00 6.589291442199179775e-03 -0.000000000000000000e+00 1.257738751739081742e-12
1.666666666666666644e-02 1.538179243470421190e-02 1.638888888888888687e-02 1.638886657484460094e-02
3.333333333333333287e-02 3.259015198226982574e-02 3.222222222222222154e-02 3.222221243285601500e-02
5.000000000000000971e-02 4.666305735087256101e-02 4.750000000000000749e-02 4.750003757529198262e-02
6.666666666666666574e-02 6.235026440705424694e-02 6.222222222222222043e-02 6.222223803591091229e-02
8.333333333333332871e-02 7.634202989428960640e-02 7.638888888888888118e-02 7.638889776390427044e-02
1.000000000000000194e-01 9.010630990990665945e-02 9.000000000000002442e-02 9.000001675927207789e-02
1.166666666666666824e-01 1.030394165425454478e-01 1.030555555555555669e-01 1.030555676933920251e-01
1.333333333333333315e-01 1.155613830719204038e-01 1.155555555555555641e-01 1.155555660083766867e-01
1.499999999999999944e-01 1.274864978513773617e-01 1.275000000000000022e-01 1.275000117042260350e-01
1.666666666666666574e-01 1.388910630823266545e-01 1.388888888888888951e-01 1.388888992282406587e-01
1.833333333333333481e-01 1.497213580573958924e-01 1.497222222222222288e-01 1.497222318054967638e-01
2.000000000000000389e-01 1.600017153297872974e-01 1.600000000000000311e-01 1.600000094359943781e-01
2.166666666666666741e-01 1.697220702869548514e-01 1.697222222222222188e-01 1.697222309640495919e-01
2.333333333333333648e-01 1.788888747267726731e-01 1.788888888888889028e-01 1.788888970645103882e-01
2.500000000000000000e-01 1.874997822972606920e-01 1.875000000000000000e-01 1.875000077373769058e-01
2.666666666666666630e-01 1.955556990398917283e-01 1.955555555555555658e-01 1.955555627403512964e-01
2.833333333333333814e-01 2.030554334115221293e-01 2.030555555555555725e-01 2.030555622150948536e-01
2.999999999999999889e-01 2.100000277661235315e-01 2.099999999999999922e-01 2.100000061616076052e-01
3.166666666666667074e-01 2.163889948181158818e-01 2.163888888888889084e-01 2.163888945287147092e-01
3.333333333333333148e-01 2.222221137668944635e-01 2.222222222222222376e-01 2.222222273462852726e-01
3.500000000000000333e-01 2.274999965531542268e-01 2.274999999999999800e-01 2.275000046143192955e-01
3.666666666666666963e-01 2.322223328935674180e-01 2.322222222222222188e-01 2.322222263219063110e-01
3.833333333333333592e-01 2.363887786685390513e-01 2.363888888888889261e-01 2.363888924753555776e-01
4.000000000000000777e-01 2.400000004905067097e-01 2.399999999999999911e-01 2.400000030746670676e-01
4.166666666666666852e-01 2.430556655989727366e-01 2.430555555555555247e-01 2.430555581174755342e-01
4.333333333333333481e-01 2.455554455347033482e-01 2.455555555555555547e-01 2.455555576050951205e-01
4.500000000000000111e-01 2.474999999647214954e-01 2.475000000000000255e-01 2.475000015375257989e-01
4.666666666666667296e-01 2.488889989883090181e-01 2.488888888888888540e-01 2.488888899142465139e-01
4.833333333333333925e-01 2.497221121510620756e-01 2.497222222222222343e-01 2.497222227354914392e-01
5.000000000000000000e-01 2.500000000150187640e-01 2.500000000000000000e-01 2.500000000012605472e-01
5.166666666666667185e-01 2.497223322877422103e-01 2.497222222222222343e-01 2.497222217114676290e-01
5.333333333333333259e-01 2.488887788093055720e-01 2.488888888888888817e-01 2.488888878660444615e-01
5.500000000000000444e-01 2.474999999277413265e-01 2.474999999999999978e-01 2.474999984649909890e-01
5.666666666666667629e-01 2.455556656268204074e-01 2.455555555555555547e-01 2.455555535085341967e-01
5.833333333333333703e-01 2.430554453842146689e-01 2.430555555555555525e-01 2.430555529961538896e-01
5.999999999999999778e-01 2.400000003649615798e-01 2.399999999999999911e-01 2.399999969278500400e-01
6.166666666666666963e-01 2.363889987367424061e-01 2.363888888888888706e-01 2.363888853049389283e-01
6.333333333333334147e-01 2.322221125795909669e-01 2.322222222222221910e-01 2.322222181250552520e-01
6.500000000000000222e-01 2.274999967357598518e-01 2.274999999999999800e-01 2.274999953881988723e-01
6.666666666666666297e-01 2.222223336323006504e-01 2.222222222222222376e-01 2.222222171006744684e-01
6.833333333333334592e-01 2.163887748830296831e-01 2.163888888888888529e-01 2.163888832515782623e-01
7.000000000000000666e-01 2.100000250922382794e-01 2.099999999999999645e-01 2.099999938409102818e-01
7.166666666666666741e-01 2.030556544592717616e-01 2.030555555555555447e-01 2.030555488985325563e-01
7.333333333333333925e-01 1.955554756807160177e-01 1.955555555555555380e-01 1.955555483732752398e-01
7.500000000000000000e-01 1.874998015720897027e-01 1.875000000000000000e-01 1.874999922651383877e-01
7.666666666666667185e-01 1.788890860439735497e-01 1.788888888888888751e-01 1.788888807157850425e-01
7.833333333333333259e-01 1.697218733833012472e-01 1.697222222222222188e-01 1.697222134829134421e-01
8.000000000000001554e-01 1.600015608821919733e-01 1.599999999999999201e-01 1.599999905665235034e-01
8.166666666666667629e-01 1.497216457088144936e-01 1.497222222222221732e-01 1.497222126414662347e-01
8.333333333333333703e-01 1.388906573046108373e-01 1.388888888888888673e-01 1.388888785520555058e-01
8.500000000000000888e-01 1.274877086086560751e-01 1.274999999999999467e-01 1.274999882982914001e-01
8.666666666666666963e-01 1.155610704972784564e-01 1.155555555555555364e-01 1.155555451052520943e-01
8.833333333333334147e-01 1.030406544946311925e-01 1.030555555555554975e-01 1.030555434202365117e-01
9.000000000000000222e-01 9.009676222302583082e-02 8.999999999999998279e-02 8.999998324324461063e-02
9.166666666666666297e-01 7.634644892221111034e-02 7.638888888888892281e-02 7.638888001639106140e-02
9.333333333333334592e-01 6.233855804486206770e-02 6.222222222222211635e-02 6.222220641105116745e-02
9.500000000000000666e-01 4.673815915079895106e-02 4.749999999999993811e-02 4.749996242722491491e-02
9.666666666666667851e-01 3.255734171949736799e-02 3.222222222222211052e-02 3.222223201410547716e-02
9.833333333333333925e-01 1.547200138239546337e-02 1.638888888888883136e-02 1.638891120545019758e-02
1.000000000000000000e+00 5.997904436671076117e-03 -0.000000000000000000e+00 1.259063669073296743e-12
