  0 1.039666e-14
  1 6.727964e-14
  2 2.800376e-13
  3 8.297601e-13
  4 1.886540e-12
  5 3.496457e-12
  6 5.541313e-12
  7 7.796460e-12
  8 1.002695e-11
  9 1.205720e-11
 10 1.379287e-11
 11 1.520885e-11
 12 1.632473e-11
 13 1.718206e-11
 14 1.782866e-11
 15 1.830983e-11
 16 1.866444e-11
 17 1.892397e-11
 18 1.911295e-11
 19 1.925009e-11
 20 1.934934e-11
 21 1.942105e-11
 22 1.947279e-11
 23 1.951009e-11
 24 1.953697e-11
 25 1.955633e-11
 26 1.957027e-11
 27 1.958031e-11
 28 1.958754e-11
 29 1.959274e-11
 30 1.959649e-11
 31 1.959918e-11
 32 1.960112e-11
 33 1.960252e-11
 34 1.960353e-11
 35 1.960426e-11
 36 1.960478e-11
 37 1.960516e-11
 38 1.960543e-11
 39 1.960562e-11
 40 1.960576e-11
 41 1.960587e-11
 42 1.960594e-11
 43 1.960599e-11
 44 1.960603e-11
 45 1.960606e-11
 46 1.960608e-11
 47 1.960609e-11
 48 1.960610e-11
 49 1.960611e-11
