# # x,u,p,exx,e,tauxx
0.000000000000000000e+00 -6.000000000000000000e+00 -4.483435412384033203e+06 5.722865390123961490e-17 5.724328647107675923e-17 1.144573078024792485e+07
1.000000000000000000e+04 -5.998192768425739452e+00 -4.476277881462097168e+06 5.730677174967369540e-17 5.730091099929719189e-17 1.146135434993473999e+07
2.000000000000000000e+04 -5.996383071639664664e+00 -4.469245804656982422e+06 5.738573193557821749e-17 5.739748792470728137e-17 1.147714638711564429e+07
3.000000000000000000e+04 -5.994568727137884245e+00 -4.448872235588073730e+06 5.759964152159125574e-17 5.759374292401529463e-17 1.151992830431825295e+07
4.000000000000000000e+04 -5.992747658745100736e+00 -4.428588103633880615e+06 5.781365954126888204e-17 5.781833634347783516e-17 1.156273190825377777e+07
5.000000000000000000e+04 -5.990918521701965815e+00 -4.397532050651550293e+06 5.810910018111441342e-17 5.810335895830730992e-17 1.162182003622288443e+07
6.000000000000000000e+04 -5.989080091265349459e+00 -4.366510157512664795e+06 5.840389092208098583e-17 5.840062558992407208e-17 1.168077818441619724e+07
7.000000000000000000e+04 -5.987232055539562836e+00 -4.328049912597656250e+06 5.871724493011481108e-17 5.871203236627365557e-17 1.174344898602296412e+07
8.000000000000000000e+04 -5.985374140608136884e+00 -4.289572361610412598e+06 5.902971752560814699e-17 5.902039637228390330e-17 1.180594350512162969e+07
9.000000000000000000e+04 -5.983506910725234995e+00 -4.246895483238220215e+06 5.930875201144542433e-17 5.930438443652742489e-17 1.186175040228908509e+07
1.000000000000000000e+05 -5.981630856863183965e+00 -4.204169512863159180e+06 5.958716026604843486e-17 5.957466908926957292e-17 1.191743205320968851e+07
1.100000000000000000e+05 -5.979747090086467765e+00 -4.159832108444213867e+06 5.979998058896030674e-17 5.979657304853708668e-17 1.195999611779206246e+07
1.200000000000000000e+05 -5.977856569128315201e+00 -4.115436067028045654e+06 6.001258511517240130e-17 5.999942284137347429e-17 1.200251702303448133e+07
1.300000000000000000e+05 -5.975960627294634619e+00 -4.071176150283813477e+06 6.014638008501145952e-17 6.014385674604517686e-17 1.202927601700229384e+07
1.400000000000000000e+05 -5.974060418319973920e+00 -4.026863423622131348e+06 6.028027772753333473e-17 6.026803004776478911e-17 1.205605554550666735e+07
1.500000000000000000e+05 -5.972157266273144138e+00 -3.983664018539428711e+06 6.033554053482375640e-17 6.033371971970791578e-17 1.206710810696475208e+07
1.600000000000000000e+05 -5.970252328612011716e+00 -3.940424664775848389e+06 6.039106287851319903e-17 6.038046782099797607e-17 1.207821257570264116e+07
1.700000000000000000e+05 -5.968346792231637110e+00 -3.898692034797668457e+06 6.037560578883527655e-17 6.037428312005824328e-17 1.207512115776705556e+07
1.800000000000000000e+05 -5.966441710177527114e+00 -3.856933142532348633e+06 6.036043781324599492e-17 6.035166161680574542e-17 1.207208756264919974e+07
1.900000000000000000e+05 -5.964538082490491888e+00 -3.816693753128051758e+06 6.028497605580685719e-17 6.028397379320506356e-17 1.205699521116137318e+07
2.000000000000000000e+05 -5.962636811856769192e+00 -3.776439483314514160e+06 6.020976432463832031e-17 6.020266627195091525e-17 1.204195286492766440e+07
2.100000000000000000e+05 -5.960738709065556584e+00 -3.737505193908691406e+06 6.008525275025687577e-17 6.008443821824981456e-17 1.201705055005137622e+07
2.200000000000000000e+05 -5.958844519112386884e+00 -3.698564301036834717e+06 5.996092830842438225e-17 5.995524377385829490e-17 1.199218566168487817e+07
2.300000000000000000e+05 -5.956954884489241486e+00 -3.660652167388916016e+06 5.979722152715623368e-17 5.979650698280187892e-17 1.195944430543124862e+07
2.400000000000000000e+05 -5.955070405516256216e+00 -3.622738728916168213e+06 5.963364061842738835e-17 5.962908472393176523e-17 1.192672812368547916e+07
2.500000000000000000e+05 -5.953191585600381863e+00 -3.585547938949584961e+06 5.943898855722095285e-17 5.943832280808254334e-17 1.188779771144419163e+07
2.600000000000000000e+05 -5.951318901865668920e+00 -3.548358755493164062e+06 5.924441367129923886e-17 5.924073148557604679e-17 1.184888273425984755e+07
2.700000000000000000e+05 -5.949452747833305466e+00 -3.511613439682006836e+06 5.902542307122219878e-17 5.902478029031599655e-17 1.180508461424444057e+07
2.800000000000000000e+05 -5.947593500483444373e+00 -3.474871057167053223e+06 5.880647527635346313e-17 5.880345864416117744e-17 1.176129505527069420e+07
2.900000000000000000e+05 -5.945741468947489672e+00 -3.438340028915405273e+06 5.856828884820548698e-17 5.856765915517868061e-17 1.171365776964109764e+07
3.000000000000000000e+05 -5.943896951219131530e+00 -3.401812308052062988e+06 5.833012335889980319e-17 5.832761119808396865e-17 1.166602467177996039e+07
3.100000000000000000e+05 -5.942060192713122468e+00 -3.365314314201354980e+06 5.807667359864082070e-17 5.807605634004590277e-17 1.161533471972816437e+07
3.200000000000000000e+05 -5.940231430349618869e+00 -3.328819400688171387e+06 5.782323232649993483e-17 5.782110437157810053e-17 1.156464646529998817e+07
3.300000000000000000e+05 -5.938410861808143260e+00 -3.292220134414672852e+06 5.755749810719111927e-17 5.755689646482809584e-17 1.151149962143822573e+07
3.400000000000000000e+05 -5.936598677345084063e+00 -3.255623420753479004e+06 5.729176687644082236e-17 5.728993469430951093e-17 1.145835337528816611e+07
3.500000000000000000e+05 -5.934795038865767758e+00 -3.218828644348144531e+06 5.701599797589278379e-17 5.701541645372039474e-17 1.140319959517855756e+07
3.600000000000000000e+05 -5.933000101229636059e+00 -3.182036599418640137e+06 5.674023454463730797e-17 5.673863226837818445e-17 1.134804690892746300e+07
3.700000000000000000e+05 -5.931213999044989471e+00 -3.144984233169555664e+06 5.645614154756764096e-17 5.645558092381734687e-17 1.129122830951352976e+07
3.800000000000000000e+05 -5.929436860564632816e+00 -3.107933348224639893e+06 5.617204184417053761e-17 5.617062201089761795e-17 1.123440836883410811e+07
3.900000000000000000e+05 -5.927668800347924538e+00 -3.070586157554626465e+06 5.588091002564770872e-17 5.588037696961495542e-17 1.117618200512954220e+07
4.000000000000000000e+05 -5.925909925752181451e+00 -3.033239291007995605e+06 5.558978132669741763e-17 5.558851455351528181e-17 1.111795626533948444e+07
4.100000000000000000e+05 -5.924160335314288872e+00 -2.995575463493347168e+06 5.529262347750760157e-17 5.529211850930263883e-17 1.105852469550152123e+07
4.200000000000000000e+05 -5.922420120762875051e+00 -2.957912294715881348e+06 5.499546682087352581e-17 5.499432218525814902e-17 1.099909336417470500e+07
4.300000000000000000e+05 -5.920689368353643012e+00 -2.919924532356262207e+06 5.469305457778147771e-17 5.469257681205094511e-17 1.093861091555629671e+07
4.400000000000000000e+05 -5.918968157684586728e+00 -2.881937149318695068e+06 5.439064544661317207e-17 5.438960243208712354e-17 1.087812908932263590e+07
4.500000000000000000e+05 -5.917256565186288064e+00 -2.843625542121887207e+06 5.408359095983746184e-17 5.408313931019578905e-17 1.081671819196749292e+07
4.600000000000000000e+05 -5.915554661024438943e+00 -2.805314117843627930e+06 5.377654038735169799e-17 5.377558231575559057e-17 1.075530807747033983e+07
4.700000000000000000e+05 -5.913862513736892090e+00 -2.766683804954528809e+06 5.346532901311894615e-17 5.346490176364174696e-17 1.069306580262378976e+07
4.800000000000000000e+05 -5.912180186090710166e+00 -2.728053541786193848e+06 5.315412195169604823e-17 5.315323502671790060e-17 1.063082439033921063e+07
4.900000000000000000e+05 -5.910507740239002494e+00 -2.689112560951232910e+06 5.283914147808596025e-17 5.283873657584905979e-17 1.056782829561719298e+07
5.000000000000000000e+05 -5.908845233108492856e+00 -2.650171534511566162e+06 5.252416547036260713e-17 5.252333824073052095e-17 1.050483309407252260e+07
5.100000000000000000e+05 -5.907192721649839662e+00 -2.610929299819946289e+06 5.220572789818670694e-17 5.220534300184765981e-17 1.044114557963734306e+07
5.200000000000000000e+05 -5.905550258151052390e+00 -2.571686968269348145e+06 5.188729481176421465e-17 5.188651776912578536e-17 1.037745896235284396e+07
5.300000000000000000e+05 -5.903917895310078379e+00 -2.532153344917297363e+06 5.156565173838848194e-17 5.156528456323438762e-17 1.031313034767769650e+07
5.400000000000000000e+05 -5.902295681728453758e+00 -2.492619602012634277e+06 5.124401293614550381e-17 5.124327749076021096e-17 1.024880258722910099e+07
5.500000000000000000e+05 -5.900683666641262981e+00 -2.452804175453186035e+06 5.091936652546585270e-17 5.091901477177133775e-17 1.018387330509317107e+07
5.600000000000000000e+05 -5.899081895726325797e+00 -2.412988629886627197e+06 5.059472405389055660e-17 5.059402326723428002e-17 1.011894481077811122e+07
5.700000000000000000e+05 -5.897490415399277097e+00 -2.372900510986328125e+06 5.026723690339241634e-17 5.026689848485125769e-17 1.005344738067848422e+07
5.800000000000000000e+05 -5.895909269015720433e+00 -2.332812256649017334e+06 4.993975344708571901e-17 4.993908135991476617e-17 9.987950689417144284e+06
5.900000000000000000e+05 -5.894338500693490523e+00 -2.292459695259094238e+06 4.960955616102232010e-17 4.960922905216697332e-17 9.921911232204465196e+06
6.000000000000000000e+05 -5.892778151956706623e+00 -2.252107004638671875e+06 4.927936213352243960e-17 4.927871309095548149e-17 9.855872426704488695e+06
6.100000000000000000e+05 -5.891228265095887373e+00 -2.211497439468383789e+06 4.894655705031414538e-17 4.894623952573138621e-17 9.789311410062829033e+06
6.200000000000000000e+05 -5.889688880219164702e+00 -2.170887754020690918e+06 4.861375484264900110e-17 4.861312495304410919e-17 9.722750968529801816e+06
6.300000000000000000e+05 -5.888160038149042208e+00 -2.130027701591491699e+06 4.827842311432301960e-17 4.827811359895506402e-17 9.655684622864603996e+06
6.400000000000000000e+05 -5.886641777888620197e+00 -2.089167527885437012e+06 4.794309399082836892e-17 4.794247917400994440e-17 9.588618798165675253e+06
6.500000000000000000e+05 -5.885134139112177643e+00 -2.048062711830139160e+06 4.760529769709024821e-17 4.760499470059545459e-17 9.521059539418051019e+06
6.600000000000000000e+05 -5.883637160003408972e+00 -2.006957804840087891e+06 4.726750361221314922e-17 4.726690055968987813e-17 9.453500722442630678e+06
6.700000000000000000e+05 -5.882150879355314999e+00 -1.965613063667297363e+06 4.692728937359380639e-17 4.692699183977051804e-17 9.385457874718762934e+06
6.800000000000000000e+05 -5.880675334749135175e+00 -1.924268224987030029e+06 4.658707648987146728e-17 4.658648293244918583e-17 9.317415297974294052e+06
6.900000000000000000e+05 -5.879210564303856579e+00 -1.882687625221252441e+06 4.624448074966213074e-17 4.624418696668507376e-17 9.248896149932427332e+06
7.000000000000000000e+05 -5.877756605097724574e+00 -1.841107985290527344e+06 4.590187923885323099e-17 4.590129518788264304e-17 9.180375847770646214e+06
7.100000000000000000e+05 -5.876313495110005114e+00 -1.799295557403564453e+06 4.555692680883720629e-17 4.555663772647888067e-17 9.111385361767442897e+06
7.200000000000000000e+05 -5.874881270550799783e+00 -1.757482638473510742e+06 4.521197867550040774e-17 4.521139348951998492e-17 9.042395735100083053e+06
7.300000000000000000e+05 -5.873459969243271850e+00 -1.715441137413024902e+06 4.486467232945147715e-17 4.486438500460574232e-17 8.972934465890295804e+06
7.400000000000000000e+05 -5.872049627783791692e+00 -1.673398950336456299e+06 4.451737247493262475e-17 4.451679418865411037e-17 8.903474494986526668e+06
7.500000000000000000e+05 -5.870650283231847233e+00 -1.631129832015991211e+06 4.416773684036880814e-17 4.416745157653675175e-17 8.833547368073761463e+06
7.600000000000000000e+05 -5.869261972239564251e+00 -1.588860678466796875e+06 4.381810204881330928e-17 4.381752585492809675e-17 8.763620409762661904e+06
7.700000000000000000e+05 -5.867884731758244321e+00 -1.546366449584960938e+06 4.346613496149155772e-17 4.346585111460138898e-17 8.693226992298312485e+06
7.800000000000000000e+05 -5.866518598438243082e+00 -1.503872174770355225e+06 4.311416869387832821e-17 4.311359360877715266e-17 8.622833738775666803e+06
7.900000000000000000e+05 -5.865163609186675231e+00 -1.461154273689270020e+06 4.275986965204524065e-17 4.275958672799290854e-17 8.551973930409049615e+06
8.000000000000000000e+05 -5.863819800713180541e+00 -1.418436333038330078e+06 4.240557132680077762e-17 4.240499656027082345e-17 8.481114265360156074e+06
8.100000000000000000e+05 -5.862487209935131283e+00 -1.375495842117309570e+06 4.204893671102368140e-17 4.204865429363486712e-17 8.409787342204736546e+06
8.200000000000000000e+05 -5.861165873662876002e+00 -1.332555318893432617e+06 4.169230264999881728e-17 4.169172749819172998e-17 8.338460529999764636e+06
8.300000000000000000e+05 -5.859855828874302119e+00 -1.289393015098571777e+06 4.133332624440718893e-17 4.133304404818863808e-17 8.266665248881438747e+06
8.400000000000000000e+05 -5.858557112510296427e+00 -1.246230676647186279e+06 4.097435029355285167e-17 4.097377427394555134e-17 8.194870058710571378e+06
8.500000000000000000e+05 -5.857269761638338679e+00 -1.202847040763854980e+06 4.061302450089868117e-17 4.061274220535662589e-17 8.122604900179737248e+06
8.600000000000000000e+05 -5.855993813346316301e+00 -1.159463376743316650e+06 4.025169906877287702e-17 4.025112183162394910e-17 8.050339813754575327e+06
8.700000000000000000e+05 -5.854729304816737923e+00 -1.115858688896179199e+06 3.988801506283859464e-17 3.988773252015185350e-17 7.977603012567719445e+06
8.800000000000000000e+05 -5.853476273298022114e+00 -1.072253982532501221e+06 3.952433133248813633e-17 3.952375266572557071e-17 7.904866266497627832e+06
8.900000000000000000e+05 -5.852234756096124535e+00 -1.028428244552612305e+06 3.915828010251320764e-17 3.915799711797717196e-17 7.831656020502641797e+06
9.000000000000000000e+05 -5.851004790617696294e+00 -9.846025041999816895e+05 3.879222908917841618e-17 3.879164872669117843e-17 7.758445817835683003e+06
9.100000000000000000e+05 -5.849786414302085902e+00 -9.405556418914794922e+05 3.842380125564454341e-17 3.842351773968509894e-17 7.684760251128909178e+06
9.200000000000000000e+05 -5.848579664716686111e+00 -8.965087651710510254e+05 3.805537356554451587e-17 3.805479156281041396e-17 7.611074713108903728e+06
9.300000000000000000e+05 -5.847384579421279760e+00 -8.522404620971679688e+05 3.768456084882007332e-17 3.768427666059517733e-17 7.536912169764014892e+06
9.400000000000000000e+05 -5.846201196121801225e+00 -8.079721482429504395e+05 3.731374825485500939e-17 3.731316465736612331e-17 7.462749650971002877e+06
9.500000000000000000e+05 -5.845029552488866464e+00 -7.634820002746582031e+05 3.694054311886972795e-17 3.694025823053774274e-17 7.388108623773946427e+06
9.600000000000000000e+05 -5.843869686354744353e+00 -7.189918437614440918e+05 3.656733804664965119e-17 3.656675280702456060e-17 7.313467609329931438e+06
9.700000000000000000e+05 -5.842721635492654997e+00 -6.742792760467529297e+05 3.619173367467343311e-17 3.619144804435423243e-17 7.238346734934687614e+06
9.800000000000000000e+05 -5.841585437845520978e+00 -6.295666892204284668e+05 3.581612932496202521e-17 3.581554275896721200e-17 7.163225864992405288e+06
9.900000000000000000e+05 -5.840461131264867767e+00 -5.846310645904541016e+05 3.543812062365448250e-17 3.543783414477136800e-17 7.087624124730897136e+06
1.000000000000000000e+06 -5.839348753774735279e+00 -5.396954399604797363e+05 3.506011196515999884e-17 3.505952409006219226e-17 7.012022393031999469e+06
1.010000000000000000e+06 -5.838248343275507679e+00 -4.945359158782958984e+05 3.467969568736769723e-17 3.467940853834061238e-17 6.935939137473540381e+06
1.020000000000000000e+06 -5.837159937845488145e+00 -4.493763611946105957e+05 3.429927963050693617e-17 3.429869086625517291e-17 6.859855926101388410e+06
1.030000000000000000e+06 -5.836083575379563015e+00 -4.039919308853149414e+05 3.391645541898317066e-17 3.391616752244832927e-17 6.783291083796634339e+06
1.040000000000000000e+06 -5.835019293978427335e+00 -3.586083806686401367e+05 3.353363033085192372e-17 3.353304257707858243e-17 6.706726066170385107e+06
1.050000000000000000e+06 -5.833967131629956171e+00 -3.129985297927856445e+05 3.314839470129273927e-17 3.314810994862190350e-17 6.629678940258548595e+06
1.060000000000000000e+06 -5.832927126417176034e+00 -2.673883273353576660e+05 3.276316844403219757e-17 3.276258042122655284e-17 6.552633688806440681e+06
1.070000000000000000e+06 -5.831899315565094000e+00 -2.215516442947387695e+05 3.237554250385630655e-17 3.237525228752758739e-17 6.475108500771261752e+06
1.080000000000000000e+06 -5.830883737576936454e+00 -1.757143638954162598e+05 3.198790880189495332e-17 3.198731981600123712e-17 6.397581760378991254e+06
1.090000000000000000e+06 -5.829880430030737415e+00 -1.296486406784057617e+05 3.159788409070167586e-17 3.159759356511673431e-17 6.319576818140335381e+06
1.100000000000000000e+06 -5.828889430802974836e+00 -8.358294675064086914e+04 3.120785850663696221e-17 3.120726964133332493e-17 6.241571701327392831e+06
1.110000000000000000e+06 -5.827910777388884078e+00 -3.728713924407958984e+04 3.081545065244240656e-17 3.081515925543783488e-17 6.163090130488481373e+06
1.120000000000000000e+06 -5.826944507471956136e+00 9.008695110321044922e+03 3.042304285517205383e-17 3.042245483896820112e-17 6.084608571034410968e+06
1.130000000000000000e+06 -5.825990658308961123e+00 5.553660953521728516e+04 3.002826767319848738e-17 3.002797524076609743e-17 6.005653534639697522e+06
1.140000000000000000e+06 -5.825049267352109261e+00 1.020645599365234375e+05 2.963349274603330420e-17 2.963290601655726194e-17 5.926698549206661060e+06
1.150000000000000000e+06 -5.824120371537846452e+00 1.488269442901611328e+05 2.923636971569247933e-17 2.923607605452898756e-17 5.847273943138496019e+06
1.160000000000000000e+06 -5.823204008030228529e+00 1.955893728523254395e+05 2.883924700743409573e-17 2.883866178440135075e-17 5.767849401486819610e+06
1.170000000000000000e+06 -5.822300213376566447e+00 2.425890516357421875e+05 2.843979956959528246e-17 2.843950448368003832e-17 5.687959913919056766e+06
1.180000000000000000e+06 -5.821409024392433906e+00 2.895887938499450684e+05 2.804035260388656552e-17 2.803976931358807233e-17 5.608070520777313039e+06
1.190000000000000000e+06 -5.820530477144322923e+00 3.368292001266479492e+05 2.763860949258735546e-17 2.763831259993959514e-17 5.527721898517471738e+06
1.200000000000000000e+06 -5.819664608026586805e+00 3.840696812019348145e+05 2.723686704880331073e-17 2.723628592962078321e-17 5.447373409760662355e+06
1.210000000000000000e+06 -5.818811452537114626e+00 4.315549294204711914e+05 2.683286182524108142e-17 2.683256275393164512e-17 5.366572365048216656e+06
1.220000000000000000e+06 -5.817971046585914685e+00 4.790402614479064941e+05 2.642885741775230311e-17 2.642827860385203623e-17 5.285771483550461009e+06
1.230000000000000000e+06 -5.817143425005176560e+00 5.267754048385620117e+05 2.602262915576016840e-17 2.602232733431632548e-17 5.204525831152033992e+06
1.240000000000000000e+06 -5.816328623142223542e+00 5.745106346740722656e+05 2.561640192029695243e-17 2.561582558423670097e-17 5.123280384059390984e+06
1.250000000000000000e+06 -5.815526675058319661e+00 6.225016466598510742e+05 2.520799558223282840e-17 2.520769037775707676e-17 5.041599116446565837e+06
1.260000000000000000e+06 -5.814737615459451447e+00 6.704927743263244629e+05 2.479959047986566985e-17 2.479901663853921673e-17 4.959918095973134041e+06
1.270000000000000000e+06 -5.813961477521162990e+00 7.187468884658813477e+05 2.438905746554586888e-17 2.438874802897115551e-17 4.877811493109174073e+06
1.280000000000000000e+06 -5.813198295219702771e+00 7.670011280288696289e+05 2.397852581096983302e-17 2.397795436988522191e-17 4.795705162193967029e+06
1.290000000000000000e+06 -5.812448100743028867e+00 8.155268244934082031e+05 2.356592339497773551e-17 2.356560886610573014e-17 4.713184678995547816e+06
1.300000000000000000e+06 -5.811710927251444225e+00 8.640526499977111816e+05 2.315332249377528087e-17 2.315275345326181190e-17 4.630664498755056411e+06
1.310000000000000000e+06 -5.810986805844735592e+00 9.128598099517822266e+05 2.273871373608655017e-17 2.273839312594398337e-17 4.547742747217310593e+06
1.320000000000000000e+06 -5.810275768786247852e+00 9.616671036529541016e+05 2.232410659085475328e-17 2.232353917555359360e-17 4.464821318170951679e+06
1.330000000000000000e+06 -5.809577846040794746e+00 1.010766852455139160e+06 2.190755706959003637e-17 2.190722925134297869e-17 4.381511413918008097e+06
1.340000000000000000e+06 -5.808893068940289339e+00 1.059866691730499268e+06 2.149100916103468877e-17 2.149044230321627687e-17 4.298201832206938416e+06
1.350000000000000000e+06 -5.808221466332331495e+00 1.109271302581787109e+06 2.107258323026756501e-17 2.107224733546444465e-17 4.214516646053513512e+06
1.360000000000000000e+06 -5.807563068635193559e+00 1.158675964515686035e+06 2.065415845853274852e-17 2.065359029838271263e-17 4.130831691706549842e+06
1.370000000000000000e+06 -5.806917903736030340e+00 1.208398288543701172e+06 2.023391189803722445e-17 2.023356632121423318e-17 4.046782379607445095e+06
1.380000000000000000e+06 -5.806286001238967209e+00 1.258119789611816406e+06 1.981367102413073265e-17 1.981309414977583507e-17 3.962734204826146830e+06
1.390000000000000000e+06 -5.805667388355483460e+00 1.308172052314758301e+06 1.939162843681236789e-17 1.939127089067455252e-17 3.878325687362473924e+06
1.400000000000000000e+06 -5.805062094731852085e+00 1.358224382202148438e+06 1.896958564613197266e-17 1.896899594636192985e-17 3.793917129226394929e+06
1.410000000000000000e+06 -5.804470147982326189e+00 1.408617540672302246e+06 1.854571642916062379e-17 1.854534955298788787e-17 3.709143285832125228e+06
1.420000000000000000e+06 -5.803891578130282447e+00 1.459011245330810547e+06 1.812185446284335763e-17 1.812123767976195120e-17 3.624370892568672076e+06
1.430000000000000000e+06 -5.803326414508566344e+00 1.509754706039428711e+06 1.769602814975770617e-17 1.769564765517148610e-17 3.539205629951541312e+06
1.440000000000000000e+06 -5.802774689774405026e+00 1.560497994602203369e+06 1.727021382869572218e-17 1.726954226291671778e-17 3.454042765739144757e+06
1.450000000000000000e+06 -5.802236437501466781e+00 1.611595060989379883e+06 1.684211842533591937e-17 1.684171982575632445e-17 3.368423685067184269e+06
1.460000000000000000e+06 -5.801711696101565785e+00 1.662692179615020752e+06 1.641404670618057684e-17 1.641327607396603719e-17 3.282809341236115433e+06
1.470000000000000000e+06 -5.801200507317168409e+00 1.714142014404296875e+06 1.598308146080015336e-17 1.598265556083674949e-17 3.196616292160030920e+06
1.480000000000000000e+06 -5.800702920718550537e+00 1.765592498897552490e+06 1.555216090162584203e-17 1.555121802069222040e-17 3.110432180325168651e+06
1.490000000000000000e+06 -5.800218992199078549e+00 1.817391022148132324e+06 1.511727124173001159e-17 1.511679959724768686e-17 3.023454248346002772e+06
1.500000000000000000e+06 -5.799748791120674873e+00 1.869191547119140625e+06 1.468246233829497687e-17 1.468123028108194357e-17 2.936492467658995651e+06
1.510000000000000000e+06 -5.799292396220899093e+00 1.921338125473022461e+06 1.424191353107360703e-17 1.424136096008535857e-17 2.848382706214721780e+06
1.520000000000000000e+06 -5.798849909899779220e+00 1.973489391777038574e+06 1.380150503300048986e-17 1.379980359743539682e-17 2.760301006600098219e+06
1.530000000000000000e+06 -5.798421445726073209e+00 2.026003208351135254e+06 1.335258792631388085e-17 1.335189023324223351e-17 2.670517585262776352e+06
1.540000000000000000e+06 -5.798007158642291436e+00 2.078526580303192139e+06 1.290390498810235998e-17 1.290146539200687201e-17 2.580780997620472219e+06
1.550000000000000000e+06 -5.797607212664598109e+00 2.131480034942626953e+06 1.244257960374273282e-17 1.244162531881670989e-17 2.488515920748546720e+06
1.560000000000000000e+06 -5.797221842742086295e+00 2.184451352893829346e+06 1.198163008532590900e-17 1.197806833168044224e-17 2.396326017065182328e+06
1.570000000000000000e+06 -5.796851282009034989e+00 2.238032197479248047e+06 1.150215421520004821e-17 1.150075745966051719e-17 2.300430843040009961e+06
1.580000000000000000e+06 -5.796495881978362519e+00 2.291644361038208008e+06 1.102325782629075272e-17 1.101805044646163762e-17 2.204651565258150920e+06
1.590000000000000000e+06 -5.796155964337805777e+00 2.346262829452514648e+06 1.051790498135014872e-17 1.051576863825924269e-17 2.103580996270029806e+06
1.600000000000000000e+06 -5.795832042301883646e+00 2.400933397766113281e+06 1.001340574446826783e-17 1.000588776887006694e-17 2.002681148893653881e+06
1.610000000000000000e+06 -5.795524540424779047e+00 2.457398040130615234e+06 9.472516337418286447e-18 9.469185093166083031e-18 1.894503267483657459e+06
1.620000000000000000e+06 -5.795234182538743894e+00 2.513945107162475586e+06 8.932812948811975040e-18 8.922230372235204871e-18 1.786562589762395248e+06
1.630000000000000000e+06 -5.794961492845335016e+00 2.573735891174316406e+06 8.345660046741014442e-18 8.340469510988140515e-18 1.669132009348202962e+06
1.640000000000000000e+06 -5.794707444535762697e+00 2.633650240478515625e+06 7.760011863828200875e-18 7.745710248849163192e-18 1.552002372765640263e+06
1.650000000000000000e+06 -5.794472616157816169e+00 2.699320355346679688e+06 7.117451034289407831e-18 7.109491662608873014e-18 1.423490206857881742e+06
1.660000000000000000e+06 -5.794258225190242584e+00 2.765162912696838379e+06 6.476481863877851216e-18 6.458394733585289175e-18 1.295296372775570489e+06
1.670000000000000000e+06 -5.794064771116454793e+00 2.840882845069885254e+06 5.777244208315337848e-18 5.765391758559744736e-18 1.155448841663067695e+06
1.680000000000000000e+06 -5.793893593266586706e+00 2.916815307945251465e+06 5.078922627210400507e-18 5.058662574413408374e-18 1.015784525442080223e+06
1.690000000000000000e+06 -5.793744810457146954e+00 3.008996238174438477e+06 4.342793475641353260e-18 4.325927919424364744e-18 8.685586951282707741e+05
1.700000000000000000e+06 -5.793619496987812312e+00 3.101369402656555176e+06 3.605118213117404771e-18 3.588048037185923312e-18 7.210236426234809915e+05
1.710000000000000000e+06 -5.793516806062095625e+00 3.219049896804809570e+06 2.897016682807404198e-18 2.874681876807373541e-18 5.794033365614808863e+05
1.720000000000000000e+06 -5.793436651200473797e+00 3.336714847404479980e+06 2.182041707894899373e-18 2.179964435321250423e-18 4.364083415789799183e+05
1.730000000000000000e+06 -5.793376284753120053e+00 3.490724201919555664e+06 1.644603058572017580e-18 1.618510772812265836e-18 3.289206117144035525e+05
1.740000000000000000e+06 -5.793332851749511292e+00 3.644111417354583740e+06 1.094131898823135438e-18 1.124591489773713435e-18 2.188263797646270832e+05
1.750000000000000000e+06 -5.793300777329404738e+00 3.842791766151428223e+06 9.525048903716926249e-19 9.287954612298670551e-19 1.905009780743385490e+05
1.760000000000000000e+06 -5.793272734212854047e+00 4.039846661785125732e+06 8.015657050050377753e-19 8.705140129885374236e-19 1.603131410010075779e+05
1.770000000000000000e+06 -5.793241000816965247e+00 4.279167254173278809e+06 1.232770450399065435e-18 1.221899522853145076e-18 2.465540900798131188e+05
1.780000000000000000e+06 -5.793194927659323312e+00 4.516522758319854736e+06 1.675054118289143240e-18 1.732439847759351726e-18 3.350108236578286742e+05
1.790000000000000000e+06 -5.793129439755514198e+00 4.770004442352294922e+06 2.487434736802313081e-18 2.495546051012861219e-18 4.974869473604626837e+05
1.800000000000000000e+06 -5.793037932718422489e+00 5.023330205314636230e+06 3.312345915743679902e-18 3.285462072341391947e-18 6.624691831487361342e+05
1.810000000000000000e+06 -5.792924714314688472e+00 5.249648316635131836e+06 3.862588925016438790e-18 3.884828956181141780e-18 7.725177850032878341e+05
1.820000000000000000e+06 -5.792794144645903032e+00 5.478412068572998047e+06 4.394124412027361179e-18 4.325084152961061207e-18 8.788248824054722209e+05
1.830000000000000000e+06 -5.792657217247771939e+00 5.652539945487976074e+06 4.302103343803200605e-18 4.336130080166724903e-18 8.604206687606401974e+05
1.840000000000000000e+06 -5.792522616532938429e+00 5.829000072746276855e+06 4.209542216758512716e-18 4.200452751477730285e-18 8.419084433517026482e+05
1.850000000000000000e+06 -5.792396059519483664e+00 5.957837841156005859e+06 3.829990277350780737e-18 3.862031605604412612e-18 7.659980554701562505e+05
1.860000000000000000e+06 -5.792280885930585654e+00 6.087134056579589844e+06 3.455510356821785861e-18 3.524334464080934980e-18 6.911020713643572526e+05
1.870000000000000000e+06 -5.792173863142758172e+00 6.190031280769348145e+06 3.340945604264690905e-18 3.368622328155371757e-18 6.681891208529382711e+05
1.880000000000000000e+06 -5.792070021480583364e+00 6.289974685253143311e+06 3.247841481009630795e-18 3.340613849677627854e-18 6.495682962019261904e+05
1.890000000000000000e+06 -5.791962268157572424e+00 6.372553655464172363e+06 3.573452376874537118e-18 3.601920171347438313e-18 7.146904753749074880e+05
1.900000000000000000e+06 -5.791844482319125298e+00 6.457932440647125244e+06 3.735484527395366359e-18 3.892920757318991183e-18 7.470969054790732916e+05
1.910000000000000000e+06 -5.791709321239251196e+00 6.522374164047241211e+06 4.986386888423324144e-18 4.964769627043094622e-18 9.972773776846649125e+05
1.920000000000000000e+06 -5.791529765513385719e+00 6.573762289638519287e+06 6.794695778525447508e-18 6.938365651597446155e-18 1.358939155705089681e+06
1.930000000000000000e+06 -5.791315645977000770e+00 6.336035036270141602e+06 6.373854115322707290e-18 6.945133595693309774e-18 1.274770823064541677e+06
1.940000000000000000e+06 -5.791127478436126630e+00 6.134148545635223389e+06 6.846464784291062095e-18 6.494447672680250662e-18 1.369292956858212594e+06
1.950000000000000000e+06 -5.790920996320084058e+00 6.570076075180053711e+06 4.944602284300970930e-18 4.981653279692090785e-18 9.889204568601942156e+05
1.960000000000000000e+06 -5.790815398874031850e+00 7.201401486278533936e+06 -1.578424928856387575e-19 3.930928222424463501e-18 -3.156849857712775702e+04
1.970000000000000000e+06 -5.790530497640550500e+00 1.043026679821777344e+07 2.011939559814996529e-17 1.566473220965126960e-17 4.023879119629993569e+06
1.980000000000000000e+06 -5.789545559196976221e+00 9.235865227989196777e+06 3.507350544113098266e-15 2.480207021024290791e-15 4.299947606987632811e+06
1.990000000000000000e+06 -4.735094748865080305e+00 5.746138094352722168e+06 5.985466089470070583e-14 6.172846240241308604e-14 1.197093217894014204e+06
2.000000000000000000e+06 -2.011806665895761626e+00 6.458843750846862793e+06 1.127168480541423364e-13 1.102267011018785034e-13 2.254336961082846858e+06
2.010000000000000000e+06 7.122194711836413727e-01 5.745218125686645508e+06 5.994158570803963787e-14 6.189082893184136792e-14 1.198831714160792762e+06
2.020000000000000000e+06 1.771418504384301373e+00 9.255428570999145508e+06 3.614445800347617236e-15 2.555931934298118255e-15 4.321199536521552131e+06
2.030000000000000000e+06 1.772409293771013861e+00 1.046816795443725586e+07 2.029908664199989461e-17 1.582618673528393204e-17 4.059817328399979044e+06
2.040000000000000000e+06 1.772699685297528527e+00 7.245093314006805420e+06 1.671491005816994532e-20 3.948637444016414441e-18 3.342982011634012451e+03
2.050000000000000000e+06 1.772811104932651594e+00 6.611664589614868164e+06 5.132738287146756537e-18 5.146393973128362746e-18 1.026547657429351355e+06
2.060000000000000000e+06 1.773023639101069415e+00 6.168388117881774902e+06 7.012608753168670059e-18 6.690877242638725490e-18 1.402521750633734278e+06
2.070000000000000000e+06 1.773217255896467170e+00 6.383552166015625000e+06 6.582339020797778745e-18 7.173278049355131981e-18 1.316467804159555817e+06
2.080000000000000000e+06 1.773439084744834915e+00 6.631963591331481934e+06 7.070803274127929889e-18 7.175310330993975266e-18 1.414160654825586127e+06
2.090000000000000000e+06 1.773623702485159326e+00 6.564692807472229004e+06 5.035084819323909605e-18 5.028304754695669924e-18 1.007016963864782010e+06
2.100000000000000000e+06 1.773756875130223731e+00 6.487388361545562744e+06 3.570464883318096435e-18 3.711052160468734658e-18 7.140929766636193963e+05
2.110000000000000000e+06 1.773862309908203594e+00 6.372054667373657227e+06 2.946011363067736165e-18 2.974148821252622039e-18 5.892022726135472767e+05
2.120000000000000000e+06 1.773942813226605741e+00 6.258659636566162109e+06 2.169105034501578318e-18 2.212206211886316805e-18 4.338210069003156968e+05
2.130000000000000000e+06 1.774001290923099772e+00 6.120724651512145996e+06 1.523863776943117829e-18 1.543302205595634174e-18 3.047727553886235692e+05
2.140000000000000000e+06 1.774038992193660347e+00 5.981067622993469238e+06 8.861815738609261178e-19 9.220110404686089352e-19 1.772363147721852292e+05
2.150000000000000000e+06 1.774059209517723890e+00 5.827179407020568848e+06 3.744321003552111172e-19 3.845903648641836181e-19 7.488642007104223012e+04
2.160000000000000000e+06 1.774062624550560852e+00 5.673079052474975586e+06 -1.428411537369993348e-19 1.438004666336090606e-19 -2.856823074739986987e+04
2.170000000000000000e+06 1.774049389069810356e+00 5.507454801811218262e+06 -7.111322245654273488e-19 7.046865850101603811e-19 -1.422264449130854919e+05
2.180000000000000000e+06 1.774017741297980955e+00 5.342499881855010986e+06 -1.284365432862075753e-18 1.300513464301586446e-18 -2.568730865724151663e+05
2.190000000000000000e+06 1.773966688135455660e+00 5.171710797225952148e+06 -1.961405850003423275e-18 1.962716432428481736e-18 -3.922811700006846804e+05
2.200000000000000000e+06 1.773893946775476627e+00 5.001427898399353027e+06 -2.646047137168628521e-18 2.642985709411692158e-18 -5.292094274337256793e+05
2.210000000000000000e+06 1.773800778967210778e+00 4.840451914688110352e+06 -3.261188460646570048e-18 3.269327174660254277e-18 -6.522376921293140622e+05
2.220000000000000000e+06 1.773688116213545163e+00 4.679070890483856201e+06 -3.872972652227730393e-18 3.843322506977846785e-18 -7.745945304455461446e+05
2.230000000000000000e+06 1.773560874474843230e+00 4.543250076347351074e+06 -4.197095477143385891e-18 4.212191733413020409e-18 -8.394190954286772758e+05
2.240000000000000000e+06 1.773423215693086252e+00 4.406514738910675049e+06 -4.519067521861793718e-18 4.492436483026002064e-18 -9.038135043723587878e+05
2.250000000000000000e+06 1.773280592148585244e+00 4.302143828575134277e+06 -4.527991413506670710e-18 4.546584528906487453e-18 -9.055982827013342176e+05
2.260000000000000000e+06 1.773137430609424525e+00 4.197130508258819580e+06 -4.541915699183514210e-18 4.533815817178502708e-18 -9.083831398367029615e+05
2.270000000000000000e+06 1.772997057409365862e+00 4.121613511199951172e+06 -4.357524617535371943e-18 4.375009463072364277e-18 -8.715049235070744762e+05
2.280000000000000000e+06 1.772862404571683870e+00 4.045907735233306885e+06 -4.178596655234747955e-18 4.184855235365747996e-18 -8.357193310469496064e+05
2.290000000000000000e+06 1.772734569485398204e+00 3.992636191757202148e+06 -3.920762841623051844e-18 3.934858575513155477e-18 -7.841525683246104745e+05
2.300000000000000000e+06 1.772614944840782192e+00 3.939427643390655518e+06 -3.665389874026368356e-18 3.677652125756538945e-18 -7.330779748052738141e+05
2.310000000000000000e+06 1.772503326459681672e+00 3.901598580070495605e+06 -3.403756020902891381e-18 3.414154020452310221e-18 -6.807512041805783520e+05
2.320000000000000000e+06 1.772400116098771683e+00 3.863907375045776367e+06 -3.142265176737850871e-18 3.155088698433985300e-18 -6.284530353475701995e+05
2.330000000000000000e+06 1.772304591856874723e+00 3.836107379058837891e+06 -2.906752716469817130e-18 2.914014346688150899e-18 -5.813505432939634193e+05
2.340000000000000000e+06 1.772216655819721209e+00 3.808440226436614990e+06 -2.670390075699517258e-18 2.681407262843937594e-18 -5.340780151399034075e+05
2.350000000000000000e+06 1.772135497174330387e+00 3.786865756958007812e+06 -2.469041430858386492e-18 2.473939875537167256e-18 -4.938082861716773477e+05
2.360000000000000000e+06 1.772060821776004325e+00 3.765395161525726318e+06 -2.266640739385668212e-18 2.275246508132378302e-18 -4.533281478771336842e+05
2.370000000000000000e+06 1.771991913079224990e+00 3.747567079673767090e+06 -2.097487919176854874e-18 2.100728178927966936e-18 -4.194975838353710133e+05
2.380000000000000000e+06 1.771928438406487949e+00 3.729812492378234863e+06 -1.927408733340329471e-18 1.933778162600870309e-18 -3.854817466680658981e+05
2.390000000000000000e+06 1.771869830025996961e+00 3.714202618698120117e+06 -1.784851636711759833e-18 1.786985426679122826e-18 -3.569703273423520150e+05
2.400000000000000000e+06 1.771815787138466547e+00 3.698642402015686035e+06 -1.641581396546763643e-18 1.646150029729705698e-18 -3.283162793093527434e+05
2.410000000000000000e+06 1.771765887581239429e+00 3.684354653312683105e+06 -1.519460204360108777e-18 1.520885256701431562e-18 -3.038920408720217529e+05
2.420000000000000000e+06 1.771719886103776176e+00 3.670097193698883057e+06 -1.396827198038010604e-18 1.400057957721428169e-18 -2.793654396076021367e+05
2.430000000000000000e+06 1.771677481717782499e+00 3.656636079238891602e+06 -1.289710928577361969e-18 1.290697800787491522e-18 -2.579421857154724130e+05
2.440000000000000000e+06 1.771638485740576918e+00 3.643193609909057617e+06 -1.182254838267086124e-18 1.184539609387036609e-18 -2.364509676534172613e+05
2.450000000000000000e+06 1.771602688737550890e+00 3.630298861907958984e+06 -1.085872445795530710e-18 1.086597770348893155e-18 -2.171744891591061605e+05
2.460000000000000000e+06 1.771569950683986150e+00 3.617414650417327881e+06 -9.892684130897108889e-19 9.909176036375969257e-19 -1.978536826179421914e+05
2.470000000000000000e+06 1.771540127444345858e+00 3.604961254035949707e+06 -9.004862337228275408e-19 9.010602538819110564e-19 -1.800972467445655202e+05
2.480000000000000000e+06 1.771513116315247327e+00 3.592513644088745117e+06 -8.115655301537954424e-19 8.128032336153999949e-19 -1.623131060307591106e+05
2.490000000000000000e+06 1.771488817352325551e+00 3.580447966461181641e+06 -7.282201093154523496e-19 7.287092758966134494e-19 -1.456440218630904856e+05
2.500000000000000000e+06 1.771467154557403889e+00 3.568385194908142090e+06 -6.447914349244497157e-19 6.457735138390918216e-19 -1.289582869848899572e+05
2.510000000000000000e+06 1.771448056409781646e+00 3.556687535041809082e+06 -5.654696742832316686e-19 5.659123924668496712e-19 -1.130939348566463450e+05
2.520000000000000000e+06 1.771431464825817592e+00 3.544991183032989502e+06 -4.860998338509505110e-19 4.869304498202583590e-19 -9.721996677019010531e+04
2.530000000000000000e+06 1.771417325564112799e+00 3.533655750740051270e+06 -4.099341303024989526e-19 4.103516329650169261e-19 -8.198682606049979222e+04
2.540000000000000000e+06 1.771405591751196607e+00 3.522320816184997559e+06 -3.337416964862639061e-19 3.344877696970069309e-19 -6.674833929725279449e+04
2.550000000000000000e+06 1.771396218930956223e+00 3.511345725036621094e+06 -2.602401665889682398e-19 2.606438277188098573e-19 -5.204803331779365544e+04
2.560000000000000000e+06 1.771389166641034185e+00 3.500370757774353027e+06 -1.867243354323218217e-19 1.874277270785453853e-19 -3.734486708646436455e+04
2.570000000000000000e+06 1.771384395373990506e+00 3.489753655433654785e+06 -1.156429853538560788e-19 1.160387249059337025e-19 -2.312859707077121857e+04
2.580000000000000000e+06 1.771381867810885025e+00 3.479136536834716797e+06 -4.455424784544843088e-20 4.524297014894267450e-20 -8.910849569089687066e+03
2.590000000000000000e+06 1.771381546427481357e+00 3.468873412048339844e+06 2.419614673197624638e-20 2.380968898837675863e-20 4.839229346395250104e+03
2.600000000000000000e+06 1.771383394955525326e+00 3.458610237464904785e+06 9.295031901912562052e-20 9.227360001224386694e-20 1.859006380382512725e+04
2.610000000000000000e+06 1.771387376123254809e+00 3.448695343116760254e+06 1.593670384249632795e-19 1.589818804868426492e-19 3.187340768499265687e+04
2.620000000000000000e+06 1.771393453438029120e+00 3.438780438076019287e+06 2.257858077647492458e-19 2.251045544527320177e-19 4.515716155294985219e+04
2.630000000000000000e+06 1.771401588960921147e+00 3.429207091278076172e+06 2.898166421582219274e-19 2.894343956458713591e-19 5.796332843164438964e+04
2.640000000000000000e+06 1.771411745273362204e+00 3.419633766807556152e+06 3.538487059882599524e-19 3.531599746819153340e-19 7.076974119765199430e+04
2.650000000000000000e+06 1.771423883309466651e+00 3.410394890960693359e+06 4.154164947890134253e-19 4.150367202200346333e-19 8.308329895780268998e+04
2.660000000000000000e+06 1.771437964368514084e+00 3.401156065502166748e+06 4.769851865388916760e-19 4.762878967272509467e-19 9.539703730777834426e+04
2.670000000000000000e+06 1.771453948101768150e+00 3.392244839126586914e+06 5.360046892492836516e-19 5.356268730633362122e-19 1.072009378498567385e+05
2.680000000000000000e+06 1.771471794411676903e+00 3.383333692432403564e+06 5.950250059631556195e-19 5.943185050257799693e-19 1.190050011926311417e+05
2.690000000000000000e+06 1.771491461647936250e+00 3.374743821067810059e+06 6.514103891997755507e-19 6.510339287084843075e-19 1.302820778399551200e+05
2.700000000000000000e+06 1.771512908308673362e+00 3.366154016944885254e+06 7.077965185031743165e-19 7.070808747116644756e-19 1.415593037006348604e+05
2.710000000000000000e+06 1.771536091507353028e+00 3.357880079223632812e+06 7.614663824386711790e-19 7.610910057571041910e-19 1.522932764877342561e+05
2.720000000000000000e+06 1.771560968411694192e+00 3.349606212051391602e+06 8.151378378221582344e-19 8.144133324341969372e-19 1.630275675644316652e+05
2.730000000000000000e+06 1.771587495022594050e+00 3.341643654846191406e+06 8.660161517521860140e-19 8.656419438621966926e-19 1.732032303504372248e+05
2.740000000000000000e+06 1.771615627194315312e+00 3.333680353057861328e+06 9.168968779683748616e-19 9.161654960476490114e-19 1.833793755936749803e+05
2.750000000000000000e+06 1.771645320008562230e+00 3.326025089576721191e+06 9.649165587077209377e-19 9.645447398604632756e-19 1.929833117415441957e+05
2.760000000000000000e+06 1.771676528095901482e+00 3.318370040676116943e+06 1.012945338667307925e-18 1.012206842062056425e-18 2.025890677334616194e+05
2.770000000000000000e+06 1.771709206258079705e+00 3.311018907348632812e+06 1.058058933597727830e-18 1.057682579266407794e-18 2.116117867195455765e+05
2.780000000000000000e+06 1.771743307697107195e+00 3.303668522895812988e+06 1.103162899256487388e-18 1.102416933147589106e-18 2.206325798512974870e+05
2.790000000000000000e+06 1.771778785826793934e+00 3.296620343452453613e+06 1.145302234845002524e-18 1.144926594928800703e-18 2.290604469690005353e+05
2.800000000000000000e+06 1.771815593676720146e+00 3.289572177394866943e+06 1.187440185585043100e-18 1.186687356447245300e-18 2.374880371170086437e+05
2.810000000000000000e+06 1.771853683771956733e+00 3.282824506965637207e+06 1.226562720812866199e-18 1.226186540426866433e-18 2.453125441625732637e+05
2.820000000000000000e+06 1.771893008428156779e+00 3.276076867744445801e+06 1.265685233807433544e-18 1.264926713844327975e-18 2.531370467614867375e+05
2.830000000000000000e+06 1.771933519530440870e+00 3.269628465629577637e+06 1.301751862671703032e-18 1.301374971081331173e-18 2.603503725343406259e+05
2.840000000000000000e+06 1.771975168757319530e+00 3.263180086479187012e+06 1.337818489573286588e-18 1.337054964222933123e-18 2.675636979146572994e+05
2.850000000000000000e+06 1.772017907448148577e+00 3.257030050033569336e+06 1.370794651711713273e-18 1.370416994573497117e-18 2.741589303423427045e+05
2.860000000000000000e+06 1.772061686735921127e+00 3.250880027530670166e+06 1.403770685234257970e-18 1.403002741585989530e-18 2.807541370468516252e+05
2.870000000000000000e+06 1.772106457485652653e+00 3.245027711051940918e+06 1.433626706539486697e-18 1.433248351171287592e-18 2.867253413078973535e+05
2.880000000000000000e+06 1.772152170372229829e+00 3.239175409896850586e+06 1.463482561603323700e-18 1.462710928760961992e-18 2.926965123206647113e+05
2.890000000000000000e+06 1.772198775865376330e+00 3.233620384391784668e+06 1.490194017332452579e-18 1.489814970598624389e-18 2.980388034664905281e+05
2.900000000000000000e+06 1.772246224265672465e+00 3.228065367095947266e+06 1.516905271750589333e-18 1.516130497093615814e-18 3.033810543501179200e+05
2.910000000000000000e+06 1.772294465707956901e+00 3.222807300880432129e+06 1.540451708352777673e-18 1.540072125769557238e-18 3.080903416705555865e+05
2.920000000000000000e+06 1.772343450183335722e+00 3.217549233081817627e+06 1.563997825491542948e-18 1.563220567120352319e-18 3.127995650983086089e+05
2.930000000000000000e+06 1.772393127558143711e+00 3.212587953033447266e+06 1.584363385887563728e-18 1.583983378953997573e-18 3.168726771775127854e+05
2.940000000000000000e+06 1.772443447595308585e+00 3.207626655529022217e+06 1.604728694024799681e-18 1.603949819820588602e-18 3.209457388049599249e+05
2.950000000000000000e+06 1.772494359965885780e+00 3.202961934661865234e+06 1.621902078397497117e-18 1.621521819312255187e-18 3.243804156794994487e+05
2.960000000000000000e+06 1.772545814269367082e+00 3.198297208782196045e+06 1.639075136106049145e-18 1.638294838636579098e-18 3.278150272212098353e+05
2.970000000000000000e+06 1.772597760032595948e+00 3.193928926040649414e+06 1.653048437166144791e-18 1.652668041928308882e-18 3.306096874332290026e+05
2.980000000000000000e+06 1.772650146752088540e+00 3.189560635490417480e+06 1.667021384040315768e-18 1.666240906763309011e-18 3.334042768080631504e+05
2.990000000000000000e+06 1.772702923887493398e+00 3.185488620376586914e+06 1.677791732454572732e-18 1.677411420410227636e-18 3.355583464909145841e+05
3.000000000000000000e+06 1.772756040912840669e+00 3.181416596027374268e+06 1.688561810788099298e-18 1.687781389903197611e-18 3.377123621576199075e+05
3.010000000000000000e+06 1.772809447271165961e+00 3.177640711807250977e+06 1.696129318095138693e-18 1.695749249290561740e-18 3.392258636190277757e+05
3.020000000000000000e+06 1.772863092453977885e+00 3.173864829681396484e+06 1.703696418185867925e-18 1.702916734859806254e-18 3.407392836371735903e+05
3.030000000000000000e+06 1.772916925939103550e+00 3.170384868217468262e+06 1.708064781003668832e-18 1.707685066609427447e-18 3.416129562007337809e+05
3.040000000000000000e+06 1.772970897304244176e+00 3.166904890907287598e+06 1.712432810631866923e-18 1.711654868469248390e-18 3.424865621263734065e+05
3.050000000000000000e+06 1.773024956148974374e+00 3.163720717857360840e+06 1.713611151622460915e-18 1.713232152867979012e-18 3.427222303244922077e+05
3.060000000000000000e+06 1.773079052214800999e+00 3.160536573104858398e+06 1.714789275739414843e-18 1.714013504581205365e-18 3.429578551478829468e+05
3.070000000000000000e+06 1.773133135291056428e+00 3.157648076400756836e+06 1.712790604796850824e-18 1.712412201989180959e-18 3.425581209593702224e+05
3.080000000000000000e+06 1.773187155336380938e+00 3.154758837032318115e+06 1.710794166911250207e-18 1.710020358797159295e-18 3.421588333822500426e+05
3.090000000000000000e+06 1.773241062596693007e+00 3.152165331359863281e+06 1.705640938494189637e-18 1.705260508171644212e-18 3.411281876988379518e+05
3.100000000000000000e+06 1.773294807205342050e+00 3.149572009315490723e+06 1.700482044093143648e-18 1.699708036325882233e-18 3.400964088186287554e+05
3.110000000000000000e+06 1.773348339260386819e+00 3.147273600334167480e+06 1.692179652356725781e-18 1.691802724319804513e-18 3.384359304713452002e+05
3.120000000000000000e+06 1.773401609462536666e+00 3.144975773014068604e+06 1.683880806562698658e-18 1.683116841358149598e-18 3.367761613125397125e+05
3.130000000000000000e+06 1.773454568702015566e+00 3.142973212791442871e+06 1.672474484059165948e-18 1.672099435545294669e-18 3.344948968118331977e+05
3.140000000000000000e+06 1.773507168024092806e+00 3.140970601989746094e+06 1.661066852141193880e-18 1.660307784145152689e-18 3.322133704282387625e+05
3.150000000000000000e+06 1.773559358706030986e+00 3.139263399955749512e+06 1.646581510195476330e-18 1.646207839475149201e-18 3.293163020390953170e+05
3.160000000000000000e+06 1.773611092345425133e+00 3.137556212059020996e+06 1.632095914583646098e-18 1.631342919442664450e-18 3.264191829167292453e+05
3.170000000000000000e+06 1.773662320805419412e+00 3.136144780548095703e+06 1.614570754511935294e-18 1.614198453664830515e-18 3.229141509023871040e+05
3.180000000000000000e+06 1.773712996301510358e+00 3.134733372943878174e+06 1.597045532719747266e-18 1.596299477377904755e-18 3.194091065439494560e+05
3.190000000000000000e+06 1.773763071399863556e+00 3.133618371711730957e+06 1.576525548156716462e-18 1.576154589622585670e-18 3.153051096313433372e+05
3.200000000000000000e+06 1.773812499026787171e+00 3.132503402599334717e+06 1.556005551748150306e-18 1.555267199696009779e-18 3.112011103496301221e+05
3.210000000000000000e+06 1.773861232561289247e+00 3.131685870956420898e+06 1.532542354732628041e-18 1.532172714471680098e-18 3.065084709465256310e+05
3.220000000000000000e+06 1.773909225744014551e+00 3.130868390083312988e+06 1.509079339022585345e-18 1.508349638963507610e-18 3.018158678045170964e+05
3.230000000000000000e+06 1.773956432899858715e+00 3.130349895034790039e+06 1.482732344235546360e-18 1.482363808079518685e-18 2.965464688471092959e+05
3.240000000000000000e+06 1.774002808692467736e+00 3.129831461109161377e+06 1.456385611306151698e-18 1.455664991051010347e-18 2.912771222612303682e+05
3.250000000000000000e+06 1.774048308507444105e+00 3.129614164672851562e+06 1.427221075430616440e-18 1.426853470612532598e-18 2.854442150861233240e+05
3.260000000000000000e+06 1.774092888036087556e+00 3.129396936534881592e+06 1.398056935007897525e-18 1.397346747461265697e-18 2.796113870015795110e+05
3.270000000000000000e+06 1.774136503889955918e+00 3.129483840957641602e+06 1.366151106221386359e-18 1.365784079698600110e-18 2.732302212442773161e+05
3.280000000000000000e+06 1.774179112936387082e+00 3.129570814281463623e+06 1.334245964210868391e-18 1.333546493039377659e-18 2.668491928421737393e+05
3.290000000000000000e+06 1.774220673152478556e+00 3.129965724411010742e+06 1.299682929466032788e-18 1.299316054813175298e-18 2.599365858932065894e+05
3.300000000000000000e+06 1.774261142684417036e+00 3.130360730628967285e+06 1.265120699031154373e-18 1.264432517607960033e-18 2.530241398062309017e+05
3.310000000000000000e+06 1.774300481020063769e+00 3.131068566543579102e+06 1.227993105049400733e-18 1.227625770050582462e-18 2.455986210098801530e+05
3.320000000000000000e+06 1.774338647714840622e+00 3.131776507671356201e+06 1.190866573196280769e-18 1.190190188653934124e-18 2.381733146392561612e+05
3.330000000000000000e+06 1.774375603907222709e+00 3.132803264709472656e+06 1.151275038845282120e-18 1.150906584904381320e-18 2.302550077690564503e+05
3.340000000000000000e+06 1.774411310669172348e+00 3.133830134098052979e+06 1.111684938454082546e-18 1.111020124666430376e-18 2.223369876908165170e+05
3.350000000000000000e+06 1.774445730884285588e+00 3.135183025611877441e+06 1.069734698835668985e-18 1.069364249491453952e-18 2.139469397671338229e+05
3.360000000000000000e+06 1.774478827188636476e+00 3.136536046344757080e+06 1.027786333292019852e-18 1.027132042219233492e-18 2.055572666584039689e+05
3.370000000000000000e+06 1.774510564229247134e+00 3.138223384056091309e+06 9.835820914118745717e-19 9.832084833715092910e-19 1.967164182823749434e+05
3.380000000000000000e+06 1.774540906169052468e+00 3.139910837505340576e+06 9.393806427809095962e-19 9.387346245957978674e-19 1.878761285561819386e+05
3.390000000000000000e+06 1.774569819330492182e+00 3.141942085502624512e+06 8.930183263907159921e-19 8.926402952120441546e-19 1.786036652781432203e+05
3.400000000000000000e+06 1.774597269199326144e+00 3.143973471065521240e+06 8.466604420167254242e-19 8.460173907665740257e-19 1.693320884033450857e+05
3.410000000000000000e+06 1.774623223455567889e+00 3.146359049667358398e+06 7.982099996432968276e-19 7.978254147982298252e-19 1.596419999286593811e+05
3.420000000000000000e+06 1.774647648383095522e+00 3.148744006778717041e+06 7.497694988799599480e-19 7.491194479756473551e-19 1.499538997759920021e+05
3.430000000000000000e+06 1.774670512567872560e+00 3.151494871635437012e+06 6.992540893116838802e-19 6.988582172351806271e-19 1.398508178623367858e+05
3.440000000000000000e+06 1.774691781944793378e+00 3.154246206863403320e+06 6.487469803461118268e-19 6.480741423315673688e-19 1.297493960692223773e+05
3.450000000000000000e+06 1.774711424448336627e+00 3.157374687171936035e+06 5.960904715478812762e-19 5.956804594082879636e-19 1.192180943095762632e+05
3.460000000000000000e+06 1.774729404314123071e+00 3.160504452922821045e+06 5.434545306001256953e-19 5.427357547223427500e-19 1.086909061200251454e+05
3.470000000000000000e+06 1.774745687269734251e+00 3.164026588508605957e+06 4.884470536569950910e-19 4.880131670388628183e-19 9.768941073139902437e+04
3.480000000000000000e+06 1.774760232747603972e+00 3.167549825592041016e+06 4.334726263444113085e-19 4.326634239968233914e-19 8.669452526888228022e+04
3.490000000000000000e+06 1.774773001384533311e+00 3.171485196914672852e+06 3.756718302774129110e-19 3.751982993157546816e-19 7.513436605548259104e+04
3.500000000000000000e+06 1.774783943350306314e+00 3.175422706901550293e+06 3.179265406283401877e-19 3.169621217048929755e-19 6.358530812566804525e+04
3.510000000000000000e+06 1.774793010272999627e+00 3.179803394638061523e+06 2.565619180249234505e-19 2.560225201512672896e-19 5.131238360498469410e+04
3.520000000000000000e+06 1.774800136307074894e+00 3.184188001739501953e+06 1.952872778504027068e-19 1.940715872549051111e-19 3.905745557008055039e+04
3.530000000000000000e+06 1.774805258786133155e+00 3.189070175277709961e+06 1.291274458234227320e-19 1.284791824321339503e-19 2.582548916468454991e+04
3.540000000000000000e+06 1.774808286211643660e+00 3.193959258518218994e+06 6.310943909748993176e-20 6.151694223345968544e-20 1.262188781949798795e+04
3.550000000000000000e+06 1.774809135088097900e+00 3.199445473716735840e+06 -9.681129921597072184e-21 1.054541635967988570e-20 -1.936225984319414692e+03
3.560000000000000000e+06 1.774807675185192446e+00 3.204943419006347656e+06 -8.225467772052256681e-20 8.448749174658510158e-20 -1.645093554410451543e+04
3.570000000000000000e+06 1.774803795037620535e+00 3.211220679901123047e+06 -1.642414915549405039e-19 1.653688540832805207e-19 -3.284829831098810246e+04
3.580000000000000000e+06 1.774797309050604399e+00 3.217517089252471924e+06 -2.459075847681345783e-19 2.489742309778389028e-19 -4.918151695362692408e+04
3.590000000000000000e+06 1.774788071664971989e+00 3.224918615379333496e+06 -3.404305653389851555e-19 3.420206624426471496e-19 -6.808611306779703591e+04
3.600000000000000000e+06 1.774775822707386874e+00 3.232350224708557129e+06 -4.344989196588039099e-19 4.387202010322734547e-19 -8.689978393176078680e+04
3.610000000000000000e+06 1.774760380944790938e+00 3.241451666229248047e+06 -5.455035408207119954e-19 5.478079777868400063e-19 -1.091007081641424011e+05
3.620000000000000000e+06 1.774741393142307500e+00 3.250598477649688721e+06 -6.558983434033831670e-19 6.616051322318630026e-19 -1.311796686806766375e+05
3.630000000000000000e+06 1.774718652026795906e+00 3.262360354370117188e+06 -7.873190079792575762e-19 7.906908047718898764e-19 -1.574638015958515170e+05
3.640000000000000000e+06 1.774691701345655126e+00 3.274187474769592285e+06 -9.179890140126056161e-19 9.254308578004233611e-19 -1.835978028025211534e+05
3.650000000000000000e+06 1.774660340718868579e+00 3.290155557075500488e+06 -1.072250656289107483e-18 1.077157341225613432e-18 -2.144501312578215147e+05
3.660000000000000000e+06 1.774624026031033308e+00 3.306211412078857422e+06 -1.225730307263099395e-18 1.234849984378834434e-18 -2.451460614526199060e+05
3.670000000000000000e+06 1.774582640812418788e+00 3.328775311912536621e+06 -1.400611646632233868e-18 1.407616093624973170e-18 -2.801223293264468084e+05
3.680000000000000000e+06 1.774535626146833467e+00 3.351444648429870605e+06 -1.575002824343346698e-18 1.584971102241535525e-18 -3.150005648686693748e+05
3.690000000000000000e+06 1.774483104063486083e+00 3.384120812408447266e+06 -1.757641186483763431e-18 1.767302605685529881e-18 -3.515282372967526899e+05
3.700000000000000000e+06 1.774424692271820536e+00 3.416894044170379639e+06 -1.940795847307651908e-18 1.949187671739081945e-18 -3.881591694615304004e+05
3.710000000000000000e+06 1.774361027976281813e+00 3.464496644401550293e+06 -2.097482661557761096e-18 2.110082948793260491e-18 -4.194965323115522624e+05
3.720000000000000000e+06 1.774292309234139831e+00 3.512113207885742188e+06 -2.256813021718231281e-18 2.258595596032132081e-18 -4.513626043436463224e+05
3.730000000000000000e+06 1.774220109905551679e+00 3.580425856948852539e+06 -2.319739694750720110e-18 2.334692802937291492e-18 -4.639479389501440455e+05
3.740000000000000000e+06 1.774145898399357879e+00 3.648515415813446045e+06 -2.387883748615757939e-18 2.375860007039086444e-18 -4.775767497231516754e+05
3.750000000000000000e+06 1.774072615280970489e+00 3.742630583755493164e+06 -2.252138039688535534e-18 2.267064901727895207e-18 -4.504276079377071583e+05
3.760000000000000000e+06 1.774003754256554988e+00 3.836124152568817139e+06 -2.121009684962025994e-18 2.092311707949749489e-18 -4.242019369924052153e+05
3.770000000000000000e+06 1.773943480125154792e+00 3.956615748794555664e+06 -1.689934905121574642e-18 1.700504388024127736e-18 -3.379869810243149404e+05
3.780000000000000000e+06 1.773897093677031300e+00 4.076270184627532959e+06 -1.257193880535434128e-18 1.226336976286373591e-18 -2.514387761070868582e+05
3.790000000000000000e+06 1.773868332251081981e+00 4.214836513053894043e+06 -5.582621990953880765e-19 5.613009129170748318e-19 -1.116524398190776265e+05
3.800000000000000000e+06 1.773861858846683015e+00 4.353025748165130615e+06 1.438652300493256775e-19 1.528657609446422935e-19 2.877304600986513833e+04
3.810000000000000000e+06 1.773878332784365019e+00 4.493398778503417969e+06 9.043272927237252309e-19 9.090601393685011300e-19 1.808654585447450518e+05
3.820000000000000000e+06 1.773918935644628769e+00 4.634299478485107422e+06 1.659259061161891374e-18 1.647713344598558271e-18 3.318518122323782882e+05
3.830000000000000000e+06 1.773981215694039548e+00 4.761835554542541504e+06 2.297479937616601553e-18 2.309600532966530132e-18 4.594959875233203638e+05
3.840000000000000000e+06 1.774063941550387602e+00 4.890156358539581299e+06 2.926264902120616133e-18 2.930113534688990682e-18 5.852529804241233505e+05
3.850000000000000000e+06 1.774165112242534592e+00 4.999275556373596191e+06 3.504650212937331296e-18 3.519513886868875696e-18 7.009300425874663051e+05
3.860000000000000000e+06 1.774285138249507066e+00 5.107547694900512695e+06 4.083020922109084774e-18 4.132663260232463679e-18 8.166041844218170736e+05
3.870000000000000000e+06 1.774424646197146682e+00 5.191146849433898926e+06 4.777577431769934367e-18 4.809959299240244032e-18 9.555154863539868966e+05
3.880000000000000000e+06 1.774586676004628716e+00 5.275119060482025146e+06 5.477440726002801546e-18 5.505146337201361078e-18 1.095488145200560335e+06
3.890000000000000000e+06 1.774771533006653801e+00 5.323501880691528320e+06 6.251900478618581883e-18 6.278515808563330082e-18 1.250380095723716542e+06
3.900000000000000000e+06 1.774981265953716747e+00 5.372031683444976807e+06 6.805010619499487082e-18 7.045917086533480493e-18 1.361002123899897560e+06
3.910000000000000000e+06 1.775222187759355252e+00 5.385608680549621582e+06 8.698853037190741658e-18 8.663553463066239085e-18 1.739770607438148465e+06
3.920000000000000000e+06 1.775530295802929759e+00 5.391138319320678711e+06 1.139305077089205089e-17 1.150991154159509370e-17 2.278610154178410303e+06
3.930000000000000000e+06 1.775881986861784778e+00 4.923313089866638184e+06 1.033058921583775198e-17 1.115209458165379644e-17 2.066117843167550629e+06
3.940000000000000000e+06 1.776182313007405034e+00 4.503984030807495117e+06 1.049876124685135952e-17 1.010918422186195753e-17 2.099752249370272271e+06
3.950000000000000000e+06 1.776499613025272595e+00 5.059688008453369141e+06 7.814672500157742183e-18 7.693208007413469002e-18 1.562934500031548552e+06
3.960000000000000000e+06 1.776675537625187040e+00 5.839784983409881592e+06 7.335512004337646735e-19 5.157998618471286148e-18 1.467102400867529504e+05
3.970000000000000000e+06 1.777071944169305251e+00 1.000586006131744385e+07 2.699038420060543557e-17 2.109191365722165453e-17 5.398076840121087618e+06
3.980000000000000000e+06 1.778379041122085225e+00 8.363973038394927979e+06 4.667316828745710430e-15 3.300469497827683608e-15 5.677630036522209644e+06
3.990000000000000000e+06 3.158572928290284576e+00 3.754199773658752441e+06 7.819262495829399048e-14 8.073001272960596359e-14 1.563852499165879795e+06
4.000000000000000000e+06 6.713522203889801254e+00 4.688379066505432129e+06 1.471114245366217218e-13 1.438612680325376763e-13 2.942228490732434206e+06
4.010000000000000000e+06 1.026678482620509492e+01 3.757423702926635742e+06 7.807581161216235786e-14 8.051830028254956414e-14 1.561516232243247097e+06
4.020000000000000000e+06 1.164129266895375103e+01 8.315226337673187256e+06 4.545271785839242565e-15 3.214171861242462615e-15 5.620826354209679179e+06
4.030000000000000000e+06 1.164258465209664095e+01 9.920178025367736816e+06 2.657621091342245828e-17 2.073639798501680842e-17 5.315242182684492320e+06
4.040000000000000000e+06 1.164297003182079315e+01 5.763994043754577637e+06 4.288890464408054630e-19 5.081658403146881993e-18 8.577780928816107917e+04
4.050000000000000000e+06 1.164313418282564427e+01 4.983045725730895996e+06 7.393166987919748488e-18 7.315134384280412810e-18 1.478633397583949845e+06
4.060000000000000000e+06 1.164343665303386999e+01 4.434544809364318848e+06 1.003266417914072778e-17 9.608011465640317211e-18 2.006532835828145733e+06
4.070000000000000000e+06 1.164372171178112225e+01 4.826741702285766602e+06 9.776842922723845980e-18 1.055566663782517379e-17 1.955368584544769255e+06
4.080000000000000000e+06 1.164405372043030695e+01 5.267770645145416260e+06 1.070993370822186984e-17 1.088663697648400013e-17 2.141986741644374095e+06
4.090000000000000000e+06 1.164434687274556168e+01 5.284633641456604004e+06 8.423600739040778780e-18 8.369708851099351466e-18 1.684720147808155976e+06
4.100000000000000000e+06 1.164458537767566959e+01 5.289984866916656494e+06 6.905080737793251197e-18 7.174420145980932642e-18 1.381016147558650468e+06
4.110000000000000000e+06 1.164481022261445275e+01 5.286309597091674805e+06 7.131580453582685687e-18 7.160118321645036209e-18 1.426316090716537321e+06
4.120000000000000000e+06 1.164503548880231243e+01 5.283862503463745117e+06 7.124187983766229307e-18 7.244083742138610957e-18 1.424837596753245918e+06
4.130000000000000000e+06 1.164526932518012536e+01 5.257257285659790039e+06 7.716208412077377136e-18 7.764142088100410822e-18 1.543241682415475603e+06
4.140000000000000000e+06 1.164552249883948498e+01 5.228750370975494385e+06 8.336120683615384370e-18 8.444007869189799567e-18 1.667224136723076925e+06
4.150000000000000000e+06 1.164580092840507142e+01 5.152273724311828613e+06 9.302529569246359560e-18 9.357989613156005074e-18 1.860505913849272067e+06
4.160000000000000000e+06 1.164610962985375231e+01 5.076236682712554932e+06 1.028797492918315318e-17 1.027752460631645493e-17 2.057594985836630687e+06
4.170000000000000000e+06 1.164644272190627916e+01 4.915351742706298828e+06 1.079593822196751177e-17 1.085767553257927364e-17 2.159187644393502735e+06
4.180000000000000000e+06 1.164679101765382008e+01 4.758209213417053223e+06 1.130268260252501400e-17 1.119535474488522146e-17 2.260536520505002700e+06
4.190000000000000000e+06 1.164713954994160972e+01 4.500064791954040527e+06 1.076099252265886603e-17 1.080775195128690611e-17 2.152198504531773273e+06
4.200000000000000000e+06 1.164747019984908682e+01 4.245921651725769043e+06 1.019327441393834790e-17 1.014718775405105538e-17 2.038654882787669543e+06
4.210000000000000000e+06 1.164777419173757345e+01 3.929491083229064941e+06 9.073628571261774484e-18 9.099256591397670463e-18 1.814725714252355043e+06
4.220000000000000000e+06 1.164804288373108854e+01 3.613095833450317383e+06 7.973721446919334339e-18 8.053957569983291771e-18 1.594744289383867057e+06
4.230000000000000000e+06 1.164828419194488696e+01 3.299907643997192383e+06 7.300791244096555300e-18 7.296948714749871149e-18 1.460158248819311149e+06
4.240000000000000000e+06 1.164850367463061609e+01 2.983956990627288818e+06 6.645478791928396005e-18 6.746726824708531350e-18 1.329095758385679219e+06
4.250000000000000000e+06 1.164871613154820018e+01 2.714036302566528320e+06 6.782931332217202155e-18 6.757499273969277873e-18 1.356586266443440458e+06
4.260000000000000000e+06 1.164893178069823598e+01 2.441712151306152344e+06 6.907762731787012483e-18 6.959158382772744352e-18 1.381552546357402578e+06
4.270000000000000000e+06 1.164916135288306265e+01 2.224727955001831055e+06 7.617968715825445560e-18 7.586611654573036448e-18 1.523593743165089283e+06
4.280000000000000000e+06 1.164941259031732912e+01 2.006743396400451660e+06 8.309175927151852215e-18 8.314189993849033021e-18 1.661835185430370737e+06
4.290000000000000000e+06 1.164969009145916878e+01 1.835024677185058594e+06 9.273108290498662679e-18 9.245172365624528471e-18 1.854621658099732595e+06
4.300000000000000000e+06 1.164999786440170482e+01 1.663187669765472412e+06 1.022644095624616555e-17 1.020861118439740656e-17 2.045288191249233205e+06
4.310000000000000000e+06 1.165033657355323804e+01 1.524322433219909668e+06 1.124557253120175994e-17 1.122399635227069998e-17 2.249114506240352057e+06
4.320000000000000000e+06 1.165070763096112572e+01 1.385659761981964111e+06 1.226171382527134558e-17 1.223773487837901761e-17 2.452342765054269228e+06
4.330000000000000000e+06 1.165110996526492038e+01 1.268558736450195312e+06 1.324560876712318255e-17 1.323020026519778530e-17 2.649121753424636554e+06
4.340000000000000000e+06 1.165154363020758588e+01 1.151712065353393555e+06 1.423017404429915932e-17 1.420789422003592415e-17 2.846034808859832119e+06
4.350000000000000000e+06 1.165200707182409978e+01 1.048210452308654785e+06 1.514922599576768332e-17 1.513874343157361396e-17 3.029845199153536931e+06
4.360000000000000000e+06 1.165249977663615333e+01 9.449235310974121094e+05 1.607008192046320557e-17 1.605210609604833387e-17 3.214016384092641529e+06
4.370000000000000000e+06 1.165302026710064176e+01 8.495654611663818359e+05 1.692305195494851813e-17 1.691614266090048651e-17 3.384610390989704058e+06
4.380000000000000000e+06 1.165356787844490150e+01 7.543647474670410156e+05 1.777784874829592020e-17 1.776438346431276964e-17 3.555569749659184366e+06
4.390000000000000000e+06 1.165414140279445654e+01 6.637276626968383789e+05 1.857454318240747342e-17 1.857007507258989366e-17 3.714908636481495108e+06
4.400000000000000000e+06 1.165474021445276698e+01 5.731974141502380371e+05 1.937272230257341825e-17 1.936308675549061495e-17 3.874544460514684208e+06
4.410000000000000000e+06 1.165536340273134819e+01 4.852436194076538086e+05 2.012569483038206641e-17 2.012282322948656919e-17 4.025138966076413635e+06
4.420000000000000000e+06 1.165601045170712524e+01 3.973585162620544434e+05 2.087975815466077584e-17 2.087306790418272703e-17 4.175951630932155531e+06
4.430000000000000000e+06 1.165668071032663811e+01 3.109362246246337891e+05 2.160070637571432042e-17 2.159884247192289449e-17 4.320141275142864324e+06
4.440000000000000000e+06 1.165737378461017038e+01 2.245552754821777344e+05 2.232240860642938207e-17 2.231785119880350042e-17 4.464481721285876818e+06
4.450000000000000000e+06 1.165808922723814511e+01 1.390512117156982422e+05 2.302089157011084576e-17 2.301964466382493303e-17 4.604178314022169448e+06
4.460000000000000000e+06 1.165882675278579583e+01 5.357155875015258789e+04 2.371987465610668050e-17 2.371679518584786484e-17 4.743974931221336126e+06
4.470000000000000000e+06 1.165958606371119011e+01 -3.132090236663818359e+04 2.440313031985192779e-17 2.440224957696862615e-17 4.880626063970386051e+06
4.480000000000000000e+06 1.166036696123655858e+01 -1.161987349472045898e+05 2.508669664504909968e-17 2.508460514050662165e-17 5.017339329009819776e+06
4.490000000000000000e+06 1.166116925177383301e+01 -2.006145124969482422e+05 2.575988110039220409e-17 2.575921615263832581e-17 5.151976220078441314e+06
4.500000000000000000e+06 1.166199280128418714e+01 -2.850232939262390137e+05 2.643325758583568173e-17 2.643180588237474845e-17 5.286651517167137004e+06
4.510000000000000000e+06 1.166283748570390166e+01 -3.690185958175659180e+05 2.709989026853220301e-17 2.709935069095372253e-17 5.419978053706441075e+06
4.520000000000000000e+06 1.166370321627846174e+01 -4.530106046524047852e+05 2.776663682225278566e-17 2.776558787939643271e-17 5.553327364450557157e+06
4.530000000000000000e+06 1.166458991351301577e+01 -5.366051542282104492e+05 2.842900869299447684e-17 2.842854336012473607e-17 5.685801738598896191e+06
4.540000000000000000e+06 1.166549751884792308e+01 -6.201983687515258789e+05 2.909144573122000396e-17 2.909064330022547263e-17 5.818289146244001575e+06
4.550000000000000000e+06 1.166642598010008669e+01 -7.034006164093017578e+05 2.975097833154494781e-17 2.975055923861620528e-17 5.950195666308989748e+06
4.560000000000000000e+06 1.166737525779551454e+01 -7.866024588470458984e+05 3.041054713101813625e-17 3.040989144436532328e-17 6.082109426203627139e+06
4.570000000000000000e+06 1.166834531562530231e+01 -8.694204779434204102e+05 3.106807274159405782e-17 3.106768503513568863e-17 6.213614548318811692e+06
4.580000000000000000e+06 1.166933612542021592e+01 -9.522384498367309570e+05 3.172561814250652440e-17 3.172504742124854991e-17 6.345123628501305357e+06
4.590000000000000000e+06 1.167034765946866415e+01 -1.034683649269104004e+06 3.238158605803962858e-17 3.238122180720399710e-17 6.476317211607926525e+06
4.600000000000000000e+06 1.167137989570058387e+01 -1.117128888977050781e+06 3.303756494366180738e-17 3.303704207170657675e-17 6.607512988732362166e+06
4.610000000000000000e+06 1.167243281054947346e+01 -1.199216347030639648e+06 3.369218516309024959e-17 3.369184006321605294e-17 6.738437032618050463e+06
4.620000000000000000e+06 1.167350638470558977e+01 -1.281303817413330078e+06 3.434681184138361761e-17 3.434631484879980448e-17 6.869362368276724592e+06
4.630000000000000000e+06 1.167460059614267998e+01 -1.363051052650451660e+06 3.500015163306035302e-17 3.499982290920320098e-17 7.000030326612071134e+06
4.640000000000000000e+06 1.167571542627594106e+01 -1.444798244991302490e+06 3.565349574547341673e-17 3.565301206476990536e-17 7.130699149094684049e+06
4.650000000000000000e+06 1.167685085317560301e+01 -1.526223961029052734e+06 3.630554180281696543e-17 3.630522741386617716e-17 7.261108360563393682e+06
4.660000000000000000e+06 1.167800685780793479e+01 -1.607649556682586670e+06 3.695759114404331217e-17 3.695711363119755634e-17 7.391518228808662854e+06
4.670000000000000000e+06 1.167918341760701928e+01 -1.688772205513000488e+06 3.760828897827262711e-17 3.760798706676242999e-17 7.521657795654525980e+06
4.680000000000000000e+06 1.168038051248845655e+01 -1.769894692058563232e+06 3.825898968112835957e-17 3.825851474592019817e-17 7.651797936225672252e+06
4.690000000000000000e+06 1.168159811893422528e+01 -1.850731711174011230e+06 3.890826706171557801e-17 3.890797595794548222e-17 7.781653412343116477e+06
4.700000000000000000e+06 1.168283621554570928e+01 -1.931568547470092773e+06 3.955754706843968260e-17 3.955707206908401479e-17 7.911509413687936962e+06
4.710000000000000000e+06 1.168409477773265515e+01 -2.012135723480224609e+06 4.020532529425376572e-17 4.020504337802402591e-17 8.041065058850754052e+06
4.720000000000000000e+06 1.168537378269272331e+01 -2.092702701995849609e+06 4.085310577663917811e-17 4.085262962968852136e-17 8.170621155327836052e+06
4.730000000000000000e+06 1.168667320477210936e+01 -2.173014022209167480e+06 4.149930804902915501e-17 4.149903376746169280e-17 8.299861609805831686e+06
4.740000000000000000e+06 1.168799301982009631e+01 -2.253325174659729004e+06 4.214551241597736389e-17 4.214503472689497890e-17 8.429102483195472509e+06
4.750000000000000000e+06 1.168933320120988917e+01 -2.333392650451660156e+06 4.279006852962957480e-17 4.278980071452880408e-17 8.558013705925915390e+06
4.760000000000000000e+06 1.169069372355335901e+01 -2.413459971370697021e+06 4.343462611997891318e-17 4.343414624168306722e-17 8.686925223995782435e+06
4.770000000000000000e+06 1.169207455932671635e+01 -2.493293814888000488e+06 4.407747270194817467e-17 4.407720979792847476e-17 8.815494540389636531e+06
4.780000000000000000e+06 1.169347568205843757e+01 -2.573128333400726318e+06 4.472032291767582287e-17 4.471983922027474540e-17 8.944064583535164595e+06
4.790000000000000000e+06 1.169489706339513369e+01 -2.652737516510009766e+06 4.536139501358433938e-17 4.536113868157931770e-17 9.072279002716869116e+06
4.800000000000000000e+06 1.169633867557699780e+01 -2.732346427890777588e+06 4.600247528577739213e-17 4.600199233066562072e-17 9.200495057155478746e+06
4.810000000000000000e+06 1.169780049022076085e+01 -2.811738361595153809e+06 4.664174283911590698e-17 4.664148724474694124e-17 9.328348567823182791e+06
4.820000000000000000e+06 1.169928247850463876e+01 -2.891129499225616455e+06 4.728100354433397094e-17 4.728051751014616910e-17 9.456200708866795525e+06
4.830000000000000000e+06 1.170078461090671773e+01 -2.970309078750610352e+06 4.791840676060707162e-17 4.791815468120250203e-17 9.583681352121414617e+06
4.840000000000000000e+06 1.170230685833101525e+01 -3.049488605739593506e+06 4.855580977674931609e-17 4.855532168359874474e-17 9.711161955349864438e+06
4.850000000000000000e+06 1.170384919064681029e+01 -3.128461556381225586e+06 4.919131752026078404e-17 4.919106787268595455e-17 9.838263504052158445e+06
4.860000000000000000e+06 1.170541157817456934e+01 -3.207434442630767822e+06 4.982682572355825287e-17 4.982633625463137854e-17 9.965365144711650908e+06
4.870000000000000000e+06 1.170699399035289368e+01 -3.286204914688110352e+06 5.046040952041789034e-17 5.046016189709784257e-17 1.009208190408357978e+07
4.880000000000000000e+06 1.170859639701353316e+01 -3.364975335186004639e+06 5.109399369280056224e-17 5.109350329985415614e-17 1.021879873856011406e+07
4.890000000000000000e+06 1.171021876725548161e+01 -3.443546823326110840e+06 5.172563043362476247e-17 5.172538455782440381e-17 1.034512608672495373e+07
4.900000000000000000e+06 1.171186107052347758e+01 -3.522118272254943848e+06 5.235726737457981892e-17 5.235677650488138045e-17 1.047145347491596453e+07
4.910000000000000000e+06 1.171352327565220364e+01 -3.600493735488891602e+06 5.298693933231351174e-17 5.298669507529061920e-17 1.059738786646270379e+07
4.920000000000000000e+06 1.171520535179682376e+01 -3.678869160251617432e+06 5.361661142065732692e-17 5.361612063097431964e-17 1.072332228413146734e+07
4.930000000000000000e+06 1.171690726761057455e+01 -3.757051090377807617e+06 5.424430650401921033e-17 5.424406369405239119e-17 1.084886130080384389e+07
4.940000000000000000e+06 1.171862899205068587e+01 -3.835232990413665771e+06 5.487200168189294108e-17 5.487151144745084058e-17 1.097440033637858927e+07
4.950000000000000000e+06 1.172037049365601469e+01 -3.913223550361633301e+06 5.549771222754739386e-17 5.549747084651272905e-17 1.109954244550948031e+07
4.960000000000000000e+06 1.172213174125747059e+01 -3.991214090316772461e+06 5.612342279021599864e-17 5.612293350749190785e-17 1.122468455804320052e+07
4.970000000000000000e+06 1.172391270334435553e+01 -4.069015063957214355e+06 5.674714551188208560e-17 5.674690548302857978e-17 1.134942910237641819e+07
4.980000000000000000e+06 1.172571334869588178e+01 -4.146816033290863037e+06 5.737086824127269855e-17 5.737038045197258163e-17 1.147417364825453982e+07
4.990000000000000000e+06 1.172753364581685176e+01 -4.224429043304443359e+06 5.799260408164551232e-17 5.799236540535478311e-17 1.159852081632910296e+07
5.000000000000000000e+06 1.172937356350101545e+01 -4.302042035739898682e+06 5.861433997083934979e-17 5.861385414036849805e-17 1.172286799416787177e+07
5.010000000000000000e+06 1.173123307033707086e+01 -4.379468383598327637e+06 5.923409409278001222e-17 5.923385667532046969e-17 1.184681881855600327e+07
5.020000000000000000e+06 1.173311213519649954e+01 -4.456894715007781982e+06 5.985384831705802216e-17 5.985336469614501515e-17 1.197076966341160610e+07
5.030000000000000000e+06 1.173501072679640167e+01 -4.534135530586242676e+06 6.047162850209245073e-17 6.047139231684339198e-17 1.209432570041849092e+07
5.040000000000000000e+06 1.173692881412373445e+01 -4.611376329483032227e+06 6.108940881511167256e-17 6.108892754348522377e-17 1.221788176302233711e+07
5.050000000000000000e+06 1.173886636605844913e+01 -4.688432480560302734e+06 6.170522489757118677e-17 6.170498986025094689e-17 1.234104497951423749e+07
5.060000000000000000e+06 1.174082335173419089e+01 -4.765488601257324219e+06 6.232104110806598134e-17 6.232056242593060025e-17 1.246420822161319666e+07
5.070000000000000000e+06 1.174279974023079554e+01 -4.842360786155700684e+06 6.293490524375439434e-17 6.293467116900261311e-17 1.258698104875087924e+07
5.080000000000000000e+06 1.174479550086563151e+01 -4.919232955902099609e+06 6.354876974239455440e-17 6.354829389724477434e-17 1.270975394847891107e+07
5.090000000000000000e+06 1.174681060296549795e+01 -4.995921544456481934e+06 6.416069636605279299e-17 6.416046329338350083e-17 1.283213927321055904e+07
5.100000000000000000e+06 1.174884501604891440e+01 -5.072610053939819336e+06 6.477262391054521081e-17 6.477215018936370385e-17 1.295452478210904449e+07
5.110000000000000000e+06 1.175089870971074824e+01 -5.149115086174011230e+06 6.538262688613231611e-17 6.538239461190587746e-17 1.307652537722646445e+07
5.120000000000000000e+06 1.175297165362135665e+01 -5.225620640415191650e+06 6.599262971061153729e-17 6.599216064568773568e-17 1.319852594212230854e+07
5.130000000000000000e+06 1.175506381769326758e+01 -5.301942503013610840e+06 6.660072870267544980e-17 6.660049728705336785e-17 1.332014574053509161e+07
5.140000000000000000e+06 1.175717517193357331e+01 -5.378263928062438965e+06 6.720882940297032091e-17 6.720836089745963745e-17 1.344176588059406541e+07
5.150000000000000000e+06 1.175930568650388253e+01 -5.454401503730773926e+06 6.781503522415610035e-17 6.781480349160038597e-17 1.356300704483122192e+07
5.160000000000000000e+06 1.176145533144475230e+01 -5.530538837413787842e+06 6.842124069713236533e-17 6.842077350724582473e-17 1.368424813942647353e+07
5.170000000000000000e+06 1.176362407714783309e+01 -5.606491085380554199e+06 6.902556726317357172e-17 6.902533476482086608e-17 1.380511345263471641e+07
5.180000000000000000e+06 1.176581189392768145e+01 -5.682443364223480225e+06 6.962989477716052893e-17 6.962942816678067563e-17 1.392597895543210581e+07
5.190000000000000000e+06 1.176801875241018713e+01 -5.758209189643859863e+06 7.023235443773143150e-17 7.023212099663545109e-17 1.404647088754628785e+07
5.200000000000000000e+06 1.177024462302448882e+01 -5.833974950355529785e+06 7.083481523623103441e-17 7.083434824378284450e-17 1.416696304724620841e+07
5.210000000000000000e+06 1.177248947658369715e+01 -5.909552298377990723e+06 7.143541549474937169e-17 7.143518045279838271e-17 1.428708309894987568e+07
5.220000000000000000e+06 1.177475328356052309e+01 -5.985129566673278809e+06 7.203601718099235145e-17 7.203554849560665209e-17 1.440720343619847298e+07
5.230000000000000000e+06 1.177703601490147989e+01 -6.060515809188842773e+06 7.263476107069772377e-17 7.263452359862414515e-17 1.452695221413954534e+07
5.240000000000000000e+06 1.177933764103245196e+01 -6.135901961532592773e+06 7.323350664263319925e-17 7.323303457182859050e-17 1.464670132852664217e+07
5.250000000000000000e+06 1.178165813294818598e+01 -6.211093742828369141e+06 7.383039074562480711e-17 7.383014991779086372e-17 1.476607814912496321e+07
5.260000000000000000e+06 1.178399746091044165e+01 -6.286285416526794434e+06 7.442727689798869431e-17 7.442679940986169157e-17 1.488545537959774025e+07
5.270000000000000000e+06 1.178635559585132953e+01 -6.361278540290832520e+06 7.502228941434627790e-17 7.502204405973762953e-17 1.500445788286925666e+07
5.280000000000000000e+06 1.178873250771128767e+01 -6.436271541477203369e+06 7.561730431576485499e-17 7.561681852063004143e-17 1.512346086315297335e+07
5.290000000000000000e+06 1.179112816719221613e+01 -6.511060928169250488e+06 7.621042145160073377e-17 7.621017032029308663e-17 1.524208429032014869e+07
5.300000000000000000e+06 1.179354254370328903e+01 -6.585850172618865967e+06 7.680354138977347048e-17 7.680304450699895361e-17 1.536070827795469388e+07
5.310000000000000000e+06 1.179597560754627672e+01 -6.660429584465026855e+06 7.739472699435652677e-17 7.739446846724156771e-17 1.547894539887130633e+07
5.320000000000000000e+06 1.179842732737648348e+01 -6.735008850723266602e+06 7.798591596223858615e-17 7.798540401197167208e-17 1.559718319244771823e+07
5.330000000000000000e+06 1.180089767286087188e+01 -6.809370922431945801e+06 7.857511691170646556e-17 7.857484918925343304e-17 1.571502338234129362e+07
5.340000000000000000e+06 1.180338661159538738e+01 -6.883732815746307373e+06 7.916432166229746134e-17 7.916379004343269348e-17 1.583286433245949447e+07
5.350000000000000000e+06 1.180589411232039154e+01 -6.957868760948181152e+06 7.975146446508081249e-17 7.975118538412341574e-17 1.595029289301616326e+07
5.360000000000000000e+06 1.180842014122539396e+01 -7.032004510097503662e+06 8.033861171804941104e-17 8.033805540397962130e-17 1.606772234360988438e+07
5.370000000000000000e+06 1.181096466577556825e+01 -7.105904143196105957e+06 8.092359840557552339e-17 8.092330561213407347e-17 1.618471968111510575e+07
5.380000000000000000e+06 1.181352765032348273e+01 -7.179803555252075195e+06 8.150859019517629167e-17 8.150800229563126655e-17 1.630171803903526068e+07
5.390000000000000000e+06 1.181610906060011423e+01 -7.253455046844482422e+06 8.209129110461222814e-17 8.209098180456171192e-17 1.641825822092244774e+07
5.400000000000000000e+06 1.181870885857980724e+01 -7.327106299819946289e+06 8.267399774458621561e-17 8.267337098822760666e-17 1.653479954891724512e+07
5.410000000000000000e+06 1.182132700772267953e+01 -7.400496202880859375e+06 8.325424666379752679e-17 8.325391769221077318e-17 1.665084933275950700e+07
5.420000000000000000e+06 1.182396346700884315e+01 -7.473885844345092773e+06 8.383450211230326539e-17 8.383382739629344839e-17 1.676690042246065475e+07
5.430000000000000000e+06 1.182661819696746974e+01 -7.546998965637207031e+06 8.441208797086411641e-17 8.441173589962121219e-17 1.688241759417282417e+07
5.440000000000000000e+06 1.182929115282354182e+01 -7.620111793834686279e+06 8.498968096244411195e-17 8.498894858734110271e-17 1.699793619248882681e+07
5.450000000000000000e+06 1.183198229140674052e+01 -7.692931032806396484e+06 8.556434137289857440e-17 8.556396200908326053e-17 1.711286827457971498e+07
5.460000000000000000e+06 1.183469156334215988e+01 -7.765750077243804932e+06 8.613900813033855364e-17 8.613820538728838525e-17 1.722780162606771290e+07
5.470000000000000000e+06 1.183741892076351654e+01 -7.838256749137878418e+06 8.671041930600287879e-17 8.671000676600451274e-17 1.734208386120057851e+07
5.480000000000000000e+06 1.184016430879874271e+01 -7.910763286861419678e+06 8.728183537013094851e-17 8.728094459127792716e-17 1.745636707402618974e+07
5.490000000000000000e+06 1.184292767316184225e+01 -7.982938198753356934e+06 8.784956944158441241e-17 8.784912275309753909e-17 1.756991388831688464e+07
5.500000000000000000e+06 1.184570895194396201e+01 -8.055112778484344482e+06 8.841731795396347262e-17 8.841632951924221590e-17 1.768346359079269320e+07
5.510000000000000000e+06 1.184850808392274146e+01 -8.126935387695312500e+06 8.898088710999383063e-17 8.898040007164852123e-17 1.779617742199876904e+07
5.520000000000000000e+06 1.185132499843008702e+01 -8.198757917770385742e+06 8.954446503876329987e-17 8.954335616212478643e-17 1.790889300775266439e+07
5.530000000000000000e+06 1.185415962489079078e+01 -8.270209096023559570e+06 9.010323577259206317e-17 9.010270363166888573e-17 1.802064715451841429e+07
5.540000000000000000e+06 1.185701188217652025e+01 -8.341660375217437744e+06 9.066201513254540529e-17 9.066076299343562824e-17 1.813240302650908381e+07
5.550000000000000000e+06 1.185988168796880338e+01 -8.412723617240905762e+06 9.121520854921853667e-17 9.121462713351256568e-17 1.824304170984371006e+07
5.560000000000000000e+06 1.186276894830714568e+01 -8.483787229431152344e+06 9.176840970596767814e-17 9.176698687206559561e-17 1.835368194119353592e+07
5.570000000000000000e+06 1.186567356601720391e+01 -8.554451799400329590e+06 9.231505245056247426e-17 9.231441838289692999e-17 1.846301049011249468e+07
5.580000000000000000e+06 1.186859543130557348e+01 -8.625117131019592285e+06 9.286170144232979455e-17 9.286007456652935666e-17 1.857234028846596181e+07
5.590000000000000000e+06 1.187153442808124382e+01 -8.695382396385192871e+06 9.340056816723097376e-17 9.339987943946849504e-17 1.868011363344619796e+07
5.600000000000000000e+06 1.187449042684556133e+01 -8.765648966850280762e+06 9.393943913880390861e-17 9.393756660314046051e-17 1.878788782776078582e+07
5.610000000000000000e+06 1.187746328722767153e+01 -8.835530485290527344e+06 9.446897209323089741e-17 9.446822848856585876e-17 1.889379441864618286e+07
5.620000000000000000e+06 1.188045285491302039e+01 -8.905413851081848145e+06 9.499850863380693957e-17 9.499633644195052583e-17 1.899970172676138952e+07
5.630000000000000000e+06 1.188345895804353347e+01 -8.974952670921325684e+06 9.551669727311317594e-17 9.551590419608227405e-17 1.910333945462263748e+07
5.640000000000000000e+06 1.188648141036475359e+01 -9.044493927509307861e+06 9.603489119690395308e-17 9.603235359094154398e-17 1.920697823938079178e+07
5.650000000000000000e+06 1.188951999956604055e+01 -9.113763087196350098e+06 9.653915235251016884e-17 9.653830934876274074e-17 1.930783047050203383e+07
5.660000000000000000e+06 1.189257449827331214e+01 -9.183036931846618652e+06 9.704340734293490748e-17 9.704040283014186002e-17 1.940868146858698130e+07
5.670000000000000000e+06 1.189564463976366859e+01 -9.252162621032714844e+06 9.753030578517827916e-17 9.752942219422200425e-17 1.950606115703565627e+07
5.680000000000000000e+06 1.189873014302900422e+01 -9.321293554828643799e+06 9.801720930248570938e-17 9.801361226504305933e-17 1.960344186049714684e+07
5.690000000000000000e+06 1.190183067042059228e+01 -9.390463685165405273e+06 9.848224096351112608e-17 9.848132589493629026e-17 1.969644819270222634e+07
5.700000000000000000e+06 1.190494586936386412e+01 -9.459639952358245850e+06 9.894728964449456286e-17 9.894292356252241363e-17 1.978945792889891565e+07
5.710000000000000000e+06 1.190807530884007015e+01 -9.529123311935424805e+06 9.938448095416003384e-17 9.938354076402822047e-17 1.987689619083200768e+07
5.720000000000000000e+06 1.191121854075618280e+01 -9.598613270454406738e+06 9.982171407254471377e-17 9.981633832440464221e-17 1.996434281450894475e+07
5.730000000000000000e+06 1.191437501190912407e+01 -9.668773188171386719e+06 1.002231790096909384e-16 1.002222121493238043e-16 2.004463580193819106e+07
5.740000000000000000e+06 1.191754414674401552e+01 -9.738939027896881104e+06 1.006247293879705324e-16 1.006180222715152096e-16 2.012494587759410590e+07
5.750000000000000000e+06 1.192072523405424889e+01 -9.810239608734130859e+06 1.009801561609558339e-16 1.009791432081876973e-16 2.019603123219116777e+07
5.760000000000000000e+06 1.192391752949614414e+01 -9.881543422985076904e+06 1.013357371734389629e-16 1.013272819099032080e-16 2.026714743468779325e+07
5.770000000000000000e+06 1.192712012151893930e+01 -9.954539492469787598e+06 1.016318805759793880e-16 1.016307699471956070e-16 2.032637611519587785e+07
5.780000000000000000e+06 1.193033204596507524e+01 -1.002753288704299927e+07 1.019282757685824238e-16 1.019175627445403923e-16 2.038565515371648595e+07
5.790000000000000000e+06 1.193355214486143367e+01 -1.010283071468353271e+07 1.021486088845859294e-16 1.021472978950607394e-16 2.042972177691718936e+07
5.800000000000000000e+06 1.193677917584454740e+01 -1.017811531434631348e+07 1.023693161472446053e-16 1.023557759756439240e-16 2.047386322944892198e+07
5.810000000000000000e+06 1.194001169158313225e+01 -1.025628638520812988e+07 1.024941263331960927e-16 1.024924397094838840e-16 2.049882526663922146e+07
5.820000000000000000e+06 1.194324811312689327e+01 -1.033442774306106567e+07 1.026194364526906921e-16 1.026025396007876989e-16 2.052388729053813964e+07
5.830000000000000000e+06 1.194648667772693429e+01 -1.041585447073364258e+07 1.026268598002647837e-16 1.026245323824378973e-16 2.052537196005295962e+07
5.840000000000000000e+06 1.194972542790855741e+01 -1.049722865717315674e+07 1.026348615232365346e-16 1.026143266392706022e-16 2.052697230464730784e+07
5.850000000000000000e+06 1.195296230017121708e+01 -1.058186274297332764e+07 1.025036024830419866e-16 1.025002785560730548e-16 2.050072049660839885e+07
5.860000000000000000e+06 1.195619496327999443e+01 -1.066641694347000122e+07 1.023728625010547093e-16 1.023490223161556382e-16 2.047457250021094456e+07
5.870000000000000000e+06 1.195942114491741215e+01 -1.075344381848907471e+07 1.020875515040221803e-16 1.020828222804625949e-16 2.041751030080443621e+07
5.880000000000000000e+06 1.196263823951067984e+01 -1.084036513418960571e+07 1.018024458433180947e-16 1.017767761090477636e-16 2.036048916866362095e+07
5.890000000000000000e+06 1.196584398215756551e+01 -1.092780481028747559e+07 1.013624177716368501e-16 1.013559202048065006e-16 2.027248355432737246e+07
5.900000000000000000e+06 1.196903574878082210e+01 -1.101512714872360229e+07 1.009219580633390951e-16 1.008976299883683992e-16 2.018439161266782135e+07
5.910000000000000000e+06 1.197221166445437390e+01 -1.109947269604492188e+07 1.003530176880289339e-16 1.003445997497838641e-16 2.007060353760578856e+07
5.920000000000000000e+06 1.197536954956280475e+01 -1.118372005738067627e+07 9.978282466031777656e-17 9.976483649599735907e-17 1.995656493206355721e+07
5.930000000000000000e+06 1.197850846469222397e+01 -1.125981467495727539e+07 9.914845076004019438e-17 9.913834299506849250e-17 1.982969015200804174e+07
5.940000000000000000e+06 1.198162732386221485e+01 -1.133587467271423340e+07 9.851231407189062469e-17 9.850643749777978577e-17 1.970246281437812746e+07
5.950000000000000000e+06 1.198472671742940854e+01 -1.139730384285736084e+07 9.791599866748510215e-17 9.790483349334553746e-17 1.958319973349702358e+07
5.960000000000000000e+06 1.198780731170131375e+01 -1.145880134569931030e+07 9.731838345169014521e-17 9.732839093344397519e-17 1.946367669033803046e+07
5.970000000000000000e+06 1.199087159867337782e+01 -1.149900083371734619e+07 9.688630736064314256e-17 9.687482733700734987e-17 1.937726147212862968e+07
5.980000000000000000e+06 1.199392231036764400e+01 -1.153937921494674683e+07 9.645444812278892862e-17 9.647861459362474597e-17 1.929088962455778569e+07
5.990000000000000000e+06 1.199696364164013040e+01 -1.155332044235229492e+07 9.629518138826472246e-17 9.628377707622059999e-17 1.925903627765294537e+07
6.000000000000000000e+06 1.200000000000000000e+01 -1.156751257955169678e+07 9.613759929667257938e-17 9.616751891658358065e-17 1.922751985933451727e+07
