# # x,u,p,exx,e,tauxx
0.000000000000000000e+00 -6.000000000000000000e+00 -5.396713922202499390e+10 6.849819323050586522e-17 6.852681742843384336e-17 1.369963864610117488e+07
1.000000000000000000e+04 -5.997835980126205335e+00 -5.396712561085296631e+10 6.864911035374278577e-17 6.863815588384299153e-17 1.372982207074855827e+07
2.000000000000000000e+04 -5.995667197670201176e+00 -5.396711224014012909e+10 6.880164190374338358e-17 6.882475209874876939e-17 1.376032838074867800e+07
3.000000000000000000e+04 -5.993489431896295017e+00 -5.396707351306532288e+10 6.921520983333029944e-17 6.920418290067034896e-17 1.384304196666606143e+07
4.000000000000000000e+04 -5.991298665858528771e+00 -5.396703495743299103e+10 6.962898568852696340e-17 6.963852609516141040e-17 1.392579713770539314e+07
5.000000000000000000e+04 -5.989092284486243756e+00 -5.396697597039593506e+10 7.020120531150304424e-17 7.019048000301575362e-17 1.404024106230060942e+07
6.000000000000000000e+04 -5.986867902745051317e+00 -5.396691704887394714e+10 7.077217925530560857e-17 7.076649702467205010e-17 1.415443585106112435e+07
7.000000000000000000e+04 -5.984624885223763791e+00 -5.396684408536470032e+10 7.138111643748895044e-17 7.137140452854068941e-17 1.427622328749779053e+07
8.000000000000000000e+04 -5.982362669304876590e+00 -5.396677108864093781e+10 7.198836426455218710e-17 7.197107601134608781e-17 1.439767285291043855e+07
9.000000000000000000e+04 -5.980082298834697774e+00 -5.396669025813371277e+10 7.253390783251286248e-17 7.252581504363812750e-17 1.450678156650257297e+07
1.000000000000000000e+05 -5.977784677205245423e+00 -5.396660933355889130e+10 7.307825094981329597e-17 7.305488750297915184e-17 1.461565018996266089e+07
1.100000000000000000e+05 -5.975471896316886244e+00 -5.396652553537976074e+10 7.349926995274668399e-17 7.349301763365029228e-17 1.469985399054933712e+07
1.200000000000000000e+05 -5.973145756082324453e+00 -5.396644162472122192e+10 7.391987525690226559e-17 7.389522549995993773e-17 1.478397505138045549e+07
1.300000000000000000e+05 -5.970808774390596874e+00 -5.396635819019841003e+10 7.419181370890310529e-17 7.418725607393429926e-17 1.483836274178062193e+07
1.400000000000000000e+05 -5.968463124921723484e+00 -5.396627465448353577e+10 7.446394892919321578e-17 7.444105243162417746e-17 1.489278978583864495e+07
1.500000000000000000e+05 -5.966111307813799947e+00 -5.396619346757228088e+10 7.458775521083244963e-17 7.458454414754464509e-17 1.491755104216649197e+07
1.600000000000000000e+05 -5.963755503834041072e+00 -5.396611220413621521e+10 7.471205889184015810e-17 7.469232993435606033e-17 1.494241177836803347e+07
1.700000000000000000e+05 -5.961397950209296859e+00 -5.396603404396003723e+10 7.470270634626185326e-17 7.470045038332489719e-17 1.494054126925237104e+07
1.800000000000000000e+05 -5.959040627582456118e+00 -5.396595583342208862e+10 7.469390811617700812e-17 7.467766526722541282e-17 1.493878162323540263e+07
1.900000000000000000e+05 -5.956685414996266914e+00 -5.396588075048783875e+10 7.457193673575707021e-17 7.457029472007764355e-17 1.491438734715141542e+07
2.000000000000000000e+05 -5.954334004880990960e+00 -5.396580563910287476e+10 7.445044433559864181e-17 7.443741799633363495e-17 1.489008886711972952e+07
2.100000000000000000e+05 -5.951987913544376951e+00 -5.396573327311883545e+10 7.423685162115252246e-17 7.423556972242029200e-17 1.484737032423050515e+07
2.200000000000000000e+05 -5.949648531143551189e+00 -5.396566089445057678e+10 7.402361756036058680e-17 7.401330049450696527e-17 1.480472351207211800e+07
2.300000000000000000e+05 -5.947317051421037171e+00 -5.396559070341394043e+10 7.373729152134742972e-17 7.373620168672596688e-17 1.474745830426948704e+07
2.400000000000000000e+05 -5.944994587241724027e+00 -5.396552050980841064e+10 7.345120693210911193e-17 7.344305359143793119e-17 1.469024138642182387e+07
2.500000000000000000e+05 -5.942682065724946838e+00 -5.396545191716560364e+10 7.310796212336949437e-17 7.310696572756647245e-17 1.462159242467390001e+07
2.600000000000000000e+05 -5.940380363590714197e+00 -5.396538332761130524e+10 7.276486508794214935e-17 7.275838665787516200e-17 1.455297301758843102e+07
2.700000000000000000e+05 -5.938090197310462059e+00 -5.396531580465774536e+10 7.237736679804463225e-17 7.237641449552596245e-17 1.447547335960892774e+07
2.800000000000000000e+05 -5.935812251609783097e+00 -5.396524828737417603e+10 7.198995040018896114e-17 7.198474810876256411e-17 1.439799008003779314e+07
2.900000000000000000e+05 -5.933547081193930595e+00 -5.396518139119004822e+10 7.156805730151988656e-17 7.156713053640948687e-17 1.431361146030397899e+07
3.000000000000000000e+05 -5.931295219359586035e+00 -5.396511450134410095e+10 7.114620423414649462e-17 7.114196922102109234e-17 1.422924084682930075e+07
3.100000000000000000e+05 -5.929057098672375403e+00 -5.396504788478927612e+10 7.069745508316626217e-17 7.069655235025665987e-17 1.413949101663325354e+07
3.200000000000000000e+05 -5.926833135342521430e+00 -5.396498127414038849e+10 7.024872204574918058e-17 7.024522413122390264e-17 1.404974440914983675e+07
3.300000000000000000e+05 -5.924623670422207056e+00 -5.396491468018969727e+10 6.977882824246556566e-17 6.977795568178105687e-17 1.395576564849311486e+07
3.400000000000000000e+05 -5.922429030642232028e+00 -5.396484809121164703e+10 6.930893735044472247e-17 6.930600766013411945e-17 1.386178747008894570e+07
3.500000000000000000e+05 -5.920249488522444814e+00 -5.396478133957865906e+10 6.882221736502214926e-17 6.882138202571121011e-17 1.376444347300443053e+07
3.600000000000000000e+05 -5.918085302628795397e+00 -5.396471459015829468e+10 6.833550006021204086e-17 6.833300912871503056e-17 1.366710001204240881e+07
3.700000000000000000e+05 -5.915936693822788861e+00 -5.396464756037933350e+10 6.783521684773865059e-17 6.783442256659990465e-17 1.356704336954773217e+07
3.800000000000000000e+05 -5.913803869350406472e+00 -5.396458053468250275e+10 6.733492852147759766e-17 6.733279078893925352e-17 1.346698570429551974e+07
3.900000000000000000e+05 -5.911687010982562107e+00 -5.396451315607493591e+10 6.682357215499988413e-17 6.682283294446268787e-17 1.336471443099997751e+07
4.000000000000000000e+05 -5.909586286229129293e+00 -5.396444577974851227e+10 6.631222368793546177e-17 6.631037816422712434e-17 1.326244473758709431e+07
4.100000000000000000e+05 -5.907501846074929119e+00 -5.396437801318492126e+10 6.579172668768538712e-17 6.579104059979080606e-17 1.315834533753707819e+07
4.200000000000000000e+05 -5.905433828240890470e+00 -5.396431024791273499e+10 6.527123300670956615e-17 6.526962268388282866e-17 1.305424660134191439e+07
4.300000000000000000e+05 -5.903382360014065355e+00 -5.396424207807681274e+10 6.474307938949717354e-17 6.474244567604702530e-17 1.294861587789943628e+07
4.400000000000000000e+05 -5.901347555836606418e+00 -5.396417390897269440e+10 6.421493176992482357e-17 6.421351695328000620e-17 1.284298635398496687e+07
4.500000000000000000e+05 -5.899329524111285750e+00 -5.396410533627510071e+10 6.368029703697397684e-17 6.367971375278967952e-17 1.273605940739479661e+07
4.600000000000000000e+05 -5.897328361153058474e+00 -5.396403676393142700e+10 6.314566976955030162e-17 6.314441851864078539e-17 1.262913395391006023e+07
4.700000000000000000e+05 -5.895344160186765770e+00 -5.396396779846501160e+10 6.260548744603251643e-17 6.260495131015244860e-17 1.252109748920650408e+07
4.800000000000000000e+05 -5.893377003291804250e+00 -5.396389883310012817e+10 6.206531340444351990e-17 6.206419935143306389e-17 1.241306268088870496e+07
4.900000000000000000e+05 -5.891426971400330892e+00 -5.396382949056471252e+10 6.152033024237376754e-17 6.151983726881382623e-17 1.230406604847475514e+07
5.000000000000000000e+05 -5.889494135344491177e+00 -5.396376014794802094e+10 6.097535574166858837e-17 6.097435684089908353e-17 1.219507114833371900e+07
5.100000000000000000e+05 -5.887578566043459638e+00 -5.396369044673768616e+10 6.042617205936160241e-17 6.042571787860199279e-17 1.208523441187232174e+07
5.200000000000000000e+05 -5.885680325409730074e+00 -5.396362074536140442e+10 5.987699684265546740e-17 5.987609471691087857e-17 1.197539936853109486e+07
5.300000000000000000e+05 -5.883799476162926645e+00 -5.396355070453080750e+10 5.932409823818368923e-17 5.932367836385925409e-17 1.186481964763673954e+07
5.400000000000000000e+05 -5.881936073084608196e+00 -5.396348066348969269e+10 5.877120789188652015e-17 5.877038661761540243e-17 1.175424157837730646e+07
5.500000000000000000e+05 -5.880090172189649245e+00 -5.396341030189765930e+10 5.821498604631404630e-17 5.821459613297597200e-17 1.164299720926281065e+07
5.600000000000000000e+05 -5.878261822597297126e+00 -5.396333994003540039e+10 5.765877173500692780e-17 5.765801726284157449e-17 1.153175434700138681e+07
5.700000000000000000e+05 -5.876451074877438785e+00 -5.396326927532829285e+10 5.709954086994650258e-17 5.709917685802476717e-17 1.141990817398930155e+07
5.800000000000000000e+05 -5.874657973655383003e+00 -5.396319861036930847e+10 5.654031692411760568e-17 5.653961855888757158e-17 1.130806338482352346e+07
5.900000000000000000e+05 -5.872882565053672899e+00 -5.396312765874429321e+10 5.597833060326883379e-17 5.597798882046150393e-17 1.119566612065376714e+07
6.000000000000000000e+05 -5.871124890123692097e+00 -5.396305670685292816e+10 5.541635060898354757e-17 5.541569748872008464e-17 1.108327012179671042e+07
6.100000000000000000e+05 -5.869384991423915565e+00 -5.396298548292379761e+10 5.485180881026459854e-17 5.485148572719851796e-17 1.097036176205291972e+07
6.200000000000000000e+05 -5.867662907240269732e+00 -5.396291425877052307e+10 5.428727253294089734e-17 5.428665667064028953e-17 1.085745450658817962e+07
6.300000000000000000e+05 -5.865958677261082777e+00 -5.396284277527148438e+10 5.372033426452008169e-17 5.372002689322441460e-17 1.074406685290401801e+07
6.400000000000000000e+05 -5.864272337599096829e+00 -5.396277129156987762e+10 5.315340080837797982e-17 5.315281468416959263e-17 1.063068016167559661e+07
6.500000000000000000e+05 -5.862603925699263030e+00 -5.396269955987567139e+10 5.258418828910643215e-17 5.258389403193661094e-17 1.051683765782128647e+07
6.600000000000000000e+05 -5.860953476038393006e+00 -5.396262782796871948e+10 5.201498007418814950e-17 5.201441769635837496e-17 1.040299601483763009e+07
6.700000000000000000e+05 -5.859321024307031500e+00 -5.396255585776853943e+10 5.144358676622332761e-17 5.144330326793833021e-17 1.028871735324466601e+07
6.800000000000000000e+05 -5.857706603770926002e+00 -5.396248388730294037e+10 5.087219743535440194e-17 5.087165324642623396e-17 1.017443948707088083e+07
6.900000000000000000e+05 -5.856110248799354601e+00 -5.396241168698139954e+10 5.029869083985789136e-17 5.029841592658125971e-17 1.005973816797157936e+07
7.000000000000000000e+05 -5.854531991838829441e+00 -5.396233948502848053e+10 4.972519267446980188e-17 4.972466150810565177e-17 9.945038534893961623e+06
7.100000000000000000e+05 -5.852971866056385863e+00 -5.396226706203555298e+10 4.914961971755830172e-17 4.914935106703390747e-17 9.829923943511661142e+06
7.200000000000000000e+05 -5.851429903760432261e+00 -5.396219463836399078e+10 4.857405480874459614e-17 4.857353459624004489e-17 9.714810961748920381e+06
7.300000000000000000e+05 -5.849906136842734306e+00 -5.396212199515811157e+10 4.799646373741612697e-17 4.799619978248002751e-17 9.599292747483225539e+06
7.400000000000000000e+05 -5.848400597352351404e+00 -5.396204935385749054e+10 4.741886632710434604e-17 4.741835488513048375e-17 9.483773265420868993e+06
7.500000000000000000e+05 -5.846913317225090445e+00 -5.396197649973309326e+10 4.683926531933476189e-17 4.683900686065609330e-17 9.367853063866952434e+06
7.600000000000000000e+05 -5.845444327753869906e+00 -5.396190364561287689e+10 4.625966415033463049e-17 4.625915689208235421e-17 9.251932830066926777e+06
7.700000000000000000e+05 -5.843993660842439652e+00 -5.396183058281431580e+10 4.567806206051330172e-17 4.567780672745308103e-17 9.135612412102662027e+06
7.800000000000000000e+05 -5.842561347731308530e+00 -5.396175751992922974e+10 4.509646156855813547e-17 4.509595713576035991e-17 9.019292313711628318e+06
7.900000000000000000e+05 -5.841147420200060836e+00 -5.396168425150030518e+10 4.451286163342553242e-17 4.451260845669692393e-17 8.902572326685106382e+06
8.000000000000000000e+05 -5.839751909566741617e+00 -5.396161098299624634e+10 4.392926311165399249e-17 4.392875990602530637e-17 8.785852622330799699e+06
8.100000000000000000e+05 -5.838374847593752470e+00 -5.396153751131430054e+10 4.334366058222960040e-17 4.334340873179277753e-17 8.668732116445921361e+06
8.200000000000000000e+05 -5.837016265760362366e+00 -5.396146403957550049e+10 4.275805919871087012e-17 4.275755581357841344e-17 8.551611839742176235e+06
8.300000000000000000e+05 -5.835676195914929032e+00 -5.396139036647149658e+10 4.217044377642188223e-17 4.217019263271283013e-17 8.434088755284376442e+06
8.400000000000000000e+05 -5.834354669767323642e+00 -5.396131669330541229e+10 4.158282932457064727e-17 4.158232457413958128e-17 8.316565864914130419e+06
8.500000000000000000e+05 -5.833051719332488894e+00 -5.396124282009147644e+10 4.099318639489158101e-17 4.099293544293738329e-17 8.198637278978317045e+06
8.600000000000000000e+05 -5.831767376609374054e+00 -5.396116894684174347e+10 4.040354417107263097e-17 4.040303760116917630e-17 8.080708834214527160e+06
8.700000000000000000e+05 -5.830501673811464336e+00 -5.396109487424130249e+10 3.981185806298499244e-17 3.981160685018119138e-17 7.962371612596998923e+06
8.800000000000000000e+05 -5.829254643225356247e+00 -5.396102080162326813e+10 3.922017259199404275e-17 3.921966325536357084e-17 7.844034518398809247e+06
8.900000000000000000e+05 -5.828026317309782378e+00 -5.396094653017196655e+10 3.862642514567998004e-17 3.862617333948529322e-17 7.725285029135996476e+06
9.000000000000000000e+05 -5.826816728677002288e+00 -5.396087225867392731e+10 3.803267816134810698e-17 3.803216574570578587e-17 7.606535632269621827e+06
9.100000000000000000e+05 -5.825625910058227497e+00 -5.396079778847117615e+10 3.743685008499330187e-17 3.743659742081005057e-17 7.487370016998660751e+06
9.200000000000000000e+05 -5.824453894396518727e+00 -5.396072331824965668e+10 3.684102225741367183e-17 3.684050633491882974e-17 7.368204451482735574e+06
9.300000000000000000e+05 -5.823300714717429827e+00 -5.396064864915495300e+10 3.624309368815686311e-17 3.624284006566141519e-17 7.248618737631373107e+06
9.400000000000000000e+05 -5.822166404289769837e+00 -5.396057398002306366e+10 3.564516534154815629e-17 3.564464634374285584e-17 7.129033068309632130e+06
9.500000000000000000e+05 -5.821050996410616740e+00 -5.396049911173329163e+10 3.504511815501343482e-17 3.504486331875402315e-17 7.009023631002687849e+06
9.600000000000000000e+05 -5.819954524648394134e+00 -5.396042424343656921e+10 3.444507119922999446e-17 3.444454870901135362e-17 6.889014239845999517e+06
9.700000000000000000e+05 -5.818877022554112877e+00 -5.396034917525921631e+10 3.384288838709661624e-17 3.384263225546474817e-17 6.768577677419323474e+06
9.800000000000000000e+05 -5.817818523979265244e+00 -5.396027410708052063e+10 3.324070551405055437e-17 3.324017945009827357e-17 6.648141102810110897e+06
9.900000000000000000e+05 -5.816779062752193141e+00 -5.396019883843464661e+10 3.263636945185323222e-17 3.263611205718104987e-17 6.527273890370647423e+06
1.000000000000000000e+06 -5.815758672994036260e+00 -5.396012356975785065e+10 3.203203332051382945e-17 3.203150432038336944e-17 6.406406664102766663e+06
1.010000000000000000e+06 -5.814757388754317802e+00 -5.396004809977108765e+10 3.142553025920215715e-17 3.142527158124711993e-17 6.285106051840431988e+06
1.020000000000000000e+06 -5.813775244366620853e+00 -5.395997262964882660e+10 3.081902705650136710e-17 3.081849559100313388e-17 6.163805411300273612e+06
1.030000000000000000e+06 -5.812812274062395090e+00 -5.395989695740234375e+10 3.021034595977244110e-17 3.021008535295886268e-17 6.042069191954488866e+06
1.040000000000000000e+06 -5.811868512339301240e+00 -5.395982128325887299e+10 2.960166273417930006e-17 2.960113018329770731e-17 5.920332546835860237e+06
1.050000000000000000e+06 -5.810943993700329990e+00 -5.395974540910748291e+10 2.899079292059140640e-17 2.899053183707039707e-17 5.798158584118281491e+06
1.060000000000000000e+06 -5.810038752645959370e+00 -5.395966953385735321e+10 2.837992818295109550e-17 2.837938878147019821e-17 5.675985636590220034e+06
1.070000000000000000e+06 -5.809152823566529733e+00 -5.395959345044633484e+10 2.776686369294408516e-17 2.776660019069719666e-17 5.553372738588817418e+06
1.080000000000000000e+06 -5.808286241490606017e+00 -5.395951737002718353e+10 2.715379779417033762e-17 2.715326110052157533e-17 5.430759558834068477e+06
1.090000000000000000e+06 -5.807439040689268417e+00 -5.395944108325508118e+10 2.653854533643191876e-17 2.653828168037067224e-17 5.307709067286384292e+06
1.100000000000000000e+06 -5.806611255893987966e+00 -5.395936479660035706e+10 2.592329089682247051e-17 2.592275287517065835e-17 5.184658179364494979e+06
1.110000000000000000e+06 -5.805802921562469798e+00 -5.395928830245912170e+10 2.530584599834722747e-17 2.530558135213127214e-17 5.061169199669445865e+06
1.120000000000000000e+06 -5.805014072362633115e+00 -5.395921180830846405e+10 2.468840090506751706e-17 2.468786285933482597e-17 4.937680181013504043e+06
1.130000000000000000e+06 -5.804244742641268218e+00 -5.395913510509704590e+10 2.406877316147114852e-17 2.406850757060024960e-17 4.813754632294230163e+06
1.140000000000000000e+06 -5.803494966930792032e+00 -5.395905840186948395e+10 2.344914532199978101e-17 2.344860804413012947e-17 4.689829064399955794e+06
1.150000000000000000e+06 -5.802764779366701653e+00 -5.395898148771090698e+10 2.282734860658144120e-17 2.282708205511400170e-17 4.565469721316288225e+06
1.160000000000000000e+06 -5.802054214258018483e+00 -5.395890457353627777e+10 2.220555184385669063e-17 2.220501605159447375e-17 4.441110368771338835e+06
1.170000000000000000e+06 -5.801363305438128393e+00 -5.395882744632214355e+10 2.158160554103665717e-17 2.158133804716333500e-17 4.316321108207331970e+06
1.180000000000000000e+06 -5.800692086907975664e+00 -5.395875031906716919e+10 2.095765930834320274e-17 2.095712554722489602e-17 4.191531861668640748e+06
1.190000000000000000e+06 -5.800040592101042058e+00 -5.395867297630534363e+10 2.033158859906644126e-17 2.033132011116127603e-17 4.066317719813288655e+06
1.200000000000000000e+06 -5.799408854627227328e+00 -5.395859563350697327e+10 1.970551800712169538e-17 1.970498757572272464e-17 3.941103601424339227e+06
1.210000000000000000e+06 -5.798796907370114440e+00 -5.395851807205139160e+10 1.907735731989081704e-17 1.907708765741001753e-17 3.815471463978163898e+06
1.220000000000000000e+06 -5.798204783404511176e+00 -5.395844051055352020e+10 1.844919709161290247e-17 1.844867038227798750e-17 3.689839418322580867e+06
1.230000000000000000e+06 -5.797632514936068127e+00 -5.395836272677792358e+10 1.781898789694666895e-17 1.781871678855686143e-17 3.563797579389334191e+06
1.240000000000000000e+06 -5.797080134419597464e+00 -5.395828494290380096e+10 1.718877922855794428e-17 1.718825676670083130e-17 3.437755845711588860e+06
1.250000000000000000e+06 -5.796547673248252153e+00 -5.395820693219097900e+10 1.655657098161062971e-17 1.655629803352866509e-17 3.311314196322126314e+06
1.260000000000000000e+06 -5.796035163130778933e+00 -5.395812892137754822e+10 1.592436344115452007e-17 1.592384653985676081e-17 3.184872688230904285e+06
1.270000000000000000e+06 -5.795542634453219044e+00 -5.395805067801876831e+10 1.529021732315065591e-17 1.528994207013404097e-17 3.058043464630131610e+06
1.280000000000000000e+06 -5.795070118006385052e+00 -5.395797243450949860e+10 1.465607225358711099e-17 1.465556174104227703e-17 2.931214450717422646e+06
1.290000000000000000e+06 -5.794617642951306102e+00 -5.395789395145336914e+10 1.402006204937560052e-17 1.401978364380247851e-17 2.804012409875120502e+06
1.300000000000000000e+06 -5.794185238986125697e+00 -5.395781546824535370e+10 1.338405305387570170e-17 1.338355001695083969e-17 2.676810610775140580e+06
1.310000000000000000e+06 -5.793772933779276713e+00 -5.395773673652227783e+10 1.274626868407030039e-17 1.274598627029342289e-17 2.549253736814060248e+06
1.320000000000000000e+06 -5.793380755688876782e+00 -5.395765800462669373e+10 1.210848551310628307e-17 1.210799131084104431e-17 2.421697102621256839e+06
1.330000000000000000e+06 -5.793008730618396385e+00 -5.395757901352148438e+10 1.146903402918629883e-17 1.146874668520778428e-17 2.293806805837260094e+06
1.340000000000000000e+06 -5.792656885312318593e+00 -5.395750002220388794e+10 1.082958348717885720e-17 1.082909995018509517e-17 2.165916697435772046e+06
1.350000000000000000e+06 -5.792325243548929414e+00 -5.395742075861155701e+10 1.018859555048580653e-17 1.018830230201635795e-17 2.037719110097161494e+06
1.360000000000000000e+06 -5.792013830066430558e+00 -5.395734149477013397e+10 9.547607858958103418e-18 9.547138822920984535e-18 1.909521571791620925e+06
1.370000000000000000e+06 -5.791722666076378978e+00 -5.395726194343852234e+10 8.905244461411970606e-18 8.904944167432438785e-18 1.781048892282394227e+06
1.380000000000000000e+06 -5.791451773781199464e+00 -5.395718239072348022e+10 8.262870762427888214e-18 8.262424290864545790e-18 1.652574152485577855e+06
1.390000000000000000e+06 -5.791201171773931122e+00 -5.395710253533029175e+10 7.619328514735089632e-18 7.619021411973019522e-18 1.523865702947017970e+06
1.400000000000000000e+06 -5.790970878338125516e+00 -5.395702267880323029e+10 6.975786188055226332e-18 6.975355673265306024e-18 1.395157237611045362e+06
1.410000000000000000e+06 -5.790760908791925843e+00 -5.395694249652693176e+10 6.331283179269599233e-18 6.330971129667186245e-18 1.266256635853919899e+06
1.420000000000000000e+06 -5.790571278134009958e+00 -5.395686231696131897e+10 5.686780207995885898e-18 5.686383265841859368e-18 1.137356041599177290e+06
1.430000000000000000e+06 -5.790401997173469262e+00 -5.395678179656993103e+10 5.041602171009391826e-18 5.041286675713095101e-18 1.008320434201878496e+06
1.440000000000000000e+06 -5.790253076404665578e+00 -5.395670127699279785e+10 4.396413174157460465e-18 4.396055269136295632e-18 8.792826348314920906e+05
1.450000000000000000e+06 -5.790124522700800469e+00 -5.395662040451119995e+10 3.750842392835965593e-18 3.750529537912016120e-18 7.501684785671931459e+05
1.460000000000000000e+06 -5.790016341236873920e+00 -5.395653953338441467e+10 3.105254944738944250e-18 3.104943064714103961e-18 6.210509889477889519e+05
1.470000000000000000e+06 -5.789928535521340791e+00 -5.395645830781990051e+10 2.459565623977659782e-18 2.459264830552670843e-18 4.919131247955319704e+05
1.480000000000000000e+06 -5.789861105260603047e+00 -5.395637708450012207e+10 1.813853876544550380e-18 1.813589300514732306e-18 3.627707753089101170e+05
1.490000000000000000e+06 -5.789814052469482775e+00 -5.395629552490194702e+10 1.168224623893505666e-18 1.167949698507040029e-18 2.336449247787011554e+05
1.500000000000000000e+06 -5.789787372529820786e+00 -5.395621396868724060e+10 5.225695365905512666e-19 5.223389971707852558e-19 1.045139073181102576e+05
1.510000000000000000e+06 -5.789781070116123196e+00 -5.395613212674740601e+10 -1.230682778645095112e-19 1.232993754672332695e-19 -2.461365557290190554e+04
1.520000000000000000e+06 -5.789795140008791918e+00 -5.395605028943329620e+10 -7.687279913759782629e-19 7.689687427845283593e-19 -1.537455982751956617e+05
1.530000000000000000e+06 -5.789829597489275947e+00 -5.395596826549548340e+10 -1.414955063091569280e-18 1.415121501231530496e-18 -2.829910126183138927e+05
1.540000000000000000e+06 -5.789884445180590866e+00 -5.395588624726495361e+10 -2.061184070331033798e-18 2.061536173340326663e-18 -4.122368140662068035e+05
1.550000000000000000e+06 -5.789959722891517835e+00 -5.395580420835234070e+10 -2.709527142439412123e-18 2.709612831350090768e-18 -5.419054284878824838e+05
1.560000000000000000e+06 -5.790055457528090699e+00 -5.395572217534520721e+10 -3.357820474280252495e-18 3.358486736860000716e-18 -6.715640948560505640e+05
1.570000000000000000e+06 -5.790171736414773562e+00 -5.395564037172328186e+10 -4.011438194338780624e-18 4.011444416198059509e-18 -8.022876388677562354e+05
1.580000000000000000e+06 -5.790308640252013639e+00 -5.395555857198733521e+10 -4.664898439484297188e-18 4.666248655833150998e-18 -9.329796878968594829e+05
1.590000000000000000e+06 -5.790466339846711108e+00 -5.395547734229512024e+10 -5.329603769782957324e-18 5.329575352790497914e-18 -1.065920753956591478e+06
1.600000000000000000e+06 -5.790645019259865300e+00 -5.395539611009579468e+10 -5.993949582567944569e-18 5.996616906496733974e-18 -1.198789916513588978e+06
1.610000000000000000e+06 -5.790844986334235500e+00 -5.395531585925634766e+10 -6.679663359436349755e-18 6.679734414260253662e-18 -1.335932671887270175e+06
1.620000000000000000e+06 -5.791066607548728484e+00 -5.395523559132189178e+10 -7.364665810127149177e-18 7.369680305650489323e-18 -1.472933162025430007e+06
1.630000000000000000e+06 -5.791310403547415220e+00 -5.395515671096865845e+10 -8.087368063062664765e-18 8.087838318255520785e-18 -1.617473612612533150e+06
1.640000000000000000e+06 -5.791577043401502145e+00 -5.395507778502879333e+10 -8.808780775401027094e-18 8.817739734236046865e-18 -1.761756155080205761e+06
1.650000000000000000e+06 -5.791867361437447848e+00 -5.395500046715678406e+10 -9.592931442341139584e-18 9.594385768579976945e-18 -1.918586288468228187e+06
1.660000000000000000e+06 -5.792182503188071152e+00 -5.395492305261473083e+10 -1.037488971798391854e-17 1.039015888651911897e-17 -2.074977943596783793e+06
1.670000000000000000e+06 -5.792523740768324991e+00 -5.395484692040847778e+10 -1.125610087393405315e-17 1.125958907312633254e-17 -2.251220174786810763e+06
1.680000000000000000e+06 -5.792892934245950087e+00 -5.395477060576107025e+10 -1.213378096215369948e-17 1.215868580154064198e-17 -2.426756192430740222e+06
1.690000000000000000e+06 -5.793291927719178780e+00 -5.395469404490625000e+10 -1.316108831426282028e-17 1.316838009817092983e-17 -2.632217662852564361e+06
1.700000000000000000e+06 -5.793723598967122967e+00 -5.395461716541580963e+10 -1.418299543523666809e-17 1.422191439799016500e-17 -2.836599087047333829e+06
1.710000000000000000e+06 -5.794190473416280796e+00 -5.395453619503465271e+10 -1.541931072461832933e-17 1.543323193225087693e-17 -3.083862144923666026e+06
1.720000000000000000e+06 -5.794696791847369965e+00 -5.395445470065814209e+10 -1.664784760028392027e-17 1.670598947892827573e-17 -3.329569520056784153e+06
1.730000000000000000e+06 -5.795245770155981191e+00 -5.395436117192817688e+10 -1.816566558978164883e-17 1.819050142366126503e-17 -3.633133117956330068e+06
1.740000000000000000e+06 -5.795843321464201559e+00 -5.395426683413004303e+10 -1.967308240416880186e-17 1.975560158149192757e-17 -3.934616480833760463e+06
1.750000000000000000e+06 -5.796493114432474059e+00 -5.395414571532194519e+10 -2.154007953754758649e-17 2.158194469773141998e-17 -4.308015907509517856e+06
1.760000000000000000e+06 -5.797202827892229848e+00 -5.395402342526897430e+10 -2.339483013828937715e-17 2.350425919194824450e-17 -4.678966027657875791e+06
1.770000000000000000e+06 -5.797975829521386792e+00 -5.395384902403266907e+10 -2.563907206723714715e-17 2.570601404614033057e-17 -5.127814413447429426e+06
1.780000000000000000e+06 -5.798821043053568047e+00 -5.395367308796246338e+10 -2.787249954207151096e-17 2.800335466592450524e-17 -5.574499908414302394e+06
1.790000000000000000e+06 -5.799739830262602425e+00 -5.395340442674563599e+10 -3.041154963185217617e-17 3.051281123446639913e-17 -6.082309926370435394e+06
1.800000000000000000e+06 -5.800740474090892107e+00 -5.395313411361219788e+10 -3.294936920267460544e-17 3.307801465559412587e-17 -6.589873840534921736e+06
1.810000000000000000e+06 -5.801819074988116220e+00 -5.395271098262863159e+10 -3.546429086070405057e-17 3.560759892400599725e-17 -7.092858172140810639e+06
1.820000000000000000e+06 -5.802978809901423674e+00 -5.395228695507042694e+10 -3.800218645593256038e-17 3.807337308553787857e-17 -7.600437291186513379e+06
1.830000000000000000e+06 -5.804205363197270096e+00 -5.395163148494097900e+10 -3.976515686992963364e-17 3.995019282711313366e-17 -7.953031373985927552e+06
1.840000000000000000e+06 -5.805488595730300183e+00 -5.395097795844526672e+10 -4.158746358360617514e-17 4.151443159842926049e-17 -8.317492716721235774e+06
1.850000000000000000e+06 -5.806798311457574968e+00 -5.395001345062226868e+10 -4.139106030240930985e-17 4.159753645233469358e-17 -8.278212060481863096e+06
1.860000000000000000e+06 -5.808101000779498868e+00 -5.394905701375204468e+10 -4.125638293738675343e-17 4.099542867400601926e-17 -8.251276587477351539e+06
1.870000000000000000e+06 -5.809352612515416681e+00 -5.394776233078511047e+10 -3.797800627151070047e-17 3.815199547021360132e-17 -7.595601254302140325e+06
1.880000000000000000e+06 -5.810497990240926391e+00 -5.394648151893290710e+10 -3.464611082986805580e-17 3.441990437056124501e-17 -6.929222165973611176e+06
1.890000000000000000e+06 -5.811504677311273959e+00 -5.394496847352534485e+10 -2.911940853396203561e-17 2.919611223660884925e-17 -5.823881706792407669e+06
1.900000000000000000e+06 -5.812335867534429212e+00 -5.394345970400474548e+10 -2.353934656372002587e-17 2.382938053320822300e-17 -4.707869312744005583e+06
1.910000000000000000e+06 -5.813012131788681813e+00 -5.394193406525239563e+10 -1.933859805010810025e-17 1.935157258967498355e-17 -3.867719610021620523e+06
1.920000000000000000e+06 -5.813556427018081507e+00 -5.394041163351773071e+10 -1.515044258114517009e-17 1.563439892097796607e-17 -3.030088516229034401e+06
1.930000000000000000e+06 -5.814023639155657008e+00 -5.393901510798855591e+10 -1.446598532614778617e-17 1.418836181680612070e-17 -2.893197065229557455e+06
1.940000000000000000e+06 -5.814469450575138865e+00 -5.393767925775171661e+10 -1.369520391018341474e-17 1.430751779440514111e-17 -2.739040782036683057e+06
1.950000000000000000e+06 -5.814882070302163086e+00 -5.393601037246353149e+10 -1.254768995902202723e-17 1.198973264244328453e-17 -2.509537991804405581e+06
1.960000000000000000e+06 -5.815261400536440028e+00 -5.393428055534977722e+10 -1.220639105396245833e-17 1.155378158139319206e-17 -2.441278210792492144e+06
1.970000000000000000e+06 -5.815409553600551007e+00 -5.393167638823631287e+10 3.530597907425132566e-18 2.547955945632918349e-18 7.061195814850265160e+05
1.980000000000000000e+06 -5.815038566143393872e+00 -5.393116999408457947e+10 7.480253790207353789e-15 5.289352723859014616e-15 2.147522097441267222e+06
1.990000000000000000e+06 -4.356533179927954968e+00 -5.393255631098503113e+10 7.749396709917658247e-14 8.092189659950439654e-14 1.549879341983531602e+06
2.000000000000000000e+06 -9.239913338854440772e-01 -5.393181555016981506e+10 1.401641785334307462e-13 1.349398099494250545e-13 2.803283570668614469e+06
2.010000000000000000e+06 2.511103347781177497e+00 -5.393256318520442200e+10 7.742221456372171189e-14 8.071156747230858666e-14 1.548444291274434188e+06
2.020000000000000000e+06 3.962527222746763833e+00 -5.393111554146261597e+10 7.292160817852668946e-15 5.156352747037297737e-15 2.229813683635419235e+06
2.030000000000000000e+06 3.962911038977139366e+00 -5.393167902881021118e+10 3.483015973497013569e-18 2.499460027921616134e-18 6.966031946994027821e+05
2.040000000000000000e+06 3.962747053996534596e+00 -5.393443213294618988e+10 -1.307185092767409197e-17 1.263347399497606249e-17 -2.614370185534818564e+06
2.050000000000000000e+06 3.962312363338141630e+00 -5.393634032729463196e+10 -1.528108655946710139e-17 1.473717302552215066e-17 -3.056217311893420760e+06
2.060000000000000000e+06 3.961782585162116455e+00 -5.393815953577573395e+10 -1.841095646840705035e-17 1.900186372333725421e-17 -3.682191293681410141e+06
2.070000000000000000e+06 3.961158646230439118e+00 -5.393956458441717529e+10 -2.101517854660875669e-17 2.085390900073713800e-17 -4.203035709321751259e+06
2.080000000000000000e+06 3.960456207965111997e+00 -5.394104643877293396e+10 -2.352442595970138329e-17 2.383533700304947149e-17 -4.704885191940276884e+06
2.090000000000000000e+06 3.959644937534285258e+00 -5.394248993028507996e+10 -2.786903771117330454e-17 2.797257257903157419e-17 -5.573807542234661058e+06
2.100000000000000000e+06 3.958697248076163078e+00 -5.394394367125986481e+10 -3.220580450860015253e-17 3.240661555631397196e-17 -6.441160901720031165e+06
2.110000000000000000e+06 3.957607497054189682e+00 -5.394525898544725037e+10 -3.684453896986992545e-17 3.697467598089621434e-17 -7.368907793973986059e+06
2.120000000000000000e+06 3.956371797630172438e+00 -5.394657802793038940e+10 -4.146500835056636739e-17 4.132534684783701455e-17 -8.293001670113273896e+06
2.130000000000000000e+06 3.955020820588703856e+00 -5.394763389754238892e+10 -4.415910629856018180e-17 4.434105414550274682e-17 -8.831821259712036699e+06
2.140000000000000000e+06 3.953584686804317627e+00 -5.394869935383361053e+10 -4.681727364923025450e-17 4.666276745509389955e-17 -9.363454729846052825e+06
2.150000000000000000e+06 3.952103900113302704e+00 -5.394945359285583496e+10 -4.706961074513855073e-17 4.725887910162034687e-17 -9.413922149027710781e+06
2.160000000000000000e+06 3.950613878908215693e+00 -5.395021305436788940e+10 -4.736309897325205247e-17 4.734314040713987476e-17 -9.472619794650411233e+06
2.170000000000000000e+06 3.949138050993389548e+00 -5.395070290712507629e+10 -4.616836601826325129e-17 4.633007692281003453e-17 -9.233673203652650118e+06
2.180000000000000000e+06 3.947699953253299920e+00 -5.395119367862392426e+10 -4.501181138737044831e-17 4.509156682775789170e-17 -9.002362277474090457e+06
2.190000000000000000e+06 3.946305599352203597e+00 -5.395148798348435974e+10 -4.331796387683606747e-17 4.344064142379510320e-17 -8.663592775367213413e+06
2.200000000000000000e+06 3.944965931299620809e+00 -5.395178126963700104e+10 -4.163680644407319855e-17 4.175300349218993522e-17 -8.327361288814640604e+06
2.210000000000000000e+06 3.943677196145887187e+00 -5.395194582079064941e+10 -3.998656645990771421e-17 4.007241981963195116e-17 -7.997313291981543414e+06
2.220000000000000000e+06 3.942442171160190245e+00 -5.395210889866103363e+10 -3.833235797550163182e-17 3.844512378435876665e-17 -7.666471595100327395e+06
2.230000000000000000e+06 3.941253495149765751e+00 -5.395219401890710449e+10 -3.695361758914806491e-17 3.701012622190613470e-17 -7.390723517829613760e+06
2.240000000000000000e+06 3.940109836195328175e+00 -5.395227782593306732e+10 -3.556465085450762302e-17 3.565734348530233353e-17 -7.112930170901525766e+06
2.250000000000000000e+06 3.939003577764179642e+00 -5.395231776881504822e+10 -3.450824007933748071e-17 3.454353098344584312e-17 -6.901648015867496841e+06
2.260000000000000000e+06 3.937931841721072690e+00 -5.395235672244983673e+10 -3.344114342019460871e-17 3.351051296864799170e-17 -6.688228684038922191e+06
2.270000000000000000e+06 3.936888162826228221e+00 -5.395237303307646179e+10 -3.267638171412713326e-17 3.269733516490448740e-17 -6.535276342825427651e+06
2.280000000000000000e+06 3.935869465353908137e+00 -5.395238866354463959e+10 -3.190275041212685449e-17 3.195146280551694352e-17 -6.380550082425371744e+06
2.290000000000000000e+06 3.934870800999619611e+00 -5.395239399965521240e+10 -3.137079489005587364e-17 3.138258131523416384e-17 -6.274158978011175059e+06
2.300000000000000000e+06 3.933889491360264667e+00 -5.395239889737088013e+10 -3.083226139493261900e-17 3.086480871117147816e-17 -6.166452278986524791e+06
2.310000000000000000e+06 3.932922000901356352e+00 -5.395240016218620300e+10 -3.047217961160382260e-17 3.047840382892983727e-17 -6.094435922320765443e+06
2.320000000000000000e+06 3.931966233649641485e+00 -5.395240116017395020e+10 -3.010755771202614516e-17 3.012837977057661022e-17 -6.021511542405229062e+06
2.330000000000000000e+06 3.931019796256761456e+00 -5.395240175731665039e+10 -2.986716060068873538e-17 2.987019574394795477e-17 -5.973432120137747377e+06
2.340000000000000000e+06 3.930081161834897419e+00 -5.395240220167059326e+10 -2.962380004965325449e-17 2.963658457521539801e-17 -5.924760009930651635e+06
2.350000000000000000e+06 3.929148786433103613e+00 -5.395240354000804138e+10 -2.946268648599207755e-17 2.946401641570980416e-17 -5.892537297198415734e+06
2.360000000000000000e+06 3.928221618484796895e+00 -5.395240479728019714e+10 -2.929973483550194277e-17 2.930727040335123113e-17 -5.859946967100389302e+06
2.370000000000000000e+06 3.927298708461571142e+00 -5.395240723616175842e+10 -2.918871029247513323e-17 2.918921497015697198e-17 -5.837742058495027013e+06
2.380000000000000000e+06 3.926379367196945136e+00 -5.395240963685913086e+10 -2.907660639797422375e-17 2.908087082281630108e-17 -5.815321279594845138e+06
2.390000000000000000e+06 3.925463040253008629e+00 -5.395241304750335693e+10 -2.899570769227918717e-17 2.899587815253585473e-17 -5.799141538455838338e+06
2.400000000000000000e+06 3.924549297306805240e+00 -5.395241644418835449e+10 -2.891424719627389335e-17 2.891656009008728074e-17 -5.782849439254779369e+06
2.410000000000000000e+06 3.923637833003560171e+00 -5.395242051965951538e+10 -2.885045311375822198e-17 2.885055264418058420e-17 -5.770090622751644813e+06
2.420000000000000000e+06 3.922728395188439965e+00 -5.395242459688205719e+10 -2.878638010729305196e-17 2.878765712246106049e-17 -5.757276021458610892e+06
2.430000000000000000e+06 3.921820823669067035e+00 -5.395242902649447632e+10 -2.873188937233220107e-17 2.873200453269050630e-17 -5.746377874466440640e+06
2.440000000000000000e+06 3.920914976244326944e+00 -5.395243345455921936e+10 -2.867720812413059084e-17 2.867790713336693411e-17 -5.735441624826118350e+06
2.450000000000000000e+06 3.920010781840313374e+00 -5.395243795326614380e+10 -2.862722321266319440e-17 2.862740604011743127e-17 -5.725444642532639205e+06
2.460000000000000000e+06 3.919108163325815131e+00 -5.395244245678334045e+10 -2.857719629996928459e-17 2.857765189111783759e-17 -5.715439259993857704e+06
2.470000000000000000e+06 3.918207092379570877e+00 -5.395244682737384033e+10 -2.852932422987909240e-17 2.852957626623475202e-17 -5.705864845975819044e+06
2.480000000000000000e+06 3.917307529321181203e+00 -5.395245120260584259e+10 -2.848145313454330002e-17 2.848183260177907359e-17 -5.696290626908659935e+06
2.490000000000000000e+06 3.916409464254900552e+00 -5.395245530991487122e+10 -2.843456524409990907e-17 2.843487336342692680e-17 -5.686913048819982447e+06
2.500000000000000000e+06 3.915512876048887758e+00 -5.395245942099440765e+10 -2.838769512526645223e-17 2.838808179048093508e-17 -5.677539025053290650e+06
2.510000000000000000e+06 3.914617759721850554e+00 -5.395246318373547363e+10 -2.834142566544728759e-17 2.834177335629531461e-17 -5.668285133089457639e+06
2.520000000000000000e+06 3.913724101299727032e+00 -5.395246694922216797e+10 -2.829517733829038428e-17 2.829560674458204018e-17 -5.659035467658077367e+06
2.530000000000000000e+06 3.912831893863716992e+00 -5.395247032541877747e+10 -2.824956793120171916e-17 2.824994032818308622e-17 -5.649913586240344681e+06
2.540000000000000000e+06 3.911941124169836304e+00 -5.395247370341819000e+10 -2.820397692822535108e-17 2.820445935678618087e-17 -5.640795385645071045e+06
2.550000000000000000e+06 3.911051780403109301e+00 -5.395247667731166077e+10 -2.815926152971586066e-17 2.815964731383526658e-17 -5.631852305943172425e+06
2.560000000000000000e+06 3.910163846746535832e+00 -5.395247965229613495e+10 -2.811455991774344667e-17 2.811509304621907183e-17 -5.622911983548689634e+06
2.570000000000000000e+06 3.909277305681985837e+00 -5.395248222398080444e+10 -2.807104020826666535e-17 2.807143177701495871e-17 -5.614208041653333232e+06
2.580000000000000000e+06 3.908392137429582913e+00 -5.395248479624575043e+10 -2.802752958621507669e-17 2.802810740223690380e-17 -5.605505917243015952e+06
2.590000000000000000e+06 3.907508318963793137e+00 -5.395248697466731262e+10 -2.798551355514278382e-17 2.798590631949299153e-17 -5.597102711028557271e+06
2.600000000000000000e+06 3.906625826144447533e+00 -5.395248915328909302e+10 -2.794350293598446689e-17 2.794411763985636929e-17 -5.588700587196893990e+06
2.610000000000000000e+06 3.905744631086332408e+00 -5.395249095104786682e+10 -2.790327324786786883e-17 2.790366486391976263e-17 -5.580654649573573843e+06
2.620000000000000000e+06 3.904864705472752995e+00 -5.395249274882039642e+10 -2.786304615143071257e-17 2.786369101724674314e-17 -5.572609230286143720e+06
2.630000000000000000e+06 3.903986017309012624e+00 -5.395249417930430603e+10 -2.782485006262889090e-17 2.782523964640484681e-17 -5.564970012525778264e+06
2.640000000000000000e+06 3.903108534496080306e+00 -5.395249560966681671e+10 -2.778665475531685814e-17 2.778732486141214443e-17 -5.557330951063372195e+06
2.650000000000000000e+06 3.902232221605045126e+00 -5.395249668540559387e+10 -2.775070497711157413e-17 2.775109273876398630e-17 -5.550140995422314852e+06
2.660000000000000000e+06 3.901357043201309605e+00 -5.395249776099974060e+10 -2.771475507586923245e-17 2.771544625364878427e-17 -5.542951015173846856e+06
2.670000000000000000e+06 3.900482961026719320e+00 -5.395249849259892273e+10 -2.768123050237528332e-17 2.768161694963798128e-17 -5.536246100475057028e+06
2.680000000000000000e+06 3.899609936801906152e+00 -5.395249922404534149e+10 -2.764770524099462484e-17 2.764841420215947141e-17 -5.529541048198925331e+06
2.690000000000000000e+06 3.898737929905791599e+00 -5.395249962040682983e+10 -2.761675781204777081e-17 2.761714361923904401e-17 -5.523351562409554608e+06
2.700000000000000000e+06 3.897866899609246261e+00 -5.395250001659630585e+10 -2.758580950099034167e-17 2.758653489710924825e-17 -5.517161900198068470e+06
2.710000000000000000e+06 3.896996803279582977e+00 -5.395250008455171204e+10 -2.755757003922575533e-17 2.755795588314028477e-17 -5.511514007845151238e+06
2.720000000000000000e+06 3.896127598064706987e+00 -5.395250015230303955e+10 -2.752932811707342537e-17 2.753006762243111163e-17 -5.505865623414685950e+06
2.730000000000000000e+06 3.895259239659855321e+00 -5.395249989709635925e+10 -2.750391085540668611e-17 2.750429647062478768e-17 -5.500782171081338078e+06
2.740000000000000000e+06 3.894391683230286283e+00 -5.395249964051065063e+10 -2.747848631112753113e-17 2.747923848891004376e-17 -5.495697262225506827e+06
2.750000000000000000e+06 3.893524883279686488e+00 -5.395249906678875732e+10 -2.745599107360792918e-17 2.745637561601776424e-17 -5.491198214721586555e+06
2.760000000000000000e+06 3.892658792862476957e+00 -5.395249849181893158e+10 -2.743349123100866336e-17 2.743424927059832555e-17 -5.486698246201733127e+06
2.770000000000000000e+06 3.891793365970003471e+00 -5.395249759745089722e+10 -2.741397158583550205e-17 2.741436082724546147e-17 -5.482794317167100497e+06
2.780000000000000000e+06 3.890928554563042319e+00 -5.395249670544161224e+10 -2.739446429715236818e-17 2.739523933349505979e-17 -5.478892859430474229e+06
2.790000000000000000e+06 3.890064310414605320e+00 -5.395249549775344849e+10 -2.737802836940047121e-17 2.737841988283961260e-17 -5.475605673880094662e+06
2.800000000000000000e+06 3.889200584826902229e+00 -5.395249429012082672e+10 -2.736159229099507401e-17 2.736237705486260022e-17 -5.472318458199014887e+06
2.810000000000000000e+06 3.888337328565189654e+00 -5.395249276804512024e+10 -2.734829204367695300e-17 2.734868555455996529e-17 -5.469658408735390753e+06
2.820000000000000000e+06 3.887474491904906682e+00 -5.395249124594120789e+10 -2.733499181733622118e-17 2.733578534952981356e-17 -5.466998363467244431e+06
2.830000000000000000e+06 3.886612024741914251e+00 -5.395248940989926147e+10 -2.732488243728016098e-17 2.732527788965979927e-17 -5.464976487456033006e+06
2.840000000000000000e+06 3.885749876484901666e+00 -5.395248757383970642e+10 -2.731477321373410438e-17 2.731557451501485859e-17 -5.462954642746821046e+06
2.850000000000000000e+06 3.884887996275077082e+00 -5.395248542391902161e+10 -2.730790203732758369e-17 2.730829941467165917e-17 -5.461580407465517521e+06
2.860000000000000000e+06 3.884026332786235436e+00 -5.395248327399667358e+10 -2.730103113024448693e-17 2.730183929640030263e-17 -5.460206226048897952e+06
2.870000000000000000e+06 3.883164834499475582e+00 -5.395248081010543823e+10 -2.729743902819430041e-17 2.729783819164795410e-17 -5.459487805638860911e+06
2.880000000000000000e+06 3.882303449462483069e+00 -5.395247834620487213e+10 -2.729384722762781920e-17 2.729466148991534045e-17 -5.458769445525564253e+06
2.890000000000000000e+06 3.881442125580864655e+00 -5.395247556810525513e+10 -2.729356949846811493e-17 2.729397026803126259e-17 -5.458713899693623185e+06
2.900000000000000000e+06 3.880580810364873123e+00 -5.395247279001863861e+10 -2.729329220841994494e-17 2.729411134646841780e-17 -5.458658441683989018e+06
2.910000000000000000e+06 3.879719451251943063e+00 -5.395246969725091553e+10 -2.729635690441054404e-17 2.729675911527455641e-17 -5.459271380882109515e+06
2.920000000000000000e+06 3.878857995339579645e+00 -5.395246660451084137e+10 -2.729942193904335254e-17 2.730024539029655043e-17 -5.459884387808671221e+06
2.930000000000000000e+06 3.877996389670484767e+00 -5.395246319678108215e+10 -2.730585262195750280e-17 2.730625605909263746e-17 -5.461170524391501211e+06
2.940000000000000000e+06 3.877134580990174939e+00 -5.395245978904560852e+10 -2.731228380575415167e-17 2.731311090086074306e-17 -5.462456761150831357e+06
2.950000000000000000e+06 3.876272516008622215e+00 -5.395245606595521545e+10 -2.732209972128620736e-17 2.732250413987118953e-17 -5.464419944257241674e+06
2.960000000000000000e+06 3.875410141201845793e+00 -5.395245234288275909e+10 -2.733191608968753152e-17 2.733274546061609880e-17 -5.466383217937506735e+06
2.970000000000000000e+06 3.874547403037730486e+00 -5.395244830410112000e+10 -2.734513072085875807e-17 2.734553581548343204e-17 -5.469026144171752036e+06
2.980000000000000000e+06 3.873684247807372305e+00 -5.395244426531547546e+10 -2.735834580429340791e-17 2.735917734265751954e-17 -5.471669160858682357e+06
2.990000000000000000e+06 3.872820621785227235e+00 -5.395243991063252258e+10 -2.737496960043108651e-17 2.737537524822062263e-17 -5.474993920086218044e+06
3.000000000000000000e+06 3.871956471126047905e+00 -5.395243555597202301e+10 -2.739159390477189292e-17 2.739242604527614968e-17 -5.478318780954379588e+06
3.010000000000000000e+06 3.871091742021781634e+00 -5.395243088504328918e+10 -2.741163011792670635e-17 2.741203603608188108e-17 -5.482326023585341871e+06
3.020000000000000000e+06 3.870226380608828176e+00 -5.395242621413887024e+10 -2.743166677731173488e-17 2.743249917507471556e-17 -5.486333355462348089e+06
3.030000000000000000e+06 3.869360333035503974e+00 -5.395242122696049500e+10 -2.745511632580612925e-17 2.745552222645077666e-17 -5.491023265161226504e+06
3.040000000000000000e+06 3.868493545450902182e+00 -5.395241623977445984e+10 -2.747856634648110706e-17 2.747939842169826772e-17 -5.495713269296221435e+06
3.050000000000000000e+06 3.867625964021924823e+00 -5.395241093625352478e+10 -2.750542618966650041e-17 2.750583184332779634e-17 -5.501085237933300436e+06
3.060000000000000000e+06 3.866757534975856281e+00 -5.395240563265843201e+10 -2.753228622167364003e-17 2.753311675223725979e-17 -5.506457244334728457e+06
3.070000000000000000e+06 3.865888204581989118e+00 -5.395240001284779358e+10 -2.756254883167129490e-17 2.756295419361203761e-17 -5.512509766334259883e+06
3.080000000000000000e+06 3.865017919193835638e+00 -5.395239439135397339e+10 -2.759280128432117768e-17 2.759363441468635420e-17 -5.518560256864236668e+06
3.090000000000000000e+06 3.864146625516423406e+00 -5.395238845665740967e+10 -2.762646932914702793e-17 2.762687013227794199e-17 -5.525293865829406306e+06
3.100000000000000000e+06 3.863274269056832466e+00 -5.395238252039384460e+10 -2.766012807536015486e-17 2.766094575886989125e-17 -5.532025615072031505e+06
3.110000000000000000e+06 3.862400798205813501e+00 -5.395237626448478699e+10 -2.769713277361340733e-17 2.769753681070747440e-17 -5.539426554722681642e+06
3.120000000000000000e+06 3.861526158982398815e+00 -5.395237001181287384e+10 -2.773415739841739503e-17 2.773497904174025308e-17 -5.546831479683479294e+06
3.130000000000000000e+06 3.860650298535610592e+00 -5.395236344236402893e+10 -2.777452696514089634e-17 2.777492972500709978e-17 -5.554905393028180115e+06
3.140000000000000000e+06 3.859773164158088132e+00 -5.395235687304501343e+10 -2.781489781181330449e-17 2.781571532563396338e-17 -5.562979562362661585e+06
3.150000000000000000e+06 3.858894703272290894e+00 -5.395234998724436951e+10 -2.785859115119091208e-17 2.785899271041519965e-17 -5.571718230238182470e+06
3.160000000000000000e+06 3.858014863605863098e+00 -5.395234310143804169e+10 -2.790228471256028929e-17 2.790309691902316977e-17 -5.580456942512058653e+06
3.170000000000000000e+06 3.857133593079973721e+00 -5.395233589903550720e+10 -2.794926827233084198e-17 2.794966850573528612e-17 -5.589853654466168955e+06
3.180000000000000000e+06 3.856250839949001197e+00 -5.395232869661761475e+10 -2.799625195339664745e-17 2.799705803584073887e-17 -5.599250390679329634e+06
3.190000000000000000e+06 3.855366552736270158e+00 -5.395232117720684814e+10 -2.804648698528046061e-17 2.804688589019064413e-17 -5.609297397056092508e+06
3.200000000000000000e+06 3.854480680313627339e+00 -5.395231365777754974e+10 -2.809672206679309104e-17 2.809752123154117190e-17 -5.619344413358619437e+06
3.210000000000000000e+06 3.853593171906478876e+00 -5.395230582070524597e+10 -2.815016380542028297e-17 2.815056136878091534e-17 -5.630032761084057391e+06
3.220000000000000000e+06 3.852703977095016441e+00 -5.395229798358611298e+10 -2.820360540740414434e-17 2.820439700421105107e-17 -5.640721081480829045e+06
3.230000000000000000e+06 3.851813045917938272e+00 -5.395228982776507568e+10 -2.826020266952280925e-17 2.826059898319962716e-17 -5.652040533904562704e+06
3.240000000000000000e+06 3.850920328751488597e+00 -5.395228167189813995e+10 -2.831679972562887104e-17 2.831758259740010852e-17 -5.663359945125774480e+06
3.250000000000000000e+06 3.850025776602349126e+00 -5.395227319549943542e+10 -2.837649191866879583e-17 2.837688722378595417e-17 -5.675298383733759634e+06
3.260000000000000000e+06 3.849129340788743026e+00 -5.395226471904679108e+10 -2.843618362498785299e-17 2.843695722278037316e-17 -5.687236724997570738e+06
3.270000000000000000e+06 3.848230973432299695e+00 -5.395225591963894653e+10 -2.849890175418976862e-17 2.849929637458081348e-17 -5.699780350837954320e+06
3.280000000000000000e+06 3.847330626904748030e+00 -5.395224712011991882e+10 -2.856161934345741540e-17 2.856238272344522575e-17 -5.712323868691483513e+06
3.290000000000000000e+06 3.846428254617443088e+00 -5.395223799413009644e+10 -2.862728377728879879e-17 2.862767815475142211e-17 -5.725456755457759835e+06
3.300000000000000000e+06 3.845523810163687273e+00 -5.395222886802976227e+10 -2.869294753855630704e-17 2.869369918285304806e-17 -5.738589507711261511e+06
3.310000000000000000e+06 3.844617248474531124e+00 -5.395221941064050293e+10 -2.876146452232483317e-17 2.876185914187938348e-17 -5.752292904464967549e+06
3.320000000000000000e+06 3.843708524578067109e+00 -5.395220995309971619e+10 -2.882998078905035089e-17 2.883071949343452710e-17 -5.765996157810070552e+06
3.330000000000000000e+06 3.842797595181949522e+00 -5.395220015804045105e+10 -2.890124055236978326e-17 2.890163616420775888e-17 -5.780248110473956913e+06
3.340000000000000000e+06 3.841884417000357210e+00 -5.395219036284866333e+10 -2.897249981109591532e-17 2.897322319039447797e-17 -5.794499962219183333e+06
3.350000000000000000e+06 3.840968948863483501e+00 -5.395218022195288086e+10 -2.904637006613239038e-17 2.904676724068527485e-17 -5.809274013226478361e+06
3.360000000000000000e+06 3.840051149544359443e+00 -5.395217008094218445e+10 -2.912024048467133210e-17 2.912094600114964411e-17 -5.824048096934266388e+06
3.370000000000000000e+06 3.839130980336964427e+00 -5.395215958459971619e+10 -2.919656510006186675e-17 2.919696414319577737e-17 -5.839313020012374036e+06
3.380000000000000000e+06 3.838208402498755500e+00 -5.395214908816749573e+10 -2.927289099673921632e-17 2.927357431987025494e-17 -5.854578199347844347e+06
3.390000000000000000e+06 3.837283380232909380e+00 -5.395213822519929504e+10 -2.935148159142679294e-17 2.935188233150858463e-17 -5.870296318285359070e+06
3.400000000000000000e+06 3.836355877867815956e+00 -5.395212736220836639e+10 -2.943007496270280754e-17 2.943073055290833377e-17 -5.886014992540562525e+06
3.410000000000000000e+06 3.835425862971519440e+00 -5.395211612098959351e+10 -2.951070867314446790e-17 2.951110990283297147e-17 -5.902141734628894366e+06
3.420000000000000000e+06 3.834493303587769297e+00 -5.395210487876820374e+10 -2.959134277513881629e-17 2.959196481927229432e-17 -5.918268555027764291e+06
3.430000000000000000e+06 3.833558171241090662e+00 -5.395209324970222473e+10 -2.967376490331608284e-17 2.967416518916875161e-17 -5.934752980663216673e+06
3.440000000000000000e+06 3.832620437981142825e+00 -5.395208162010197449e+10 -2.975619968863404502e-17 2.975677430252921933e-17 -5.951239937726808712e+06
3.450000000000000000e+06 3.831680079515584758e+00 -5.395206959228965759e+10 -2.984010676069069055e-17 2.984049772470527057e-17 -5.968021352138138376e+06
3.460000000000000000e+06 3.830737073674920445e+00 -5.395205756807592010e+10 -2.992403377229849904e-17 2.992456066708228380e-17 -5.984806754459699616e+06
3.470000000000000000e+06 3.829791399280033648e+00 -5.395204515037152100e+10 -3.000915600824314546e-17 3.000953170152279790e-17 -6.001831201648629270e+06
3.480000000000000000e+06 3.828843039791628655e+00 -5.395203273471394348e+10 -3.009429886344675432e-17 3.009477021840202447e-17 -6.018859772689351812e+06
3.490000000000000000e+06 3.827891976333136270e+00 -5.395201994531489563e+10 -3.018040853940663415e-17 3.018075559446131230e-17 -6.036081707881327718e+06
3.500000000000000000e+06 3.826938197270583153e+00 -5.395200715885678864e+10 -3.026654317613724552e-17 3.026696565561701144e-17 -6.053308635227449238e+06
3.510000000000000000e+06 3.825981682860490896e+00 -5.395199404577288818e+10 -3.035359973181286397e-17 3.035390121293160758e-17 -6.070719946362573653e+06
3.520000000000000000e+06 3.825022423752789891e+00 -5.395198093676441193e+10 -3.044067983679141702e-17 3.044108371323581272e-17 -6.088135967358283699e+06
3.530000000000000000e+06 3.824060393115048750e+00 -5.395196758982180786e+10 -3.052903693415234148e-17 3.052927331542618613e-17 -6.105807386830468662e+06
3.540000000000000000e+06 3.823095577480883023e+00 -5.395195424799435425e+10 -3.061740354701856199e-17 3.061786482334240373e-17 -6.123480709403713234e+06
3.550000000000000000e+06 3.822127931785539445e+00 -5.395194081507514954e+10 -3.070816458518734892e-17 3.070831825936880263e-17 -6.141632917037470266e+06
3.560000000000000000e+06 3.821157425531456209e+00 -5.395192738764508057e+10 -3.079889586684121510e-17 3.079957175973788093e-17 -6.159779173368243501e+06
3.570000000000000000e+06 3.820183976808556814e+00 -5.395191408996266174e+10 -3.089447571544159905e-17 3.089454172400647928e-17 -6.178895143088320270e+06
3.580000000000000000e+06 3.819207514517780844e+00 -5.395190079649042511e+10 -3.098994119291797304e-17 3.099112466000175106e-17 -6.197988238583595492e+06
3.590000000000000000e+06 3.818227890485629494e+00 -5.395188793591592407e+10 -3.109491224414616046e-17 3.109491907656556145e-17 -6.218982448829232715e+06
3.600000000000000000e+06 3.817244952912508982e+00 -5.395187507474050140e+10 -3.119960716899067640e-17 3.120180812649014741e-17 -6.239921433798136190e+06
3.610000000000000000e+06 3.816258443084586283e+00 -5.395186302016714478e+10 -3.132191779660690213e-17 3.132196442107006279e-17 -6.264383559321381152e+06
3.620000000000000000e+06 3.815268063806392718e+00 -5.395185095355246735e+10 -3.144366702319363924e-17 3.144772329340878852e-17 -6.288733404638728127e+06
3.630000000000000000e+06 3.814273382591830241e+00 -5.395184008099621582e+10 -3.159629057829404846e-17 3.159660883030376470e-17 -6.319258115658810362e+06
3.640000000000000000e+06 3.813273857607285766e+00 -5.395182917362268066e+10 -3.174787915649485792e-17 3.175510387176609560e-17 -6.349575831298972480e+06
3.650000000000000000e+06 3.812268797388691066e+00 -5.395181972081793213e+10 -3.195089500426368777e-17 3.195194850311692698e-17 -6.390179000852738507e+06
3.660000000000000000e+06 3.811257270478912051e+00 -5.395181019178105927e+10 -3.215212932309734147e-17 3.216448288776933137e-17 -6.430425864619469270e+06
3.670000000000000000e+06 3.810238220130142572e+00 -5.395180196288378906e+10 -3.243506731368830181e-17 3.243770151504461554e-17 -6.487013462737660855e+06
3.680000000000000000e+06 3.809210124718395374e+00 -5.395179358759649658e+10 -3.271510591493701100e-17 3.273537343144425158e-17 -6.543021182987403125e+06
3.690000000000000000e+06 3.808171444187734789e+00 -5.395178541183644104e+10 -3.311907596637216368e-17 3.312473254242770143e-17 -6.623815193274433725e+06
3.700000000000000000e+06 3.807119807614963047e+00 -5.395177697725550079e+10 -3.351856706680380027e-17 3.355046498341255441e-17 -6.703713413360761479e+06
3.710000000000000000e+06 3.806053088553077224e+00 -5.395176578600778198e+10 -3.409706864475908932e-17 3.410807386373694502e-17 -6.819413728951818310e+06
3.720000000000000000e+06 3.804967764308035072e+00 -5.395175416541772461e+10 -3.466902361393865904e-17 3.471709052301162493e-17 -6.933804722787732258e+06
3.730000000000000000e+06 3.803861092577568215e+00 -5.395173350558499146e+10 -3.548520604720356908e-17 3.550512278961320346e-17 -7.097041209440714680e+06
3.740000000000000000e+06 3.802728108431324916e+00 -5.395171217371080780e+10 -3.629245960011141372e-17 3.636142401044056981e-17 -7.258491920022282749e+06
3.750000000000000000e+06 3.801565611955885604e+00 -5.395166994978987122e+10 -3.740865778316378695e-17 3.744264281799403699e-17 -7.481731556632758118e+06
3.760000000000000000e+06 3.800367053513608706e+00 -5.395162673705868530e+10 -3.851392500459195140e-17 3.860694284861121327e-17 -7.702785000918390229e+06
3.770000000000000000e+06 3.799129326465313206e+00 -5.395154201356932068e+10 -3.996594933829132042e-17 4.002097962907952871e-17 -7.993189867658264935e+06
3.780000000000000000e+06 3.797844594627932224e+00 -5.395145596065604401e+10 -4.140701596126700964e-17 4.152196513313532619e-17 -8.281403192253402434e+06
3.790000000000000000e+06 3.796511116140664832e+00 -5.395129491057621765e+10 -4.315217610526386740e-17 4.323656763051666971e-17 -8.630435221052773297e+06
3.800000000000000000e+06 3.795121036402613335e+00 -5.395113232023046112e+10 -4.489141363334854220e-17 4.501348786619640980e-17 -8.978282726669710129e+06
3.810000000000000000e+06 3.793676462378910763e+00 -5.395084427158714294e+10 -4.671451127763626274e-17 4.683645369501814308e-17 -9.342902255527254194e+06
3.820000000000000000e+06 3.792172640680423257e+00 -5.395055501263860321e+10 -4.854668833900462665e-17 4.863920209031826102e-17 -9.709337667800925672e+06
3.830000000000000000e+06 3.790619492452997452e+00 -5.395007169867042542e+10 -4.993117495869937491e-17 5.009440564885915308e-17 -9.986234991739876568e+06
3.840000000000000000e+06 3.789021224586670122e+00 -5.394958885406084442e+10 -5.134872315201737107e-17 5.135118182262064208e-17 -1.026974463040347397e+07
3.850000000000000000e+06 3.787400154351647785e+00 -5.394883459704541016e+10 -5.140071565456036973e-17 5.159677437582441314e-17 -1.028014313091207482e+07
3.860000000000000000e+06 3.785777058137989481e+00 -5.394808473652610016e+10 -5.149213534270088364e-17 5.136419529641956408e-17 -1.029842706854017824e+07
3.870000000000000000e+06 3.784186974434978534e+00 -5.394701012954251099e+10 -4.925406838340373400e-17 4.945276958710232136e-17 -9.850813676680747420e+06
3.880000000000000000e+06 3.782668377761157164e+00 -5.394594436930716705e+10 -4.698978966639194462e-17 4.685221465799524769e-17 -9.397957933278389275e+06
3.890000000000000000e+06 3.781254551023013999e+00 -5.394457961747406006e+10 -4.261213345633462271e-17 4.277089356318570344e-17 -8.522426691266926005e+06
3.900000000000000000e+06 3.779978904435633336e+00 -5.394321943336695099e+10 -3.822744574424164903e-17 3.837330789028528206e-17 -7.645489148848330602e+06
3.910000000000000000e+06 3.778846471198307633e+00 -5.394166124188081360e+10 -3.354786495213065088e-17 3.368863143046373893e-17 -6.709572990426130593e+06
3.920000000000000000e+06 3.777861524229607859e+00 -5.394011849935369873e+10 -2.883049555749512780e-17 2.909508088580310885e-17 -5.766099111499026418e+06
3.930000000000000000e+06 3.777004420025260156e+00 -5.393848449971305847e+10 -2.553330259182502626e-17 2.538719054401108225e-17 -5.106660518365005963e+06
3.940000000000000000e+06 3.776249984729863396e+00 -5.393693749700389862e+10 -2.246551490548003447e-17 2.302860559772557470e-17 -4.493102981096006930e+06
3.950000000000000000e+06 3.775613984946928792e+00 -5.393490108285998535e+10 -1.765612532098225890e-17 1.730256355131063867e-17 -3.531225064196452033e+06
3.960000000000000000e+06 3.775135614849004728e+00 -5.393281370659034729e+10 -1.306994692279485675e-17 1.274581443719307974e-17 -2.613989384558971506e+06
3.970000000000000000e+06 3.774916088871697273e+00 -5.393066607121319580e+10 -4.339650674317958059e-19 8.775258202385561574e-19 -8.679301348635916656e+04
3.980000000000000000e+06 3.775108225056980515e+00 -5.392980900107889557e+10 6.469708355332409683e-15 4.574782854671951441e-15 1.390350227938047377e+06
3.990000000000000000e+06 5.001368069628937540e+00 -5.393055726980459595e+10 6.478885338625297441e-14 6.770301951391763344e-14 1.295777067725059576e+06
4.000000000000000000e+06 7.864269664301015261e+00 -5.392995497962465668e+10 1.165841714415599632e-13 1.119067354521033799e-13 2.331683428831199184e+06
4.010000000000000000e+06 1.072569980664695954e+01 -5.393055331465054321e+10 6.482905724914703710e-14 6.782329279635990113e-14 1.296581144982940750e+06
4.020000000000000000e+06 1.195596857839237792e+01 -5.392984064245773315e+10 6.576391598278757634e-15 4.650218502082995436e-15 1.342476510162561201e+06
4.030000000000000000e+06 1.195615328335638949e+01 -5.393066334156675720e+10 -4.048036132382313499e-19 8.051010547343453166e-19 -8.096072264764628198e+04
4.040000000000000000e+06 1.195594302913136886e+01 -5.393272314518889618e+10 -1.256372945149127650e-17 1.209654737428951684e-17 -2.512745890298255719e+06
4.050000000000000000e+06 1.195549771542345141e+01 -5.393469979377096558e+10 -1.601512593779459213e-17 1.565433103545953521e-17 -3.203025187558918726e+06
4.060000000000000000e+06 1.195493223125478011e+01 -5.393664271735088348e+10 -1.962441812606812224e-17 2.019505169783529207e-17 -3.924883625213624910e+06
4.070000000000000000e+06 1.195428539031635395e+01 -5.393814347907914734e+10 -2.156856671581066496e-17 2.135344779857741835e-17 -4.313713343162133358e+06
4.080000000000000000e+06 1.195357092685279810e+01 -5.393972135667248535e+10 -2.374611573107324543e-17 2.411282743789830702e-17 -4.749223146214649081e+06
4.090000000000000000e+06 1.195274856125716845e+01 -5.394130544964476013e+10 -2.833755018725549286e-17 2.842418862334445490e-17 -5.667510037451098673e+06
4.100000000000000000e+06 1.195178239670521947e+01 -5.394290066677947235e+10 -3.290380082661451447e-17 3.310375099377738686e-17 -6.580760165322903544e+06
4.110000000000000000e+06 1.195066618918332324e+01 -5.394437083351327515e+10 -3.782762643433026692e-17 3.795422135703485115e-17 -7.565525286866053939e+06
4.120000000000000000e+06 1.194939489849729242e+01 -5.394584584643278503e+10 -4.272325242341170167e-17 4.253459892409650075e-17 -8.544650484682340175e+06
4.130000000000000000e+06 1.194800545598561214e+01 -5.394704092822050476e+10 -4.535296315644162545e-17 4.554660358441989875e-17 -9.070592631288325414e+06
4.140000000000000000e+06 1.194653243715708157e+01 -5.394824740172729492e+10 -4.794571432616635713e-17 4.775425841507049349e-17 -9.589142865233272314e+06
4.150000000000000000e+06 1.194502300289125785e+01 -5.394911347193681335e+10 -4.777207930140450920e-17 4.797814754788910128e-17 -9.554415860280903056e+06
4.160000000000000000e+06 1.194351729281755681e+01 -5.394998563976589203e+10 -4.765002224208221409e-17 4.762065282938224931e-17 -9.530004448416443542e+06
4.170000000000000000e+06 1.194204209065828159e+01 -5.395056201241664124e+10 -4.584669342333955161e-17 4.602365208659468355e-17 -9.169338684667911381e+06
4.180000000000000000e+06 1.194062366959280297e+01 -5.395113946955752563e+10 -4.408903277077894054e-17 4.417623752242232673e-17 -8.817806554155789316e+06
4.190000000000000000e+06 1.193926870737477763e+01 -5.395150218258572388e+10 -4.174166709438178336e-17 4.187578855851912913e-17 -8.348333418876357377e+06
4.200000000000000000e+06 1.193798913592580746e+01 -5.395186376119423676e+10 -3.940953361504312445e-17 3.953884545504947881e-17 -7.881906723008625209e+06
4.210000000000000000e+06 1.193678055900602430e+01 -5.395208561257575989e+10 -3.712859368233341528e-17 3.722209407704265966e-17 -7.425718736466683447e+06
4.220000000000000000e+06 1.193564575730982824e+01 -5.395230581822116089e+10 -3.484349067516213930e-17 3.496901632809971589e-17 -6.968698135032428429e+06
4.230000000000000000e+06 1.193457633445322230e+01 -5.395244227058432007e+10 -3.287974734944776971e-17 3.294091652448223555e-17 -6.575949469889554195e+06
4.240000000000000000e+06 1.193357054547991858e+01 -5.395257726195500183e+10 -3.090464714512551872e-17 3.100753982893741377e-17 -6.180929429025104269e+06
4.250000000000000000e+06 1.193261977991001821e+01 -5.395266584398739624e+10 -2.930990271634677445e-17 2.934777842758434311e-17 -5.861980543269355781e+06
4.260000000000000000e+06 1.193172064510799579e+01 -5.395275333108573914e+10 -2.770327455443424097e-17 2.777998464333378080e-17 -5.540654910886848345e+06
4.270000000000000000e+06 1.193086587515301922e+01 -5.395281746740541077e+10 -2.643932408909345279e-17 2.646153956837960853e-17 -5.287864817818691023e+06
4.280000000000000000e+06 1.193005192188024743e+01 -5.395288085511907959e+10 -2.516553942738518327e-17 2.521916944084308737e-17 -5.033107885477037169e+06
4.290000000000000000e+06 1.192927324999086025e+01 -5.395293416650669861e+10 -2.416408904282382261e-17 2.417635799483268292e-17 -4.832817808564765379e+06
4.300000000000000000e+06 1.192852680056749115e+01 -5.395298699847382355e+10 -2.315537641097891036e-17 2.319102819284402891e-17 -4.631075282195782289e+06
4.310000000000000000e+06 1.192780863440619576e+01 -5.395303679987229919e+10 -2.234689265655045804e-17 2.235317938332947413e-17 -4.469378531310091726e+06
4.320000000000000000e+06 1.192711637196809527e+01 -5.395308631178800964e+10 -2.153342190932220598e-17 2.155609271067419506e-17 -4.306684381864441559e+06
4.330000000000000000e+06 1.192644735621856178e+01 -5.395313611456195068e+10 -2.085886902307575353e-17 2.086176828280844145e-17 -4.171773804615151137e+06
4.340000000000000000e+06 1.192579986027793026e+01 -5.395318575333773041e+10 -2.018108050020887781e-17 2.019489318543580028e-17 -4.036216100041775964e+06
4.350000000000000000e+06 1.192517217599069035e+01 -5.395323692384127808e+10 -1.959501605543975699e-17 1.959613893834201640e-17 -3.919003211087951902e+06
4.360000000000000000e+06 1.192456311692058613e+01 -5.395328800883947754e+10 -1.900695978494867035e-17 1.901501562610613360e-17 -3.801391956989734434e+06
4.370000000000000000e+06 1.192397163621933665e+01 -5.395334080388867188e+10 -1.847668377252144836e-17 1.847697640534534525e-17 -3.695336754504289944e+06
4.380000000000000000e+06 1.192339695732894889e+01 -5.395339355977937317e+10 -1.794524875732190449e-17 1.794973717666268623e-17 -3.589049751464380883e+06
4.390000000000000000e+06 1.192283847125474061e+01 -5.395344773693969727e+10 -1.744848052465067561e-17 1.744846272428232725e-17 -3.489696104930135421e+06
4.400000000000000000e+06 1.192229569299093761e+01 -5.395350190047872925e+10 -1.695108237566665816e-17 1.695347121832542326e-17 -3.390216475133331958e+06
4.410000000000000000e+06 1.192176828951319223e+01 -5.395355705238710022e+10 -1.647338073028032344e-17 1.647331300631597614e-17 -3.294676146056064870e+06
4.420000000000000000e+06 1.192125597227147260e+01 -5.395361220340239716e+10 -1.599536784915132511e-17 1.599659686674256521e-17 -3.199073569830265362e+06
4.430000000000000000e+06 1.192075857312067910e+01 -5.395366792436405945e+10 -1.552784699774534779e-17 1.552784110534316787e-17 -3.105569399549069814e+06
4.440000000000000000e+06 1.192027592910264033e+01 -5.395372364920092010e+10 -1.506020415779775485e-17 1.506084026193454105e-17 -3.012040831559550948e+06
4.450000000000000000e+06 1.191980796392157771e+01 -5.395377960509684753e+10 -1.459772024259395376e-17 1.459780155155925802e-17 -2.919544048518790863e+06
4.460000000000000000e+06 1.191935459106998429e+01 -5.395383556566028595e+10 -1.413518392041934539e-17 1.413556750324880981e-17 -2.827036784083869308e+06
4.470000000000000000e+06 1.191891578251090955e+01 -5.395389150620674133e+10 -1.367495769124944412e-17 1.367513663673253543e-17 -2.734991538249888923e+06
4.480000000000000000e+06 1.191849149338030855e+01 -5.395394745478734589e+10 -1.321475101482380499e-17 1.321505545601089036e-17 -2.642950202964761294e+06
4.490000000000000000e+06 1.191808171578228581e+01 -5.395400321961534119e+10 -1.275549975790554584e-17 1.275574723397791559e-17 -2.551099951581109315e+06
4.500000000000000000e+06 1.191768642746198914e+01 -5.395405898911938477e+10 -1.229627638889898226e-17 1.229658906598598728e-17 -2.459255277779796626e+06
4.510000000000000000e+06 1.191730562619265754e+01 -5.395411447566400146e+10 -1.183753759962747296e-17 1.183783289507416217e-17 -2.367507519925494678e+06
4.520000000000000000e+06 1.191693929890888093e+01 -5.395416996552411652e+10 -1.137882662940325766e-17 1.137918214793790032e-17 -2.275765325880651828e+06
4.530000000000000000e+06 1.191658744193662045e+01 -5.395422512000393677e+10 -1.092058068541252803e-17 1.092090500668678337e-17 -2.184116137082505971e+06
4.540000000000000000e+06 1.191625004427480405e+01 -5.395428027668675232e+10 -1.046235812396584853e-17 1.046276494687796609e-17 -2.092471624793170020e+06
4.550000000000000000e+06 1.191592709770627678e+01 -5.395433507676678467e+10 -1.000479498384540001e-17 1.000513422430417783e-17 -2.000958996769080171e+06
4.560000000000000000e+06 1.191561858963844145e+01 -5.395438987819233704e+10 -9.547249122681783961e-18 9.547703451729095341e-18 -1.909449824536357075e+06
4.570000000000000000e+06 1.191532450647581243e+01 -5.395444432101808167e+10 -9.090634424650806733e-18 9.090978969099369102e-18 -1.818126884930161526e+06
4.580000000000000000e+06 1.191504483242860069e+01 -5.395449876455738831e+10 -8.634031167955476244e-18 8.634524902522232777e-18 -1.726806233591095544e+06
4.590000000000000000e+06 1.191477954879148449e+01 -5.395455285810934448e+10 -8.178637151093049250e-18 8.178981141008146671e-18 -1.635727430218609981e+06
4.600000000000000000e+06 1.191452863610908430e+01 -5.395460695198365784e+10 -7.723249982603508632e-18 7.723774008098630224e-18 -1.544649996520701796e+06
4.610000000000000000e+06 1.191429207130312129e+01 -5.395466070920063782e+10 -7.269321801099551435e-18 7.269662175128412856e-18 -1.453864360219910508e+06
4.620000000000000000e+06 1.191406983140974241e+01 -5.395471446650081635e+10 -6.815396986731616760e-18 6.815944354061179266e-18 -1.363079397346323356e+06
4.630000000000000000e+06 1.191386188976159666e+01 -5.395476790205740356e+10 -6.363145153028557861e-18 6.363480662419104453e-18 -1.272629030605711741e+06
4.640000000000000000e+06 1.191366822023077887e+01 -5.395482133752292633e+10 -5.910894654860700615e-18 5.911459703611529529e-18 -1.182178930972140282e+06
4.650000000000000000e+06 1.191348879327339993e+01 -5.395487446549682617e+10 -5.460494099432252625e-18 5.460824599590473594e-18 -1.092098819886450656e+06
4.660000000000000000e+06 1.191332358005359637e+01 -5.395492759333680725e+10 -5.010093577779673154e-18 5.010671606785791058e-18 -1.002018715555934701e+06
4.670000000000000000e+06 1.191317254876992848e+01 -5.395498042634767151e+10 -4.561685938518775717e-18 4.562011817798941040e-18 -9.123371877037552185e+05
4.680000000000000000e+06 1.191303566833324901e+01 -5.395503325918151855e+10 -4.113277525543102439e-18 4.113865921814232842e-18 -8.226555051086205058e+05
4.690000000000000000e+06 1.191291290515007262e+01 -5.395508580804830933e+10 -3.666978663018885215e-18 3.667300801346786596e-18 -7.333957326037770836e+05
4.700000000000000000e+06 1.191280422624153701e+01 -5.395513835676974487e+10 -3.220678847904104170e-18 3.221275701389431759e-18 -6.441357695808208082e+05
4.710000000000000000e+06 1.191270959658613471e+01 -5.395519063023417664e+10 -2.776582895966997647e-18 2.776902060939277686e-18 -5.553165791933995206e+05
4.720000000000000000e+06 1.191262898165673967e+01 -5.395524290357348633e+10 -2.332486073682809837e-18 2.333089899724714673e-18 -4.664972147365619894e+05
4.730000000000000000e+06 1.191256234525333113e+01 -5.395529490894322205e+10 -1.890671285769511902e-18 1.890988131235390799e-18 -3.781342571539024357e+05
4.740000000000000000e+06 1.191250965156040742e+01 -5.395534691418035889e+10 -1.448855525525194853e-18 1.449465376297109219e-18 -2.897711051050389651e+05
4.750000000000000000e+06 1.191247086341736505e+01 -5.395539865715582275e+10 -1.009386566318533126e-18 1.009701668493868047e-18 -2.018773132637066301e+05
4.760000000000000000e+06 1.191244594392539469e+01 -5.395545039996807098e+10 -5.699150689739969554e-19 5.705310600855185592e-19 -1.139830137947993935e+05
4.770000000000000000e+06 1.191243485512989153e+01 -5.395550188517376709e+10 -1.328508465926490555e-19 1.331638454442519803e-19 -2.657016931852981361e+04
4.780000000000000000e+06 1.191243755901764345e+01 -5.395555336903777313e+10 3.042312794223940549e-19 3.036083216470868395e-19 6.084625588447881455e+04
4.790000000000000000e+06 1.191245401779123370e+01 -5.395560460098550415e+10 7.388444782303372609e-19 7.385314199224106635e-19 1.477688956460674526e+05
4.800000000000000000e+06 1.191248419133465397e+01 -5.395565583171585083e+10 1.173453063628245441e-18 1.172834434598338164e-18 2.346906127256491163e+05
4.810000000000000000e+06 1.191252804182733627e+01 -5.395570680855592346e+10 1.605609707269142347e-18 1.605297045948551732e-18 3.211219414538284764e+05
4.820000000000000000e+06 1.191258552971245166e+01 -5.395575778777832031e+10 2.037752517445205298e-18 2.037126155360168093e-18 4.075505034890411189e+05
4.830000000000000000e+06 1.191265661537582332e+01 -5.395580851745404053e+10 2.467385048073081169e-18 2.467073057074274309e-18 4.934770096146162832e+05
4.840000000000000000e+06 1.191274125921323623e+01 -5.395585924720222473e+10 2.897017061258690313e-18 2.896388035369493825e-18 5.794034122517381329e+05
4.850000000000000000e+06 1.191283942115524042e+01 -5.395590972952250671e+10 3.324112011515901862e-18 3.323800474748984715e-18 6.648224023031804245e+05
4.860000000000000000e+06 1.191295106120766611e+01 -5.395596021182411194e+10 3.751206945061883996e-18 3.750576055117609052e-18 7.502413890123767778e+05
4.870000000000000000e+06 1.191307613900246487e+01 -5.395601044826744080e+10 4.175745958218275603e-18 4.175434895135330118e-18 8.351491916436551837e+05
4.880000000000000000e+06 1.191321461424896810e+01 -5.395606068469791412e+10 4.600284901500523670e-18 4.599652798457942599e-18 9.200569803001048276e+05
4.890000000000000000e+06 1.191336644635803488e+01 -5.395611067653216553e+10 5.022254191473402791e-18 5.021943583441467750e-18 1.004450838294680696e+06
4.900000000000000000e+06 1.191353159482671487e+01 -5.395616066836536407e+10 5.444223324986765414e-18 5.443590557380787062e-18 1.088844664997353218e+06
4.910000000000000000e+06 1.191371001890340331e+01 -5.395621041674597168e+10 5.863613135018238530e-18 5.863303072082897369e-18 1.172722627003647853e+06
4.920000000000000000e+06 1.191390167794245514e+01 -5.395626016511338806e+10 6.283002855586574107e-18 6.282369917120468884e-18 1.256600571117314976e+06
4.930000000000000000e+06 1.191410653108638940e+01 -5.395630967107125854e+10 6.699806901471830709e-18 6.699497458208978171e-18 1.339961380294366274e+06
4.940000000000000000e+06 1.191432453759500021e+01 -5.395635917703483582e+10 7.116610766714250902e-18 7.115978253027632694e-18 1.423322153342850273e+06
4.950000000000000000e+06 1.191455565656921678e+01 -5.395640844136387634e+10 7.530827043509657828e-18 7.530518251227363623e-18 1.506165408701931592e+06
4.960000000000000000e+06 1.191479984725001628e+01 -5.395645770571065521e+10 7.945043158392941679e-18 7.944411329642428031e-18 1.589008631678588456e+06
4.970000000000000000e+06 1.191505706873871340e+01 -5.395650672932373047e+10 8.356672356004692200e-18 8.356364310110508226e-18 1.671334471200938569e+06
4.980000000000000000e+06 1.191532728029710064e+01 -5.395655575291855621e+10 8.768301438253423941e-18 8.767671048180815567e-18 1.753660287650684826e+06
4.990000000000000000e+06 1.191561044108195944e+01 -5.395660453654936218e+10 9.177347580679928250e-18 9.177040336588485804e-18 1.835469516135985730e+06
5.000000000000000000e+06 1.191590651042512583e+01 -5.395665332018323517e+10 9.586393637833724149e-18 9.585764587385173010e-18 1.917278727566745132e+06
5.010000000000000000e+06 1.191621544755755835e+01 -5.395670186453543091e+10 9.992861797337006848e-18 9.992555467789600957e-18 1.998572359467401635e+06
5.020000000000000000e+06 1.191653721189603665e+01 -5.395675040886617279e+10 1.039932985142322906e-17 1.039870260072408490e-17 2.079865970284645911e+06
5.030000000000000000e+06 1.191687176277964788e+01 -5.395679871464439392e+10 1.080322728234293101e-17 1.080292178439357848e-17 2.160645456468586344e+06
5.040000000000000000e+06 1.191721905974660878e+01 -5.395684702042545319e+10 1.120712471528211688e-17 1.120649974963743460e-17 2.241424943056423683e+06
5.050000000000000000e+06 1.191757906230720820e+01 -5.395689508806164551e+10 1.160846236733576869e-17 1.160815772327889434e-17 2.321692473467153963e+06
5.060000000000000000e+06 1.191795173017061416e+01 -5.395694315570024109e+10 1.200980002494300127e-17 1.200917711461839848e-17 2.401960004988600500e+06
5.070000000000000000e+06 1.191833702300642628e+01 -5.395699098580924988e+10 1.240858797575924738e-17 1.240828422018775005e-17 2.481717595151849557e+06
5.080000000000000000e+06 1.191873490068242347e+01 -5.395703881588553619e+10 1.280737607414928074e-17 1.280675532549135029e-17 2.561475214829856530e+06
5.090000000000000000e+06 1.191914532305387908e+01 -5.395708640881437683e+10 1.320362564333937476e-17 1.320332274828316340e-17 2.640725128667875193e+06
5.100000000000000000e+06 1.191956825015562593e+01 -5.395713400160031128e+10 1.359987633672567848e-17 1.359925771522390665e-17 2.719975267345136032e+06
5.110000000000000000e+06 1.192000364206975682e+01 -5.395718135757156372e+10 1.399359837838458753e-17 1.399329636087956635e-17 2.798719675676917657e+06
5.120000000000000000e+06 1.192045145891599844e+01 -5.395722871212647247e+10 1.438734174170420903e-17 1.438671753813494806e-17 2.877468348340841942e+06
5.130000000000000000e+06 1.192091166176511052e+01 -5.395727583219042969e+10 1.477853382475194984e-17 1.477823276743795777e-17 2.955706764950390439e+06
5.140000000000000000e+06 1.192138420903405382e+01 -5.395732295203382111e+10 1.516972504578298052e-17 1.516912138289318102e-17 3.033945009156596381e+06
5.150000000000000000e+06 1.192186906321828133e+01 -5.395736983256163025e+10 1.555845872618930033e-17 1.555815840602262480e-17 3.111691745237860363e+06
5.160000000000000000e+06 1.192236618426824890e+01 -5.395741671465283966e+10 1.594717146969708104e-17 1.594655875275050150e-17 3.189434293939416297e+06
5.170000000000000000e+06 1.192287553283444446e+01 -5.395746335940911865e+10 1.633339349296425954e-17 1.633309237238442713e-17 3.266678698592852335e+06
5.180000000000000000e+06 1.192339706966523494e+01 -5.395751000428337097e+10 1.671961644367942708e-17 1.671900512027496062e-17 3.343923288735885639e+06
5.190000000000000000e+06 1.192393075564691074e+01 -5.395755641144444275e+10 1.710335990914886989e-17 1.710305859074186774e-17 3.420671981829774100e+06
5.200000000000000000e+06 1.192447655164657405e+01 -5.395760281857209778e+10 1.748710400797895628e-17 1.748649330708935291e-17 3.497420801595791709e+06
5.210000000000000000e+06 1.192503441871453340e+01 -5.395764898718399048e+10 1.786837648273263242e-17 1.786807465420312993e-17 3.573675296546526719e+06
5.220000000000000000e+06 1.192560431780195529e+01 -5.395769515575784302e+10 1.824964972054830674e-17 1.824903900500200363e-17 3.649929944109661505e+06
5.230000000000000000e+06 1.192618621009381918e+01 -5.395774108462837219e+10 1.862845681658056128e-17 1.862815405907450690e-17 3.725691363316112664e+06
5.240000000000000000e+06 1.192678005657962714e+01 -5.395778701345548248e+10 1.900726485419719228e-17 1.900665310355710421e-17 3.801452970839438960e+06
5.250000000000000000e+06 1.192738581852378665e+01 -5.395783270106941223e+10 1.938360801758472780e-17 1.938330381117353780e-17 3.876721603516946081e+06
5.260000000000000000e+06 1.192800345687637886e+01 -5.395787838861557007e+10 1.975995231834560557e-17 1.975933826742757164e-17 3.951990463669121265e+06
5.270000000000000000e+06 1.192863293291289928e+01 -5.395792383299882507e+10 2.013382789839161399e-17 2.013352161273168646e-17 4.026765579678323120e+06
5.280000000000000000e+06 1.192927420745095191e+01 -5.395796927732678223e+10 2.050770477403752959e-17 2.050708743008019806e-17 4.101540954807506409e+06
5.290000000000000000e+06 1.192992724171972796e+01 -5.395801447586094666e+10 2.087910481190540548e-17 2.087879572461910636e-17 4.175820962381081656e+06
5.300000000000000000e+06 1.193059199632697442e+01 -5.395805967433377838e+10 2.125050646687502820e-17 2.124988360276095122e-17 4.250101293375005946e+06
5.310000000000000000e+06 1.193126843233614132e+01 -5.395810462398194885e+10 2.161941431091013092e-17 2.161910152016378783e-17 4.323882862182026729e+06
5.320000000000000000e+06 1.193195650998509016e+01 -5.395814957352923584e+10 2.198832389271114454e-17 2.198769348575414099e-17 4.397664778542228974e+06
5.330000000000000000e+06 1.193265619003656042e+01 -5.395819427049658203e+10 2.235471365456853575e-17 2.235439621557403244e-17 4.470942730913707986e+06
5.340000000000000000e+06 1.193336743220834251e+01 -5.395823896737590027e+10 2.272110550386547814e-17 2.272046549627053918e-17 4.544221100773096085e+06
5.350000000000000000e+06 1.193409019681559080e+01 -5.395828340715829468e+10 2.308494081746132394e-17 2.308461763933165254e-17 4.616988163492265157e+06
5.360000000000000000e+06 1.193482444286502364e+01 -5.395832784682037354e+10 2.344877851475501160e-17 2.344812527727718120e-17 4.689755702951002866e+06
5.370000000000000000e+06 1.193557012999907130e+01 -5.395837202425473022e+10 2.381000750709529600e-17 2.380967721145627741e-17 4.762001501419059932e+06
5.380000000000000000e+06 1.193632721625083626e+01 -5.395841620157160950e+10 2.417123928511169602e-17 2.417057023411064746e-17 4.834247857022339478e+06
5.390000000000000000e+06 1.193709566039925107e+01 -5.395846011038226318e+10 2.452979649046005203e-17 2.452945754583758901e-17 4.905959298092010431e+06
5.400000000000000000e+06 1.193787541926228890e+01 -5.395850401909793091e+10 2.488835682464532831e-17 2.488766696206538276e-17 4.977671364929066040e+06
5.410000000000000000e+06 1.193866645041610930e+01 -5.395854765237222290e+10 2.524415384329920396e-17 2.524380475181006143e-17 5.048830768659841269e+06
5.420000000000000000e+06 1.193946870908094127e+01 -5.395859128543912506e+10 2.559995446632797532e-17 2.559923957798779066e-17 5.119990893265595660e+06
5.430000000000000000e+06 1.194028215131106307e+01 -5.395863463506428528e+10 2.595288090506705043e-17 2.595251926490387959e-17 5.190576181013410911e+06
5.440000000000000000e+06 1.194110673034984060e+01 -5.395867798454828644e+10 2.630581091612171407e-17 2.630506425857819181e-17 5.261162183224342763e+06
5.450000000000000000e+06 1.194194240024296683e+01 -5.395872104149752808e+10 2.665572515744983657e-17 2.665534893787580412e-17 5.331145031489967369e+06
5.460000000000000000e+06 1.194278911177429769e+01 -5.395876409858850861e+10 2.700564203546664868e-17 2.700485953339868593e-17 5.401128407093330286e+06
5.470000000000000000e+06 1.194364681624333357e+01 -5.395880685270878601e+10 2.735235855409163028e-17 2.735196905667898915e-17 5.470471710818326101e+06
5.480000000000000000e+06 1.194451546135491249e+01 -5.395884960691313934e+10 2.769908975042669749e-17 2.769826358777299235e-17 5.539817950085340068e+06
5.490000000000000000e+06 1.194539499606377042e+01 -5.395889204892485046e+10 2.804241327444636306e-17 2.804200103232011221e-17 5.608482654889273457e+06
5.500000000000000000e+06 1.194628536387721063e+01 -5.395893449033609772e+10 2.838573431515714255e-17 2.838485176879537904e-17 5.677146863031429239e+06
5.510000000000000000e+06 1.194718650925737258e+01 -5.395897660829174805e+10 2.872537289295648607e-17 2.872493929376306643e-17 5.745074578591297381e+06
5.520000000000000000e+06 1.194809837153242427e+01 -5.395901872622747040e+10 2.906501573333102107e-17 2.906406823155067713e-17 5.813003146666204557e+06
5.530000000000000000e+06 1.194902089007934443e+01 -5.395906051034696960e+10 2.940063678249030945e-17 2.940017901333275193e-17 5.880127356498062611e+06
5.540000000000000000e+06 1.194995399860307828e+01 -5.395910229452303314e+10 2.973626244591791352e-17 2.973523777171635153e-17 5.947252489183583297e+06
5.550000000000000000e+06 1.195089763014341955e+01 -5.395914373602552795e+10 3.006744623460259849e-17 3.006696200757751012e-17 6.013489246920520440e+06
5.560000000000000000e+06 1.195185171148566639e+01 -5.395918517772720337e+10 3.039863422840815750e-17 3.039751762617479059e-17 6.079726845681631938e+06
5.570000000000000000e+06 1.195281616765514521e+01 -5.395922627097714233e+10 3.072485560073074126e-17 3.072434308607731081e-17 6.144971120146148838e+06
5.580000000000000000e+06 1.195379091689187590e+01 -5.395926736464136505e+10 3.105108041581902024e-17 3.104985360828631737e-17 6.210216083163804375e+06
5.590000000000000000e+06 1.195477587399897068e+01 -5.395930810946620178e+10 3.137167699344918934e-17 3.137113506470178987e-17 6.274335398689838126e+06
5.600000000000000000e+06 1.195577094655965311e+01 -5.395934885497570038e+10 3.169227529632446904e-17 3.169091600706102589e-17 6.338455059264894575e+06
5.610000000000000000e+06 1.195677603624575625e+01 -5.395938925994702148e+10 3.200640625080065205e-17 3.200583431534905579e-17 6.401281250160130672e+06
5.620000000000000000e+06 1.195779103729145376e+01 -5.395942966544521332e+10 3.232055063792459852e-17 3.231902335486095071e-17 6.464110127584920265e+06
5.630000000000000000e+06 1.195881583466412046e+01 -5.395946975320877075e+10 3.262711528136975047e-17 3.262651618280207155e-17 6.525423056273950264e+06
5.640000000000000000e+06 1.195985030419786099e+01 -5.395950984175336456e+10 3.293368427927661214e-17 3.293196885118279060e-17 6.586736855855323374e+06
5.650000000000000000e+06 1.196089430968697087e+01 -5.395954965074864197e+10 3.323131424684975264e-17 3.323068774053976828e-17 6.646262849369951524e+06
5.660000000000000000e+06 1.196194770524281381e+01 -5.395958946338868713e+10 3.352892993929692645e-17 3.352695894161718441e-17 6.705785987859385088e+06
5.670000000000000000e+06 1.196301032436216616e+01 -5.395962906407391357e+10 3.381574356125753665e-17 3.381509677333588541e-17 6.763148712251507677e+06
5.680000000000000000e+06 1.196408199266083017e+01 -5.395966866750471497e+10 3.410255846160195364e-17 3.410026646170139669e-17 6.820511692320391536e+06
5.690000000000000000e+06 1.196516250505796641e+01 -5.395970816070256042e+10 3.437612127581082549e-17 3.437545757707944047e-17 6.875224255162165500e+06
5.700000000000000000e+06 1.196625164843037759e+01 -5.395974765724747467e+10 3.464969334258818733e-17 3.464698506823049660e-17 6.929938668517637998e+06
5.710000000000000000e+06 1.196734916713612051e+01 -5.395978718883496094e+10 3.490677194322256332e-17 3.490609489205734932e-17 6.981354388644513674e+06
5.720000000000000000e+06 1.196845479632292708e+01 -5.395982672396982574e+10 3.516387321559313762e-17 3.516061829638238644e-17 7.032774643118628301e+06
5.730000000000000000e+06 1.196956821418775974e+01 -5.395986649084609985e+10 3.540019729720526631e-17 3.539950587213085847e-17 7.080039459441053681e+06
5.740000000000000000e+06 1.197068908685538169e+01 -5.395990626095574951e+10 3.563656766614608749e-17 3.563259204018017748e-17 7.127313533229218796e+06
5.750000000000000000e+06 1.197181700696452467e+01 -5.395994651458634949e+10 3.584655334204769247e-17 3.584583712534335993e-17 7.169310668409539387e+06
5.760000000000000000e+06 1.197295154923887495e+01 -5.395998676996414185e+10 3.605662263301482175e-17 3.605170008363239904e-17 7.211324526602964848e+06
5.770000000000000000e+06 1.197409219779332368e+01 -5.396002781111274719e+10 3.623309494513594079e-17 3.623232596423513639e-17 7.246618989027189091e+06
5.780000000000000000e+06 1.197523840827295594e+01 -5.396006885079798889e+10 3.640970361195287971e-17 3.640355858494791846e-17 7.281940722390577197e+06
5.790000000000000000e+06 1.197638953133789563e+01 -5.396011100784729004e+10 3.654371202788816609e-17 3.654283460178676141e-17 7.308742405577633530e+06
5.800000000000000000e+06 1.197754487196633910e+01 -5.396015315773866272e+10 3.667792318965890092e-17 3.667024715558001146e-17 7.335584637931780890e+06
5.810000000000000000e+06 1.197870362410530909e+01 -5.396019674035743713e+10 3.675879124009294286e-17 3.675771046122925680e-17 7.351758248018588871e+06
5.820000000000000000e+06 1.197986491042721546e+01 -5.396024030687030792e+10 3.683993017794023431e-17 3.683043613650860969e-17 7.367986035588047467e+06
5.830000000000000000e+06 1.198102775403990172e+01 -5.396028552224853516e+10 3.685581532120319221e-17 3.685438746627059037e-17 7.371163064240639098e+06
5.840000000000000000e+06 1.198219107258237415e+01 -5.396033070917037964e+10 3.687201367228534613e-17 3.686054953204540828e-17 7.374402734457070008e+06
5.850000000000000000e+06 1.198335372626899797e+01 -5.396037753117517090e+10 3.681138183136469967e-17 3.680941430328813843e-17 7.362276366272940300e+06
5.860000000000000000e+06 1.198451443030893948e+01 -5.396042430992208862e+10 3.675103112280018971e-17 3.673777699808950443e-17 7.350206224560039118e+06
5.870000000000000000e+06 1.198567193181865598e+01 -5.396047229739418030e+10 3.660555798006606506e-17 3.660282936194204241e-17 7.321111596013213508e+06
5.880000000000000000e+06 1.198682479742196350e+01 -5.396052022768034363e+10 3.646019613725005239e-17 3.644595119432847234e-17 7.292039227450011298e+06
5.890000000000000000e+06 1.198797177825974103e+01 -5.396056830819599915e+10 3.622952171325707410e-17 3.622583529927111390e-17 7.245904342651415616e+06
5.900000000000000000e+06 1.198911143093079978e+01 -5.396061632514773560e+10 3.599861343009821318e-17 3.598509524397254269e-17 7.199722686019643210e+06
5.910000000000000000e+06 1.199024271781653184e+01 -5.396066259913606262e+10 3.569671561842431973e-17 3.569198914555689029e-17 7.139343123684864491e+06
5.920000000000000000e+06 1.199136443627639892e+01 -5.396070881993968201e+10 3.539413933139148655e-17 3.538405515809396692e-17 7.078827866278298199e+06
5.930000000000000000e+06 1.199247605544269923e+01 -5.396075049417643738e+10 3.505540335135196266e-17 3.504976162276125452e-17 7.011080670270392671e+06
5.940000000000000000e+06 1.199357696506999993e+01 -5.396079214966447449e+10 3.471571256577865675e-17 3.471218827652013934e-17 6.943142513155732304e+06
5.950000000000000000e+06 1.199466746291341401e+01 -5.396082574969558716e+10 3.439619625379246988e-17 3.438998187031475764e-17 6.879239250758494250e+06
5.960000000000000000e+06 1.199574788787579926e+01 -5.396085938673542023e+10 3.407597584520439656e-17 3.408105551225817950e-17 6.815195169040879235e+06
5.970000000000000000e+06 1.199681956776591640e+01 -5.396088135696675110e+10 3.384402715795961280e-17 3.383764228277909876e-17 6.768805431591923349e+06
5.980000000000000000e+06 1.199788396041867777e+01 -5.396090342410182953e+10 3.361219597918283526e-17 3.362494585018423574e-17 6.722439195836567320e+06
5.990000000000000000e+06 1.199894331603280051e+01 -5.396091104076361084e+10 3.352662403543392687e-17 3.352028020779444195e-17 6.705324807086786255e+06
6.000000000000000000e+06 1.200000000000000000e+01 -5.396091879333148193e+10 3.344196465325032026e-17 3.345783123186482869e-17 6.688392930650064722e+06
