  0 1.000000e+00 9.801980e-01 1.000000e+00 1.000000e-08
  1 1.624706e-01 1.074371e-03 5.850439e+00 1.000000e-08
  2 2.041213e-02 4.582552e-04 6.667561e-01 1.000000e-08
  3 1.443857e-02 3.978490e-04 1.893011e-01 1.000000e-08
  4 1.010381e-02 2.877483e-04 1.483056e-01 1.000000e-08
  5 6.435837e-03 2.105176e-04 1.561969e-01 1.000000e-08
  6 3.655875e-03 1.373872e-04 1.115459e-01 1.000000e-08
  7 2.145248e-03 7.863284e-05 6.107244e-02 1.000000e-08
  8 1.056663e-03 3.381736e-05 2.516942e-02 1.000000e-08
  9 3.816008e-04 1.056852e-05 7.383120e-03 1.000000e-08
 10 8.523876e-05 1.958523e-06 1.338056e-03 1.000000e-08
 11 8.463394e-06 1.514158e-07 1.149711e-04 1.000000e-08
 12 2.023472e-07 2.857664e-09 2.429663e-06 1.000000e-08
 13 4.285154e-10 5.668610e-12 5.196753e-09 1.000000e-08
