pblock: 0.001 -4032633766.13474 -4096793561.351696 8
pblock: 0.001 -4032633766.1439743 -4096793561.351696 8
pblock: 0.001 -4160953356.5686455 -4096793561.351696 8
pblock: 0.001 -4160953356.5594244 -4096793561.351696 8
pblock: 0.01 -4032633385.026112 -4096791397.2190514 8
pblock: 0.01 -4032633385.0179296 -4096791397.2190514 8
pblock: 0.01 -4160949409.4119835 -4096791397.2190514 8
pblock: 0.01 -4160949409.420181 -4096791397.2190514 8
pblock: 0.1 -4032632687.429161 -4096776788.005554 8
pblock: 0.1 -4032632687.4392476 -4096776788.005554 8
pblock: 0.1 -4160920888.5818486 -4096776788.005554 8
pblock: 0.1 -4160920888.5719614 -4096776788.005554 8
pblock: 1 -4032666285.750173 -4096754455.0813575 8
pblock: 1 -4032666285.750401 -4096754455.0813575 8
pblock: 1 -4160842624.4126115 -4096754455.0813575 8
pblock: 1 -4160842624.4122443 -4096754455.0813575 8
pblock: 10 -4032761492.0562224 -4096771806.2470436 8
pblock: 10 -4032761492.0169115 -4096771806.2470436 8
pblock: 10 -4160782120.4386663 -4096771806.2470436 8
pblock: 10 -4160782120.4763746 -4096771806.2470436 8
pblock: 100 -4032800775.0241632 -4096786895.173451 8
pblock: 100 -4032800775.342361 -4096786895.173451 8
pblock: 100 -4160773015.3115215 -4096786895.173451 8
pblock: 100 -4160773015.0157585 -4096786895.173451 8
pblock: 1000 -4032805992.471119 -4096789406.3989472 8
pblock: 1000 -4032805999.111533 -4096789406.3989472 8
pblock: 1000 -4160772820.028999 -4096789406.3989472 8
pblock: 1000 -4160772813.984139 -4096789406.3989472 8
