pblock: 0.001 -3968471222.999069 -4096790853.749747 8
pblock: 0.001 -4058051236.3132286 -4096790853.749747 8
pblock: 0.001 -4058051236.310877 -4096790853.749747 8
pblock: 0.001 -3968471222.996723 -4096790853.749747 8
pblock: 0.001 -4135530467.38122 -4096790853.749747 8
pblock: 0.001 -4225110488.3054905 -4096790853.749747 8
pblock: 0.001 -4135530467.383581 -4096790853.749747 8
pblock: 0.001 -4225110488.307781 -4096790853.749747 8
pblock: 0.01 -3968472555.69939 -4096788936.7438345 8
pblock: 0.01 -4058050053.3686156 -4096788936.7438345 8
pblock: 0.01 -4058050053.378355 -4096788936.7438345 8
pblock: 0.01 -3968472555.7091637 -4096788936.7438345 8
pblock: 0.01 -4135527782.915317 -4096788936.7438345 8
pblock: 0.01 -4225105354.992058 -4096788936.7438345 8
pblock: 0.01 -4135527782.9055247 -4096788936.7438345 8
pblock: 0.01 -4225105354.98225 -4096788936.7438345 8
pblock: 0.1 -3968486235.9437523 -4096775665.324613 8
pblock: 0.1 -4058043211.8545218 -4096775665.324613 8
pblock: 0.1 -4058043211.8261604 -4096775665.324613 8
pblock: 0.1 -3968486235.915057 -4096775665.324613 8
pblock: 0.1 -4135507815.574313 -4096775665.324613 8
pblock: 0.1 -4225065397.9263496 -4096775665.324613 8
pblock: 0.1 -4135507815.602419 -4096775665.324613 8
pblock: 0.1 -4225065397.9543276 -4096775665.324613 8
pblock: 1 -3968578310.0254803 -4096754660.1282787 8
pblock: 1 -4058077954.150676 -4096754660.1282787 8
pblock: 1 -4058077954.148699 -4096754660.1282787 8
pblock: 1 -3968578310.0269184 -4096754660.1282787 8
pblock: 1 -4135430883.9702697 -4096754660.1282787 8
pblock: 1 -4224931492.366082 -4096754660.1282787 8
pblock: 1 -4135430883.9723225 -4096754660.1282787 8
pblock: 1 -4224931492.3657827 -4096754660.1282787 8
pblock: 10 -3968753980.8981133 -4096772675.048659 8
pblock: 10 -4058248397.400646 -4096772675.048659 8
pblock: 10 -4058248397.3450966 -4096772675.048659 8
pblock: 10 -3968753980.813427 -4096772675.048659 8
pblock: 10 -4135304090.73489 -4096772675.048659 8
pblock: 10 -4224784231.1508827 -4096772675.048659 8
pblock: 10 -4135304090.806694 -4096772675.048659 8
pblock: 10 -4224784231.239521 -4096772675.048659 8
pblock: 100 -3968834049.6318636 -4096788621.0968294 8
pblock: 100 -4058329739.924435 -4096788621.0968294 8
pblock: 100 -4058329740.002302 -4096788621.0968294 8
pblock: 100 -3968834049.6732445 -4096788621.0968294 8
pblock: 100 -4135262133.958168 -4096788621.0968294 8
pblock: 100 -4224728560.861024 -4096788621.0968294 8
pblock: 100 -4135262133.938281 -4096788621.0968294 8
pblock: 100 -4224728560.7853155 -4096788621.0968294 8
pblock: 1000 -3968846249.649074 -4096791319.876248 8
pblock: 1000 -4058341217.906383 -4096791319.876248 8
pblock: 1000 -4058341218.203672 -4096791319.876248 8
pblock: 1000 -3968846249.8765035 -4096791319.876248 8
pblock: 1000 -4135257425.4516234 -4096791319.876248 8
pblock: 1000 -4224720386.5635056 -4096791319.876248 8
pblock: 1000 -4135257424.8512044 -4096791319.876248 8
pblock: 1000 -4224720386.508018 -4096791319.876248 8
