0.000000e+00 1.389333e-20 0.000000e+00 0.000000e+00 0.000000e+00
4.000000e+03 1.321173e-20 -3.900249e-13 0.000000e+00 0.000000e+00
8.000000e+03 1.304960e-20 -7.806020e-13 0.000000e+00 0.000000e+00
1.200000e+04 1.196434e-20 -1.172284e-12 0.000000e+00 0.000000e+00
1.600000e+04 1.146141e-20 -1.565625e-12 0.000000e+00 0.000000e+00
2.000000e+04 1.049361e-20 -1.961180e-12 0.000000e+00 0.000000e+00
2.400000e+04 1.002924e-20 -2.359506e-12 0.000000e+00 0.000000e+00
2.800000e+04 9.113876e-21 -2.761165e-12 0.000000e+00 0.000000e+00
3.200000e+04 8.814437e-21 -3.166720e-12 0.000000e+00 0.000000e+00
3.600000e+04 7.967404e-21 -3.576738e-12 0.000000e+00 0.000000e+00
4.000000e+04 7.755645e-21 -3.991791e-12 0.000000e+00 0.000000e+00
4.400000e+04 7.067431e-21 -4.412456e-12 0.000000e+00 0.000000e+00
4.800000e+04 7.294613e-21 -4.839316e-12 0.000000e+00 0.000000e+00
5.200000e+04 6.622799e-21 -5.272958e-12 0.000000e+00 0.000000e+00
5.600000e+04 6.003389e-21 -5.713978e-12 0.000000e+00 0.000000e+00
6.000000e+04 5.267486e-21 -6.162978e-12 0.000000e+00 0.000000e+00
6.400000e+04 4.685151e-21 -6.620568e-12 0.000000e+00 0.000000e+00
6.800000e+04 4.182225e-21 -7.087365e-12 0.000000e+00 0.000000e+00
7.200000e+04 3.970467e-21 -7.563998e-12 0.000000e+00 0.000000e+00
7.600000e+04 2.808981e-21 -8.051101e-12 0.000000e+00 0.000000e+00
8.000000e+04 2.756801e-21 -8.549323e-12 0.000000e+00 0.000000e+00
8.400000e+04 2.254688e-21 -9.059319e-12 0.000000e+00 0.000000e+00
8.800000e+04 2.249931e-21 -9.581759e-12 0.000000e+00 0.000000e+00
9.200000e+04 1.892589e-21 -1.011732e-11 0.000000e+00 0.000000e+00
9.600000e+04 1.998468e-21 -1.066670e-11 0.000000e+00 0.000000e+00
1.000000e+05 1.535247e-21 -1.123060e-11 0.000000e+00 0.000000e+00
1.040000e+05 1.845354e-21 -1.180973e-11 0.000000e+00 0.000000e+00
1.080000e+05 1.370226e-21 -1.240484e-11 0.000000e+00 0.000000e+00
1.120000e+05 1.645870e-21 -1.301667e-11 0.000000e+00 0.000000e+00
1.160000e+05 1.138201e-21 -1.364598e-11 0.000000e+00 0.000000e+00
1.200000e+05 1.548482e-21 -1.429354e-11 0.000000e+00 0.000000e+00
1.240000e+05 8.999725e-22 -1.496016e-11 0.000000e+00 0.000000e+00
1.280000e+05 1.032321e-21 -1.564664e-11 0.000000e+00 0.000000e+00
1.320000e+05 9.440861e-21 -1.635381e-11 0.000000e+00 0.000000e+00
1.360000e+05 4.684471e-21 -1.708252e-11 0.000000e+00 0.000000e+00
1.400000e+05 2.711498e-21 -1.783363e-11 0.000000e+00 0.000000e+00
1.440000e+05 8.470329e-22 -1.860802e-11 0.000000e+00 0.000000e+00
1.480000e+05 2.911676e-22 -1.940659e-11 0.000000e+00 0.000000e+00
1.520000e+05 -7.940934e-22 -2.023026e-11 0.000000e+00 0.000000e+00
1.560000e+05 -1.032321e-21 -2.107997e-11 0.000000e+00 0.000000e+00
1.600000e+05 -1.738730e-21 -2.195668e-11 0.000000e+00 0.000000e+00
1.640000e+05 -1.700437e-21 -2.286135e-11 0.000000e+00 0.000000e+00
1.680000e+05 -2.233867e-21 -2.379500e-11 0.000000e+00 0.000000e+00
1.720000e+05 -2.144052e-21 -2.475862e-11 0.000000e+00 0.000000e+00
1.760000e+05 -2.620508e-21 -2.575325e-11 0.000000e+00 0.000000e+00
1.800000e+05 -2.580804e-21 -2.677994e-11 0.000000e+00 0.000000e+00
1.840000e+05 -2.924911e-21 -2.783974e-11 0.000000e+00 0.000000e+00
1.880000e+05 -2.837633e-21 -2.893373e-11 0.000000e+00 0.000000e+00
1.920000e+05 -3.318908e-21 -3.006298e-11 0.000000e+00 0.000000e+00
1.960000e+05 -3.266055e-21 -3.122860e-11 0.000000e+00 0.000000e+00
2.000000e+05 -3.811648e-21 -3.243168e-11 0.000000e+00 0.000000e+00
2.040000e+05 -3.811648e-21 -3.367330e-11 0.000000e+00 0.000000e+00
2.080000e+05 -4.446923e-21 -3.495455e-11 0.000000e+00 0.000000e+00
2.120000e+05 -4.354279e-21 -3.627650e-11 0.000000e+00 0.000000e+00
2.160000e+05 -4.983356e-21 -3.764019e-11 0.000000e+00 0.000000e+00
2.200000e+05 -4.718887e-21 -3.904664e-11 0.000000e+00 0.000000e+00
2.240000e+05 -5.095258e-21 -4.049680e-11 0.000000e+00 0.000000e+00
2.280000e+05 -4.698386e-21 -4.199157e-11 0.000000e+00 0.000000e+00
2.320000e+05 -4.936614e-21 -4.353176e-11 0.000000e+00 0.000000e+00
2.360000e+05 -4.433688e-21 -4.511807e-11 0.000000e+00 0.000000e+00
2.400000e+05 -4.460158e-21 -4.675107e-11 0.000000e+00 0.000000e+00
2.440000e+05 -4.437133e-21 -4.843115e-11 0.000000e+00 0.000000e+00
2.480000e+05 -4.134845e-21 -5.015850e-11 0.000000e+00 0.000000e+00
2.520000e+05 -3.496896e-21 -5.193305e-11 0.000000e+00 0.000000e+00
2.560000e+05 -3.083729e-21 -5.375442e-11 0.000000e+00 0.000000e+00
2.600000e+05 -2.527864e-21 -5.562184e-11 0.000000e+00 0.000000e+00
2.640000e+05 -2.051408e-21 -5.753413e-11 0.000000e+00 0.000000e+00
2.680000e+05 -1.535247e-21 -5.948954e-11 0.000000e+00 0.000000e+00
2.720000e+05 -9.687577e-22 -6.148572e-11 0.000000e+00 0.000000e+00
2.760000e+05 -5.629045e-22 -6.351961e-11 0.000000e+00 0.000000e+00
2.800000e+05 -2.927444e-23 -6.558731e-11 0.000000e+00 0.000000e+00
2.840000e+05 3.573420e-22 -6.768402e-11 0.000000e+00 0.000000e+00
2.880000e+05 9.396772e-22 -6.980389e-11 0.000000e+00 0.000000e+00
2.920000e+05 1.263932e-21 -7.194000e-11 0.000000e+00 0.000000e+00
2.960000e+05 1.793328e-21 -7.408423e-11 0.000000e+00 0.000000e+00
3.000000e+05 2.097226e-21 -7.622729e-11 0.000000e+00 0.000000e+00
3.040000e+05 2.583044e-21 -7.835868e-11 0.000000e+00 0.000000e+00
3.080000e+05 2.852196e-21 -8.046680e-11 0.000000e+00 0.000000e+00
3.120000e+05 3.341810e-21 -8.253904e-11 0.000000e+00 0.000000e+00
3.160000e+05 3.593273e-21 -8.456195e-11 0.000000e+00 0.000000e+00
3.200000e+05 4.036641e-21 -8.652152e-11 0.000000e+00 0.000000e+00
3.240000e+05 4.208695e-21 -8.840337e-11 0.000000e+00 0.000000e+00
3.280000e+05 4.713055e-21 -9.019307e-11 0.000000e+00 0.000000e+00
3.320000e+05 4.888025e-21 -9.187642e-11 0.000000e+00 0.000000e+00
3.360000e+05 5.261069e-21 -9.343974e-11 0.000000e+00 0.000000e+00
3.400000e+05 5.267486e-21 -9.487005e-11 0.000000e+00 0.000000e+00
3.440000e+05 5.558654e-21 -9.615528e-11 0.000000e+00 0.000000e+00
3.480000e+05 5.399835e-21 -9.728440e-11 0.000000e+00 0.000000e+00
3.520000e+05 5.863056e-21 -9.824749e-11 0.000000e+00 0.000000e+00
3.560000e+05 5.953245e-21 -9.903579e-11 0.000000e+00 0.000000e+00
3.600000e+05 5.861676e-21 -9.964165e-11 0.000000e+00 0.000000e+00
3.640000e+05 6.179194e-21 -1.000585e-10 0.000000e+00 0.000000e+00
3.680000e+05 6.054962e-21 -1.002809e-10 0.000000e+00 0.000000e+00
3.720000e+05 6.048345e-21 -1.003041e-10 0.000000e+00 0.000000e+00
3.760000e+05 5.532184e-21 -1.001247e-10 0.000000e+00 0.000000e+00
3.800000e+05 5.300573e-21 -9.973976e-11 0.000000e+00 0.000000e+00
3.840000e+05 4.658048e-21 -9.914730e-11 0.000000e+00 0.000000e+00
3.880000e+05 4.303596e-21 -9.834611e-11 0.000000e+00 0.000000e+00
3.920000e+05 3.646251e-21 -9.733573e-11 0.000000e+00 0.000000e+00
3.960000e+05 3.229313e-21 -9.611649e-11 0.000000e+00 0.000000e+00
4.000000e+05 2.587421e-21 -9.468951e-11 0.000000e+00 0.000000e+00
4.040000e+05 2.153978e-21 -9.305677e-11 0.000000e+00 0.000000e+00
4.080000e+05 1.548482e-21 -9.122113e-11 0.000000e+00 0.000000e+00
4.120000e+05 1.116707e-21 -8.918642e-11 0.000000e+00 0.000000e+00
4.160000e+05 6.037708e-22 -8.695752e-11 0.000000e+00 0.000000e+00
4.200000e+05 3.250174e-22 -8.454036e-11 0.000000e+00 0.000000e+00
4.240000e+05 -2.316106e-23 -8.194204e-11 0.000000e+00 0.000000e+00
4.280000e+05 -1.753623e-22 -7.917075e-11 0.000000e+00 0.000000e+00
4.320000e+05 -3.242548e-22 -7.623581e-11 0.000000e+00 0.000000e+00
4.360000e+05 -4.466775e-22 -7.314759e-11 0.000000e+00 0.000000e+00
4.400000e+05 -1.645482e-21 -6.991733e-11 0.000000e+00 0.000000e+00
4.440000e+05 -2.578150e-21 -6.655701e-11 0.000000e+00 0.000000e+00
4.480000e+05 -2.829681e-21 -6.307910e-11 0.000000e+00 0.000000e+00
4.520000e+05 -4.682967e-21 -5.949633e-11 0.000000e+00 0.000000e+00
4.560000e+05 -5.303882e-21 -5.582134e-11 0.000000e+00 0.000000e+00
4.600000e+05 -7.912810e-21 -5.206646e-11 0.000000e+00 0.000000e+00
4.640000e+05 -8.661408e-21 -4.824345e-11 0.000000e+00 0.000000e+00
4.680000e+05 -1.124480e-20 -4.436325e-11 0.000000e+00 0.000000e+00
4.720000e+05 -1.183507e-20 -4.043583e-11 0.000000e+00 0.000000e+00
4.760000e+05 -1.360673e-20 -3.647010e-11 0.000000e+00 0.000000e+00
4.800000e+05 -1.369522e-20 -3.247381e-11 0.000000e+00 0.000000e+00
4.840000e+05 -1.440576e-20 -2.845361e-11 0.000000e+00 0.000000e+00
4.880000e+05 -1.427724e-20 -2.441506e-11 0.000000e+00 0.000000e+00
4.920000e+05 -1.456003e-20 -2.036272e-11 0.000000e+00 0.000000e+00
4.960000e+05 -1.547324e-20 -1.630028e-11 0.000000e+00 0.000000e+00
5.000000e+05 -1.567673e-20 -1.223068e-11 0.000000e+00 0.000000e+00
5.040000e+05 -1.838492e-20 -8.156232e-12 0.000000e+00 0.000000e+00
5.080000e+05 -1.735611e-20 -4.078820e-12 0.000000e+00 0.000000e+00
5.120000e+05 -2.018927e-20 0.000000e+00 0.000000e+00 0.000000e+00
