0.000000e+00 3.196336e-19 0.000000e+00 0.000000e+00 0.000000e+00
4.000000e+03 3.148445e-19 2.311566e-12 0.000000e+00 0.000000e+00
8.000000e+03 3.012219e-19 -4.379904e-12 0.000000e+00 0.000000e+00
1.200000e+04 2.977321e-19 1.197254e-12 0.000000e+00 0.000000e+00
1.600000e+04 2.841796e-19 -5.111594e-12 0.000000e+00 0.000000e+00
2.000000e+04 2.712820e-19 4.132877e-13 0.000000e+00 0.000000e+00
2.400000e+04 2.640946e-19 -5.906349e-12 0.000000e+00 0.000000e+00
2.800000e+04 2.577172e-19 -3.867669e-13 0.000000e+00 0.000000e+00
3.200000e+04 2.502982e-19 -6.713631e-12 0.000000e+00 0.000000e+00
3.600000e+04 2.442114e-19 -1.202331e-12 0.000000e+00 0.000000e+00
4.000000e+04 2.322293e-19 -7.538780e-12 0.000000e+00 0.000000e+00
4.400000e+04 2.172355e-19 -2.038037e-12 0.000000e+00 0.000000e+00
4.800000e+04 1.988837e-19 -8.386382e-12 0.000000e+00 0.000000e+00
5.200000e+04 1.727798e-19 -2.898521e-12 0.000000e+00 0.000000e+00
5.600000e+04 1.550209e-19 -9.261119e-12 0.000000e+00 0.000000e+00
6.000000e+04 7.824796e-20 -3.788516e-12 0.000000e+00 0.000000e+00
6.400000e+04 5.394541e-20 -1.016778e-11 0.000000e+00 0.000000e+00
6.800000e+04 3.005373e-20 -4.712869e-12 0.000000e+00 0.000000e+00
7.200000e+04 8.557549e-21 -1.111128e-11 0.000000e+00 0.000000e+00
7.600000e+04 -1.492758e-20 -5.676563e-12 0.000000e+00 0.000000e+00
8.000000e+04 -3.996937e-20 -1.209667e-11 0.000000e+00 0.000000e+00
8.400000e+04 -5.553041e-20 -6.684727e-12 0.000000e+00 0.000000e+00
8.800000e+04 -7.568866e-20 -1.312917e-11 0.000000e+00 0.000000e+00
9.200000e+04 -9.706460e-20 -7.742663e-12 0.000000e+00 0.000000e+00
9.600000e+04 -1.207826e-19 -1.421417e-11 0.000000e+00 0.000000e+00
1.000000e+05 -1.399606e-19 -8.855859e-12 0.000000e+00 0.000000e+00
1.040000e+05 -1.545835e-19 -1.535726e-11 0.000000e+00 0.000000e+00
1.080000e+05 -1.546034e-19 -1.003001e-11 0.000000e+00 0.000000e+00
1.120000e+05 -1.506958e-19 -1.656425e-11 0.000000e+00 0.000000e+00
1.160000e+05 -1.601724e-19 -1.127103e-11 0.000000e+00 0.000000e+00
1.200000e+05 -1.599329e-19 -1.784117e-11 0.000000e+00 0.000000e+00
1.240000e+05 -1.567451e-19 -1.258508e-11 0.000000e+00 0.000000e+00
1.280000e+05 -1.599783e-19 -1.919431e-11 0.000000e+00 0.000000e+00
1.320000e+05 -1.636360e-19 -1.397857e-11 0.000000e+00 0.000000e+00
1.360000e+05 -1.664085e-19 -2.063023e-11 0.000000e+00 0.000000e+00
1.400000e+05 -1.675268e-19 -1.545821e-11 0.000000e+00 0.000000e+00
1.440000e+05 -1.690526e-19 -2.215575e-11 0.000000e+00 0.000000e+00
1.480000e+05 -1.594473e-19 -1.703095e-11 0.000000e+00 0.000000e+00
1.520000e+05 -1.417066e-19 -2.377802e-11 0.000000e+00 0.000000e+00
1.560000e+05 -1.353334e-19 -1.870409e-11 0.000000e+00 0.000000e+00
1.600000e+05 -1.403676e-19 -2.550445e-11 0.000000e+00 0.000000e+00
1.640000e+05 -5.481445e-20 -2.048519e-11 0.000000e+00 0.000000e+00
1.680000e+05 -6.265101e-20 -2.734277e-11 0.000000e+00 0.000000e+00
1.720000e+05 -7.607369e-20 -2.238213e-11 0.000000e+00 0.000000e+00
1.760000e+05 -7.800528e-20 -2.930102e-11 0.000000e+00 0.000000e+00
1.800000e+05 -7.997513e-20 -2.440307e-11 0.000000e+00 0.000000e+00
1.840000e+05 -7.465532e-20 -3.138748e-11 0.000000e+00 0.000000e+00
1.880000e+05 -6.690836e-20 -2.655642e-11 0.000000e+00 0.000000e+00
1.920000e+05 -6.183341e-20 -3.361068e-11 0.000000e+00 0.000000e+00
1.960000e+05 -5.553980e-20 -2.885079e-11 0.000000e+00 0.000000e+00
2.000000e+05 -5.886879e-20 -3.597931e-11 0.000000e+00 0.000000e+00
2.040000e+05 -6.125214e-20 -3.129490e-11 0.000000e+00 0.000000e+00
2.080000e+05 -6.532620e-20 -3.850209e-11 0.000000e+00 0.000000e+00
2.120000e+05 -6.881472e-20 -3.389741e-11 0.000000e+00 0.000000e+00
2.160000e+05 -7.112057e-20 -4.118760e-11 0.000000e+00 0.000000e+00
2.200000e+05 -7.291597e-20 -3.666676e-11 0.000000e+00 0.000000e+00
2.240000e+05 -7.345364e-20 -4.404403e-11 0.000000e+00 0.000000e+00
2.280000e+05 -7.734790e-20 -3.961076e-11 0.000000e+00 0.000000e+00
2.320000e+05 -8.511887e-20 -4.707877e-11 0.000000e+00 0.000000e+00
2.360000e+05 -9.191879e-20 -4.273619e-11 0.000000e+00 0.000000e+00
2.400000e+05 -9.811686e-20 -5.029780e-11 0.000000e+00 0.000000e+00
2.440000e+05 -1.033444e-19 -4.604803e-11 0.000000e+00 0.000000e+00
2.480000e+05 -1.095401e-19 -5.370489e-11 0.000000e+00 0.000000e+00
2.520000e+05 -1.158533e-19 -4.954853e-11 0.000000e+00 0.000000e+00
2.560000e+05 -1.320324e-19 -5.730043e-11 0.000000e+00 0.000000e+00
2.600000e+05 -2.347911e-19 -5.323577e-11 0.000000e+00 0.000000e+00
2.640000e+05 2.135763e-19 -6.107977e-11 0.000000e+00 0.000000e+00
2.680000e+05 2.760350e-19 -5.710181e-11 0.000000e+00 0.000000e+00
2.720000e+05 2.326280e-19 -6.503106e-11 0.000000e+00 0.000000e+00
2.760000e+05 1.781025e-19 -6.113022e-11 0.000000e+00 0.000000e+00
2.800000e+05 1.488317e-19 -6.913256e-11 0.000000e+00 0.000000e+00
2.840000e+05 1.267241e-19 -6.529314e-11 0.000000e+00 0.000000e+00
2.880000e+05 1.122319e-19 -7.334946e-11 0.000000e+00 0.000000e+00
2.920000e+05 9.325646e-20 -6.954803e-11 0.000000e+00 0.000000e+00
2.960000e+05 8.551708e-20 -7.763072e-11 0.000000e+00 0.000000e+00
3.000000e+05 7.692574e-20 -7.383483e-11 0.000000e+00 0.000000e+00
3.040000e+05 7.345138e-20 -8.190686e-11 0.000000e+00 0.000000e+00
3.080000e+05 7.276533e-20 -7.807456e-11 0.000000e+00 0.000000e+00
3.120000e+05 7.432714e-20 -8.608956e-11 0.000000e+00 0.000000e+00
3.160000e+05 7.506829e-20 -8.217097e-11 0.000000e+00 0.000000e+00
3.200000e+05 7.965170e-20 -9.007941e-11 0.000000e+00 0.000000e+00
3.240000e+05 8.277266e-20 -8.600677e-11 0.000000e+00 0.000000e+00
3.280000e+05 8.526424e-20 -9.375835e-11 0.000000e+00 0.000000e+00
3.320000e+05 8.702602e-20 -8.948127e-11 0.000000e+00 0.000000e+00
3.360000e+05 9.020901e-20 -9.700743e-11 0.000000e+00 0.000000e+00
3.400000e+05 9.014035e-20 -9.247549e-11 0.000000e+00 0.000000e+00
3.440000e+05 9.141039e-20 -9.972474e-11 0.000000e+00 0.000000e+00
3.480000e+05 9.248560e-20 -9.488992e-11 0.000000e+00 0.000000e+00
3.520000e+05 9.187921e-20 -1.018180e-10 0.000000e+00 0.000000e+00
3.560000e+05 9.641700e-20 -9.664100e-11 0.000000e+00 0.000000e+00
3.600000e+05 9.174426e-20 -1.032127e-10 0.000000e+00 0.000000e+00
3.640000e+05 8.431514e-20 -9.766324e-11 0.000000e+00 0.000000e+00
3.680000e+05 7.929124e-20 -1.038520e-10 0.000000e+00 0.000000e+00
3.720000e+05 7.327290e-20 -9.790846e-11 0.000000e+00 0.000000e+00
3.760000e+05 7.026479e-20 -1.036959e-10 0.000000e+00 0.000000e+00
3.800000e+05 6.705085e-20 -9.734390e-11 0.000000e+00 0.000000e+00
3.840000e+05 6.487188e-20 -1.027184e-10 0.000000e+00 0.000000e+00
3.880000e+05 6.205178e-20 -9.595041e-11 0.000000e+00 0.000000e+00
3.920000e+05 5.962980e-20 -1.009068e-10 0.000000e+00 0.000000e+00
3.960000e+05 5.735422e-20 -9.372128e-11 0.000000e+00 0.000000e+00
4.000000e+05 5.518756e-20 -9.826055e-11 0.000000e+00 0.000000e+00
4.040000e+05 5.321448e-20 -9.066230e-11 0.000000e+00 0.000000e+00
4.080000e+05 5.190393e-20 -9.479193e-11 0.000000e+00 0.000000e+00
4.120000e+05 5.082156e-20 -8.679277e-11 0.000000e+00 0.000000e+00
4.160000e+05 4.968785e-20 -9.052775e-11 0.000000e+00 0.000000e+00
4.200000e+05 4.987650e-20 -8.214739e-11 0.000000e+00 0.000000e+00
4.240000e+05 5.038794e-20 -8.551114e-11 0.000000e+00 0.000000e+00
4.280000e+05 5.226934e-20 -7.677809e-11 0.000000e+00 0.000000e+00
4.320000e+05 5.238866e-20 -7.980309e-11 0.000000e+00 0.000000e+00
4.360000e+05 4.896390e-20 -7.075477e-11 0.000000e+00 0.000000e+00
4.400000e+05 5.188263e-20 -7.348215e-11 0.000000e+00 0.000000e+00
4.440000e+05 5.385434e-20 -6.416322e-11 0.000000e+00 0.000000e+00
4.480000e+05 5.574866e-20 -6.663651e-11 0.000000e+00 0.000000e+00
4.520000e+05 5.694566e-20 -5.710870e-11 0.000000e+00 0.000000e+00
4.560000e+05 5.840604e-20 -5.937137e-11 0.000000e+00 0.000000e+00
4.600000e+05 5.950960e-20 -4.967819e-11 0.000000e+00 0.000000e+00
4.640000e+05 5.997969e-20 -5.179115e-11 0.000000e+00 0.000000e+00
4.680000e+05 6.061580e-20 -4.197546e-11 0.000000e+00 0.000000e+00
4.720000e+05 6.384511e-20 -4.398190e-11 0.000000e+00 0.000000e+00
4.760000e+05 6.292440e-20 -3.408360e-11 0.000000e+00 0.000000e+00
4.800000e+05 6.304264e-20 -3.601905e-11 0.000000e+00 0.000000e+00
4.840000e+05 6.278508e-20 -2.606915e-11 0.000000e+00 0.000000e+00
4.880000e+05 6.276030e-20 -2.796014e-11 0.000000e+00 0.000000e+00
4.920000e+05 6.321336e-20 -1.798075e-11 0.000000e+00 0.000000e+00
4.960000e+05 6.315855e-20 -1.984486e-11 0.000000e+00 0.000000e+00
5.000000e+05 6.420261e-20 -9.856523e-12 0.000000e+00 0.000000e+00
5.040000e+05 6.291536e-20 -1.175478e-11 0.000000e+00 0.000000e+00
5.080000e+05 6.163508e-20 -1.375675e-12 0.000000e+00 0.000000e+00
5.120000e+05 6.102275e-20 0.000000e+00 0.000000e+00 0.000000e+00
