0 -4.056786e+05 4.951689e+06 
1 -3.827506e+00 2.735855e+01 
2 -3.035419e+00 2.350164e+01 
3 -2.679564e+00 2.183591e+01 
4 -2.557507e+00 2.114170e+01 
5 -2.509132e+00 2.084151e+01 
6 -2.483874e+00 2.073923e+01 
7 -2.477285e+00 2.072202e+01 
8 -2.478083e+00 2.073196e+01 
9 -2.479297e+00 2.074475e+01 
10 -2.479847e+00 2.075357e+01 
11 -2.480004e+00 2.075801e+01 
12 -2.480039e+00 2.075969e+01 
13 -2.480046e+00 2.076014e+01 
14 -2.480048e+00 2.076021e+01 
15 -2.480048e+00 2.076022e+01 
16 -2.480048e+00 2.076022e+01 
17 -2.480048e+00 2.076022e+01 
