# # x,y,sigmaxx,sigmaxy
3.906250000000000000e-03 -1.874887083994289494e+00 -8.629856107916777930e-04 -8.709208191813588851e-04 1.000000000000000000e+03
1.171875000000000000e-02 -1.878159119951969380e+00 -1.256233382527227604e-04 -2.845945576614855588e-03 1.000000000000000000e+03
1.953125000000000000e-02 -1.886340407212309334e+00 -2.594717819923153534e-03 -5.005366698822982796e-03 1.000000000000000000e+03
2.734375000000000000e-02 -1.897053967348107051e+00 2.476141309701307414e-03 -8.203045058666896816e-03 1.000000000000000000e+03
3.515625000000000000e-02 -1.920111123812861420e+00 -1.769877512999495917e-02 -1.712009258043184490e-02 1.000000000000000000e+03
4.296875000000000000e-02 -1.950225050125863113e+00 4.914361430825497923e-02 -2.512423339650172657e-02 9.878869482384853882e+02
5.078125000000000000e-02 -1.945273931766468234e+00 5.436381159364100935e-02 -1.903207325738903721e-02 6.706539132488469477e+02
5.859375000000000000e-02 -1.954671133991725096e+00 4.525773342981831426e-02 -8.433881073450860688e-03 3.251455298782228738e+02
6.640625000000000000e-02 -1.962347201118350704e+00 3.764168629852482351e-02 -3.333521668331582664e-03 1.415431687117379340e+02
7.421875000000000000e-02 -1.967703318829884251e+00 3.229419400810551455e-02 -1.577061932648533534e-03 6.210944670206031049e+01
8.203125000000000000e-02 -1.972032750391973233e+00 2.796648557086689468e-02 -8.740877498641309211e-04 2.839812862176631114e+01
8.984375000000000000e-02 -1.975901563372318481e+00 2.409823324594184690e-02 -4.509766750007111009e-04 1.362495129577958686e+01
9.765625000000000000e-02 -1.979500582357313965e+00 2.049940637141300925e-02 -1.061641220056682588e-04 6.867275157069482105e+00
1.054687500000000000e-01 -1.982921888162624269e+00 1.707804804429435830e-02 2.525726680571730104e-04 3.637965388246782616e+00
1.132812500000000000e-01 -1.986121433837963135e+00 1.387820453104493534e-02 6.013575634819842263e-04 2.026628793774475135e+00
1.210937500000000000e-01 -1.989170054636757001e+00 1.082897398900750652e-02 9.855830689917926928e-04 1.188168271492087591e+00
1.289062500000000000e-01 -1.991938403301745542e+00 8.059774048555623516e-03 1.350055133359932217e-03 7.336124358548133939e-01
1.367187500000000000e-01 -1.994552205428798741e+00 5.444724997615724149e-03 1.752019185850128098e-03 4.774089102364320603e-01
1.445312500000000000e-01 -1.996792202830679042e+00 3.203336809613155367e-03 2.111955191976787327e-03 3.276139111110932811e-01
1.523437500000000000e-01 -1.998887334534984017e+00 1.106386440904660873e-03 2.505796131867582197e-03 2.371896203649785928e-01
1.601562500000000000e-01 -2.000485252949739223e+00 -4.932240220080208459e-04 2.823305931719126676e-03 1.811734202258046822e-01
1.679687500000000000e-01 -2.001987564600662850e+00 -1.997549195679182432e-03 3.159837035879747933e-03 1.459801530248010237e-01
1.757812500000000000e-01 -2.002837631642261140e+00 -2.848978926960343827e-03 3.368568317412935949e-03 1.239719937462365057e-01
1.835937500000000000e-01 -2.003713835178527525e+00 -3.726516588911432670e-03 3.561091150138325553e-03 1.108191303572226838e-01
1.914062500000000000e-01 -2.003754626075468614e+00 -3.767259108371501242e-03 3.554292194584894333e-03 1.040275198405453960e-01
1.992187500000000000e-01 -2.004060288107659016e+00 -4.072343726237437345e-03 3.472114952567109496e-03 1.022108090291101723e-01
2.070312500000000000e-01 -2.003334363835867826e+00 -3.344071703471618306e-03 3.115741331198575072e-03 1.046193327456097222e-01
2.148437500000000000e-01 -2.003264574639169737e+00 -3.271540443616105520e-03 2.639278749138219450e-03 1.108734329043110783e-01
2.226562500000000000e-01 -2.001957811351591676e+00 -1.961376781405288483e-03 1.888233734295407043e-03 1.207292713296863329e-01
2.304687500000000000e-01 -2.001832698599428362e+00 -1.833894219270715276e-03 1.093443864332556198e-03 1.338617692341301235e-01
2.382812500000000000e-01 -2.000236655320583701e+00 -2.366905079187464622e-04 1.875828735701490463e-04 1.496646702914075922e-01
2.460937500000000000e-01 -2.000421338652703440e+00 -4.216349949940356723e-04 -5.443732802940505705e-04 1.670699376019977311e-01
2.539062500000000000e-01 -1.998847870821810258e+00 1.150679591109038391e-03 -1.203987771907616064e-03 1.845380054422343929e-01
2.617187500000000000e-01 -1.999682021728233172e+00 3.155492778664781284e-04 -1.558522513470984600e-03 2.002416788928222391e-01
2.695312500000000000e-01 -1.998343537007252646e+00 1.652752951459501851e-03 -1.926145852873623705e-03 2.124571749477655036e-01
2.773437500000000000e-01 -2.000078817949352938e+00 -8.296898461157553584e-05 -2.037407899772394806e-03 2.201577497330572397e-01
2.851562500000000000e-01 -1.998892191486344228e+00 1.101769320603129820e-03 -2.457475113650626434e-03 2.232126731999917735e-01
2.929687500000000000e-01 -2.001580229650691045e+00 -1.586443093788303393e-03 -2.492675960800489268e-03 2.227278309165991732e-01
3.007812500000000000e-01 -1.999797969671845088e+00 1.928219306109868469e-04 -3.034530663032187874e-03 2.201513417630945324e-01
3.085937500000000000e-01 -2.003187139313445275e+00 -3.193175138245019085e-03 -2.456789712477455961e-03 2.174962135529126817e-01
3.164062500000000000e-01 -1.999024932286523448e+00 9.674897299709606102e-04 -2.752811135674570076e-03 2.153287776904440343e-01
3.242187500000000000e-01 -2.003680703958245157e+00 -3.681153622015931326e-03 -6.705696976133420761e-04 2.143679467153279117e-01
3.320312500000000000e-01 -1.994779066922864219e+00 5.217584764755200943e-03 -1.829838675231260743e-03 2.116896968016191982e-01
3.398437500000000000e-01 -2.005626919438011413e+00 -5.631268975571868118e-03 2.085553363159884949e-03 2.074269339019463587e-01
3.476562500000000000e-01 -1.984937185164504792e+00 1.505560882172762849e-02 -2.684399520434507629e-03 1.952096135518519571e-01
3.554687500000000000e-01 -2.006742379696688339e+00 -6.953533393018962450e-03 1.453074498638127349e-02 1.806488745750985114e-01
3.632812500000000000e-01 -1.916327615806452833e+00 8.334916397565728108e-02 1.797759995278944839e-02 1.364546414767698057e-01
3.710937500000000000e-01 -1.955950844538328015e+00 2.324587901323005301e-02 1.438578547410405972e-01 9.484686626293256650e-02
3.789062500000000000e-01 -1.506025495067830899e+00 4.346951628823160219e-01 2.416626407854287339e-01 9.992853546681513752e-03
3.867187500000000000e-01 -2.181066997774137484e+00 -2.048526462035328954e+00 -9.978017095578245454e-01 5.001261713271022875e-03
3.945312500000000000e-01 -3.155098282903750384e+00 -5.146068910089152126e+00 -9.491570165806197112e-02 9.924538929313981780e-03
4.023437500000000000e-01 -3.073714400003091818e+00 -5.068703348005556109e+00 7.074442972422247122e-02 2.613203315600813245e-02
4.101562500000000000e-01 -3.225637332071240593e+00 -5.223278150532041586e+00 -4.855708089264165056e-02 3.656636260600922700e-02
4.179687500000000000e-01 -3.189853362301406037e+00 -5.189411532988384756e+00 2.101857534980028017e-02 4.771616102976095064e-02
4.257812500000000000e-01 -3.197811510484541486e+00 -5.197798149742622442e+00 3.655228760447292759e-03 5.748334394333321634e-02
4.335937500000000000e-01 -3.165606193235828592e+00 -5.165474753790167739e+00 1.146451597658676089e-02 6.626351061995085223e-02
4.414062500000000000e-01 -3.168515356637652935e+00 -5.168512626544636390e+00 1.652298747775669471e-03 7.415768439693158631e-02
4.492187500000000000e-01 -3.152411038960682088e+00 -5.152384067317782090e+00 5.193405533155895197e-03 8.182138142146619386e-02
4.570312500000000000e-01 -3.154223345191076167e+00 -5.154222642258051046e+00 8.384109374700415276e-04 8.902254262251900474e-02
4.648437500000000000e-01 -3.145370750369294477e+00 -5.145362691084791606e+00 2.838885038683102487e-03 9.576285707887272070e-02
4.726562500000000000e-01 -3.146161160753412567e+00 -5.146160988115328294e+00 4.154973825522415357e-04 1.016677834110467638e-01
4.804687500000000000e-01 -3.141396779716074672e+00 -5.141394081762189039e+00 1.642544387284841255e-03 1.065190280976386350e-01
4.882812500000000000e-01 -3.141567493437116276e+00 -5.141567486736773773e+00 -8.185561011694310015e-05 1.099537570880073228e-01
4.960937500000000000e-01 -3.140018382938751795e+00 -5.140017779711709700e+00 7.766768629723037670e-04 1.117530742941330174e-01
5.039062500000000000e-01 -3.140018027489783758e+00 -5.140017424617992603e+00 -7.764481295360101771e-04 1.117531456190586220e-01
5.117187500000000000e-01 -3.141567369107791219e+00 -5.141567362376289196e+00 8.204572002927348667e-05 1.099539385424160576e-01
5.195312500000000000e-01 -3.141396281995034734e+00 -5.141393584723614296e+00 -1.642336627859616177e-03 1.065193016929236458e-01
5.273437500000000000e-01 -3.146160041559756593e+00 -5.146159869099669493e+00 -4.152831300287166500e-04 1.016681764953858980e-01
5.351562500000000000e-01 -3.145369097597283670e+00 -5.145361039833485250e+00 -2.838617192527230146e-03 9.576338264635082809e-02
5.429687500000000000e-01 -3.154222243618166832e+00 -5.154221541149015096e+00 -8.381342532378104233e-04 8.902321076274050116e-02
5.507812500000000000e-01 -3.152408457139051379e+00 -5.152381497705199820e+00 -5.192229978275742126e-03 8.182218083124388752e-02
5.585937500000000000e-01 -3.168509599500017426e+00 -5.168506872890784365e+00 -1.651244189546855271e-03 7.415878395314874638e-02
5.664062500000000000e-01 -3.165606287977957400e+00 -5.165474872211967217e+00 -1.146348326049034978e-02 6.626483816457300058e-02
5.742187500000000000e-01 -3.197810230490529371e+00 -5.197796871783748607e+00 -3.654950364440534300e-03 5.748450773449580165e-02
5.820312500000000000e-01 -3.189852376255783550e+00 -5.189410529515032344e+00 -2.101898983338661153e-02 4.771698961875373707e-02
5.898437500000000000e-01 -3.225637193415968440e+00 -5.223278004970622668e+00 4.855715192240486755e-02 3.656684096662388833e-02
5.976562500000000000e-01 -3.073713724360962019e+00 -5.068702602562379589e+00 -7.074492181890035258e-02 2.613224075574785768e-02
6.054687500000000000e-01 -3.155098132614187811e+00 -5.146068776161639491e+00 9.491561585461968931e-02 9.924562629662691399e-03
6.132812500000000000e-01 -2.181066454297631907e+00 -2.048525300209266486e+00 9.978016890235408276e-01 5.001257825062051937e-03
6.210937500000000000e-01 -1.506025909938310869e+00 4.346948672100584554e-01 -2.416624014739516269e-01 9.992862862274243252e-03
6.289062500000000000e-01 -1.955951199365041582e+00 2.324552329701168318e-02 -1.438578578004926223e-01 9.484784740887983179e-02
6.367187500000000000e-01 -1.916327259184023912e+00 8.334951789558242563e-02 -1.797767510356694520e-02 1.364567774126436983e-01
6.445312500000000000e-01 -2.006742662391153509e+00 -6.953819133522998186e-03 -1.453084978852127798e-02 1.806527000562412610e-01
6.523437500000000000e-01 -1.984936901182020375e+00 1.505589327251921627e-02 2.684312291833616197e-03 1.952143026852378449e-01
6.601562500000000000e-01 -2.005626989897651313e+00 -5.631340625489422713e-03 -2.085838705534204859e-03 2.074319427814024230e-01
6.679687500000000000e-01 -1.994778995823706325e+00 5.217655773247620310e-03 1.829863449165939401e-03 2.116942199157650639e-01
6.757812500000000000e-01 -2.003680845981676839e+00 -3.681295816444607460e-03 6.706971869477399957e-04 2.143717337713368642e-01
6.835937500000000000e-01 -1.999025216723938403e+00 9.672057326368665997e-04 2.752731201806079674e-03 2.153315211058592360e-01
6.914062500000000000e-01 -2.003187707821586727e+00 -3.193743498789536339e-03 2.456759673845202926e-03 2.174976284172304986e-01
6.992187500000000000e-01 -1.999797897408196468e+00 1.928917755326109429e-04 3.034929168959480100e-03 2.201512423100140114e-01
7.070312500000000000e-01 -2.001580585349708841e+00 -1.586797937275563619e-03 2.492504346402722466e-03 2.227266017809892140e-01
7.148437500000000000e-01 -1.998892759615219727e+00 1.101200581423711355e-03 2.457599283102714863e-03 2.232109326420121942e-01
7.226562500000000000e-01 -2.000079173120594245e+00 -8.332435570967966498e-05 2.037456945969801179e-03 2.201556887291059306e-01
7.304687500000000000e-01 -1.998343821012892096e+00 1.652468523330896666e-03 1.926255521630063777e-03 2.124550084706735009e-01
7.382812500000000000e-01 -1.999682199341946909e+00 3.153716206469869832e-04 1.558536470698573990e-03 2.002394699907651121e-01
7.460937500000000000e-01 -1.998847977352991689e+00 1.150572959905837855e-03 1.204029308854504161e-03 1.845358029020883750e-01
7.539062500000000000e-01 -2.000421445213784288e+00 -4.217415963119197642e-04 5.444102365444570364e-04 1.670678089818742329e-01
7.617187500000000000e-01 -2.000236584269341922e+00 -2.366194502126939270e-04 -1.875656424592630600e-04 1.496626771665019451e-01
7.695312500000000000e-01 -2.001832663056182682e+00 -1.833858707872559890e-03 -1.093458427321135568e-03 1.338599246171259527e-01
7.773437500000000000e-01 -2.001957740210964065e+00 -1.961305813143687793e-03 -1.888279375769101034e-03 1.207275727957392575e-01
7.851562500000000000e-01 -2.003264716723406558e+00 -3.271682576161283329e-03 -2.639287900964558311e-03 1.108718607641939607e-01
7.929687500000000000e-01 -2.003334896602498638e+00 -3.344604750659563308e-03 -3.115786353180017947e-03 1.046178566309635682e-01
8.007812500000000000e-01 -2.004060625108356142e+00 -4.072681740861838762e-03 -3.472260958663903919e-03 1.022093918191615824e-01
8.085937500000000000e-01 -2.003755052816409865e+00 -3.767685018437605393e-03 -3.554175310080110589e-03 1.040261018604218823e-01
8.164062500000000000e-01 -2.003714048204233933e+00 -3.726729888555602166e-03 -3.561129612261563181e-03 1.108176589377508070e-01
8.242187500000000000e-01 -2.002837862920391565e+00 -2.849209501294414082e-03 -3.368463851129458505e-03 1.239704008835791904e-01
8.320312500000000000e-01 -2.001987711281226545e+00 -1.997695613630279254e-03 -3.159795480959536051e-03 1.459783183206852797e-01
8.398437500000000000e-01 -2.000485439421592293e+00 -4.934105846479130975e-04 -2.823322009739238133e-03 1.811711703515982985e-01
8.476562500000000000e-01 -1.998887512155817170e+00 1.106208790944251952e-03 -2.505801943718459490e-03 2.371867044213909204e-01
8.554687500000000000e-01 -1.996792393783773711e+00 3.203145846768951088e-03 -2.111957500084171799e-03 3.276099275634426489e-01
8.632812500000000000e-01 -1.994552396385026904e+00 5.444534038251958030e-03 -1.752020080774827765e-03 4.774031446548719360e-01
8.710937500000000000e-01 -1.991938605356387004e+00 8.059571983735525080e-03 -1.350058903017887146e-03 7.336036192933066413e-01
8.789062500000000000e-01 -1.989170267242519330e+00 1.082876138211752437e-02 -9.855836411120696278e-04 1.188154032651030922e+00
8.867187500000000000e-01 -1.986121646164125787e+00 1.387799220159779967e-02 -6.013602945980142797e-04 2.026604540744806560e+00
8.945312500000000000e-01 -1.982922102431237787e+00 1.707783377522709145e-02 -2.525735657335394105e-04 3.637921831434493658e+00
9.023437500000000000e-01 -1.979500798426639285e+00 2.049919030228231076e-02 1.061632038775669622e-04 6.867192701151739520e+00
9.101562500000000000e-01 -1.975901782903785486e+00 2.409801371571629325e-02 4.509752985654646670e-04 1.362478677105975677e+01
9.179687500000000000e-01 -1.972032974734702515e+00 2.796626124130796587e-02 8.740802160074433299e-04 2.839778267129892342e+01
9.257812500000000000e-01 -1.967703560009208763e+00 3.229395287123160152e-02 1.577048474257903730e-03 6.210868153027899297e+01
9.335937500000000000e-01 -1.962347454740622332e+00 3.764143287763233037e-02 3.333491463907718288e-03 1.415414232792220730e+02
9.414062500000000000e-01 -1.954671410502726525e+00 4.525745799687375115e-02 8.433817164530192992e-03 3.251417472951550280e+02
9.492187500000000000e-01 -1.945274127772937289e+00 5.436361899739294845e-02 1.903198368378004879e-02 6.706480336818018486e+02
9.570312500000000000e-01 -1.950225012569177352e+00 4.914365369068451894e-02 2.512419707483706799e-02 9.878835896087093715e+02
9.648437500000000000e-01 -1.920111813415396274e+00 -1.769860734976425043e-02 1.712016762975970829e-02 1.000000000000000000e+03
9.726562500000000000e-01 -1.897054650719098845e+00 2.476056121344938354e-03 8.203084841975488706e-03 1.000000000000000000e+03
9.804687500000000000e-01 -1.886341079905658136e+00 -2.594706434593030409e-03 5.005364324052463676e-03 1.000000000000000000e+03
9.882812500000000000e-01 -1.878159798703028072e+00 -1.256271997471802848e-04 2.845942957964767150e-03 1.000000000000000000e+03
9.960937500000000000e-01 -1.874887768630841833e+00 -8.629837255844652333e-04 8.709187952222335882e-04 1.000000000000000000e+03
