# # x,y,u,v,q
0.000000000000000000e+00 0.000000000000000000e+00 1.680651982336504261e-04 9.377812566768728431e-01
7.812500000000000000e-03 -3.668524433426230066e-06 1.680664109539488490e-04 9.384148617376519841e-01
1.562500000000000000e-02 -7.348355455668301910e-06 1.680792849956114893e-04 9.417107960010134837e-01
2.343750000000000000e-02 -1.103676725367787586e-05 1.680911885079896411e-04 9.457836594017193788e-01
3.125000000000000000e-02 -1.477550012664592791e-05 1.681393608757215962e-04 9.580011311322023104e-01
3.906250000000000000e-02 -1.853757379502625219e-05 1.681429956577788298e-04 9.596274465860366032e-01
4.687500000000000000e-02 -2.279582139428414718e-05 1.687136133044835019e-04 9.479192407662456743e-01
5.468750000000000000e-02 -3.022466488481436093e-05 1.725236152339375273e-04 9.500336582268092966e-01
6.250000000000000000e-02 -4.677942832397358652e-05 1.854655487526523684e-04 9.585073977927405231e-01
7.031250000000000000e-02 -8.533151742253901892e-05 2.203485360636534397e-04 9.650188441227836034e-01
7.812500000000000000e-02 -1.724177279718395062e-04 3.036486572518215478e-04 9.698644620574625730e-01
8.593750000000000000e-02 -3.601359087330716275e-04 4.873446279199624060e-04 9.739653537149672857e-01
9.375000000000000000e-02 -7.451673502103573800e-04 8.679249264777536260e-04 9.777001253735706499e-01
1.015625000000000000e-01 -1.496430578507909311e-03 1.613990381134127990e-03 9.812107389095547916e-01
1.093750000000000000e-01 -2.889968511937016787e-03 3.001182167454838432e-03 9.845214886394781928e-01
1.171875000000000000e-01 -5.346409374387768934e-03 5.449482007302087171e-03 9.876459187985187071e-01
1.250000000000000000e-01 -9.456493919857984765e-03 9.549267881867936486e-03 9.905548323252411080e-01
1.328125000000000000e-01 -1.598189246307663361e-02 1.606114585878206519e-02 9.932464672957053153e-01
1.406250000000000000e-01 -2.579957511267245290e-02 2.586299211516901106e-02 9.956740465444369192e-01
1.484375000000000000e-01 -3.979990968092746856e-02 3.984324650182756444e-02 9.978424253542783617e-01
1.562500000000000000e-01 -5.869979205312723936e-02 5.872396142633176663e-02 9.996898353570315976e-01
1.640625000000000000e-01 -8.288083739416975126e-02 8.288138435960296091e-02 1.001240881315368370e+00
1.718750000000000000e-01 -1.121736360101671520e-01 1.121604493384966705e-01 1.002417917561615468e+00
1.796875000000000000e-01 -1.458661498503197318e-01 1.458329990408868126e-01 1.003281728806371120e+00
1.875000000000000000e-01 -1.826469862351336737e-01 1.826168516867990310e-01 1.003740548455311909e+00
1.953125000000000000e-01 -2.209662685770443780e-01 2.209228981498358446e-01 1.003913618902174676e+00
2.031250000000000000e-01 -2.590937292486363841e-01 2.590682630093956718e-01 1.003702756463553669e+00
2.109375000000000000e-01 -2.956743879999573221e-01 2.956255038818833558e-01 1.003303626845308827e+00
2.187500000000000000e-01 -3.295920724155642079e-01 3.295476539073406430e-01 1.002613814193864528e+00
2.265625000000000000e-01 -3.604291001683844198e-01 3.603215028496391525e-01 1.001896432484272736e+00
2.343750000000000000e-01 -3.879945765747918052e-01 3.878571390684952824e-01 1.001034970471437191e+00
2.421875000000000000e-01 -4.126672884516270345e-01 4.124344633515873437e-01 1.000329064027027925e+00
2.500000000000000000e-01 -4.347778128279121135e-01 4.345021961497160801e-01 9.996350236463058536e-01
2.578125000000000000e-01 -4.549946362637992681e-01 4.546056459535258165e-01 9.992658966950784816e-01
2.656250000000000000e-01 -4.737335878356713770e-01 4.732503055821604687e-01 9.990142935123458301e-01
2.734375000000000000e-01 -4.916523964788023227e-01 4.909168185997712097e-01 9.992131211333799001e-01
2.812500000000000000e-01 -5.090601702985939614e-01 5.079902296779282844e-01 9.994880301178454829e-01
2.890625000000000000e-01 -5.265239029542675420e-01 5.248679562608612459e-01 1.000239251425227849e+00
2.968750000000000000e-01 -5.441433806289260877e-01 5.418806533516559165e-01 1.000692932962010673e+00
3.046875000000000000e-01 -5.623619089207965160e-01 5.595052532127477996e-01 1.001496343633334618e+00
3.125000000000000000e-01 -5.809172947515685026e-01 5.781554784059691476e-01 1.001109417586576456e+00
3.203125000000000000e-01 -6.001928776662740495e-01 5.985526547563621014e-01 1.001354803520371206e+00
3.281250000000000000e-01 -6.194848900617250242e-01 6.211020725234036588e-01 9.992308136475003266e-01
3.359375000000000000e-01 -6.397098663811662256e-01 6.467274979504000765e-01 1.000204896683953848e+00
3.437500000000000000e-01 -6.596846195472074736e-01 6.752858776582238987e-01 9.952849211458669743e-01
3.515625000000000000e-01 -6.823424200198823231e-01 7.083761172440926623e-01 9.958943536503284122e-01
3.593750000000000000e-01 -7.044825819145961177e-01 7.448729946463428231e-01 9.616685758828680264e-01
3.671875000000000000e-01 -7.396359562785693731e-01 7.947068176618372615e-01 9.414208435032378475e-01
3.750000000000000000e-01 -7.661329549760432789e-01 8.468803005154892372e-01 7.510088195772368636e-01
3.828125000000000000e-01 -1.101436362364895061e+00 1.345043905586299493e+00 1.325230947202271636e+00
3.906250000000000000e-01 -1.094908856582161416e+00 -1.000000000000000000e+00 3.132690160612128238e+00
3.984375000000000000e-01 -7.451898719430342100e-01 -1.000000000000000000e+00 4.110896227871307929e+00
4.062500000000000000e-01 -6.491048591387077460e-01 -1.000000000000000000e+00 4.147833294609881705e+00
4.140625000000000000e-01 -5.302244734243332092e-01 -1.000000000000000000e+00 4.207045076753956891e+00
4.218750000000000000e-01 -4.549776196169492692e-01 -1.000000000000000000e+00 4.193718616818387090e+00
4.296875000000000000e-01 -3.860957429017420894e-01 -1.000000000000000000e+00 4.181672625946930566e+00
4.375000000000000000e-01 -3.293799742669372144e-01 -1.000000000000000000e+00 4.167027203294537685e+00
4.453125000000000000e-01 -2.762306316062938527e-01 -1.000000000000000000e+00 4.160455739921076201e+00
4.531250000000000000e-01 -2.294014979728300763e-01 -1.000000000000000000e+00 4.153310237953178330e+00
4.609375000000000000e-01 -1.853474269899020033e-01 -1.000000000000000000e+00 4.149794818886221037e+00
4.687500000000000000e-01 -1.450317069649246504e-01 -1.000000000000000000e+00 4.145763856655548807e+00
4.765625000000000000e-01 -1.065960621698395505e-01 -1.000000000000000000e+00 4.143778209453330419e+00
4.843750000000000000e-01 -7.020738596592632219e-02 -1.000000000000000000e+00 4.141481415587122683e+00
4.921875000000000000e-01 -3.477092507538778743e-02 -1.000000000000000000e+00 4.140792739804055600e+00
5.000000000000000000e-01 6.490254304464260215e-06 -1.000000000000000000e+00 4.140017857423572423e+00
5.078125000000000000e-01 3.478386840447503237e-02 -1.000000000000000000e+00 4.140792499995882281e+00
5.156250000000000000e-01 7.022027473608782877e-02 -1.000000000000000000e+00 4.141481104724675788e+00
5.234375000000000000e-01 1.066088622444482659e-01 -1.000000000000000000e+00 4.143777401210968492e+00
5.312500000000000000e-01 1.450443653619878648e-01 -1.000000000000000000e+00 4.145762471097214075e+00
5.390625000000000000e-01 1.853598708199373224e-01 -1.000000000000000000e+00 4.149793442209670502e+00
5.468750000000000000e-01 2.294136255164896943e-01 -1.000000000000000000e+00 4.153308399423849551e+00
5.546875000000000000e-01 2.762423829979593903e-01 -1.000000000000000000e+00 4.160451574364287808e+00
5.625000000000000000e-01 3.293910185410682256e-01 -1.000000000000000000e+00 4.167024378887163039e+00
5.703125000000000000e-01 3.861054856250981104e-01 -1.000000000000000000e+00 4.181672039749173564e+00
5.781250000000000000e-01 4.549858858596834144e-01 -1.000000000000000000e+00 4.193717479950009874e+00
5.859375000000000000e-01 5.302313345193689909e-01 -1.000000000000000000e+00 4.207044508319768283e+00
5.937500000000000000e-01 6.491101507989384123e-01 -1.000000000000000000e+00 4.147832868284240249e+00
6.015625000000000000e-01 7.451941518171419920e-01 -1.000000000000000000e+00 4.110895801545666473e+00
6.093750000000000000e-01 1.094911845029180375e+00 -1.000000000000000000e+00 3.132689663232213206e+00
6.171875000000000000e-01 1.101438820747458580e+00 1.345045459250386877e+00 1.325230698512314120e+00
6.250000000000000000e-01 7.661359922653820931e-01 8.468831091315294213e-01 7.510091748486047436e-01
6.328125000000000000e-01 7.396393594401980964e-01 7.947104501866502080e-01 9.414208435032378475e-01
6.406250000000000000e-01 7.044865519376461993e-01 7.448773396736786401e-01 9.616685403557312384e-01
6.484375000000000000e-01 6.823468853292579128e-01 7.083809699725159836e-01 9.958943536503284122e-01
6.562500000000000000e-01 6.596896232223750101e-01 6.752911607296419039e-01 9.952848145644566102e-01
6.640625000000000000e-01 6.397153564422995986e-01 6.467331353164080809e-01 1.000204896683953848e+00
6.718750000000000000e-01 6.194908170753483656e-01 6.211080166720037710e-01 9.992308491746371146e-01
6.796875000000000000e-01 6.001991470472092249e-01 5.985588406688502339e-01 1.001355016683191934e+00
6.875000000000000000e-01 5.809238276551642599e-01 5.781618698930359734e-01 1.001109843912217912e+00
6.953125000000000000e-01 5.623686019476606957e-01 5.595117755301757256e-01 1.001496592323292134e+00
7.031250000000000000e-01 5.441500982461615621e-01 5.418872585756774329e-01 1.000693075070557825e+00
7.109375000000000000e-01 5.265305475653214717e-01 5.248745201569275931e-01 1.000239713278006093e+00
7.187500000000000000e-01 5.090666950097758603e-01 5.079967214552969512e-01 9.994884919706237270e-01
7.265625000000000000e-01 4.916587709027379627e-01 4.909231942686838046e-01 9.992134408776109922e-01
7.343750000000000000e-01 4.737398002770298322e-01 4.732565269279744857e-01 9.990145244387349521e-01
7.421875000000000000e-01 4.550006521938014248e-01 4.546116708136483386e-01 9.992660388036256336e-01
7.500000000000000000e-01 4.347835977760851622e-01 4.345079895081213062e-01 9.996351302277162176e-01
7.578125000000000000e-01 4.126727968237542399e-01 4.124399855219146316e-01 1.000329081790596319e+00
7.656250000000000000e-01 3.879997655727696060e-01 3.878623400587370984e-01 1.001034917180732009e+00
7.734375000000000000e-01 3.604339128699137196e-01 3.603263301481317016e-01 1.001896379193567554e+00
7.812500000000000000e-01 3.295964523049558226e-01 3.295520508733261189e-01 1.002613849721001316e+00
7.890625000000000000e-01 2.956782865341526789e-01 2.956294280395070917e-01 1.003303964353108313e+00
7.968750000000000000e-01 2.590971124674555925e-01 2.590716674023844646e-01 1.003703191670979322e+00
8.046875000000000000e-01 2.209691237281994347e-01 2.209257509806527575e-01 1.003914000818895147e+00
8.125000000000000000e-01 1.826493119714289737e-01 1.826191778315845449e-01 1.003740868199543002e+00
8.203125000000000000e-01 1.458679784403931201e-01 1.458348190273385803e-01 1.003281950850976045e+00
8.281250000000000000e-01 1.121750234552520709e-01 1.121618341222706539e-01 1.002418106299529654e+00
8.359375000000000000e-01 8.288185348222287807e-02 8.288240047677289390e-02 1.001241047848822063e+00
8.437500000000000000e-01 5.870050704671148090e-02 5.872467597320959326e-02 9.996900174336076361e-01
8.515625000000000000e-01 3.980039095281696221e-02 3.984372734041138897e-02 9.978426096513004495e-01
8.593750000000000000e-01 2.579988568786742084e-02 2.586330229338749259e-02 9.956742375027971548e-01
8.671875000000000000e-01 1.598208414169581190e-02 1.606133726367417469e-02 9.932466638051806740e-01
8.750000000000000000e-01 9.456607088171873135e-03 9.549380817617622585e-03 9.905550396593909568e-01
8.828125000000000000e-01 5.346473230298450473e-03 5.449545707925097966e-03 9.876461312674500448e-01
8.906250000000000000e-01 2.890002970850720151e-03 3.001216510231901127e-03 9.845217019410767989e-01
8.984375000000000000e-01 1.496448361407925554e-03 1.614008077990104935e-03 9.812109540846547517e-01
9.062500000000000000e-01 7.451761265630667307e-04 8.679336359356158931e-04 9.777003431854502935e-01
9.140625000000000000e-01 3.601400472934363156e-04 4.873487092708680816e-04 9.739655756728360370e-01
9.218750000000000000e-01 1.724195861167595006e-04 3.036504662208047278e-04 9.698646948573530491e-01
9.296875000000000000e-01 8.533230641990391125e-05 2.203492802582294931e-04 9.650190915810874515e-01
9.375000000000000000e-01 4.677973873966998907e-05 1.854658182622218152e-04 9.585076627977723307e-01
9.453125000000000000e-01 3.022477426800404131e-05 1.725236860895545282e-04 9.500338938109309517e-01
9.531250000000000000e-01 2.279585362234575656e-05 1.687136085095551044e-04 9.479193191150314668e-01
9.609375000000000000e-01 1.853758200952244700e-05 1.681429668738670794e-04 9.596275579552837609e-01
9.687500000000000000e-01 1.477550558192793312e-05 1.681393302973999289e-04 9.580014536953590509e-01
9.765625000000000000e-01 1.103677130452105997e-05 1.680911581010841320e-04 9.457840168328179864e-01
9.843750000000000000e-01 7.348358142643808370e-06 1.680792544476158784e-04 9.417111319475618414e-01
9.921875000000000000e-01 3.668525783448591763e-06 1.680663803702999001e-04 9.384152030444958825e-01
1.000000000000000000e+00 0.000000000000000000e+00 1.680651676263487395e-04 9.377815980184112110e-01
