0.000000e+00 -1.340154e+00 
4.166667e-02 -2.680308e+00 
8.333333e-02 -4.596134e-01 
1.250000e-01 5.621512e+00 
1.666667e-01 1.306892e+01 
2.083333e-01 2.332717e+01 
2.500000e-01 3.089631e+01 
2.916667e-01 4.104620e+01 
3.333333e-01 4.676810e+01 
3.750000e-01 5.375624e+01 
4.166667e-01 5.542710e+01 
4.583333e-01 5.652207e+01 
5.000000e-01 5.317511e+01 
5.416667e-01 4.766157e+01 
5.833333e-01 4.058727e+01 
6.250000e-01 3.047309e+01 
6.666667e-01 2.126035e+01 
7.083333e-01 8.384806e+00 
7.500000e-01 -2.552409e+00 
7.916667e-01 -1.017858e+01 
8.333333e-01 -8.673006e+00 
8.750000e-01 -9.417743e+00 
9.166667e-01 -1.092633e+01 
9.583333e-01 -9.306664e+00 
1.000000e+00 -9.306664e+00 
