0.000000e+00 -1.341422e+00 
4.166667e-02 -2.682844e+00 
8.333333e-02 -4.707601e-01 
1.250000e-01 5.611262e+00 
1.666667e-01 1.306862e+01 
2.083333e-01 2.336529e+01 
2.500000e-01 3.097186e+01 
2.916667e-01 4.116913e+01 
3.333333e-01 4.687524e+01 
3.750000e-01 5.384122e+01 
4.166667e-01 5.544642e+01 
4.583333e-01 5.648625e+01 
5.000000e-01 5.310170e+01 
5.416667e-01 4.756665e+01 
5.833333e-01 4.049417e+01 
6.250000e-01 3.038909e+01 
6.666667e-01 2.118103e+01 
7.083333e-01 8.315204e+00 
7.500000e-01 -2.594006e+00 
7.916667e-01 -1.017836e+01 
8.333333e-01 -8.673500e+00 
8.750000e-01 -9.431263e+00 
9.166667e-01 -1.093904e+01 
9.583333e-01 -9.314854e+00 
1.000000e+00 -9.314854e+00 
