0.000000e+00 1.375000e+03 8.605932e-16 
1.562500e+01 1.375000e+03 9.113995e-16 
3.125000e+01 1.375000e+03 9.959869e-16 
4.687500e+01 1.375000e+03 1.190760e-15 
6.250000e+01 1.375000e+03 1.425141e-15 
7.812500e+01 1.375000e+03 1.788018e-15 
9.375000e+01 1.375000e+03 2.197481e-15 
1.093750e+02 1.375000e+03 2.745595e-15 
1.250000e+02 1.375000e+03 3.340978e-15 
1.406250e+02 1.375000e+03 4.060294e-15 
1.562500e+02 1.375000e+03 4.816648e-15 
1.718750e+02 1.375000e+03 5.653706e-15 
1.875000e+02 1.375000e+03 6.508451e-15 
2.031250e+02 1.375000e+03 7.383291e-15 
2.187500e+02 1.375000e+03 8.253492e-15 
2.343750e+02 1.375000e+03 9.082271e-15 
2.500000e+02 1.375000e+03 9.886785e-15 
2.656250e+02 1.375000e+03 1.059911e-14 
2.812500e+02 1.375000e+03 1.127278e-14 
2.968750e+02 1.375000e+03 1.181803e-14 
3.125000e+02 1.375000e+03 1.231532e-14 
3.281250e+02 1.375000e+03 1.266102e-14 
3.437500e+02 1.375000e+03 1.295336e-14 
3.593750e+02 1.375000e+03 1.308086e-14 
3.750000e+02 1.375000e+03 1.315236e-14 
3.906250e+02 1.375000e+03 1.305328e-14 
4.062500e+02 1.375000e+03 1.289772e-14 
4.218750e+02 1.375000e+03 1.257270e-14 
4.375000e+02 1.375000e+03 1.219290e-14 
4.531250e+02 1.375000e+03 1.165308e-14 
4.687500e+02 1.375000e+03 1.106321e-14 
4.843750e+02 1.375000e+03 1.033477e-14 
5.000000e+02 1.375000e+03 9.565557e-15 
5.156250e+02 1.375000e+03 8.696570e-15 
5.312500e+02 1.375000e+03 7.802588e-15 
5.468750e+02 1.375000e+03 6.868844e-15 
5.625000e+02 1.375000e+03 5.933148e-15 
5.781250e+02 1.375000e+03 5.034643e-15 
5.937500e+02 1.375000e+03 4.161082e-15 
6.093750e+02 1.375000e+03 3.399267e-15 
6.250000e+02 1.375000e+03 2.683835e-15 
6.406250e+02 1.375000e+03 2.122978e-15 
6.562500e+02 1.375000e+03 1.614606e-15 
6.718750e+02 1.375000e+03 1.255486e-15 
6.875000e+02 1.375000e+03 9.391821e-16 
7.031250e+02 1.375000e+03 7.326000e-16 
7.187500e+02 1.375000e+03 5.530980e-16 
7.343750e+02 1.375000e+03 4.393298e-16 
7.500000e+02 1.375000e+03 3.400947e-16 
7.656250e+02 1.375000e+03 2.761792e-16 
7.812500e+02 1.375000e+03 2.197681e-16 
7.968750e+02 1.375000e+03 1.821948e-16 
8.125000e+02 1.375000e+03 1.487084e-16 
8.281250e+02 1.375000e+03 1.256862e-16 
8.437500e+02 1.375000e+03 1.050113e-16 
8.593750e+02 1.375000e+03 9.036573e-17 
8.750000e+02 1.375000e+03 7.710340e-17 
8.906250e+02 1.375000e+03 6.741514e-17 
9.062500e+02 1.375000e+03 5.856870e-17 
9.218750e+02 1.375000e+03 5.191058e-17 
9.375000e+02 1.375000e+03 4.577835e-17 
9.531250e+02 1.375000e+03 4.102854e-17 
9.687500e+02 1.375000e+03 3.662335e-17 
9.843750e+02 1.375000e+03 3.312895e-17 
1.000000e+03 1.375000e+03 2.986235e-17 
1.015625e+03 1.375000e+03 2.721115e-17 
1.031250e+03 1.375000e+03 2.472410e-17 
1.046875e+03 1.375000e+03 2.266899e-17 
1.062500e+03 1.375000e+03 2.072314e-17 
1.078125e+03 1.375000e+03 1.909889e-17 
1.093750e+03 1.375000e+03 1.760663e-17 
1.109375e+03 1.375000e+03 1.626443e-17 
1.125000e+03 1.375000e+03 1.491914e-17 
1.140625e+03 1.375000e+03 1.465894e-17 
1.156250e+03 1.375000e+03 1.472010e-17 
1.171875e+03 1.375000e+03 1.472184e-17 
1.187500e+03 1.375000e+03 1.470308e-17 
1.203125e+03 1.375000e+03 1.466836e-17 
1.218750e+03 1.375000e+03 1.462295e-17 
1.234375e+03 1.375000e+03 1.458435e-17 
1.250000e+03 1.375000e+03 1.455730e-17 
1.265625e+03 1.375000e+03 1.453135e-17 
1.281250e+03 1.375000e+03 1.446996e-17 
1.296875e+03 1.375000e+03 1.459437e-17 
1.312500e+03 1.375000e+03 1.476583e-17 
1.328125e+03 1.375000e+03 1.419667e-17 
1.343750e+03 1.375000e+03 1.253850e-17 
1.359375e+03 1.375000e+03 2.304103e-17 
1.375000e+03 1.375000e+03 3.383140e-17 
1.390625e+03 1.375000e+03 1.183165e-16 
1.406250e+03 1.375000e+03 2.323932e-16 
1.421875e+03 1.375000e+03 6.288638e-16 
1.437500e+03 1.375000e+03 1.189590e-15 
1.453125e+03 1.375000e+03 2.432973e-15 
1.468750e+03 1.375000e+03 4.042931e-15 
1.484375e+03 1.375000e+03 6.501914e-15 
1.500000e+03 1.375000e+03 9.279148e-15 
1.515625e+03 1.375000e+03 1.241359e-14 
1.531250e+03 1.375000e+03 1.553503e-14 
1.546875e+03 1.375000e+03 1.833041e-14 
1.562500e+03 1.375000e+03 2.088543e-14 
1.578125e+03 1.375000e+03 2.274909e-14 
1.593750e+03 1.375000e+03 2.432229e-14 
1.609375e+03 1.375000e+03 2.509034e-14 
1.625000e+03 1.375000e+03 2.557779e-14 
1.640625e+03 1.375000e+03 2.515605e-14 
1.656250e+03 1.375000e+03 2.441816e-14 
1.671875e+03 1.375000e+03 2.248198e-14 
1.687500e+03 1.375000e+03 2.008279e-14 
1.703125e+03 1.375000e+03 1.633231e-14 
1.718750e+03 1.375000e+03 1.215362e-14 
1.734375e+03 1.375000e+03 7.938863e-15 
1.750000e+03 1.375000e+03 4.102536e-15 
1.765625e+03 1.375000e+03 2.073357e-15 
1.781250e+03 1.375000e+03 5.867103e-16 
1.796875e+03 1.375000e+03 2.727672e-16 
1.812500e+03 1.375000e+03 3.219648e-17 
1.828125e+03 1.375000e+03 2.497176e-17 
1.843750e+03 1.375000e+03 1.325384e-17 
1.859375e+03 1.375000e+03 1.427666e-17 
1.875000e+03 1.375000e+03 1.393545e-17 
1.890625e+03 1.375000e+03 1.385713e-17 
1.906250e+03 1.375000e+03 1.363768e-17 
1.921875e+03 1.375000e+03 1.337766e-17 
1.937500e+03 1.375000e+03 1.316451e-17 
1.953125e+03 1.375000e+03 1.299110e-17 
1.968750e+03 1.375000e+03 1.283500e-17 
1.984375e+03 1.375000e+03 1.275451e-17 
2.000000e+03 1.375000e+03 1.270892e-17 
2.015625e+03 1.375000e+03 1.275451e-17 
2.031250e+03 1.375000e+03 1.283500e-17 
2.046875e+03 1.375000e+03 1.299110e-17 
2.062500e+03 1.375000e+03 1.316451e-17 
2.078125e+03 1.375000e+03 1.337766e-17 
2.093750e+03 1.375000e+03 1.363768e-17 
2.109375e+03 1.375000e+03 1.385713e-17 
2.125000e+03 1.375000e+03 1.393545e-17 
2.140625e+03 1.375000e+03 1.427666e-17 
2.156250e+03 1.375000e+03 1.325384e-17 
2.171875e+03 1.375000e+03 2.497176e-17 
2.187500e+03 1.375000e+03 3.219648e-17 
2.203125e+03 1.375000e+03 2.727672e-16 
2.218750e+03 1.375000e+03 5.867103e-16 
2.234375e+03 1.375000e+03 2.073357e-15 
2.250000e+03 1.375000e+03 4.102536e-15 
2.265625e+03 1.375000e+03 7.938863e-15 
2.281250e+03 1.375000e+03 1.215362e-14 
2.296875e+03 1.375000e+03 1.633231e-14 
2.312500e+03 1.375000e+03 2.008279e-14 
2.328125e+03 1.375000e+03 2.248198e-14 
2.343750e+03 1.375000e+03 2.441816e-14 
2.359375e+03 1.375000e+03 2.515605e-14 
2.375000e+03 1.375000e+03 2.557779e-14 
2.390625e+03 1.375000e+03 2.509034e-14 
2.406250e+03 1.375000e+03 2.432229e-14 
2.421875e+03 1.375000e+03 2.274909e-14 
2.437500e+03 1.375000e+03 2.088543e-14 
2.453125e+03 1.375000e+03 1.833041e-14 
2.468750e+03 1.375000e+03 1.553503e-14 
2.484375e+03 1.375000e+03 1.241359e-14 
2.500000e+03 1.375000e+03 9.279148e-15 
2.515625e+03 1.375000e+03 6.501914e-15 
2.531250e+03 1.375000e+03 4.042931e-15 
2.546875e+03 1.375000e+03 2.432973e-15 
2.562500e+03 1.375000e+03 1.189590e-15 
2.578125e+03 1.375000e+03 6.288638e-16 
2.593750e+03 1.375000e+03 2.323932e-16 
2.609375e+03 1.375000e+03 1.183165e-16 
2.625000e+03 1.375000e+03 3.383140e-17 
2.640625e+03 1.375000e+03 2.304103e-17 
2.656250e+03 1.375000e+03 1.253850e-17 
2.671875e+03 1.375000e+03 1.419667e-17 
2.687500e+03 1.375000e+03 1.476583e-17 
2.703125e+03 1.375000e+03 1.459437e-17 
2.718750e+03 1.375000e+03 1.446996e-17 
2.734375e+03 1.375000e+03 1.453135e-17 
2.750000e+03 1.375000e+03 1.455730e-17 
2.765625e+03 1.375000e+03 1.458435e-17 
2.781250e+03 1.375000e+03 1.462295e-17 
2.796875e+03 1.375000e+03 1.466836e-17 
2.812500e+03 1.375000e+03 1.470308e-17 
2.828125e+03 1.375000e+03 1.472184e-17 
2.843750e+03 1.375000e+03 1.472010e-17 
2.859375e+03 1.375000e+03 1.465894e-17 
2.875000e+03 1.375000e+03 1.491914e-17 
2.890625e+03 1.375000e+03 1.626443e-17 
2.906250e+03 1.375000e+03 1.760663e-17 
2.921875e+03 1.375000e+03 1.909889e-17 
2.937500e+03 1.375000e+03 2.072314e-17 
2.953125e+03 1.375000e+03 2.266899e-17 
2.968750e+03 1.375000e+03 2.472410e-17 
2.984375e+03 1.375000e+03 2.721115e-17 
3.000000e+03 1.375000e+03 2.986235e-17 
3.015625e+03 1.375000e+03 3.312895e-17 
3.031250e+03 1.375000e+03 3.662335e-17 
3.046875e+03 1.375000e+03 4.102854e-17 
3.062500e+03 1.375000e+03 4.577835e-17 
3.078125e+03 1.375000e+03 5.191058e-17 
3.093750e+03 1.375000e+03 5.856870e-17 
3.109375e+03 1.375000e+03 6.741514e-17 
3.125000e+03 1.375000e+03 7.710340e-17 
3.140625e+03 1.375000e+03 9.036573e-17 
3.156250e+03 1.375000e+03 1.050113e-16 
3.171875e+03 1.375000e+03 1.256862e-16 
3.187500e+03 1.375000e+03 1.487084e-16 
3.203125e+03 1.375000e+03 1.821948e-16 
3.218750e+03 1.375000e+03 2.197681e-16 
3.234375e+03 1.375000e+03 2.761792e-16 
3.250000e+03 1.375000e+03 3.400947e-16 
3.265625e+03 1.375000e+03 4.393298e-16 
3.281250e+03 1.375000e+03 5.530980e-16 
3.296875e+03 1.375000e+03 7.326000e-16 
3.312500e+03 1.375000e+03 9.391821e-16 
3.328125e+03 1.375000e+03 1.255486e-15 
3.343750e+03 1.375000e+03 1.614606e-15 
3.359375e+03 1.375000e+03 2.122978e-15 
3.375000e+03 1.375000e+03 2.683835e-15 
3.390625e+03 1.375000e+03 3.399267e-15 
3.406250e+03 1.375000e+03 4.161082e-15 
3.421875e+03 1.375000e+03 5.034643e-15 
3.437500e+03 1.375000e+03 5.933148e-15 
3.453125e+03 1.375000e+03 6.868844e-15 
3.468750e+03 1.375000e+03 7.802588e-15 
3.484375e+03 1.375000e+03 8.696570e-15 
3.500000e+03 1.375000e+03 9.565557e-15 
3.515625e+03 1.375000e+03 1.033477e-14 
3.531250e+03 1.375000e+03 1.106321e-14 
3.546875e+03 1.375000e+03 1.165308e-14 
3.562500e+03 1.375000e+03 1.219290e-14 
3.578125e+03 1.375000e+03 1.257270e-14 
3.593750e+03 1.375000e+03 1.289772e-14 
3.609375e+03 1.375000e+03 1.305328e-14 
3.625000e+03 1.375000e+03 1.315236e-14 
3.640625e+03 1.375000e+03 1.308086e-14 
3.656250e+03 1.375000e+03 1.295336e-14 
3.671875e+03 1.375000e+03 1.266102e-14 
3.687500e+03 1.375000e+03 1.231532e-14 
3.703125e+03 1.375000e+03 1.181803e-14 
3.718750e+03 1.375000e+03 1.127278e-14 
3.734375e+03 1.375000e+03 1.059911e-14 
3.750000e+03 1.375000e+03 9.886785e-15 
3.765625e+03 1.375000e+03 9.082271e-15 
3.781250e+03 1.375000e+03 8.253492e-15 
3.796875e+03 1.375000e+03 7.383291e-15 
3.812500e+03 1.375000e+03 6.508451e-15 
3.828125e+03 1.375000e+03 5.653706e-15 
3.843750e+03 1.375000e+03 4.816648e-15 
3.859375e+03 1.375000e+03 4.060294e-15 
3.875000e+03 1.375000e+03 3.340978e-15 
3.890625e+03 1.375000e+03 2.745595e-15 
3.906250e+03 1.375000e+03 2.197481e-15 
3.921875e+03 1.375000e+03 1.788018e-15 
3.937500e+03 1.375000e+03 1.425141e-15 
3.953125e+03 1.375000e+03 1.190760e-15 
3.968750e+03 1.375000e+03 9.959869e-16 
3.984375e+03 1.375000e+03 9.113995e-16 
4.000000e+03 1.375000e+03 8.605932e-16 
