0.000000e+00 1.742173e-18 0.000000e+00
8.000000e+03 1.749123e-18 -1.660783e-11
1.600000e+04 1.723362e-18 -1.578560e-11
2.400000e+04 1.716823e-18 -1.951228e-11
3.200000e+04 1.711167e-18 -1.734748e-11
4.000000e+04 1.720441e-18 -2.078729e-11
4.800000e+04 1.702181e-18 -1.862183e-11
5.600000e+04 1.662735e-18 -2.208769e-11
6.400000e+04 1.646243e-18 -1.996680e-11
7.200000e+04 1.645176e-18 -2.347945e-11
8.000000e+04 1.622141e-18 -2.141807e-11
8.800000e+04 1.597833e-18 -2.499181e-11
9.600000e+04 1.564854e-18 -2.300479e-11
1.040000e+05 1.538282e-18 -2.665443e-11
1.120000e+05 1.507347e-18 -2.475735e-11
1.200000e+05 1.470742e-18 -2.849839e-11
1.280000e+05 1.428131e-18 -2.670759e-11
1.360000e+05 1.396012e-18 -3.055616e-11
1.440000e+05 1.352447e-18 -2.888850e-11
1.520000e+05 1.304624e-18 -3.286111e-11
1.600000e+05 1.249086e-18 -3.133345e-11
1.680000e+05 1.188110e-18 -3.544632e-11
1.760000e+05 1.116487e-18 -3.407433e-11
1.840000e+05 1.035984e-18 -3.834197e-11
1.920000e+05 9.442002e-19 -3.713765e-11
2.000000e+05 8.446430e-19 -4.157003e-11
2.080000e+05 7.338068e-19 -4.053680e-11
2.160000e+05 6.244850e-19 -4.513367e-11
2.240000e+05 4.967020e-19 -4.425678e-11
2.320000e+05 3.501448e-19 -4.899702e-11
2.400000e+05 1.883755e-19 -4.822574e-11
2.480000e+05 1.029202e-20 -5.304803e-11
2.560000e+05 -1.831165e-19 -5.226600e-11
2.640000e+05 -3.904660e-19 -5.703910e-11
2.720000e+05 -6.150802e-19 -5.602943e-11
2.800000e+05 -8.555327e-19 -6.052350e-11
2.880000e+05 -1.111784e-18 -5.898008e-11
2.960000e+05 -1.367296e-18 -6.287629e-11
3.040000e+05 -1.622219e-18 -6.030987e-11
3.120000e+05 -1.859873e-18 -6.214924e-11
3.200000e+05 -2.092404e-18 -4.622290e-11
3.280000e+05 -2.031701e-18 -4.622385e-11
3.360000e+05 -1.988235e-18 -4.622649e-11
3.440000e+05 -1.939395e-18 -4.623433e-11
3.520000e+05 -1.891855e-18 -4.623398e-11
3.600000e+05 -1.843064e-18 -4.623816e-11
3.680000e+05 -1.797487e-18 -4.623538e-11
3.760000e+05 -1.749697e-18 -4.623737e-11
3.840000e+05 -1.702962e-18 -4.623301e-11
3.920000e+05 -1.655697e-18 -4.623335e-11
4.000000e+05 -1.607429e-18 -4.622667e-11
4.080000e+05 -1.559491e-18 -4.622426e-11
4.160000e+05 -1.511249e-18 -4.621247e-11
4.240000e+05 -1.462363e-18 -4.620423e-11
4.320000e+05 -1.412523e-18 -4.618348e-11
4.400000e+05 -1.363013e-18 -4.616661e-11
4.480000e+05 -1.313432e-18 -4.614677e-11
4.560000e+05 -9.860965e-19 -6.150212e-11
4.640000e+05 -7.079928e-19 -5.674304e-11
4.720000e+05 -4.779474e-19 -5.583063e-11
4.800000e+05 -3.001299e-19 -4.680082e-11
4.880000e+05 -1.593834e-19 -4.283533e-11
4.960000e+05 -6.670881e-20 -3.164804e-11
5.040000e+05 -6.198830e-21 -2.474952e-11
5.120000e+05 9.087889e-21 0.000000e+00
