1.000000000000000000e+00
5.367149852168104189e-03
3.225992104362343429e-03
2.652571587801408511e-03
2.254482097167765514e-03
2.126416795600203236e-03
2.054630180075019564e-03
2.031599273194923966e-03
2.030856576629470889e-03
2.039781487040410232e-03
2.054538518226461160e-03
2.071044582048343734e-03
2.098968884778278955e-03
2.366116046813389676e-03
2.539952168827606677e-03
2.679559869911456865e-03
2.724958243070352889e-03
2.820960855210141813e-03
2.900682648201250401e-03
2.994370278614526520e-03
2.943352653913787909e-03
2.908888398601862553e-03
2.876934912822272459e-03
2.792004281481136850e-03
2.676730765596925694e-03
2.525098236855665649e-03
2.384212236600559594e-03
2.312900989524645495e-03
2.172956749795565239e-03
2.128844417760493695e-03
2.129311153721293558e-03
2.083667361058886766e-03
2.039038854953112608e-03
1.806943361196668152e-03
1.743280671886608029e-03
1.697493590853363637e-03
1.643316270516058690e-03
1.595683889937046232e-03
1.574656992248760603e-03
1.528280822064938173e-03
1.491688631794991452e-03
1.469547143585162941e-03
1.440667352585509042e-03
1.423974830057546295e-03
1.401060459750928496e-03
1.373502169812350132e-03
1.326997216867768434e-03
1.309529174247228873e-03
1.283041982920878326e-03
1.248975967538102846e-03
1.233236228076317349e-03
1.210755357323469849e-03
1.196527203345734746e-03
1.179916286838046625e-03
1.156009902197825939e-03
1.145993346978397935e-03
1.123562991244621582e-03
1.100008287982569841e-03
1.074057371014370491e-03
1.060434257097211215e-03
1.043509798926092139e-03
1.026835535304077788e-03
1.010649877235251636e-03
9.946402536606686190e-04
9.731745688451528837e-04
9.580303670232584792e-04
9.370266536323949369e-04
8.998168532955941280e-04
8.681839467635681703e-04
8.449604489323954502e-04
8.232048160059969458e-04
8.062379763485788206e-04
7.854282252139589346e-04
7.664534154789770168e-04
7.498291171498823850e-04
7.318916925664988634e-04
7.150375117358654525e-04
6.972697604763681114e-04
6.811799685764460084e-04
6.662162098136329043e-04
6.515105739963998914e-04
6.347074300310912281e-04
6.208596514731441751e-04
6.101286071305314336e-04
5.967581258514962923e-04
5.838698488463122402e-04
5.715021138888363951e-04
5.574486061033695266e-04
5.447762984987495520e-04
5.333179625920772852e-04
5.216691897632429837e-04
5.105684621518933415e-04
5.001387187216564233e-04
4.883467563605213774e-04
4.775332304867517920e-04
4.676206900331437684e-04
4.579247535854502420e-04
4.484817967983002231e-04
4.396569782535740328e-04
4.307523526673841859e-04
