  0 1.000000e+00 9.881476e-01 1.000000e+00 1.000000e-08
  1 4.093132e-02 2.929913e-01 1.338682e+05 1.000000e-08
  2 1.662538e-07 1.379732e-01 8.481092e-02 1.000000e-08
  3 1.104728e-07 7.486648e-02 3.286128e-02 1.000000e-08
  4 6.761320e-08 4.615257e-02 1.464256e-02 1.000000e-08
  5 3.934454e-08 3.097831e-02 7.816140e-03 1.000000e-08
  6 2.572459e-08 2.195914e-02 4.148783e-03 1.000000e-08
  7 1.742507e-08 1.612140e-02 2.467938e-03 1.000000e-08
  8 1.247103e-08 1.211016e-02 1.558150e-03 1.000000e-08
  9 9.232872e-09 9.237970e-03 1.033019e-03 1.000000e-08
 10 7.019988e-09 7.122402e-03 7.131551e-04 1.000000e-08
 11 5.435074e-09 5.533261e-03 5.068074e-04 1.000000e-08
 12 4.255756e-09 4.322821e-03 3.662207e-04 1.000000e-08
 13 3.355420e-09 3.391446e-03 2.672036e-04 1.000000e-08
 14 2.656559e-09 2.669366e-03 1.964819e-04 1.000000e-08
 15 2.108515e-09 2.106325e-03 1.456150e-04 1.000000e-08
 16 1.676024e-09 1.665343e-03 1.087810e-04 1.000000e-08
 17 1.333376e-09 1.318759e-03 8.189867e-05 1.000000e-08
 18 1.061253e-09 1.045619e-03 6.211039e-05 1.000000e-08
 19 8.448312e-10 8.298887e-04 4.741637e-05 1.000000e-08
 20 6.725756e-10 6.592048e-04 3.641248e-05 1.000000e-08
 21 5.354220e-10 5.239716e-04 2.810658e-05 1.000000e-08
 22 4.262037e-10 4.167046e-04 2.179191e-05 1.000000e-08
 23 3.392330e-10 3.315425e-04 1.696023e-05 1.000000e-08
 24 2.699848e-10 2.638797e-04 1.324244e-05 1.000000e-08
 25 2.148552e-10 2.100877e-04 1.036782e-05 1.000000e-08
 26 1.709718e-10 1.673019e-04 8.135884e-06 1.000000e-08
 27 1.360453e-10 1.332565e-04 6.396812e-06 1.000000e-08
 28 1.082507e-10 1.061569e-04 5.037704e-06 1.000000e-08
 29 8.613381e-11 8.458011e-05 3.972856e-06 1.000000e-08
 30 6.853619e-11 6.739674e-05 3.136775e-06 1.000000e-08
 31 5.453507e-11 5.370961e-05 2.479129e-06 1.000000e-08
 32 4.339576e-11 4.280563e-05 1.961046e-06 1.000000e-08
 33 3.453337e-11 3.411774e-05 1.552380e-06 1.000000e-08
 34 2.748243e-11 2.719477e-05 1.229665e-06 1.000000e-08
 35 2.187255e-11 2.167768e-05 9.745815e-07 1.000000e-08
 36 1.740904e-11 1.728062e-05 7.727916e-07 1.000000e-08
 37 1.385745e-11 1.377598e-05 6.130477e-07 1.000000e-08
 38 1.103131e-11 1.098247e-05 4.865109e-07 1.000000e-08
 39 8.782278e-12 8.755683e-06 3.862240e-07 1.000000e-08
 40 6.992378e-12 6.980576e-06 3.067038e-07 1.000000e-08
 41 5.567764e-12 5.565476e-06 2.436233e-07 1.000000e-08
 42 4.433791e-12 4.437335e-06 1.935652e-07 1.000000e-08
 43 3.531087e-12 3.537936e-06 1.538276e-07 1.000000e-08
 44 2.812420e-12 2.820881e-06 1.222733e-07 1.000000e-08
 45 2.240217e-12 2.249189e-06 9.721016e-08 1.000000e-08
 46 1.784588e-12 1.793383e-06 7.729796e-08 1.000000e-08
 47 1.421750e-12 1.429965e-06 6.147441e-08 1.000000e-08
 48 1.132779e-12 1.140205e-06 4.889742e-08 1.000000e-08
 49 9.026162e-13 9.091695e-07 3.889899e-08 1.000000e-08
