0 -1.006022e+00 4.664238e-01 
1 -1.337154e-01 2.956220e-01 
2 -5.328852e-02 1.795273e-01 
3 -2.645759e-02 9.923410e-02 
4 -1.543889e-02 5.172005e-02 
5 -1.004440e-02 2.784965e-02 
6 -7.453562e-03 1.628024e-02 
7 -5.642122e-03 1.060912e-02 
8 -4.313102e-03 8.198310e-03 
9 -3.321612e-03 6.390314e-03 
10 -2.569099e-03 5.004582e-03 
11 -1.997343e-03 3.933375e-03 
12 -1.561612e-03 3.104023e-03 
13 -1.225255e-03 2.455867e-03 
14 -9.643661e-04 1.946323e-03 
15 -7.610454e-04 1.544566e-03 
16 -6.021805e-04 1.227040e-03 
17 -4.773973e-04 9.756062e-04 
18 -3.789833e-04 7.762068e-04 
19 -3.011999e-04 6.178831e-04 
20 -2.396946e-04 4.920662e-04 
21 -1.908509e-04 3.921449e-04 
22 -1.520217e-04 3.125759e-04 
23 -1.211293e-04 2.491899e-04 
24 -9.653684e-05 1.986807e-04 
25 -7.695272e-05 1.584233e-04 
26 -6.134919e-05 1.263314e-04 
27 -4.891413e-05 1.007454e-04 
28 -3.900242e-05 8.034436e-05 
29 -3.110094e-05 6.407627e-05 
30 -2.480135e-05 5.110313e-05 
31 -1.977846e-05 4.075714e-05 
32 -1.577329e-05 3.250603e-05 
33 -1.257954e-05 2.592547e-05 
34 -1.003488e-05 2.067715e-05 
35 -8.005813e-06 1.649132e-05 
36 -6.387053e-06 1.315285e-05 
37 -5.095616e-06 1.049021e-05 
38 -4.065309e-06 8.366570e-06 
39 -3.243328e-06 6.672824e-06 
40 -2.587548e-06 5.321948e-06 
41 -2.064364e-06 4.244537e-06 
42 -1.646964e-06 3.385234e-06 
43 -1.313960e-06 2.699887e-06 
44 -1.048287e-06 2.153283e-06 
45 -8.363317e-07 1.717336e-06 
46 -6.672326e-07 1.369645e-06 
47 -5.323242e-07 1.092344e-06 
48 -4.246936e-07 8.711835e-07 
49 -3.388251e-07 6.947980e-07 
