  0 1.000000e-06 1.000000e-06 
  1 2.460224e-04 1.308557e+01 
  2 6.675932e-06 2.795989e+01 
  3 1.102182e-06 4.027691e+01 
  4 1.000088e-06 4.825586e+01 
  5 1.000007e-06 5.307247e+01 
  6 1.000038e-06 5.603497e+01 
  7 1.000017e-06 5.792153e+01 
  8 1.000017e-06 5.916509e+01 
  9 1.000030e-06 6.000863e+01 
 10 1.000053e-06 6.059373e+01 
 11 1.000070e-06 6.100659e+01 
 12 1.000066e-06 6.130188e+01 
 13 1.000063e-06 6.151537e+01 
 14 1.000062e-06 6.167113e+01 
 15 1.000061e-06 6.178563e+01 
 16 1.000060e-06 6.187038e+01 
 17 1.000060e-06 6.193350e+01 
 18 1.000059e-06 6.198075e+01 
 19 1.000059e-06 6.201631e+01 
 20 1.000059e-06 6.204320e+01 
 21 1.000059e-06 6.206362e+01 
 22 1.000059e-06 6.207919e+01 
 23 1.000059e-06 6.209111e+01 
 24 1.000059e-06 6.210026e+01 
 25 1.000059e-06 6.210732e+01 
 26 1.000059e-06 6.211278e+01 
 27 1.000059e-06 6.211701e+01 
 28 1.000059e-06 6.212031e+01 
 29 1.000059e-06 6.212287e+01 
 30 1.000059e-06 6.212488e+01 
 31 1.000059e-06 6.212645e+01 
 32 1.000059e-06 6.212768e+01 
 33 1.000059e-06 6.212865e+01 
 34 1.000059e-06 6.212941e+01 
 35 1.000059e-06 6.213001e+01 
 36 1.000059e-06 6.213048e+01 
 37 1.000059e-06 6.213086e+01 
 38 1.000059e-06 6.213116e+01 
 39 1.000059e-06 6.213139e+01 
 40 1.000059e-06 6.213158e+01 
 41 1.000059e-06 6.213173e+01 
 42 1.000059e-06 6.213184e+01 
 43 1.000059e-06 6.213194e+01 
 44 1.000059e-06 6.213201e+01 
 45 1.000059e-06 6.213207e+01 
 46 1.000059e-06 6.213212e+01 
 47 1.000059e-06 6.213215e+01 
 48 1.000059e-06 6.213218e+01 
 49 1.000059e-06 6.213221e+01 
