0 -8.870144e+07 1.889592e+10 
1 -8.444240e+07 1.889593e+10 
2 -8.129203e+07 1.889593e+10 
3 -7.978967e+07 1.889593e+10 
4 -7.910964e+07 1.889593e+10 
5 -7.879028e+07 1.889593e+10 
6 -7.863183e+07 1.889593e+10 
7 -7.854907e+07 1.889593e+10 
8 -7.850396e+07 1.889593e+10 
9 -7.847856e+07 1.889593e+10 
10 -7.846388e+07 1.889593e+10 
11 -7.845523e+07 1.889593e+10 
12 -7.845007e+07 1.889593e+10 
13 -7.844695e+07 1.889593e+10 
14 -7.844505e+07 1.889593e+10 
15 -7.844389e+07 1.889593e+10 
16 -7.844317e+07 1.889593e+10 
17 -7.844272e+07 1.889593e+10 
18 -7.844245e+07 1.889593e+10 
19 -7.844228e+07 1.889593e+10 
20 -7.844217e+07 1.889593e+10 
21 -7.844211e+07 1.889593e+10 
22 -7.844206e+07 1.889593e+10 
23 -7.844204e+07 1.889593e+10 
24 -7.844202e+07 1.889593e+10 
