  0 1.168434e-09 
  1 1.199357e-09 
  2 1.209204e-09 
  3 1.211751e-09 
  4 1.211995e-09 
  5 1.211424e-09 
  6 1.210547e-09 
  7 1.209580e-09 
  8 1.208618e-09 
  9 1.207703e-09 
 10 1.206847e-09 
 11 1.206053e-09 
 12 1.205318e-09 
 13 1.204641e-09 
 14 1.204018e-09 
 15 1.203446e-09 
 16 1.202921e-09 
 17 1.202441e-09 
 18 1.202003e-09 
 19 1.201603e-09 
 20 1.201240e-09 
 21 1.200910e-09 
 22 1.200610e-09 
 23 1.200339e-09 
 24 1.200093e-09 
 25 1.199871e-09 
 26 1.199670e-09 
 27 1.199489e-09 
 28 1.199326e-09 
 29 1.199179e-09 
 30 1.199046e-09 
 31 1.198927e-09 
 32 1.198821e-09 
 33 1.198725e-09 
 34 1.198639e-09 
 35 1.198561e-09 
 36 1.198492e-09 
 37 1.198431e-09 
 38 1.198376e-09 
 39 1.198326e-09 
 40 1.198282e-09 
 41 1.198243e-09 
 42 1.198208e-09 
 43 1.198177e-09 
 44 1.198149e-09 
 45 1.198125e-09 
 46 1.198103e-09 
 47 1.198084e-09 
 48 1.198066e-09 
 49 1.198051e-09 
