1.000000000000000000e+00
7.322903436508498842e-01
3.004969073973836058e-01
3.120178083581637285e-01
1.751484890264729810e-01
1.017581003955211616e-01
7.915657220657608406e-02
6.611044161380906503e-02
5.792189424158716848e-02
5.353449703086698291e-02
5.075797565379523008e-02
4.765493614174572123e-02
4.443851064520663863e-02
4.355131049401108484e-02
4.296613945297163284e-02
4.180328079164599697e-02
4.028786539211588053e-02
3.856825075599724928e-02
3.674252065892720520e-02
3.487577310170251327e-02
3.301134056107882242e-02
3.117806587280343156e-02
2.939503474937169014e-02
2.767467355704631565e-02
2.602479638434094036e-02
2.444997456960279827e-02
2.295246730011626241e-02
2.153286559257600735e-02
2.019054735743559814e-02
1.892400630462735128e-02
1.773109509313642446e-02
1.660920901722638329e-02
1.555542732258022309e-02
1.456662346055944204e-02
1.363955187884158954e-02
1.277091656971869084e-02
1.195742512526545669e-02
1.119583095047487799e-02
1.048296582816443494e-02
9.815764440943864147e-03
9.193936603055730128e-03
8.755700769482576556e-03
8.337903016376569179e-03
7.939440624472540384e-03
7.559267337184455426e-03
7.196392546623489768e-03
6.849879964224189766e-03
6.518845919180616712e-03
6.202457434682778249e-03
5.899930144807273222e-03
5.610526137543839394e-03
5.333551758935447216e-03
5.068355417142874145e-03
4.814325411820568473e-03
4.570887794350352029e-03
4.352636982201901414e-03
4.186850508794190580e-03
4.029275444154854953e-03
3.879357234654789034e-03
3.736579062599572950e-03
3.600459820248008268e-03
3.470552117423661518e-03
3.346440337293080623e-03
3.227738738309293438e-03
3.114089621776732538e-03
3.005161580267638310e-03
2.900647789754137642e-03
2.812712913947124343e-03
2.730886714357199773e-03
2.651112299020110495e-03
2.573303339280402259e-03
2.497378831402613606e-03
2.423262847316725709e-03
2.350884267524294951e-03
2.280176547248362155e-03
2.211077472792447214e-03
2.188670120197902177e-03
2.192454657030043150e-03
2.194115719853617641e-03
2.193745518832763194e-03
2.191432358093083066e-03
2.187260976678707426e-03
2.181312848110491913e-03
2.173666445437559980e-03
2.164397474661614029e-03
2.153579070406203954e-03
2.141281979262827165e-03
2.127574713394483810e-03
2.112523688827271096e-03
2.096193349706322161e-03
2.078646266096763513e-03
2.059943238086337381e-03
2.040143375176491341e-03
2.019304173600770455e-03
1.997481568201617871e-03
1.974730013540273565e-03
1.951102516362601463e-03
1.926650694362640540e-03
1.901424807286460203e-03
1.875473806024368457e-03
