0.000000e+00 1.000000e+00 6.001638e-13 0.000000e+00 8.019637e-01
6.172840e-03 1.000000e+00 5.998122e-13 -3.766210e-05 7.957964e-01
1.234568e-02 1.000000e+00 5.987546e-13 -7.535317e-05 7.896291e-01
1.234568e-02 1.000000e+00 5.987546e-13 -7.535317e-05 7.896291e-01
1.851852e-02 1.000000e+00 5.969739e-13 -1.131022e-04 7.834729e-01
2.469136e-02 1.000000e+00 5.946521e-13 -1.509381e-04 7.773167e-01
2.469136e-02 1.000000e+00 5.946521e-13 -1.509381e-04 7.773167e-01
3.086420e-02 1.000000e+00 5.922207e-13 -1.888900e-04 7.711717e-01
3.703704e-02 1.000000e+00 5.892578e-13 -2.269869e-04 7.650268e-01
3.703704e-02 1.000000e+00 5.892578e-13 -2.269869e-04 7.650268e-01
4.320988e-02 1.000000e+00 5.850251e-13 -2.652578e-04 7.588933e-01
4.938272e-02 1.000000e+00 5.805738e-13 -3.037319e-04 7.527598e-01
4.938272e-02 1.000000e+00 5.805738e-13 -3.037319e-04 7.527598e-01
5.555556e-02 1.000000e+00 5.749923e-13 -3.424384e-04 7.466380e-01
6.172840e-02 1.000000e+00 5.690205e-13 -3.814066e-04 7.405162e-01
6.172840e-02 1.000000e+00 5.690205e-13 -3.814066e-04 7.405162e-01
6.790123e-02 1.000000e+00 5.624546e-13 -4.206657e-04 7.344066e-01
7.407407e-02 1.000000e+00 5.550942e-13 -4.602451e-04 7.282970e-01
7.407407e-02 1.000000e+00 5.550942e-13 -4.602451e-04 7.282970e-01
8.024691e-02 1.000000e+00 5.474276e-13 -5.001742e-04 7.222001e-01
8.641975e-02 1.000000e+00 5.388355e-13 -5.404828e-04 7.161031e-01
8.641975e-02 1.000000e+00 5.388355e-13 -5.404828e-04 7.161031e-01
9.259259e-02 1.000000e+00 5.294740e-13 -5.812001e-04 7.100194e-01
9.876543e-02 1.000000e+00 5.194525e-13 -6.223562e-04 7.039356e-01
9.876543e-02 1.000000e+00 5.194525e-13 -6.223562e-04 7.039356e-01
1.049383e-01 1.000000e+00 5.085949e-13 -6.639805e-04 6.978658e-01
1.111111e-01 1.000000e+00 4.968343e-13 -7.061033e-04 6.917961e-01
1.111111e-01 1.000000e+00 4.968343e-13 -7.061033e-04 6.917961e-01
1.172840e-01 1.000000e+00 4.852264e-13 -7.487540e-04 6.857410e-01
1.234568e-01 1.000000e+00 4.723142e-13 -7.919633e-04 6.796860e-01
1.234568e-01 1.000000e+00 4.723142e-13 -7.919633e-04 6.796860e-01
1.296296e-01 1.000000e+00 4.586867e-13 -8.357606e-04 6.736467e-01
1.358025e-01 1.000000e+00 4.442523e-13 -8.801766e-04 6.676074e-01
1.358025e-01 1.000000e+00 4.442523e-13 -8.801766e-04 6.676074e-01
1.419753e-01 1.000000e+00 4.290344e-13 -9.252411e-04 6.615850e-01
1.481481e-01 1.000000e+00 4.129978e-13 -9.709849e-04 6.555625e-01
1.481481e-01 1.000000e+00 4.129978e-13 -9.709849e-04 6.555625e-01
1.543210e-01 1.000000e+00 3.961418e-13 -1.017438e-03 6.495582e-01
1.604938e-01 1.000000e+00 3.784360e-13 -1.064630e-03 6.435539e-01
1.604938e-01 1.000000e+00 3.784360e-13 -1.064630e-03 6.435539e-01
1.666667e-01 1.000000e+00 3.598616e-13 -1.112592e-03 6.375691e-01
1.728395e-01 1.000000e+00 3.403935e-13 -1.161354e-03 6.315843e-01
1.728395e-01 1.000000e+00 3.403935e-13 -1.161354e-03 6.315843e-01
1.790123e-01 1.000000e+00 3.200144e-13 -1.210946e-03 6.256207e-01
1.851852e-01 1.000000e+00 2.986869e-13 -1.261398e-03 6.196571e-01
1.851852e-01 1.000000e+00 2.986869e-13 -1.261398e-03 6.196571e-01
1.913580e-01 1.000000e+00 2.763846e-13 -1.312740e-03 6.137166e-01
1.975309e-01 1.000000e+00 2.530784e-13 -1.365002e-03 6.077761e-01
1.975309e-01 1.000000e+00 2.530784e-13 -1.365002e-03 6.077761e-01
2.037037e-01 1.000000e+00 2.287558e-13 -1.418211e-03 6.018608e-01
2.098765e-01 1.000000e+00 2.033755e-13 -1.472399e-03 5.959455e-01
2.098765e-01 1.000000e+00 2.033755e-13 -1.472399e-03 5.959455e-01
2.160494e-01 1.000000e+00 1.769065e-13 -1.527593e-03 5.900579e-01
2.222222e-01 1.000000e+00 1.493114e-13 -1.583821e-03 5.841703e-01
2.222222e-01 1.000000e+00 1.493114e-13 -1.583821e-03 5.841703e-01
2.283951e-01 1.000000e+00 1.205453e-13 -1.641109e-03 5.783132e-01
2.345679e-01 1.000000e+00 9.056311e-14 -1.699485e-03 5.724561e-01
2.345679e-01 1.000000e+00 9.056311e-14 -1.699485e-03 5.724561e-01
2.407407e-01 1.000000e+00 5.931523e-14 -1.758974e-03 5.666326e-01
2.469136e-01 1.000000e+00 2.675388e-14 -1.819600e-03 5.608091e-01
2.469136e-01 1.000000e+00 2.675388e-14 -1.819600e-03 5.608091e-01
2.530864e-01 1.000000e+00 -7.171997e-15 -1.881386e-03 5.550230e-01
2.592593e-01 1.000000e+00 -4.252214e-14 -1.944353e-03 5.492368e-01
2.592593e-01 1.000000e+00 -4.252214e-14 -1.944353e-03 5.492368e-01
2.654321e-01 1.000000e+00 -7.935319e-14 -2.008520e-03 5.434922e-01
2.716049e-01 1.000000e+00 -1.177381e-13 -2.073905e-03 5.377476e-01
2.716049e-01 1.000000e+00 -1.177381e-13 -2.073905e-03 5.377476e-01
2.777778e-01 1.000000e+00 -1.577423e-13 -2.140520e-03 5.320494e-01
2.839506e-01 1.000000e+00 -1.994392e-13 -2.208380e-03 5.263512e-01
2.839506e-01 1.000000e+00 -1.994392e-13 -2.208380e-03 5.263512e-01
2.901235e-01 1.000000e+00 -2.429133e-13 -2.277490e-03 5.207051e-01
2.962963e-01 1.000000e+00 -2.882484e-13 -2.347854e-03 5.150590e-01
2.962963e-01 1.000000e+00 -2.882484e-13 -2.347854e-03 5.150590e-01
3.024691e-01 1.000000e+00 -3.355545e-13 -2.419471e-03 5.094715e-01
3.086420e-01 1.000000e+00 -3.849204e-13 -2.492334e-03 5.038840e-01
3.086420e-01 1.000000e+00 -3.849204e-13 -2.492334e-03 5.038840e-01
3.148148e-01 1.000000e+00 -4.364911e-13 -2.566427e-03 4.983629e-01
3.209877e-01 1.000000e+00 -4.903803e-13 -2.641732e-03 4.928418e-01
3.209877e-01 1.000000e+00 -4.903803e-13 -2.641732e-03 4.928418e-01
3.271605e-01 1.000000e+00 -5.467189e-13 -2.718214e-03 4.873962e-01
3.333333e-01 1.000000e+00 -6.057837e-13 -2.795834e-03 4.819505e-01
3.333333e-01 1.000000e+00 -6.057837e-13 -2.795834e-03 4.819505e-01
3.395062e-01 1.000000e+00 -6.672683e-13 -2.874534e-03 4.765910e-01
3.456790e-01 1.000000e+00 -7.316669e-13 -2.954249e-03 4.712315e-01
3.456790e-01 1.000000e+00 -7.316669e-13 -2.954249e-03 4.712315e-01
3.518519e-01 1.000000e+00 -7.994573e-13 -3.034887e-03 4.659710e-01
3.580247e-01 1.000000e+00 -8.705458e-13 -3.116344e-03 4.607105e-01
3.580247e-01 1.000000e+00 -8.705458e-13 -3.116344e-03 4.607105e-01
3.641975e-01 1.000000e+00 -9.452727e-13 -3.198484e-03 4.555644e-01
3.703704e-01 1.000000e+00 -1.023862e-12 -3.281148e-03 4.504182e-01
3.703704e-01 1.000000e+00 -1.023862e-12 -3.281148e-03 4.504182e-01
3.765432e-01 1.000000e+00 -1.106638e-12 -3.364137e-03 4.454049e-01
3.827160e-01 1.000000e+00 -1.193958e-12 -3.447217e-03 4.403917e-01
3.827160e-01 1.000000e+00 -1.193958e-12 -3.447217e-03 4.403917e-01
3.888889e-01 1.000000e+00 -1.286188e-12 -3.530097e-03 4.355340e-01
3.950617e-01 1.000000e+00 -1.383794e-12 -3.612433e-03 4.306763e-01
3.950617e-01 1.000000e+00 -1.383794e-12 -3.612433e-03 4.306763e-01
4.012346e-01 1.000000e+00 -1.487266e-12 -3.693805e-03 4.260009e-01
4.074074e-01 1.000000e+00 -1.597177e-12 -3.773715e-03 4.213255e-01
4.074074e-01 1.000000e+00 -1.597177e-12 -3.773715e-03 4.213255e-01
4.135802e-01 1.000000e+00 -1.714196e-12 -3.851545e-03 4.168688e-01
4.197531e-01 1.000000e+00 -1.839045e-12 -3.926559e-03 4.124120e-01
4.197531e-01 1.000000e+00 -1.839045e-12 -3.926559e-03 4.124120e-01
4.259259e-01 1.000000e+00 -1.972571e-12 -3.997878e-03 4.082030e-01
4.320988e-01 1.000000e+00 -2.115738e-12 -4.064427e-03 4.039939e-01
4.320988e-01 1.000000e+00 -2.115738e-12 -4.064427e-03 4.039939e-01
4.382716e-01 1.000000e+00 -2.269643e-12 -4.124853e-03 4.001151e-01
4.444444e-01 1.000000e+00 -2.435351e-12 -4.177507e-03 3.962363e-01
4.444444e-01 1.000000e+00 -2.435351e-12 -4.177507e-03 3.962363e-01
4.506173e-01 1.000000e+00 -2.614142e-12 -4.220684e-03 3.925742e-01
4.567901e-01 1.000000e+00 -2.807810e-12 -4.252276e-03 3.889121e-01
4.567901e-01 1.000000e+00 -2.807810e-12 -4.252276e-03 3.889121e-01
4.629630e-01 1.000000e+00 -2.981875e-12 -4.269615e-03 3.837564e-01
4.691358e-01 1.000000e+00 -3.114457e-12 -4.275629e-03 3.786007e-01
4.691358e-01 1.584893e+01 -3.114457e-12 -4.275629e-03 3.786007e-01
4.753086e-01 1.584893e+01 -3.085263e-12 -4.276087e-03 3.493808e-01
4.814815e-01 1.584893e+01 -3.053825e-12 -4.276489e-03 3.201608e-01
4.814815e-01 1.000000e+03 -3.053825e-12 -4.276489e-03 3.201608e-01
4.876543e-01 1.000000e+03 -3.020931e-12 -4.276830e-03 2.814439e-01
4.938272e-01 1.000000e+03 -2.987853e-12 -4.277132e-03 2.427271e-01
4.938272e-01 1.000000e+03 -2.987853e-12 -4.277132e-03 2.427271e-01
5.000000e-01 1.000000e+03 -2.954877e-12 -4.277416e-03 2.398907e-01
5.061728e-01 1.000000e+03 -2.921552e-12 -4.277682e-03 2.370543e-01
5.061728e-01 1.000000e+03 -2.921552e-12 -4.277682e-03 2.370543e-01
5.123457e-01 1.000000e+03 -2.888015e-12 -4.277934e-03 2.342719e-01
5.185185e-01 1.000000e+03 -2.854595e-12 -4.278171e-03 2.314896e-01
5.185185e-01 1.000000e+03 -2.854595e-12 -4.278171e-03 2.314896e-01
5.246914e-01 1.000000e+03 -2.821535e-12 -4.278395e-03 2.282997e-01
5.308642e-01 1.000000e+03 -2.787659e-12 -4.278607e-03 2.251099e-01
5.308642e-01 1.000000e+03 -2.787659e-12 -4.278607e-03 2.251099e-01
5.370370e-01 1.000000e+03 -2.755240e-12 -4.278807e-03 2.218875e-01
5.432099e-01 1.000000e+03 -2.722256e-12 -4.278993e-03 2.186652e-01
5.432099e-01 1.000000e+03 -2.722256e-12 -4.278993e-03 2.186652e-01
5.493827e-01 1.000000e+03 -2.689088e-12 -4.279166e-03 2.154225e-01
5.555556e-01 1.000000e+03 -2.655868e-12 -4.279326e-03 2.121798e-01
5.555556e-01 1.000000e+03 -2.655868e-12 -4.279326e-03 2.121798e-01
5.617284e-01 1.000000e+03 -2.623429e-12 -4.279472e-03 2.089434e-01
5.679012e-01 1.000000e+03 -2.590206e-12 -4.279605e-03 2.057070e-01
5.679012e-01 1.000000e+03 -2.590206e-12 -4.279605e-03 2.057070e-01
5.740741e-01 1.000000e+03 -2.556802e-12 -4.279723e-03 2.024624e-01
5.802469e-01 1.000000e+03 -2.522232e-12 -4.279828e-03 1.992179e-01
5.802469e-01 1.000000e+03 -2.522232e-12 -4.279828e-03 1.992179e-01
5.864198e-01 1.000000e+03 -2.489092e-12 -4.279918e-03 1.959466e-01
5.925926e-01 1.000000e+03 -2.454301e-12 -4.279995e-03 1.926752e-01
5.925926e-01 1.000000e+03 -2.454301e-12 -4.279995e-03 1.926752e-01
5.987654e-01 1.000000e+03 -2.420758e-12 -4.280057e-03 1.893599e-01
6.049383e-01 1.000000e+03 -2.386702e-12 -4.280106e-03 1.860446e-01
6.049383e-01 1.000000e+03 -2.386702e-12 -4.280106e-03 1.860446e-01
6.111111e-01 1.000000e+03 -2.353479e-12 -4.280140e-03 1.826741e-01
6.172840e-01 1.000000e+03 -2.319089e-12 -4.280161e-03 1.793036e-01
6.172840e-01 1.000000e+03 -2.319089e-12 -4.280161e-03 1.793036e-01
6.234568e-01 1.000000e+03 -2.286449e-12 -4.280169e-03 1.758732e-01
6.296296e-01 1.000000e+03 -2.254252e-12 -4.280163e-03 1.724429e-01
6.296296e-01 1.000000e+03 -2.254252e-12 -4.280163e-03 1.724429e-01
6.358025e-01 1.000000e+03 -2.220918e-12 -4.280143e-03 1.689587e-01
6.419753e-01 1.000000e+03 -2.186582e-12 -4.280111e-03 1.654745e-01
6.419753e-01 1.000000e+03 -2.186582e-12 -4.280111e-03 1.654745e-01
6.481481e-01 1.000000e+03 -2.152899e-12 -4.280064e-03 1.619458e-01
6.543210e-01 1.000000e+03 -2.118888e-12 -4.280005e-03 1.584171e-01
6.543210e-01 1.000000e+03 -2.118888e-12 -4.280005e-03 1.584171e-01
6.604938e-01 1.000000e+03 -2.086012e-12 -4.279931e-03 1.548990e-01
6.666667e-01 1.000000e+03 -2.052422e-12 -4.279844e-03 1.513810e-01
6.666667e-01 1.000000e+03 -2.052422e-12 -4.279844e-03 1.513810e-01
6.728395e-01 1.000000e+03 -2.018726e-12 -4.279743e-03 1.478122e-01
6.790123e-01 1.000000e+03 -1.985356e-12 -4.279627e-03 1.442435e-01
6.790123e-01 1.000000e+03 -1.985356e-12 -4.279627e-03 1.442435e-01
6.851852e-01 1.000000e+03 -1.951956e-12 -4.279496e-03 1.409401e-01
6.913580e-01 1.000000e+03 -1.920419e-12 -4.279347e-03 1.376368e-01
6.913580e-01 1.000000e+03 -1.920419e-12 -4.279347e-03 1.376368e-01
6.975309e-01 1.000000e+03 -1.886500e-12 -4.279182e-03 1.330873e-01
7.037037e-01 1.000000e+03 -1.853070e-12 -4.279002e-03 1.285378e-01
7.037037e-01 1.000000e+03 -1.853070e-12 -4.279002e-03 1.285378e-01
7.098765e-01 1.000000e+03 -1.819289e-12 -4.278807e-03 1.115132e-01
7.160494e-01 1.000000e+03 -1.785646e-12 -4.278585e-03 9.448868e-02
7.160494e-01 6.309573e+01 -1.785646e-12 -4.278585e-03 9.448868e-02
7.222222e-01 6.309573e+01 -1.751890e-12 -4.278339e-03 6.155653e-02
7.283951e-01 6.309573e+01 -1.718113e-12 -4.278064e-03 2.862438e-02
7.283951e-01 1.000000e+00 -1.718113e-12 -4.278064e-03 2.862438e-02
7.345679e-01 1.000000e+00 -1.678777e-12 -4.275400e-03 2.153345e-02
7.407407e-01 1.000000e+00 -1.637780e-12 -4.267842e-03 1.444252e-02
7.407407e-01 2.511886e-01 -1.637780e-12 -4.267842e-03 1.444252e-02
7.469136e-01 2.511886e-01 -1.595373e-12 -4.250892e-03 7.956306e-03
7.530864e-01 2.511886e-01 -1.552957e-12 -4.230639e-03 1.470096e-03
7.530864e-01 1.000000e-03 -1.552957e-12 -4.230639e-03 1.470096e-03
7.592593e-01 1.000000e-03 -1.444164e-12 -4.227527e-03 6.707664e-04
7.654321e-01 1.000000e-03 -1.265894e-12 -4.022683e-03 -1.285628e-04
7.654321e-01 1.000000e-03 -1.265894e-12 -4.022683e-03 -1.285628e-04
7.716049e-01 1.000000e-03 -8.515169e-13 -4.114555e-03 -7.933749e-05
7.777778e-01 1.000000e-03 -4.569978e-13 -4.052065e-03 -3.011218e-05
7.777778e-01 1.000000e-03 -4.569978e-13 -4.052065e-03 -3.011218e-05
7.839506e-01 1.000000e-03 -7.485863e-14 -3.927502e-03 -3.946183e-05
7.901235e-01 1.000000e-03 2.858848e-13 -3.832474e-03 -4.881148e-05
7.901235e-01 1.000000e-03 2.858848e-13 -3.832474e-03 -4.881148e-05
7.962963e-01 1.000000e-03 6.390998e-13 -3.744886e-03 -4.323064e-05
8.024691e-01 1.000000e-03 9.761129e-13 -3.642289e-03 -3.764979e-05
8.024691e-01 1.000000e-03 9.761129e-13 -3.642289e-03 -3.764979e-05
8.086420e-01 1.000000e-03 1.294687e-12 -3.532176e-03 -3.662990e-05
8.148148e-01 1.000000e-03 1.590616e-12 -3.421862e-03 -3.561001e-05
8.148148e-01 1.000000e-03 1.590616e-12 -3.421862e-03 -3.561001e-05
8.209877e-01 1.000000e-03 1.872828e-12 -3.310316e-03 -3.379338e-05
8.271605e-01 1.000000e-03 2.149223e-12 -3.196403e-03 -3.197676e-05
8.271605e-01 1.000000e-03 2.149223e-12 -3.196403e-03 -3.197676e-05
8.333333e-01 1.000000e-03 2.420464e-12 -3.081018e-03 -3.070609e-05
8.395062e-01 1.000000e-03 2.668532e-12 -2.964995e-03 -2.943542e-05
8.395062e-01 1.000000e-03 2.668532e-12 -2.964995e-03 -2.943542e-05
8.456790e-01 1.000000e-03 2.896268e-12 -2.848490e-03 -2.828507e-05
8.518519e-01 1.000000e-03 3.124811e-12 -2.731619e-03 -2.713472e-05
8.518519e-01 1.000000e-03 3.124811e-12 -2.731619e-03 -2.713472e-05
8.580247e-01 1.000000e-03 3.358008e-12 -2.614590e-03 -2.617088e-05
8.641975e-01 1.000000e-03 3.576299e-12 -2.497590e-03 -2.520704e-05
8.641975e-01 1.000000e-03 3.576299e-12 -2.497590e-03 -2.520704e-05
8.703704e-01 1.000000e-03 3.772205e-12 -2.380716e-03 -2.437650e-05
8.765432e-01 1.000000e-03 3.963828e-12 -2.264053e-03 -2.354596e-05
8.765432e-01 1.000000e-03 3.963828e-12 -2.264053e-03 -2.354596e-05
8.827160e-01 1.000000e-03 4.137733e-12 -2.147665e-03 -2.283625e-05
8.888889e-01 1.000000e-03 4.303891e-12 -2.031608e-03 -2.212654e-05
8.888889e-01 1.000000e-03 4.303891e-12 -2.031608e-03 -2.212654e-05
8.950617e-01 1.000000e-03 4.470656e-12 -1.915911e-03 -2.152059e-05
9.012346e-01 1.000000e-03 4.622020e-12 -1.800599e-03 -2.091465e-05
9.012346e-01 1.000000e-03 4.622020e-12 -1.800599e-03 -2.091465e-05
9.074074e-01 1.000000e-03 4.752946e-12 -1.685681e-03 -2.040131e-05
9.135802e-01 1.000000e-03 4.880684e-12 -1.571164e-03 -1.988797e-05
9.135802e-01 1.000000e-03 4.880684e-12 -1.571164e-03 -1.988797e-05
9.197531e-01 1.000000e-03 4.996984e-12 -1.457041e-03 -1.945802e-05
9.259259e-01 1.000000e-03 5.102884e-12 -1.343305e-03 -1.902807e-05
9.259259e-01 1.000000e-03 5.102884e-12 -1.343305e-03 -1.902807e-05
9.320988e-01 1.000000e-03 5.204093e-12 -1.229939e-03 -1.867449e-05
9.382716e-01 1.000000e-03 5.295845e-12 -1.116925e-03 -1.832091e-05
9.382716e-01 1.000000e-03 5.295845e-12 -1.116925e-03 -1.832091e-05
9.444444e-01 1.000000e-03 5.384966e-12 -1.004240e-03 -1.803823e-05
9.506173e-01 1.000000e-03 5.465701e-12 -8.918595e-04 -1.775556e-05
9.506173e-01 1.000000e-03 5.465701e-12 -8.918595e-04 -1.775556e-05
9.567901e-01 1.000000e-03 5.533620e-12 -7.797536e-04 -1.753967e-05
9.629630e-01 1.000000e-03 5.583539e-12 -6.678934e-04 -1.732377e-05
9.629630e-01 1.000000e-03 5.583539e-12 -6.678934e-04 -1.732377e-05
9.691358e-01 1.000000e-03 5.624564e-12 -5.562459e-04 -1.717162e-05
9.753086e-01 1.000000e-03 5.650654e-12 -4.447784e-04 -1.701946e-05
9.753086e-01 1.000000e-03 5.650654e-12 -4.447784e-04 -1.701946e-05
9.814815e-01 1.000000e-03 5.680787e-12 -3.334557e-04 -1.692897e-05
9.876543e-01 1.000000e-03 5.720427e-12 -2.222427e-04 -1.683849e-05
9.876543e-01 1.000000e-03 5.720427e-12 -2.222427e-04 -1.683849e-05
9.938272e-01 1.000000e-03 5.737621e-12 -1.111029e-04 -1.680846e-05
1.000000e+00 1.000000e-03 5.733858e-12 0.000000e+00 -1.677843e-05
