0.000000e+00 1.000000e+00 -2.088607e-15 1.000000e+00 1.000000e+00
2.000000e-02 1.000087e+00 1.928390e-15 1.000000e+00 9.800000e-01
4.000000e-02 9.606244e-01 8.727603e-16 1.000000e+00 9.600000e-01
6.000000e-02 1.052696e+00 5.374790e-16 1.000000e+00 9.400000e-01
8.000000e-02 1.014623e+00 2.552691e-16 1.000000e+00 9.200000e-01
1.000000e-01 9.061957e-01 -1.962122e-15 1.000000e+00 9.000000e-01
1.200000e-01 1.064456e+00 -1.744762e-14 1.000000e+00 8.800000e-01
1.400000e-01 1.054671e+00 -1.326530e-14 1.000000e+00 8.600000e-01
1.600000e-01 8.976338e-01 4.229785e-15 1.000000e+00 8.400000e-01
1.800000e-01 1.016501e+00 -1.129970e-14 1.000000e+00 8.200000e-01
2.000000e-01 1.061765e+00 -1.860687e-15 1.000000e+00 8.000000e-01
2.200000e-01 9.670128e-01 -8.937016e-15 1.000000e+00 7.800000e-01
2.400000e-01 1.002345e+00 -3.458687e-15 1.000000e+00 7.600000e-01
2.600000e-01 9.753648e-01 4.457750e-15 1.000000e+00 7.400000e-01
2.800000e-01 9.716162e-01 -5.507064e-15 1.000000e+00 7.200000e-01
3.000000e-01 1.103932e+00 -1.446695e-14 1.000000e+00 7.000000e-01
3.200000e-01 1.021026e+00 5.093997e-16 1.000000e+00 6.800000e-01
3.400000e-01 8.672895e-01 -1.425701e-14 1.000000e+00 6.600000e-01
3.600000e-01 9.623088e-01 4.381589e-15 1.000000e+00 6.400000e-01
3.800000e-01 9.927739e-01 2.904110e-15 1.000000e+00 6.200000e-01
4.000000e-01 9.039992e-01 2.988934e-15 1.000000e+00 6.000000e-01
4.200000e-01 1.004751e+00 2.163340e-14 1.000000e+00 5.800000e-01
4.400000e-01 1.076875e+00 1.650487e-14 1.000000e+00 5.600000e-01
4.600000e-01 9.426182e-01 -5.927463e-15 1.000000e+00 5.400000e-01
4.800000e-01 9.493305e-01 9.271879e-16 1.000000e+00 5.200000e-01
5.000000e-01 1.090414e+00 1.736542e-15 1.000000e+00 5.000000e-01
5.200000e-01 1.016248e+00 8.907651e-16 1.000000e+00 4.800000e-01
5.400000e-01 8.914149e-01 -4.424272e-15 1.000000e+00 4.600000e-01
5.600000e-01 1.013585e+00 -4.962797e-15 1.000000e+00 4.400000e-01
5.800000e-01 1.123907e+00 -8.708818e-15 1.000000e+00 4.200000e-01
6.000000e-01 9.702391e-01 4.385365e-15 1.000000e+00 4.000000e-01
6.200000e-01 8.480558e-01 -1.323449e-15 1.000000e+00 3.800000e-01
6.400000e-01 1.016900e+00 -4.975551e-15 1.000000e+00 3.600000e-01
6.600000e-01 1.204192e+00 3.211128e-16 1.000000e+00 3.400000e-01
6.800000e-01 1.051379e+00 1.522384e-15 1.000000e+00 3.200000e-01
7.000000e-01 6.180674e-01 3.174254e-15 1.000000e+00 3.000000e-01
7.200000e-01 2.173185e-01 2.421777e-15 1.000000e+00 2.800000e-01
7.400000e-01 2.090429e-02 6.216565e-16 1.000000e+00 2.600000e-01
7.600000e-01 -1.899258e-02 3.007904e-15 1.000000e+00 2.400000e-01
7.800000e-01 -8.366479e-03 3.749038e-15 1.000000e+00 2.200000e-01
8.000000e-01 -9.834409e-06 5.890488e-16 1.000000e+00 2.000000e-01
8.200000e-01 8.842676e-04 -1.800972e-15 1.000000e+00 1.800000e-01
8.400000e-01 1.434245e-04 4.285291e-16 1.000000e+00 1.600000e-01
8.600000e-01 -6.944995e-05 3.266070e-15 1.000000e+00 1.400000e-01
8.800000e-01 -2.023410e-05 7.081350e-16 1.000000e+00 1.200000e-01
9.000000e-01 5.195205e-06 1.184249e-15 1.000000e+00 1.000000e-01
9.200000e-01 2.063269e-06 -1.576750e-15 1.000000e+00 8.000000e-02
9.400000e-01 -4.336805e-07 -5.749171e-16 1.000000e+00 6.000000e-02
9.600000e-01 -1.807203e-07 -2.953543e-16 1.000000e+00 4.000000e-02
9.800000e-01 4.580166e-08 4.820164e-17 1.000000e+00 2.000000e-02
1.000000e+00 0.000000e+00 3.657943e-18 1.000000e+00 0.000000e+00
