0.000000e+00 1.000000e+00 -2.088607e-15 1.000000e+00 1.000000e+00
2.000000e-02 9.725768e-01 1.928390e-15 1.000000e+00 9.800000e-01
4.000000e-02 1.047921e+00 8.727603e-16 1.000000e+00 9.600000e-01
6.000000e-02 1.017245e+00 5.374790e-16 1.000000e+00 9.400000e-01
8.000000e-02 8.967602e-01 2.552691e-16 1.000000e+00 9.200000e-01
1.000000e-01 1.066332e+00 -1.962122e-15 1.000000e+00 9.000000e-01
1.200000e-01 1.066179e+00 -1.744762e-14 1.000000e+00 8.800000e-01
1.400000e-01 9.010592e-01 -1.326530e-14 1.000000e+00 8.600000e-01
1.600000e-01 1.002148e+00 4.229785e-15 1.000000e+00 8.400000e-01
1.800000e-01 1.032115e+00 -1.129970e-14 1.000000e+00 8.200000e-01
2.000000e-01 1.002903e+00 -1.860687e-15 1.000000e+00 8.000000e-01
2.200000e-01 1.066664e+00 -8.937016e-15 1.000000e+00 7.800000e-01
2.400000e-01 9.312022e-01 -3.458687e-15 1.000000e+00 7.600000e-01
2.600000e-01 8.607325e-01 4.457750e-15 1.000000e+00 7.400000e-01
2.800000e-01 1.015453e+00 -5.507064e-15 1.000000e+00 7.200000e-01
3.000000e-01 9.801748e-01 -1.446695e-14 1.000000e+00 7.000000e-01
3.200000e-01 9.245294e-01 5.093997e-16 1.000000e+00 6.800000e-01
3.400000e-01 1.064113e+00 -1.425701e-14 1.000000e+00 6.600000e-01
3.600000e-01 1.026804e+00 4.381589e-15 1.000000e+00 6.400000e-01
3.800000e-01 9.095791e-01 2.904110e-15 1.000000e+00 6.200000e-01
4.000000e-01 1.034615e+00 2.988934e-15 1.000000e+00 6.000000e-01
4.200000e-01 1.079321e+00 2.163340e-14 1.000000e+00 5.800000e-01
4.400000e-01 9.156573e-01 1.650487e-14 1.000000e+00 5.600000e-01
4.600000e-01 9.498470e-01 -5.927463e-15 1.000000e+00 5.400000e-01
4.800000e-01 1.118605e+00 9.271879e-16 1.000000e+00 5.200000e-01
5.000000e-01 1.024710e+00 1.736542e-15 1.000000e+00 5.000000e-01
5.200000e-01 8.497294e-01 8.907651e-16 1.000000e+00 4.800000e-01
5.400000e-01 9.754016e-01 -4.424272e-15 1.000000e+00 4.600000e-01
5.600000e-01 1.196364e+00 -4.962797e-15 1.000000e+00 4.400000e-01
5.800000e-01 1.075685e+00 -8.708818e-15 1.000000e+00 4.200000e-01
6.000000e-01 6.299289e-01 4.385365e-15 1.000000e+00 4.000000e-01
6.200000e-01 2.097977e-01 -1.323449e-15 1.000000e+00 3.800000e-01
6.400000e-01 1.327240e-02 -4.975551e-15 1.000000e+00 3.600000e-01
6.600000e-01 -1.927092e-02 3.211128e-16 1.000000e+00 3.400000e-01
6.800000e-01 -6.327359e-03 1.522384e-15 1.000000e+00 3.200000e-01
7.000000e-01 7.131450e-04 3.174254e-15 1.000000e+00 3.000000e-01
7.200000e-01 7.163728e-04 2.421777e-15 1.000000e+00 2.800000e-01
7.400000e-01 6.869589e-06 6.216565e-16 1.000000e+00 2.600000e-01
7.600000e-01 -6.471139e-05 3.007904e-15 1.000000e+00 2.400000e-01
7.800000e-01 -2.900341e-06 3.749038e-15 1.000000e+00 2.200000e-01
8.000000e-01 5.598960e-06 5.890488e-16 1.000000e+00 2.000000e-01
8.200000e-01 1.531162e-07 -1.800972e-15 1.000000e+00 1.800000e-01
8.400000e-01 -4.756065e-07 4.285291e-16 1.000000e+00 1.600000e-01
8.600000e-01 1.532472e-08 3.266070e-15 1.000000e+00 1.400000e-01
8.800000e-01 3.764026e-08 7.081350e-16 1.000000e+00 1.200000e-01
9.000000e-01 -4.759190e-09 1.184249e-15 1.000000e+00 1.000000e-01
9.200000e-01 -2.489139e-09 -1.576750e-15 1.000000e+00 8.000000e-02
9.400000e-01 6.850268e-10 -5.749171e-16 1.000000e+00 6.000000e-02
9.600000e-01 9.815921e-11 -2.953543e-16 1.000000e+00 4.000000e-02
9.800000e-01 -6.290472e-11 4.820164e-17 1.000000e+00 2.000000e-02
1.000000e+00 0.000000e+00 3.657943e-18 1.000000e+00 0.000000e+00
