1.657864e-03 0 0
1.657864e-03 1 0
1.657864e-03 2 1
1.657864e-03 3 46
1.657864e-03 4 411
1.657864e-03 5 470
1.657864e-03 6 94
1.657864e-03 7 2
1.657864e-03 8 0
1.657864e-03 9 0
 
3.315728e-03 0 0
3.315728e-03 1 0
3.315728e-03 2 3
3.315728e-03 3 71
3.315728e-03 4 382
3.315728e-03 5 453
3.315728e-03 6 105
3.315728e-03 7 10
3.315728e-03 8 0
3.315728e-03 9 0
 
4.973592e-03 0 0
4.973592e-03 1 0
4.973592e-03 2 3
4.973592e-03 3 71
4.973592e-03 4 376
4.973592e-03 5 464
4.973592e-03 6 105
4.973592e-03 7 5
4.973592e-03 8 0
4.973592e-03 9 0
 
6.631456e-03 0 0
6.631456e-03 1 0
6.631456e-03 2 4
6.631456e-03 3 63
6.631456e-03 4 387
6.631456e-03 5 463
6.631456e-03 6 102
6.631456e-03 7 5
6.631456e-03 8 0
6.631456e-03 9 0
 
8.289320e-03 0 0
8.289320e-03 1 0
8.289320e-03 2 2
8.289320e-03 3 78
8.289320e-03 4 374
8.289320e-03 5 455
8.289320e-03 6 106
8.289320e-03 7 9
8.289320e-03 8 0
8.289320e-03 9 0
 
9.947184e-03 0 0
9.947184e-03 1 0
9.947184e-03 2 1
9.947184e-03 3 72
9.947184e-03 4 384
9.947184e-03 5 461
9.947184e-03 6 98
9.947184e-03 7 8
9.947184e-03 8 0
9.947184e-03 9 0
 
1.160505e-02 0 0
1.160505e-02 1 0
1.160505e-02 2 1
1.160505e-02 3 73
1.160505e-02 4 388
1.160505e-02 5 456
1.160505e-02 6 98
1.160505e-02 7 8
1.160505e-02 8 0
1.160505e-02 9 0
 
1.326291e-02 0 0
1.326291e-02 1 0
1.326291e-02 2 0
1.326291e-02 3 82
1.326291e-02 4 383
1.326291e-02 5 440
1.326291e-02 6 111
1.326291e-02 7 7
1.326291e-02 8 1
1.326291e-02 9 0
 
1.492078e-02 0 0
1.492078e-02 1 0
1.492078e-02 2 2
1.492078e-02 3 67
1.492078e-02 4 390
1.492078e-02 5 443
1.492078e-02 6 115
1.492078e-02 7 7
1.492078e-02 8 0
1.492078e-02 9 0
 
1.657864e-02 0 0
1.657864e-02 1 0
1.657864e-02 2 4
1.657864e-02 3 62
1.657864e-02 4 401
1.657864e-02 5 441
1.657864e-02 6 105
1.657864e-02 7 10
1.657864e-02 8 1
1.657864e-02 9 0
 
1.823650e-02 0 0
1.823650e-02 1 0
1.823650e-02 2 3
1.823650e-02 3 78
1.823650e-02 4 372
1.823650e-02 5 441
1.823650e-02 6 125
1.823650e-02 7 5
1.823650e-02 8 0
1.823650e-02 9 0
 
1.989437e-02 0 0
1.989437e-02 1 0
1.989437e-02 2 2
1.989437e-02 3 74
1.989437e-02 4 385
1.989437e-02 5 433
1.989437e-02 6 121
1.989437e-02 7 9
1.989437e-02 8 0
1.989437e-02 9 0
 
2.155223e-02 0 0
2.155223e-02 1 0
2.155223e-02 2 2
2.155223e-02 3 68
2.155223e-02 4 406
2.155223e-02 5 424
2.155223e-02 6 107
2.155223e-02 7 17
2.155223e-02 8 0
2.155223e-02 9 0
 
2.321010e-02 0 0
2.321010e-02 1 0
2.321010e-02 2 1
2.321010e-02 3 95
2.321010e-02 4 359
2.321010e-02 5 450
2.321010e-02 6 110
2.321010e-02 7 9
2.321010e-02 8 0
2.321010e-02 9 0
 
2.486796e-02 0 0
2.486796e-02 1 0
2.486796e-02 2 3
2.486796e-02 3 72
2.486796e-02 4 397
2.486796e-02 5 435
2.486796e-02 6 111
2.486796e-02 7 5
2.486796e-02 8 1
2.486796e-02 9 0
 
2.652582e-02 0 0
2.652582e-02 1 0
2.652582e-02 2 3
2.652582e-02 3 73
2.652582e-02 4 377
2.652582e-02 5 456
2.652582e-02 6 108
2.652582e-02 7 7
2.652582e-02 8 0
2.652582e-02 9 0
 
2.818369e-02 0 0
2.818369e-02 1 0
2.818369e-02 2 4
2.818369e-02 3 79
2.818369e-02 4 383
2.818369e-02 5 421
2.818369e-02 6 128
2.818369e-02 7 8
2.818369e-02 8 1
2.818369e-02 9 0
 
2.984155e-02 0 0
2.984155e-02 1 0
2.984155e-02 2 5
2.984155e-02 3 97
2.984155e-02 4 374
2.984155e-02 5 400
2.984155e-02 6 141
2.984155e-02 7 7
2.984155e-02 8 0
2.984155e-02 9 0
 
3.149942e-02 0 0
3.149942e-02 1 0
3.149942e-02 2 8
3.149942e-02 3 75
3.149942e-02 4 385
3.149942e-02 5 408
3.149942e-02 6 140
3.149942e-02 7 8
3.149942e-02 8 0
3.149942e-02 9 0
 
3.315728e-02 0 0
3.315728e-02 1 0
3.315728e-02 2 4
3.315728e-02 3 75
3.315728e-02 4 387
3.315728e-02 5 431
3.315728e-02 6 119
3.315728e-02 7 8
3.315728e-02 8 0
3.315728e-02 9 0
 
3.481514e-02 0 0
3.481514e-02 1 0
3.481514e-02 2 2
3.481514e-02 3 88
3.481514e-02 4 385
3.481514e-02 5 407
3.481514e-02 6 131
3.481514e-02 7 11
3.481514e-02 8 0
3.481514e-02 9 0
 
3.647301e-02 0 0
3.647301e-02 1 0
3.647301e-02 2 5
3.647301e-02 3 84
3.647301e-02 4 367
3.647301e-02 5 428
3.647301e-02 6 127
3.647301e-02 7 13
3.647301e-02 8 0
3.647301e-02 9 0
 
3.813087e-02 0 0
3.813087e-02 1 0
3.813087e-02 2 3
3.813087e-02 3 74
3.813087e-02 4 389
3.813087e-02 5 415
3.813087e-02 6 132
3.813087e-02 7 11
3.813087e-02 8 0
3.813087e-02 9 0
 
3.978874e-02 0 0
3.978874e-02 1 0
3.978874e-02 2 6
3.978874e-02 3 105
3.978874e-02 4 339
3.978874e-02 5 436
3.978874e-02 6 122
3.978874e-02 7 16
3.978874e-02 8 0
3.978874e-02 9 0
 
4.144660e-02 0 0
4.144660e-02 1 0
4.144660e-02 2 3
4.144660e-02 3 90
4.144660e-02 4 366
4.144660e-02 5 428
4.144660e-02 6 123
4.144660e-02 7 13
4.144660e-02 8 1
4.144660e-02 9 0
 
4.310446e-02 0 0
4.310446e-02 1 0
4.310446e-02 2 6
4.310446e-02 3 95
4.310446e-02 4 356
4.310446e-02 5 424
4.310446e-02 6 129
4.310446e-02 7 14
4.310446e-02 8 0
4.310446e-02 9 0
 
4.476233e-02 0 0
4.476233e-02 1 0
4.476233e-02 2 2
4.476233e-02 3 83
4.476233e-02 4 388
4.476233e-02 5 409
4.476233e-02 6 127
4.476233e-02 7 14
4.476233e-02 8 1
4.476233e-02 9 0
 
4.642019e-02 0 0
4.642019e-02 1 0
4.642019e-02 2 1
4.642019e-02 3 89
4.642019e-02 4 376
4.642019e-02 5 411
4.642019e-02 6 132
4.642019e-02 7 15
4.642019e-02 8 0
4.642019e-02 9 0
 
4.807806e-02 0 0
4.807806e-02 1 0
4.807806e-02 2 6
4.807806e-02 3 92
4.807806e-02 4 365
4.807806e-02 5 416
4.807806e-02 6 127
4.807806e-02 7 17
4.807806e-02 8 1
4.807806e-02 9 0
 
4.973592e-02 0 0
4.973592e-02 1 0
4.973592e-02 2 3
4.973592e-02 3 91
4.973592e-02 4 378
4.973592e-02 5 408
4.973592e-02 6 131
4.973592e-02 7 13
4.973592e-02 8 0
4.973592e-02 9 0
 
5.139378e-02 0 0
5.139378e-02 1 0
5.139378e-02 2 6
5.139378e-02 3 88
5.139378e-02 4 361
5.139378e-02 5 420
5.139378e-02 6 140
5.139378e-02 7 9
5.139378e-02 8 0
5.139378e-02 9 0
 
5.305165e-02 0 0
5.305165e-02 1 0
5.305165e-02 2 6
5.305165e-02 3 85
5.305165e-02 4 368
5.305165e-02 5 420
5.305165e-02 6 135
5.305165e-02 7 10
5.305165e-02 8 0
5.305165e-02 9 0
 
5.470951e-02 0 0
5.470951e-02 1 0
5.470951e-02 2 7
5.470951e-02 3 77
5.470951e-02 4 374
5.470951e-02 5 438
5.470951e-02 6 117
5.470951e-02 7 11
5.470951e-02 8 0
5.470951e-02 9 0
 
5.636738e-02 0 0
5.636738e-02 1 0
5.636738e-02 2 4
5.636738e-02 3 81
5.636738e-02 4 394
5.636738e-02 5 397
5.636738e-02 6 130
5.636738e-02 7 18
5.636738e-02 8 0
5.636738e-02 9 0
 
5.802524e-02 0 0
5.802524e-02 1 0
5.802524e-02 2 1
5.802524e-02 3 91
5.802524e-02 4 386
5.802524e-02 5 399
5.802524e-02 6 135
5.802524e-02 7 11
5.802524e-02 8 1
5.802524e-02 9 0
 
5.968310e-02 0 0
5.968310e-02 1 0
5.968310e-02 2 2
5.968310e-02 3 91
5.968310e-02 4 369
5.968310e-02 5 422
5.968310e-02 6 129
5.968310e-02 7 11
5.968310e-02 8 0
5.968310e-02 9 0
 
6.134097e-02 0 0
6.134097e-02 1 0
6.134097e-02 2 8
6.134097e-02 3 79
6.134097e-02 4 384
6.134097e-02 5 396
6.134097e-02 6 145
6.134097e-02 7 12
6.134097e-02 8 0
6.134097e-02 9 0
 
6.299883e-02 0 0
6.299883e-02 1 0
6.299883e-02 2 6
6.299883e-02 3 87
6.299883e-02 4 384
6.299883e-02 5 399
6.299883e-02 6 139
6.299883e-02 7 9
6.299883e-02 8 0
6.299883e-02 9 0
 
6.465670e-02 0 0
6.465670e-02 1 0
6.465670e-02 2 4
6.465670e-02 3 87
6.465670e-02 4 381
6.465670e-02 5 412
6.465670e-02 6 128
6.465670e-02 7 11
6.465670e-02 8 1
6.465670e-02 9 0
 
6.631456e-02 0 0
6.631456e-02 1 0
6.631456e-02 2 4
6.631456e-02 3 86
6.631456e-02 4 385
6.631456e-02 5 404
6.631456e-02 6 132
6.631456e-02 7 12
6.631456e-02 8 1
6.631456e-02 9 0
 
6.797242e-02 0 0
6.797242e-02 1 0
6.797242e-02 2 4
6.797242e-02 3 86
6.797242e-02 4 383
6.797242e-02 5 395
6.797242e-02 6 144
6.797242e-02 7 12
6.797242e-02 8 0
6.797242e-02 9 0
 
6.963029e-02 0 0
6.963029e-02 1 0
6.963029e-02 2 5
6.963029e-02 3 101
6.963029e-02 4 363
6.963029e-02 5 409
6.963029e-02 6 130
6.963029e-02 7 15
6.963029e-02 8 1
6.963029e-02 9 0
 
7.128815e-02 0 0
7.128815e-02 1 0
7.128815e-02 2 7
7.128815e-02 3 85
7.128815e-02 4 374
7.128815e-02 5 425
7.128815e-02 6 121
7.128815e-02 7 12
7.128815e-02 8 0
7.128815e-02 9 0
 
7.294602e-02 0 0
7.294602e-02 1 0
7.294602e-02 2 2
7.294602e-02 3 93
7.294602e-02 4 385
7.294602e-02 5 411
7.294602e-02 6 119
7.294602e-02 7 13
7.294602e-02 8 1
7.294602e-02 9 0
 
7.460388e-02 0 0
7.460388e-02 1 0
7.460388e-02 2 4
7.460388e-02 3 103
7.460388e-02 4 381
7.460388e-02 5 376
7.460388e-02 6 139
7.460388e-02 7 20
7.460388e-02 8 1
7.460388e-02 9 0
 
7.626174e-02 0 0
7.626174e-02 1 0
7.626174e-02 2 4
7.626174e-02 3 93
7.626174e-02 4 374
7.626174e-02 5 410
7.626174e-02 6 121
7.626174e-02 7 20
7.626174e-02 8 2
7.626174e-02 9 0
 
7.791961e-02 0 0
7.791961e-02 1 0
7.791961e-02 2 8
7.791961e-02 3 98
7.791961e-02 4 370
7.791961e-02 5 397
7.791961e-02 6 139
7.791961e-02 7 10
7.791961e-02 8 2
7.791961e-02 9 0
 
7.957747e-02 0 0
7.957747e-02 1 0
7.957747e-02 2 8
7.957747e-02 3 89
7.957747e-02 4 364
7.957747e-02 5 420
7.957747e-02 6 124
7.957747e-02 7 19
7.957747e-02 8 0
7.957747e-02 9 0
 
8.123534e-02 0 0
8.123534e-02 1 0
8.123534e-02 2 8
8.123534e-02 3 92
8.123534e-02 4 375
8.123534e-02 5 400
8.123534e-02 6 131
8.123534e-02 7 18
8.123534e-02 8 0
8.123534e-02 9 0
 
8.289320e-02 0 0
8.289320e-02 1 0
8.289320e-02 2 6
8.289320e-02 3 100
8.289320e-02 4 368
8.289320e-02 5 399
8.289320e-02 6 126
8.289320e-02 7 24
8.289320e-02 8 1
8.289320e-02 9 0
 
8.455106e-02 0 0
8.455106e-02 1 0
8.455106e-02 2 3
8.455106e-02 3 94
8.455106e-02 4 369
8.455106e-02 5 417
8.455106e-02 6 127
8.455106e-02 7 14
8.455106e-02 8 0
8.455106e-02 9 0
 
8.620893e-02 0 0
8.620893e-02 1 0
8.620893e-02 2 3
8.620893e-02 3 99
8.620893e-02 4 375
8.620893e-02 5 391
8.620893e-02 6 139
8.620893e-02 7 16
8.620893e-02 8 1
8.620893e-02 9 0
 
8.786679e-02 0 0
8.786679e-02 1 0
8.786679e-02 2 4
8.786679e-02 3 94
8.786679e-02 4 389
8.786679e-02 5 371
8.786679e-02 6 150
8.786679e-02 7 16
8.786679e-02 8 0
8.786679e-02 9 0
 
8.952466e-02 0 0
8.952466e-02 1 0
8.952466e-02 2 3
8.952466e-02 3 102
8.952466e-02 4 371
8.952466e-02 5 381
8.952466e-02 6 149
8.952466e-02 7 17
8.952466e-02 8 1
8.952466e-02 9 0
 
9.118252e-02 0 0
9.118252e-02 1 0
9.118252e-02 2 9
9.118252e-02 3 99
9.118252e-02 4 364
9.118252e-02 5 393
9.118252e-02 6 144
9.118252e-02 7 15
9.118252e-02 8 0
9.118252e-02 9 0
 
9.284038e-02 0 0
9.284038e-02 1 0
9.284038e-02 2 6
9.284038e-02 3 95
9.284038e-02 4 375
9.284038e-02 5 397
9.284038e-02 6 132
9.284038e-02 7 18
9.284038e-02 8 1
9.284038e-02 9 0
 
9.449825e-02 0 0
9.449825e-02 1 0
9.449825e-02 2 6
9.449825e-02 3 96
9.449825e-02 4 389
9.449825e-02 5 368
9.449825e-02 6 149
9.449825e-02 7 16
9.449825e-02 8 0
9.449825e-02 9 0
 
9.615611e-02 0 0
9.615611e-02 1 0
9.615611e-02 2 5
9.615611e-02 3 97
9.615611e-02 4 356
9.615611e-02 5 426
9.615611e-02 6 123
9.615611e-02 7 17
9.615611e-02 8 0
9.615611e-02 9 0
 
9.781398e-02 0 0
9.781398e-02 1 0
9.781398e-02 2 8
9.781398e-02 3 95
9.781398e-02 4 380
9.781398e-02 5 375
9.781398e-02 6 148
9.781398e-02 7 17
9.781398e-02 8 1
9.781398e-02 9 0
 
9.947184e-02 0 0
9.947184e-02 1 0
9.947184e-02 2 10
9.947184e-02 3 100
9.947184e-02 4 348
9.947184e-02 5 408
9.947184e-02 6 141
9.947184e-02 7 16
9.947184e-02 8 1
9.947184e-02 9 0
 
1.011297e-01 0 0
1.011297e-01 1 0
1.011297e-01 2 7
1.011297e-01 3 90
1.011297e-01 4 376
1.011297e-01 5 394
1.011297e-01 6 135
1.011297e-01 7 22
1.011297e-01 8 0
1.011297e-01 9 0
 
1.027876e-01 0 0
1.027876e-01 1 0
1.027876e-01 2 9
1.027876e-01 3 93
1.027876e-01 4 370
1.027876e-01 5 405
1.027876e-01 6 129
1.027876e-01 7 17
1.027876e-01 8 1
1.027876e-01 9 0
 
1.044454e-01 0 0
1.044454e-01 1 0
1.044454e-01 2 3
1.044454e-01 3 87
1.044454e-01 4 391
1.044454e-01 5 403
1.044454e-01 6 123
1.044454e-01 7 15
1.044454e-01 8 2
1.044454e-01 9 0
 
1.061033e-01 0 0
1.061033e-01 1 0
1.061033e-01 2 4
1.061033e-01 3 89
1.061033e-01 4 369
1.061033e-01 5 422
1.061033e-01 6 127
1.061033e-01 7 13
1.061033e-01 8 0
1.061033e-01 9 0
 
1.077612e-01 0 0
1.077612e-01 1 0
1.077612e-01 2 7
1.077612e-01 3 85
1.077612e-01 4 384
1.077612e-01 5 396
1.077612e-01 6 137
1.077612e-01 7 15
1.077612e-01 8 0
1.077612e-01 9 0
 
1.094190e-01 0 0
1.094190e-01 1 0
1.094190e-01 2 6
1.094190e-01 3 103
1.094190e-01 4 358
1.094190e-01 5 407
1.094190e-01 6 127
1.094190e-01 7 23
1.094190e-01 8 0
1.094190e-01 9 0
 
1.110769e-01 0 0
1.110769e-01 1 0
1.110769e-01 2 10
1.110769e-01 3 97
1.110769e-01 4 360
1.110769e-01 5 391
1.110769e-01 6 150
1.110769e-01 7 16
1.110769e-01 8 0
1.110769e-01 9 0
 
1.127348e-01 0 0
1.127348e-01 1 0
1.127348e-01 2 4
1.127348e-01 3 96
1.127348e-01 4 376
1.127348e-01 5 385
1.127348e-01 6 141
1.127348e-01 7 22
1.127348e-01 8 0
1.127348e-01 9 0
 
1.143926e-01 0 0
1.143926e-01 1 0
1.143926e-01 2 8
1.143926e-01 3 96
1.143926e-01 4 369
1.143926e-01 5 400
1.143926e-01 6 132
1.143926e-01 7 19
1.143926e-01 8 0
1.143926e-01 9 0
 
1.160505e-01 0 0
1.160505e-01 1 0
1.160505e-01 2 6
1.160505e-01 3 94
1.160505e-01 4 367
1.160505e-01 5 402
1.160505e-01 6 135
1.160505e-01 7 20
1.160505e-01 8 0
1.160505e-01 9 0
 
1.177083e-01 0 0
1.177083e-01 1 0
1.177083e-01 2 6
1.177083e-01 3 90
1.177083e-01 4 378
1.177083e-01 5 398
1.177083e-01 6 133
1.177083e-01 7 18
1.177083e-01 8 1
1.177083e-01 9 0
 
1.193662e-01 0 0
1.193662e-01 1 0
1.193662e-01 2 5
1.193662e-01 3 88
1.193662e-01 4 373
1.193662e-01 5 405
1.193662e-01 6 140
1.193662e-01 7 10
1.193662e-01 8 3
1.193662e-01 9 0
 
1.210241e-01 0 0
1.210241e-01 1 0
1.210241e-01 2 2
1.210241e-01 3 110
1.210241e-01 4 359
1.210241e-01 5 394
1.210241e-01 6 143
1.210241e-01 7 16
1.210241e-01 8 0
1.210241e-01 9 0
 
1.226819e-01 0 0
1.226819e-01 1 0
1.226819e-01 2 6
1.226819e-01 3 95
1.226819e-01 4 365
1.226819e-01 5 422
1.226819e-01 6 112
1.226819e-01 7 23
1.226819e-01 8 1
1.226819e-01 9 0
 
1.243398e-01 0 0
1.243398e-01 1 1
1.243398e-01 2 7
1.243398e-01 3 80
1.243398e-01 4 388
1.243398e-01 5 401
1.243398e-01 6 134
1.243398e-01 7 13
1.243398e-01 8 0
1.243398e-01 9 0
 
1.259977e-01 0 0
1.259977e-01 1 0
1.259977e-01 2 5
1.259977e-01 3 101
1.259977e-01 4 362
1.259977e-01 5 397
1.259977e-01 6 143
1.259977e-01 7 14
1.259977e-01 8 2
1.259977e-01 9 0
 
1.276555e-01 0 0
1.276555e-01 1 0
1.276555e-01 2 5
1.276555e-01 3 97
1.276555e-01 4 379
1.276555e-01 5 380
1.276555e-01 6 144
1.276555e-01 7 17
1.276555e-01 8 2
1.276555e-01 9 0
 
1.293134e-01 0 0
1.293134e-01 1 0
1.293134e-01 2 12
1.293134e-01 3 100
1.293134e-01 4 349
1.293134e-01 5 403
1.293134e-01 6 147
1.293134e-01 7 11
1.293134e-01 8 2
1.293134e-01 9 0
 
1.309713e-01 0 0
1.309713e-01 1 0
1.309713e-01 2 5
1.309713e-01 3 94
1.309713e-01 4 378
1.309713e-01 5 404
1.309713e-01 6 124
1.309713e-01 7 19
1.309713e-01 8 0
1.309713e-01 9 0
 
1.326291e-01 0 0
1.326291e-01 1 0
1.326291e-01 2 8
1.326291e-01 3 100
1.326291e-01 4 368
1.326291e-01 5 399
1.326291e-01 6 130
1.326291e-01 7 19
1.326291e-01 8 0
1.326291e-01 9 0
 
1.342870e-01 0 0
1.342870e-01 1 0
1.342870e-01 2 4
1.342870e-01 3 102
1.342870e-01 4 375
1.342870e-01 5 391
1.342870e-01 6 131
1.342870e-01 7 19
1.342870e-01 8 2
1.342870e-01 9 0
 
1.359448e-01 0 0
1.359448e-01 1 0
1.359448e-01 2 6
1.359448e-01 3 103
1.359448e-01 4 362
1.359448e-01 5 396
1.359448e-01 6 143
1.359448e-01 7 13
1.359448e-01 8 1
1.359448e-01 9 0
 
1.376027e-01 0 0
1.376027e-01 1 0
1.376027e-01 2 5
1.376027e-01 3 91
1.376027e-01 4 382
1.376027e-01 5 393
1.376027e-01 6 146
1.376027e-01 7 6
1.376027e-01 8 1
1.376027e-01 9 0
 
1.392606e-01 0 0
1.392606e-01 1 0
1.392606e-01 2 6
1.392606e-01 3 104
1.392606e-01 4 363
1.392606e-01 5 384
1.392606e-01 6 152
1.392606e-01 7 14
1.392606e-01 8 1
1.392606e-01 9 0
 
1.409184e-01 0 0
1.409184e-01 1 0
1.409184e-01 2 4
1.409184e-01 3 95
1.409184e-01 4 380
1.409184e-01 5 390
1.409184e-01 6 134
1.409184e-01 7 21
1.409184e-01 8 0
1.409184e-01 9 0
 
1.425763e-01 0 0
1.425763e-01 1 0
1.425763e-01 2 13
1.425763e-01 3 84
1.425763e-01 4 392
1.425763e-01 5 374
1.425763e-01 6 144
1.425763e-01 7 16
1.425763e-01 8 1
1.425763e-01 9 0
 
1.442342e-01 0 0
1.442342e-01 1 0
1.442342e-01 2 5
1.442342e-01 3 104
1.442342e-01 4 375
1.442342e-01 5 379
1.442342e-01 6 142
1.442342e-01 7 19
1.442342e-01 8 0
1.442342e-01 9 0
 
1.458920e-01 0 0
1.458920e-01 1 0
1.458920e-01 2 4
1.458920e-01 3 103
1.458920e-01 4 352
1.458920e-01 5 408
1.458920e-01 6 139
1.458920e-01 7 17
1.458920e-01 8 1
1.458920e-01 9 0
 
1.475499e-01 0 0
1.475499e-01 1 0
1.475499e-01 2 7
1.475499e-01 3 101
1.475499e-01 4 362
1.475499e-01 5 378
1.475499e-01 6 162
1.475499e-01 7 13
1.475499e-01 8 1
1.475499e-01 9 0
 
1.492078e-01 0 0
1.492078e-01 1 0
1.492078e-01 2 6
1.492078e-01 3 106
1.492078e-01 4 350
1.492078e-01 5 412
1.492078e-01 6 131
1.492078e-01 7 19
1.492078e-01 8 0
1.492078e-01 9 0
 
1.508656e-01 0 0
1.508656e-01 1 0
1.508656e-01 2 5
1.508656e-01 3 110
1.508656e-01 4 354
1.508656e-01 5 403
1.508656e-01 6 140
1.508656e-01 7 11
1.508656e-01 8 1
1.508656e-01 9 0
 
1.525235e-01 0 0
1.525235e-01 1 0
1.525235e-01 2 9
1.525235e-01 3 100
1.525235e-01 4 348
1.525235e-01 5 418
1.525235e-01 6 135
1.525235e-01 7 14
1.525235e-01 8 0
1.525235e-01 9 0
 
1.541814e-01 0 0
1.541814e-01 1 0
1.541814e-01 2 9
1.541814e-01 3 117
1.541814e-01 4 344
1.541814e-01 5 385
1.541814e-01 6 145
1.541814e-01 7 23
1.541814e-01 8 1
1.541814e-01 9 0
 
1.558392e-01 0 0
1.558392e-01 1 0
1.558392e-01 2 9
1.558392e-01 3 105
1.558392e-01 4 372
1.558392e-01 5 376
1.558392e-01 6 137
1.558392e-01 7 25
1.558392e-01 8 0
1.558392e-01 9 0
 
1.574971e-01 0 0
1.574971e-01 1 0
1.574971e-01 2 13
1.574971e-01 3 97
1.574971e-01 4 346
1.574971e-01 5 400
1.574971e-01 6 149
1.574971e-01 7 19
1.574971e-01 8 0
1.574971e-01 9 0
 
1.591549e-01 0 0
1.591549e-01 1 0
1.591549e-01 2 7
1.591549e-01 3 97
1.591549e-01 4 368
1.591549e-01 5 400
1.591549e-01 6 138
1.591549e-01 7 12
1.591549e-01 8 2
1.591549e-01 9 0
 
1.608128e-01 0 0
1.608128e-01 1 0
1.608128e-01 2 11
1.608128e-01 3 104
1.608128e-01 4 381
1.608128e-01 5 348
1.608128e-01 6 160
1.608128e-01 7 19
1.608128e-01 8 1
1.608128e-01 9 0
 
1.624707e-01 0 0
1.624707e-01 1 0
1.624707e-01 2 6
1.624707e-01 3 124
1.624707e-01 4 357
1.624707e-01 5 367
1.624707e-01 6 141
1.624707e-01 7 28
1.624707e-01 8 1
1.624707e-01 9 0
 
1.641285e-01 0 0
1.641285e-01 1 0
1.641285e-01 2 7
1.641285e-01 3 108
1.641285e-01 4 361
1.641285e-01 5 383
1.641285e-01 6 148
1.641285e-01 7 16
1.641285e-01 8 1
1.641285e-01 9 0
 
1.657864e-01 0 0
1.657864e-01 1 0
1.657864e-01 2 7
1.657864e-01 3 115
1.657864e-01 4 353
1.657864e-01 5 377
1.657864e-01 6 142
1.657864e-01 7 28
1.657864e-01 8 2
1.657864e-01 9 0
 
1.674443e-01 0 0
1.674443e-01 1 0
1.674443e-01 2 5
1.674443e-01 3 114
1.674443e-01 4 358
1.674443e-01 5 382
1.674443e-01 6 145
1.674443e-01 7 18
1.674443e-01 8 2
1.674443e-01 9 0
 
1.691021e-01 0 0
1.691021e-01 1 0
1.691021e-01 2 6
1.691021e-01 3 109
1.691021e-01 4 365
1.691021e-01 5 381
1.691021e-01 6 136
1.691021e-01 7 25
1.691021e-01 8 2
1.691021e-01 9 0
 
1.707600e-01 0 0
1.707600e-01 1 0
1.707600e-01 2 7
1.707600e-01 3 89
1.707600e-01 4 389
1.707600e-01 5 378
1.707600e-01 6 137
1.707600e-01 7 23
1.707600e-01 8 1
1.707600e-01 9 0
 
1.724179e-01 0 0
1.724179e-01 1 0
1.724179e-01 2 7
1.724179e-01 3 104
1.724179e-01 4 367
1.724179e-01 5 387
1.724179e-01 6 132
1.724179e-01 7 27
1.724179e-01 8 0
1.724179e-01 9 0
 
1.740757e-01 0 0
1.740757e-01 1 0
1.740757e-01 2 7
1.740757e-01 3 107
1.740757e-01 4 382
1.740757e-01 5 360
1.740757e-01 6 144
1.740757e-01 7 23
1.740757e-01 8 1
1.740757e-01 9 0
 
1.757336e-01 0 0
1.757336e-01 1 0
1.757336e-01 2 5
1.757336e-01 3 118
1.757336e-01 4 344
1.757336e-01 5 397
1.757336e-01 6 134
1.757336e-01 7 26
1.757336e-01 8 0
1.757336e-01 9 0
 
1.773914e-01 0 0
1.773914e-01 1 0
1.773914e-01 2 6
1.773914e-01 3 101
1.773914e-01 4 367
1.773914e-01 5 389
1.773914e-01 6 129
1.773914e-01 7 30
1.773914e-01 8 2
1.773914e-01 9 0
 
1.790493e-01 0 0
1.790493e-01 1 0
1.790493e-01 2 5
1.790493e-01 3 107
1.790493e-01 4 376
1.790493e-01 5 372
1.790493e-01 6 142
1.790493e-01 7 22
1.790493e-01 8 0
1.790493e-01 9 0
 
1.807072e-01 0 0
1.807072e-01 1 0
1.807072e-01 2 6
1.807072e-01 3 103
1.807072e-01 4 346
1.807072e-01 5 408
1.807072e-01 6 147
1.807072e-01 7 12
1.807072e-01 8 2
1.807072e-01 9 0
 
1.823650e-01 0 0
1.823650e-01 1 0
1.823650e-01 2 6
1.823650e-01 3 91
1.823650e-01 4 396
1.823650e-01 5 381
1.823650e-01 6 122
1.823650e-01 7 27
1.823650e-01 8 1
1.823650e-01 9 0
 
1.840229e-01 0 0
1.840229e-01 1 0
1.840229e-01 2 12
1.840229e-01 3 100
1.840229e-01 4 357
1.840229e-01 5 394
1.840229e-01 6 143
1.840229e-01 7 17
1.840229e-01 8 1
1.840229e-01 9 0
 
1.856808e-01 0 0
1.856808e-01 1 0
1.856808e-01 2 9
1.856808e-01 3 101
1.856808e-01 4 376
1.856808e-01 5 372
1.856808e-01 6 145
1.856808e-01 7 19
1.856808e-01 8 2
1.856808e-01 9 0
 
1.873386e-01 0 0
1.873386e-01 1 0
1.873386e-01 2 5
1.873386e-01 3 104
1.873386e-01 4 358
1.873386e-01 5 408
1.873386e-01 6 128
1.873386e-01 7 20
1.873386e-01 8 1
1.873386e-01 9 0
 
1.889965e-01 0 0
1.889965e-01 1 0
1.889965e-01 2 8
1.889965e-01 3 110
1.889965e-01 4 359
1.889965e-01 5 367
1.889965e-01 6 161
1.889965e-01 7 17
1.889965e-01 8 2
1.889965e-01 9 0
 
1.906544e-01 0 0
1.906544e-01 1 0
1.906544e-01 2 9
1.906544e-01 3 96
1.906544e-01 4 367
1.906544e-01 5 410
1.906544e-01 6 117
1.906544e-01 7 23
1.906544e-01 8 2
1.906544e-01 9 0
 
1.923122e-01 0 0
1.923122e-01 1 0
1.923122e-01 2 6
1.923122e-01 3 103
1.923122e-01 4 366
1.923122e-01 5 392
1.923122e-01 6 133
1.923122e-01 7 23
1.923122e-01 8 1
1.923122e-01 9 0
 
1.939701e-01 0 0
1.939701e-01 1 0
1.939701e-01 2 5
1.939701e-01 3 104
1.939701e-01 4 385
1.939701e-01 5 363
1.939701e-01 6 144
1.939701e-01 7 21
1.939701e-01 8 2
1.939701e-01 9 0
 
1.956280e-01 0 0
1.956280e-01 1 0
1.956280e-01 2 10
1.956280e-01 3 101
1.956280e-01 4 368
1.956280e-01 5 383
1.956280e-01 6 140
1.956280e-01 7 20
1.956280e-01 8 2
1.956280e-01 9 0
 
1.972858e-01 0 0
1.972858e-01 1 0
1.972858e-01 2 7
1.972858e-01 3 107
1.972858e-01 4 367
1.972858e-01 5 396
1.972858e-01 6 121
1.972858e-01 7 24
1.972858e-01 8 2
1.972858e-01 9 0
 
1.989437e-01 0 0
1.989437e-01 1 1
1.989437e-01 2 7
1.989437e-01 3 105
1.989437e-01 4 372
1.989437e-01 5 374
1.989437e-01 6 141
1.989437e-01 7 20
1.989437e-01 8 4
1.989437e-01 9 0
 
2.006015e-01 0 0
2.006015e-01 1 0
2.006015e-01 2 6
2.006015e-01 3 100
2.006015e-01 4 366
2.006015e-01 5 405
2.006015e-01 6 122
2.006015e-01 7 22
2.006015e-01 8 3
2.006015e-01 9 0
 
2.022594e-01 0 0
2.022594e-01 1 0
2.022594e-01 2 6
2.022594e-01 3 107
2.022594e-01 4 370
2.022594e-01 5 377
2.022594e-01 6 142
2.022594e-01 7 19
2.022594e-01 8 3
2.022594e-01 9 0
 
2.039173e-01 0 0
2.039173e-01 1 0
2.039173e-01 2 1
2.039173e-01 3 119
2.039173e-01 4 364
2.039173e-01 5 381
2.039173e-01 6 135
2.039173e-01 7 21
2.039173e-01 8 3
2.039173e-01 9 0
 
2.055751e-01 0 0
2.055751e-01 1 0
2.055751e-01 2 8
2.055751e-01 3 103
2.055751e-01 4 363
2.055751e-01 5 389
2.055751e-01 6 137
2.055751e-01 7 22
2.055751e-01 8 2
2.055751e-01 9 0
 
2.072330e-01 0 0
2.072330e-01 1 0
2.072330e-01 2 8
2.072330e-01 3 89
2.072330e-01 4 383
2.072330e-01 5 375
2.072330e-01 6 149
2.072330e-01 7 19
2.072330e-01 8 1
2.072330e-01 9 0
 
2.088909e-01 0 0
2.088909e-01 1 0
2.088909e-01 2 8
2.088909e-01 3 119
2.088909e-01 4 344
2.088909e-01 5 397
2.088909e-01 6 129
2.088909e-01 7 23
2.088909e-01 8 4
2.088909e-01 9 0
 
2.105487e-01 0 0
2.105487e-01 1 0
2.105487e-01 2 10
2.105487e-01 3 100
2.105487e-01 4 355
2.105487e-01 5 390
2.105487e-01 6 150
2.105487e-01 7 17
2.105487e-01 8 2
2.105487e-01 9 0
 
2.122066e-01 0 0
2.122066e-01 1 0
2.122066e-01 2 9
2.122066e-01 3 107
2.122066e-01 4 353
2.122066e-01 5 387
2.122066e-01 6 143
2.122066e-01 7 23
2.122066e-01 8 2
2.122066e-01 9 0
 
2.138645e-01 0 0
2.138645e-01 1 0
2.138645e-01 2 9
2.138645e-01 3 92
2.138645e-01 4 396
2.138645e-01 5 363
2.138645e-01 6 130
2.138645e-01 7 33
2.138645e-01 8 1
2.138645e-01 9 0
 
2.155223e-01 0 0
2.155223e-01 1 0
2.155223e-01 2 10
2.155223e-01 3 118
2.155223e-01 4 350
2.155223e-01 5 378
2.155223e-01 6 141
2.155223e-01 7 27
2.155223e-01 8 0
2.155223e-01 9 0
 
2.171802e-01 0 0
2.171802e-01 1 0
2.171802e-01 2 7
2.171802e-01 3 112
2.171802e-01 4 378
2.171802e-01 5 353
2.171802e-01 6 144
2.171802e-01 7 24
2.171802e-01 8 6
2.171802e-01 9 0
 
2.188380e-01 0 0
2.188380e-01 1 0
2.188380e-01 2 5
2.188380e-01 3 101
2.188380e-01 4 378
2.188380e-01 5 376
2.188380e-01 6 140
2.188380e-01 7 23
2.188380e-01 8 1
2.188380e-01 9 0
 
2.204959e-01 0 0
2.204959e-01 1 0
2.204959e-01 2 10
2.204959e-01 3 97
2.204959e-01 4 382
2.204959e-01 5 374
2.204959e-01 6 133
2.204959e-01 7 27
2.204959e-01 8 1
2.204959e-01 9 0
 
2.221538e-01 0 0
2.221538e-01 1 0
2.221538e-01 2 6
2.221538e-01 3 98
2.221538e-01 4 384
2.221538e-01 5 375
2.221538e-01 6 145
2.221538e-01 7 15
2.221538e-01 8 1
2.221538e-01 9 0
 
2.238116e-01 0 0
2.238116e-01 1 0
2.238116e-01 2 8
2.238116e-01 3 104
2.238116e-01 4 347
2.238116e-01 5 406
2.238116e-01 6 135
2.238116e-01 7 23
2.238116e-01 8 1
2.238116e-01 9 0
 
2.254695e-01 0 0
2.254695e-01 1 0
2.254695e-01 2 9
2.254695e-01 3 97
2.254695e-01 4 377
2.254695e-01 5 380
2.254695e-01 6 136
2.254695e-01 7 22
2.254695e-01 8 3
2.254695e-01 9 0
 
2.271274e-01 0 0
2.271274e-01 1 1
2.271274e-01 2 4
2.271274e-01 3 115
2.271274e-01 4 356
2.271274e-01 5 373
2.271274e-01 6 150
2.271274e-01 7 24
2.271274e-01 8 1
2.271274e-01 9 0
 
2.287852e-01 0 0
2.287852e-01 1 0
2.287852e-01 2 5
2.287852e-01 3 98
2.287852e-01 4 395
2.287852e-01 5 365
2.287852e-01 6 136
2.287852e-01 7 22
2.287852e-01 8 3
2.287852e-01 9 0
 
2.304431e-01 0 0
2.304431e-01 1 0
2.304431e-01 2 6
2.304431e-01 3 107
2.304431e-01 4 368
2.304431e-01 5 389
2.304431e-01 6 129
2.304431e-01 7 22
2.304431e-01 8 3
2.304431e-01 9 0
 
2.321010e-01 0 0
2.321010e-01 1 0
2.321010e-01 2 4
2.321010e-01 3 113
2.321010e-01 4 361
2.321010e-01 5 387
2.321010e-01 6 131
2.321010e-01 7 26
2.321010e-01 8 2
2.321010e-01 9 0
 
2.337588e-01 0 0
2.337588e-01 1 0
2.337588e-01 2 12
2.337588e-01 3 99
2.337588e-01 4 373
2.337588e-01 5 370
2.337588e-01 6 146
2.337588e-01 7 19
2.337588e-01 8 5
2.337588e-01 9 0
 
2.354167e-01 0 0
2.354167e-01 1 0
2.354167e-01 2 9
2.354167e-01 3 106
2.354167e-01 4 362
2.354167e-01 5 369
2.354167e-01 6 157
2.354167e-01 7 19
2.354167e-01 8 2
2.354167e-01 9 0
 
2.370746e-01 0 0
2.370746e-01 1 0
2.370746e-01 2 6
2.370746e-01 3 106
2.370746e-01 4 386
2.370746e-01 5 356
2.370746e-01 6 145
2.370746e-01 7 24
2.370746e-01 8 1
2.370746e-01 9 0
 
2.387324e-01 0 0
2.387324e-01 1 0
2.387324e-01 2 9
2.387324e-01 3 105
2.387324e-01 4 386
2.387324e-01 5 359
2.387324e-01 6 138
2.387324e-01 7 26
2.387324e-01 8 1
2.387324e-01 9 0
 
2.403903e-01 0 0
2.403903e-01 1 0
2.403903e-01 2 8
2.403903e-01 3 110
2.403903e-01 4 367
2.403903e-01 5 380
2.403903e-01 6 136
2.403903e-01 7 21
2.403903e-01 8 2
2.403903e-01 9 0
 
2.420481e-01 0 0
2.420481e-01 1 0
2.420481e-01 2 7
2.420481e-01 3 108
2.420481e-01 4 361
2.420481e-01 5 382
2.420481e-01 6 127
2.420481e-01 7 39
2.420481e-01 8 0
2.420481e-01 9 0
 
2.437060e-01 0 0
2.437060e-01 1 0
2.437060e-01 2 9
2.437060e-01 3 110
2.437060e-01 4 355
2.437060e-01 5 386
2.437060e-01 6 130
2.437060e-01 7 32
2.437060e-01 8 2
2.437060e-01 9 0
 
2.453639e-01 0 0
2.453639e-01 1 0
2.453639e-01 2 9
2.453639e-01 3 104
2.453639e-01 4 359
2.453639e-01 5 383
2.453639e-01 6 145
2.453639e-01 7 20
2.453639e-01 8 4
2.453639e-01 9 0
 
2.470217e-01 0 0
2.470217e-01 1 0
2.470217e-01 2 4
2.470217e-01 3 135
2.470217e-01 4 330
2.470217e-01 5 388
2.470217e-01 6 141
2.470217e-01 7 22
2.470217e-01 8 4
2.470217e-01 9 0
 
2.486796e-01 0 0
2.486796e-01 1 0
2.486796e-01 2 8
2.486796e-01 3 104
2.486796e-01 4 365
2.486796e-01 5 376
2.486796e-01 6 146
2.486796e-01 7 20
2.486796e-01 8 5
2.486796e-01 9 0
 
2.503375e-01 0 0
2.503375e-01 1 0
2.503375e-01 2 13
2.503375e-01 3 109
2.503375e-01 4 353
2.503375e-01 5 395
2.503375e-01 6 125
2.503375e-01 7 26
2.503375e-01 8 3
2.503375e-01 9 0
 
2.519953e-01 0 0
2.519953e-01 1 0
2.519953e-01 2 13
2.519953e-01 3 107
2.519953e-01 4 358
2.519953e-01 5 380
2.519953e-01 6 142
2.519953e-01 7 23
2.519953e-01 8 1
2.519953e-01 9 0
 
2.536532e-01 0 0
2.536532e-01 1 0
2.536532e-01 2 8
2.536532e-01 3 109
2.536532e-01 4 374
2.536532e-01 5 369
2.536532e-01 6 133
2.536532e-01 7 27
2.536532e-01 8 4
2.536532e-01 9 0
 
2.553111e-01 0 0
2.553111e-01 1 0
2.553111e-01 2 17
2.553111e-01 3 101
2.553111e-01 4 350
2.553111e-01 5 386
2.553111e-01 6 149
2.553111e-01 7 20
2.553111e-01 8 1
2.553111e-01 9 0
 
2.569689e-01 0 0
2.569689e-01 1 0
2.569689e-01 2 7
2.569689e-01 3 92
2.569689e-01 4 382
2.569689e-01 5 384
2.569689e-01 6 128
2.569689e-01 7 28
2.569689e-01 8 3
2.569689e-01 9 0
 
2.586268e-01 0 0
2.586268e-01 1 0
2.586268e-01 2 9
2.586268e-01 3 110
2.586268e-01 4 351
2.586268e-01 5 386
2.586268e-01 6 144
2.586268e-01 7 24
2.586268e-01 8 0
2.586268e-01 9 0
 
2.602846e-01 0 0
2.602846e-01 1 0
2.602846e-01 2 8
2.602846e-01 3 112
2.602846e-01 4 365
2.602846e-01 5 373
2.602846e-01 6 139
2.602846e-01 7 24
2.602846e-01 8 3
2.602846e-01 9 0
 
2.619425e-01 0 0
2.619425e-01 1 0
2.619425e-01 2 5
2.619425e-01 3 120
2.619425e-01 4 355
2.619425e-01 5 376
2.619425e-01 6 143
2.619425e-01 7 22
2.619425e-01 8 3
2.619425e-01 9 0
 
2.636004e-01 0 0
2.636004e-01 1 0
2.636004e-01 2 9
2.636004e-01 3 104
2.636004e-01 4 359
2.636004e-01 5 384
2.636004e-01 6 145
2.636004e-01 7 21
2.636004e-01 8 2
2.636004e-01 9 0
 
2.652582e-01 0 0
2.652582e-01 1 0
2.652582e-01 2 4
2.652582e-01 3 114
2.652582e-01 4 347
2.652582e-01 5 397
2.652582e-01 6 135
2.652582e-01 7 24
2.652582e-01 8 3
2.652582e-01 9 0
 
2.669161e-01 0 0
2.669161e-01 1 0
2.669161e-01 2 6
2.669161e-01 3 98
2.669161e-01 4 392
2.669161e-01 5 356
2.669161e-01 6 145
2.669161e-01 7 27
2.669161e-01 8 0
2.669161e-01 9 0
 
2.685740e-01 0 0
2.685740e-01 1 0
2.685740e-01 2 5
2.685740e-01 3 109
2.685740e-01 4 376
2.685740e-01 5 361
2.685740e-01 6 145
2.685740e-01 7 26
2.685740e-01 8 2
2.685740e-01 9 0
 
2.702318e-01 0 0
2.702318e-01 1 0
2.702318e-01 2 8
2.702318e-01 3 112
2.702318e-01 4 357
2.702318e-01 5 376
2.702318e-01 6 144
2.702318e-01 7 25
2.702318e-01 8 2
2.702318e-01 9 0
 
2.718897e-01 0 0
2.718897e-01 1 0
2.718897e-01 2 7
2.718897e-01 3 115
2.718897e-01 4 375
2.718897e-01 5 356
2.718897e-01 6 140
2.718897e-01 7 30
2.718897e-01 8 1
2.718897e-01 9 0
 
2.735476e-01 0 0
2.735476e-01 1 0
2.735476e-01 2 5
2.735476e-01 3 116
2.735476e-01 4 357
2.735476e-01 5 376
2.735476e-01 6 143
2.735476e-01 7 25
2.735476e-01 8 2
2.735476e-01 9 0
 
2.752054e-01 0 0
2.752054e-01 1 0
2.752054e-01 2 11
2.752054e-01 3 106
2.752054e-01 4 349
2.752054e-01 5 385
2.752054e-01 6 155
2.752054e-01 7 16
2.752054e-01 8 2
2.752054e-01 9 0
 
2.768633e-01 0 0
2.768633e-01 1 0
2.768633e-01 2 11
2.768633e-01 3 104
2.768633e-01 4 357
2.768633e-01 5 385
2.768633e-01 6 144
2.768633e-01 7 21
2.768633e-01 8 2
2.768633e-01 9 0
 
2.785212e-01 0 0
2.785212e-01 1 0
2.785212e-01 2 8
2.785212e-01 3 116
2.785212e-01 4 343
2.785212e-01 5 395
2.785212e-01 6 138
2.785212e-01 7 22
2.785212e-01 8 2
2.785212e-01 9 0
 
2.801790e-01 0 0
2.801790e-01 1 0
2.801790e-01 2 13
2.801790e-01 3 102
2.801790e-01 4 363
2.801790e-01 5 381
2.801790e-01 6 143
2.801790e-01 7 19
2.801790e-01 8 3
2.801790e-01 9 0
 
2.818369e-01 0 0
2.818369e-01 1 0
2.818369e-01 2 10
2.818369e-01 3 109
2.818369e-01 4 360
2.818369e-01 5 373
2.818369e-01 6 145
2.818369e-01 7 24
2.818369e-01 8 3
2.818369e-01 9 0
 
2.834947e-01 0 0
2.834947e-01 1 0
2.834947e-01 2 6
2.834947e-01 3 119
2.834947e-01 4 353
2.834947e-01 5 374
2.834947e-01 6 142
2.834947e-01 7 29
2.834947e-01 8 1
2.834947e-01 9 0
 
2.851526e-01 0 0
2.851526e-01 1 0
2.851526e-01 2 11
2.851526e-01 3 120
2.851526e-01 4 338
2.851526e-01 5 382
2.851526e-01 6 153
2.851526e-01 7 18
2.851526e-01 8 2
2.851526e-01 9 0
 
2.868105e-01 0 0
2.868105e-01 1 0
2.868105e-01 2 12
2.868105e-01 3 113
2.868105e-01 4 355
2.868105e-01 5 376
2.868105e-01 6 137
2.868105e-01 7 29
2.868105e-01 8 2
2.868105e-01 9 0
 
2.884683e-01 0 0
2.884683e-01 1 0
2.884683e-01 2 8
2.884683e-01 3 127
2.884683e-01 4 336
2.884683e-01 5 376
2.884683e-01 6 151
2.884683e-01 7 24
2.884683e-01 8 2
2.884683e-01 9 0
 
2.901262e-01 0 0
2.901262e-01 1 0
2.901262e-01 2 7
2.901262e-01 3 117
2.901262e-01 4 361
2.901262e-01 5 372
2.901262e-01 6 140
2.901262e-01 7 25
2.901262e-01 8 2
2.901262e-01 9 0
 
2.917841e-01 0 0
2.917841e-01 1 0
2.917841e-01 2 12
2.917841e-01 3 103
2.917841e-01 4 373
2.917841e-01 5 377
2.917841e-01 6 133
2.917841e-01 7 22
2.917841e-01 8 4
2.917841e-01 9 0
 
2.934419e-01 0 0
2.934419e-01 1 0
2.934419e-01 2 9
2.934419e-01 3 127
2.934419e-01 4 334
2.934419e-01 5 368
2.934419e-01 6 161
2.934419e-01 7 20
2.934419e-01 8 5
2.934419e-01 9 0
 
2.950998e-01 0 0
2.950998e-01 1 0
2.950998e-01 2 10
2.950998e-01 3 103
2.950998e-01 4 363
2.950998e-01 5 378
2.950998e-01 6 140
2.950998e-01 7 23
2.950998e-01 8 7
2.950998e-01 9 0
 
2.967577e-01 0 0
2.967577e-01 1 0
2.967577e-01 2 6
2.967577e-01 3 122
2.967577e-01 4 348
2.967577e-01 5 379
2.967577e-01 6 136
2.967577e-01 7 28
2.967577e-01 8 5
2.967577e-01 9 0
 
2.984155e-01 0 0
2.984155e-01 1 0
2.984155e-01 2 11
2.984155e-01 3 112
2.984155e-01 4 349
2.984155e-01 5 380
2.984155e-01 6 141
2.984155e-01 7 30
2.984155e-01 8 1
2.984155e-01 9 0
 
3.000734e-01 0 0
3.000734e-01 1 1
3.000734e-01 2 11
3.000734e-01 3 112
3.000734e-01 4 356
3.000734e-01 5 366
3.000734e-01 6 150
3.000734e-01 7 26
3.000734e-01 8 2
3.000734e-01 9 0
 
3.017312e-01 0 0
3.017312e-01 1 0
3.017312e-01 2 6
3.017312e-01 3 104
3.017312e-01 4 376
3.017312e-01 5 372
3.017312e-01 6 138
3.017312e-01 7 26
3.017312e-01 8 2
3.017312e-01 9 0
 
3.033891e-01 0 0
3.033891e-01 1 0
3.033891e-01 2 9
3.033891e-01 3 105
3.033891e-01 4 381
3.033891e-01 5 356
3.033891e-01 6 143
3.033891e-01 7 24
3.033891e-01 8 5
3.033891e-01 9 1
 
3.050470e-01 0 0
3.050470e-01 1 0
3.050470e-01 2 13
3.050470e-01 3 105
3.050470e-01 4 355
3.050470e-01 5 373
3.050470e-01 6 148
3.050470e-01 7 29
3.050470e-01 8 1
3.050470e-01 9 0
 
3.067048e-01 0 0
3.067048e-01 1 0
3.067048e-01 2 15
3.067048e-01 3 108
3.067048e-01 4 361
3.067048e-01 5 360
3.067048e-01 6 138
3.067048e-01 7 35
3.067048e-01 8 6
3.067048e-01 9 1
 
3.083627e-01 0 0
3.083627e-01 1 0
3.083627e-01 2 12
3.083627e-01 3 94
3.083627e-01 4 383
3.083627e-01 5 379
3.083627e-01 6 130
3.083627e-01 7 23
3.083627e-01 8 2
3.083627e-01 9 1
 
3.100206e-01 0 0
3.100206e-01 1 0
3.100206e-01 2 8
3.100206e-01 3 97
3.100206e-01 4 387
3.100206e-01 5 367
3.100206e-01 6 140
3.100206e-01 7 22
3.100206e-01 8 3
3.100206e-01 9 0
 
3.116784e-01 0 0
3.116784e-01 1 0
3.116784e-01 2 11
3.116784e-01 3 119
3.116784e-01 4 344
3.116784e-01 5 378
3.116784e-01 6 138
3.116784e-01 7 32
3.116784e-01 8 1
3.116784e-01 9 1
 
3.133363e-01 0 0
3.133363e-01 1 0
3.133363e-01 2 7
3.133363e-01 3 113
3.133363e-01 4 370
3.133363e-01 5 357
3.133363e-01 6 147
3.133363e-01 7 29
3.133363e-01 8 1
3.133363e-01 9 0
 
3.149942e-01 0 0
3.149942e-01 1 0
3.149942e-01 2 9
3.149942e-01 3 121
3.149942e-01 4 342
3.149942e-01 5 380
3.149942e-01 6 145
3.149942e-01 7 26
3.149942e-01 8 1
3.149942e-01 9 0
 
3.166520e-01 0 0
3.166520e-01 1 0
3.166520e-01 2 5
3.166520e-01 3 121
3.166520e-01 4 345
3.166520e-01 5 387
3.166520e-01 6 132
3.166520e-01 7 32
3.166520e-01 8 2
3.166520e-01 9 0
 
3.183099e-01 0 0
3.183099e-01 1 0
3.183099e-01 2 10
3.183099e-01 3 119
3.183099e-01 4 354
3.183099e-01 5 376
3.183099e-01 6 131
3.183099e-01 7 31
3.183099e-01 8 3
3.183099e-01 9 0
 
3.199678e-01 0 0
3.199678e-01 1 0
3.199678e-01 2 10
3.199678e-01 3 104
3.199678e-01 4 351
3.199678e-01 5 386
3.199678e-01 6 148
3.199678e-01 7 23
3.199678e-01 8 2
3.199678e-01 9 0
 
3.216256e-01 0 0
3.216256e-01 1 1
3.216256e-01 2 9
3.216256e-01 3 96
3.216256e-01 4 372
3.216256e-01 5 384
3.216256e-01 6 131
3.216256e-01 7 28
3.216256e-01 8 2
3.216256e-01 9 1
 
3.232835e-01 0 0
3.232835e-01 1 0
3.232835e-01 2 3
3.232835e-01 3 125
3.232835e-01 4 339
3.232835e-01 5 400
3.232835e-01 6 129
3.232835e-01 7 23
3.232835e-01 8 5
3.232835e-01 9 0
 
3.249413e-01 0 0
3.249413e-01 1 0
3.249413e-01 2 9
3.249413e-01 3 97
3.249413e-01 4 368
3.249413e-01 5 385
3.249413e-01 6 143
3.249413e-01 7 21
3.249413e-01 8 1
3.249413e-01 9 0
 
3.265992e-01 0 0
3.265992e-01 1 0
3.265992e-01 2 6
3.265992e-01 3 103
3.265992e-01 4 372
3.265992e-01 5 377
3.265992e-01 6 139
3.265992e-01 7 26
3.265992e-01 8 1
3.265992e-01 9 0
 
3.282571e-01 0 0
3.282571e-01 1 0
3.282571e-01 2 6
3.282571e-01 3 117
3.282571e-01 4 372
3.282571e-01 5 351
3.282571e-01 6 149
3.282571e-01 7 28
3.282571e-01 8 1
3.282571e-01 9 0
 
3.299149e-01 0 0
3.299149e-01 1 0
3.299149e-01 2 10
3.299149e-01 3 101
3.299149e-01 4 361
3.299149e-01 5 394
3.299149e-01 6 135
3.299149e-01 7 22
3.299149e-01 8 1
3.299149e-01 9 0
 
3.315728e-01 0 0
3.315728e-01 1 0
3.315728e-01 2 2
3.315728e-01 3 104
3.315728e-01 4 403
3.315728e-01 5 358
3.315728e-01 6 124
3.315728e-01 7 28
3.315728e-01 8 5
3.315728e-01 9 0
 
3.332307e-01 0 0
3.332307e-01 1 0
3.332307e-01 2 5
3.332307e-01 3 128
3.332307e-01 4 351
3.332307e-01 5 374
3.332307e-01 6 136
3.332307e-01 7 26
3.332307e-01 8 4
3.332307e-01 9 0
 
3.348885e-01 0 0
3.348885e-01 1 0
3.348885e-01 2 5
3.348885e-01 3 104
3.348885e-01 4 377
3.348885e-01 5 376
3.348885e-01 6 134
3.348885e-01 7 23
3.348885e-01 8 5
3.348885e-01 9 0
 
3.365464e-01 0 0
3.365464e-01 1 0
3.365464e-01 2 15
3.365464e-01 3 94
3.365464e-01 4 375
3.365464e-01 5 366
3.365464e-01 6 146
3.365464e-01 7 23
3.365464e-01 8 5
3.365464e-01 9 0
 
3.382043e-01 0 0
3.382043e-01 1 0
3.382043e-01 2 11
3.382043e-01 3 106
3.382043e-01 4 370
3.382043e-01 5 356
3.382043e-01 6 154
3.382043e-01 7 23
3.382043e-01 8 4
3.382043e-01 9 0
 
3.398621e-01 0 0
3.398621e-01 1 0
3.398621e-01 2 15
3.398621e-01 3 121
3.398621e-01 4 336
3.398621e-01 5 373
3.398621e-01 6 145
3.398621e-01 7 30
3.398621e-01 8 4
3.398621e-01 9 0
 
3.415200e-01 0 0
3.415200e-01 1 0
3.415200e-01 2 7
3.415200e-01 3 120
3.415200e-01 4 350
3.415200e-01 5 378
3.415200e-01 6 135
3.415200e-01 7 28
3.415200e-01 8 5
3.415200e-01 9 1
 
3.431778e-01 0 0
3.431778e-01 1 0
3.431778e-01 2 10
3.431778e-01 3 120
3.431778e-01 4 352
3.431778e-01 5 369
3.431778e-01 6 140
3.431778e-01 7 27
3.431778e-01 8 5
3.431778e-01 9 1
 
3.448357e-01 0 0
3.448357e-01 1 1
3.448357e-01 2 10
3.448357e-01 3 113
3.448357e-01 4 352
3.448357e-01 5 383
3.448357e-01 6 133
3.448357e-01 7 28
3.448357e-01 8 3
3.448357e-01 9 1
 
3.464936e-01 0 0
3.464936e-01 1 0
3.464936e-01 2 12
3.464936e-01 3 107
3.464936e-01 4 356
3.464936e-01 5 385
3.464936e-01 6 131
3.464936e-01 7 28
3.464936e-01 8 5
3.464936e-01 9 0
 
3.481514e-01 0 0
3.481514e-01 1 1
3.481514e-01 2 8
3.481514e-01 3 112
3.481514e-01 4 353
3.481514e-01 5 385
3.481514e-01 6 135
3.481514e-01 7 27
3.481514e-01 8 3
3.481514e-01 9 0
 
3.498093e-01 0 0
3.498093e-01 1 0
3.498093e-01 2 9
3.498093e-01 3 124
3.498093e-01 4 345
3.498093e-01 5 369
3.498093e-01 6 144
3.498093e-01 7 29
3.498093e-01 8 4
3.498093e-01 9 0
 
3.514672e-01 0 0
3.514672e-01 1 0
3.514672e-01 2 11
3.514672e-01 3 124
3.514672e-01 4 339
3.514672e-01 5 383
3.514672e-01 6 137
3.514672e-01 7 27
3.514672e-01 8 3
3.514672e-01 9 0
 
3.531250e-01 0 0
3.531250e-01 1 0
3.531250e-01 2 16
3.531250e-01 3 96
3.531250e-01 4 365
3.531250e-01 5 386
3.531250e-01 6 134
3.531250e-01 7 26
3.531250e-01 8 1
3.531250e-01 9 0
 
3.547829e-01 0 0
3.547829e-01 1 2
3.547829e-01 2 10
3.547829e-01 3 98
3.547829e-01 4 374
3.547829e-01 5 379
3.547829e-01 6 127
3.547829e-01 7 29
3.547829e-01 8 4
3.547829e-01 9 1
 
3.564408e-01 0 0
3.564408e-01 1 1
3.564408e-01 2 9
3.564408e-01 3 109
3.564408e-01 4 366
3.564408e-01 5 368
3.564408e-01 6 136
3.564408e-01 7 33
3.564408e-01 8 2
3.564408e-01 9 0
 
3.580986e-01 0 0
3.580986e-01 1 0
3.580986e-01 2 9
3.580986e-01 3 107
3.580986e-01 4 391
3.580986e-01 5 333
3.580986e-01 6 153
3.580986e-01 7 24
3.580986e-01 8 5
3.580986e-01 9 2
 
3.597565e-01 0 0
3.597565e-01 1 0
3.597565e-01 2 10
3.597565e-01 3 103
3.597565e-01 4 378
3.597565e-01 5 365
3.597565e-01 6 139
3.597565e-01 7 20
3.597565e-01 8 8
3.597565e-01 9 1
 
3.614143e-01 0 0
3.614143e-01 1 1
3.614143e-01 2 11
3.614143e-01 3 123
3.614143e-01 4 349
3.614143e-01 5 378
3.614143e-01 6 132
3.614143e-01 7 21
3.614143e-01 8 9
3.614143e-01 9 0
 
3.630722e-01 0 0
3.630722e-01 1 0
3.630722e-01 2 7
3.630722e-01 3 121
3.630722e-01 4 354
3.630722e-01 5 374
3.630722e-01 6 132
3.630722e-01 7 29
3.630722e-01 8 6
3.630722e-01 9 1
 
3.647301e-01 0 0
3.647301e-01 1 0
3.647301e-01 2 8
3.647301e-01 3 121
3.647301e-01 4 357
3.647301e-01 5 373
3.647301e-01 6 131
3.647301e-01 7 31
3.647301e-01 8 3
3.647301e-01 9 0
 
3.663879e-01 0 0
3.663879e-01 1 0
3.663879e-01 2 8
3.663879e-01 3 127
3.663879e-01 4 355
3.663879e-01 5 360
3.663879e-01 6 140
3.663879e-01 7 29
3.663879e-01 8 3
3.663879e-01 9 2
 
3.680458e-01 0 0
3.680458e-01 1 1
3.680458e-01 2 8
3.680458e-01 3 107
3.680458e-01 4 374
3.680458e-01 5 369
3.680458e-01 6 130
3.680458e-01 7 28
3.680458e-01 8 6
3.680458e-01 9 1
 
3.697037e-01 0 0
3.697037e-01 1 0
3.697037e-01 2 13
3.697037e-01 3 114
3.697037e-01 4 354
3.697037e-01 5 373
3.697037e-01 6 132
3.697037e-01 7 31
3.697037e-01 8 5
3.697037e-01 9 2
 
3.713615e-01 0 0
3.713615e-01 1 0
3.713615e-01 2 13
3.713615e-01 3 96
3.713615e-01 4 367
3.713615e-01 5 382
3.713615e-01 6 141
3.713615e-01 7 22
3.713615e-01 8 3
3.713615e-01 9 0
 
3.730194e-01 0 0
3.730194e-01 1 1
3.730194e-01 2 8
3.730194e-01 3 120
3.730194e-01 4 342
3.730194e-01 5 384
3.730194e-01 6 147
3.730194e-01 7 21
3.730194e-01 8 1
3.730194e-01 9 0
 
3.746773e-01 0 0
3.746773e-01 1 0
3.746773e-01 2 11
3.746773e-01 3 107
3.746773e-01 4 371
3.746773e-01 5 372
3.746773e-01 6 130
3.746773e-01 7 25
3.746773e-01 8 8
3.746773e-01 9 0
 
3.763351e-01 0 0
3.763351e-01 1 1
3.763351e-01 2 12
3.763351e-01 3 117
3.763351e-01 4 359
3.763351e-01 5 365
3.763351e-01 6 138
3.763351e-01 7 27
3.763351e-01 8 5
3.763351e-01 9 0
 
3.779930e-01 0 0
3.779930e-01 1 0
3.779930e-01 2 13
3.779930e-01 3 106
3.779930e-01 4 348
3.779930e-01 5 402
3.779930e-01 6 126
3.779930e-01 7 25
3.779930e-01 8 4
3.779930e-01 9 0
 
3.796509e-01 0 0
3.796509e-01 1 1
3.796509e-01 2 10
3.796509e-01 3 115
3.796509e-01 4 336
3.796509e-01 5 401
3.796509e-01 6 134
3.796509e-01 7 23
3.796509e-01 8 4
3.796509e-01 9 0
 
3.813087e-01 0 0
3.813087e-01 1 0
3.813087e-01 2 12
3.813087e-01 3 112
3.813087e-01 4 351
3.813087e-01 5 383
3.813087e-01 6 138
3.813087e-01 7 23
3.813087e-01 8 4
3.813087e-01 9 1
 
3.829666e-01 0 0
3.829666e-01 1 1
3.829666e-01 2 11
3.829666e-01 3 113
3.829666e-01 4 350
3.829666e-01 5 380
3.829666e-01 6 145
3.829666e-01 7 21
3.829666e-01 8 3
3.829666e-01 9 0
 
3.846244e-01 0 0
3.846244e-01 1 0
3.846244e-01 2 10
3.846244e-01 3 129
3.846244e-01 4 337
3.846244e-01 5 373
3.846244e-01 6 143
3.846244e-01 7 31
3.846244e-01 8 1
3.846244e-01 9 0
 
3.862823e-01 0 0
3.862823e-01 1 0
3.862823e-01 2 9
3.862823e-01 3 110
3.862823e-01 4 359
3.862823e-01 5 378
3.862823e-01 6 144
3.862823e-01 7 22
3.862823e-01 8 2
3.862823e-01 9 0
 
3.879402e-01 0 0
3.879402e-01 1 1
3.879402e-01 2 9
3.879402e-01 3 117
3.879402e-01 4 339
3.879402e-01 5 397
3.879402e-01 6 135
3.879402e-01 7 21
3.879402e-01 8 5
3.879402e-01 9 0
 
3.895980e-01 0 0
3.895980e-01 1 0
3.895980e-01 2 11
3.895980e-01 3 113
3.895980e-01 4 361
3.895980e-01 5 365
3.895980e-01 6 146
3.895980e-01 7 26
3.895980e-01 8 2
3.895980e-01 9 0
 
3.912559e-01 0 0
3.912559e-01 1 0
3.912559e-01 2 8
3.912559e-01 3 109
3.912559e-01 4 357
3.912559e-01 5 369
3.912559e-01 6 157
3.912559e-01 7 22
3.912559e-01 8 2
3.912559e-01 9 0
 
3.929138e-01 0 0
3.929138e-01 1 0
3.929138e-01 2 7
3.929138e-01 3 124
3.929138e-01 4 338
3.929138e-01 5 397
3.929138e-01 6 126
3.929138e-01 7 28
3.929138e-01 8 4
3.929138e-01 9 0
 
3.945716e-01 0 0
3.945716e-01 1 0
3.945716e-01 2 9
3.945716e-01 3 125
3.945716e-01 4 349
3.945716e-01 5 378
3.945716e-01 6 128
3.945716e-01 7 32
3.945716e-01 8 3
3.945716e-01 9 0
 
3.962295e-01 0 0
3.962295e-01 1 0
3.962295e-01 2 11
3.962295e-01 3 114
3.962295e-01 4 356
3.962295e-01 5 376
3.962295e-01 6 132
3.962295e-01 7 32
3.962295e-01 8 3
3.962295e-01 9 0
 
3.978874e-01 0 0
3.978874e-01 1 0
3.978874e-01 2 9
3.978874e-01 3 120
3.978874e-01 4 349
3.978874e-01 5 365
3.978874e-01 6 149
3.978874e-01 7 30
3.978874e-01 8 2
3.978874e-01 9 0
 
3.995452e-01 0 0
3.995452e-01 1 0
3.995452e-01 2 10
3.995452e-01 3 110
3.995452e-01 4 356
3.995452e-01 5 384
3.995452e-01 6 130
3.995452e-01 7 29
3.995452e-01 8 5
3.995452e-01 9 0
 
4.012031e-01 0 0
4.012031e-01 1 0
4.012031e-01 2 13
4.012031e-01 3 120
4.012031e-01 4 346
4.012031e-01 5 367
4.012031e-01 6 141
4.012031e-01 7 33
4.012031e-01 8 3
4.012031e-01 9 1
 
4.028609e-01 0 0
4.028609e-01 1 0
4.028609e-01 2 9
4.028609e-01 3 113
4.028609e-01 4 358
4.028609e-01 5 369
4.028609e-01 6 143
4.028609e-01 7 27
4.028609e-01 8 5
4.028609e-01 9 0
 
4.045188e-01 0 0
4.045188e-01 1 0
4.045188e-01 2 11
4.045188e-01 3 102
4.045188e-01 4 378
4.045188e-01 5 365
4.045188e-01 6 134
4.045188e-01 7 29
4.045188e-01 8 5
4.045188e-01 9 0
 
4.061767e-01 0 0
4.061767e-01 1 0
4.061767e-01 2 8
4.061767e-01 3 102
4.061767e-01 4 378
4.061767e-01 5 359
4.061767e-01 6 142
4.061767e-01 7 29
4.061767e-01 8 5
4.061767e-01 9 1
 
4.078345e-01 0 0
4.078345e-01 1 0
4.078345e-01 2 8
4.078345e-01 3 119
4.078345e-01 4 368
4.078345e-01 5 350
4.078345e-01 6 138
4.078345e-01 7 36
4.078345e-01 8 5
4.078345e-01 9 0
 
4.094924e-01 0 0
4.094924e-01 1 0
4.094924e-01 2 8
4.094924e-01 3 126
4.094924e-01 4 343
4.094924e-01 5 365
4.094924e-01 6 155
4.094924e-01 7 24
4.094924e-01 8 3
4.094924e-01 9 0
 
4.111503e-01 0 0
4.111503e-01 1 0
4.111503e-01 2 8
4.111503e-01 3 113
4.111503e-01 4 352
4.111503e-01 5 375
4.111503e-01 6 153
4.111503e-01 7 22
4.111503e-01 8 1
4.111503e-01 9 0
 
4.128081e-01 0 0
4.128081e-01 1 0
4.128081e-01 2 5
4.128081e-01 3 118
4.128081e-01 4 342
4.128081e-01 5 401
4.128081e-01 6 129
4.128081e-01 7 26
4.128081e-01 8 3
4.128081e-01 9 0
 
4.144660e-01 0 0
4.144660e-01 1 0
4.144660e-01 2 8
4.144660e-01 3 115
4.144660e-01 4 369
4.144660e-01 5 345
4.144660e-01 6 152
4.144660e-01 7 33
4.144660e-01 8 2
4.144660e-01 9 0
 
4.161239e-01 0 0
4.161239e-01 1 0
4.161239e-01 2 8
4.161239e-01 3 113
4.161239e-01 4 368
4.161239e-01 5 369
4.161239e-01 6 138
4.161239e-01 7 24
4.161239e-01 8 4
4.161239e-01 9 0
 
4.177817e-01 0 0
4.177817e-01 1 0
4.177817e-01 2 9
4.177817e-01 3 118
4.177817e-01 4 369
4.177817e-01 5 343
4.177817e-01 6 153
4.177817e-01 7 30
4.177817e-01 8 2
4.177817e-01 9 0
 
4.194396e-01 0 0
4.194396e-01 1 1
4.194396e-01 2 11
4.194396e-01 3 104
4.194396e-01 4 366
4.194396e-01 5 375
4.194396e-01 6 141
4.194396e-01 7 25
4.194396e-01 8 1
4.194396e-01 9 0
 
4.210975e-01 0 0
4.210975e-01 1 0
4.210975e-01 2 15
4.210975e-01 3 111
4.210975e-01 4 356
4.210975e-01 5 368
4.210975e-01 6 147
4.210975e-01 7 24
4.210975e-01 8 3
4.210975e-01 9 0
 
4.227553e-01 0 0
4.227553e-01 1 0
4.227553e-01 2 8
4.227553e-01 3 131
4.227553e-01 4 340
4.227553e-01 5 375
4.227553e-01 6 135
4.227553e-01 7 32
4.227553e-01 8 3
4.227553e-01 9 0
 
4.244132e-01 0 0
4.244132e-01 1 0
4.244132e-01 2 7
4.244132e-01 3 118
4.244132e-01 4 352
4.244132e-01 5 379
4.244132e-01 6 142
4.244132e-01 7 23
4.244132e-01 8 3
4.244132e-01 9 0
 
4.260710e-01 0 0
4.260710e-01 1 0
4.260710e-01 2 11
4.260710e-01 3 120
4.260710e-01 4 340
4.260710e-01 5 372
4.260710e-01 6 150
4.260710e-01 7 29
4.260710e-01 8 2
4.260710e-01 9 0
 
4.277289e-01 0 0
4.277289e-01 1 0
4.277289e-01 2 10
4.277289e-01 3 113
4.277289e-01 4 357
4.277289e-01 5 381
4.277289e-01 6 135
4.277289e-01 7 24
4.277289e-01 8 3
4.277289e-01 9 1
 
4.293868e-01 0 0
4.293868e-01 1 0
4.293868e-01 2 7
4.293868e-01 3 122
4.293868e-01 4 356
4.293868e-01 5 361
4.293868e-01 6 142
4.293868e-01 7 33
4.293868e-01 8 3
4.293868e-01 9 0
 
4.310446e-01 0 0
4.310446e-01 1 1
4.310446e-01 2 7
4.310446e-01 3 119
4.310446e-01 4 380
4.310446e-01 5 335
4.310446e-01 6 145
4.310446e-01 7 36
4.310446e-01 8 1
4.310446e-01 9 0
 
4.327025e-01 0 0
4.327025e-01 1 0
4.327025e-01 2 9
4.327025e-01 3 116
4.327025e-01 4 356
4.327025e-01 5 374
4.327025e-01 6 143
4.327025e-01 7 23
4.327025e-01 8 3
4.327025e-01 9 0
 
4.343604e-01 0 0
4.343604e-01 1 0
4.343604e-01 2 12
4.343604e-01 3 122
4.343604e-01 4 345
4.343604e-01 5 364
4.343604e-01 6 151
4.343604e-01 7 30
4.343604e-01 8 0
4.343604e-01 9 0
 
4.360182e-01 0 0
4.360182e-01 1 0
4.360182e-01 2 10
4.360182e-01 3 101
4.360182e-01 4 361
4.360182e-01 5 381
4.360182e-01 6 143
4.360182e-01 7 26
4.360182e-01 8 2
4.360182e-01 9 0
 
4.376761e-01 0 0
4.376761e-01 1 0
4.376761e-01 2 9
4.376761e-01 3 123
4.376761e-01 4 354
4.376761e-01 5 376
4.376761e-01 6 127
4.376761e-01 7 28
4.376761e-01 8 6
4.376761e-01 9 1
 
4.393340e-01 0 0
4.393340e-01 1 0
4.393340e-01 2 12
4.393340e-01 3 112
4.393340e-01 4 347
4.393340e-01 5 385
4.393340e-01 6 140
4.393340e-01 7 26
4.393340e-01 8 2
4.393340e-01 9 0
 
4.409918e-01 0 0
4.409918e-01 1 0
4.409918e-01 2 10
4.409918e-01 3 103
4.409918e-01 4 378
4.409918e-01 5 370
4.409918e-01 6 135
4.409918e-01 7 25
4.409918e-01 8 2
4.409918e-01 9 1
 
4.426497e-01 0 0
4.426497e-01 1 0
4.426497e-01 2 11
4.426497e-01 3 107
4.426497e-01 4 354
4.426497e-01 5 390
4.426497e-01 6 132
4.426497e-01 7 27
4.426497e-01 8 3
4.426497e-01 9 0
 
4.443075e-01 0 0
4.443075e-01 1 0
4.443075e-01 2 15
4.443075e-01 3 98
4.443075e-01 4 367
4.443075e-01 5 378
4.443075e-01 6 139
4.443075e-01 7 25
4.443075e-01 8 2
4.443075e-01 9 0
 
4.459654e-01 0 0
4.459654e-01 1 0
4.459654e-01 2 12
4.459654e-01 3 116
4.459654e-01 4 346
4.459654e-01 5 370
4.459654e-01 6 152
4.459654e-01 7 24
4.459654e-01 8 4
4.459654e-01 9 0
 
4.476233e-01 0 0
4.476233e-01 1 1
4.476233e-01 2 5
4.476233e-01 3 121
4.476233e-01 4 348
4.476233e-01 5 388
4.476233e-01 6 141
4.476233e-01 7 15
4.476233e-01 8 5
4.476233e-01 9 0
 
4.492811e-01 0 0
4.492811e-01 1 0
4.492811e-01 2 3
4.492811e-01 3 100
4.492811e-01 4 394
4.492811e-01 5 359
4.492811e-01 6 134
4.492811e-01 7 32
4.492811e-01 8 2
4.492811e-01 9 0
 
4.509390e-01 0 0
4.509390e-01 1 0
4.509390e-01 2 8
4.509390e-01 3 126
4.509390e-01 4 336
4.509390e-01 5 380
4.509390e-01 6 151
4.509390e-01 7 20
4.509390e-01 8 3
4.509390e-01 9 0
 
4.525969e-01 0 0
4.525969e-01 1 0
4.525969e-01 2 10
4.525969e-01 3 124
4.525969e-01 4 338
4.525969e-01 5 372
4.525969e-01 6 156
4.525969e-01 7 19
4.525969e-01 8 5
4.525969e-01 9 0
 
4.542547e-01 0 0
4.542547e-01 1 0
4.542547e-01 2 7
4.542547e-01 3 132
4.542547e-01 4 344
4.542547e-01 5 354
4.542547e-01 6 160
4.542547e-01 7 26
4.542547e-01 8 1
4.542547e-01 9 0
 
4.559126e-01 0 0
4.559126e-01 1 0
4.559126e-01 2 11
4.559126e-01 3 116
4.559126e-01 4 353
4.559126e-01 5 384
4.559126e-01 6 135
4.559126e-01 7 19
4.559126e-01 8 5
4.559126e-01 9 1
 
4.575705e-01 0 0
4.575705e-01 1 0
4.575705e-01 2 14
4.575705e-01 3 112
4.575705e-01 4 360
4.575705e-01 5 358
4.575705e-01 6 154
4.575705e-01 7 24
4.575705e-01 8 1
4.575705e-01 9 1
 
4.592283e-01 0 0
4.592283e-01 1 0
4.592283e-01 2 12
4.592283e-01 3 109
4.592283e-01 4 357
4.592283e-01 5 384
4.592283e-01 6 127
4.592283e-01 7 32
4.592283e-01 8 3
4.592283e-01 9 0
 
4.608862e-01 0 0
4.608862e-01 1 1
4.608862e-01 2 8
4.608862e-01 3 127
4.608862e-01 4 338
4.608862e-01 5 377
4.608862e-01 6 142
4.608862e-01 7 28
4.608862e-01 8 3
4.608862e-01 9 0
 
4.625441e-01 0 0
4.625441e-01 1 0
4.625441e-01 2 7
4.625441e-01 3 113
4.625441e-01 4 374
4.625441e-01 5 358
4.625441e-01 6 138
4.625441e-01 7 30
4.625441e-01 8 4
4.625441e-01 9 0
 
4.642019e-01 0 0
4.642019e-01 1 0
4.642019e-01 2 10
4.642019e-01 3 115
4.642019e-01 4 351
4.642019e-01 5 385
4.642019e-01 6 134
4.642019e-01 7 28
4.642019e-01 8 1
4.642019e-01 9 0
 
4.658598e-01 0 0
4.658598e-01 1 0
4.658598e-01 2 10
4.658598e-01 3 117
4.658598e-01 4 365
4.658598e-01 5 357
4.658598e-01 6 145
4.658598e-01 7 23
4.658598e-01 8 7
4.658598e-01 9 0
 
4.675176e-01 0 0
4.675176e-01 1 0
4.675176e-01 2 13
4.675176e-01 3 112
4.675176e-01 4 346
4.675176e-01 5 380
4.675176e-01 6 140
4.675176e-01 7 28
4.675176e-01 8 5
4.675176e-01 9 0
 
4.691755e-01 0 0
4.691755e-01 1 0
4.691755e-01 2 6
4.691755e-01 3 127
4.691755e-01 4 338
4.691755e-01 5 370
4.691755e-01 6 156
4.691755e-01 7 21
4.691755e-01 8 6
4.691755e-01 9 0
 
4.708334e-01 0 0
4.708334e-01 1 0
4.708334e-01 2 13
4.708334e-01 3 100
4.708334e-01 4 366
4.708334e-01 5 372
4.708334e-01 6 145
4.708334e-01 7 26
4.708334e-01 8 2
4.708334e-01 9 0
 
4.724912e-01 0 0
4.724912e-01 1 0
4.724912e-01 2 13
4.724912e-01 3 113
4.724912e-01 4 361
4.724912e-01 5 352
4.724912e-01 6 153
4.724912e-01 7 28
4.724912e-01 8 4
4.724912e-01 9 0
 
4.741491e-01 0 0
4.741491e-01 1 0
4.741491e-01 2 11
4.741491e-01 3 126
4.741491e-01 4 335
4.741491e-01 5 377
4.741491e-01 6 142
4.741491e-01 7 25
4.741491e-01 8 8
4.741491e-01 9 0
 
4.758070e-01 0 0
4.758070e-01 1 0
4.758070e-01 2 11
4.758070e-01 3 128
4.758070e-01 4 338
4.758070e-01 5 373
4.758070e-01 6 144
4.758070e-01 7 26
4.758070e-01 8 3
4.758070e-01 9 1
 
4.774648e-01 0 0
4.774648e-01 1 0
4.774648e-01 2 10
4.774648e-01 3 115
4.774648e-01 4 372
4.774648e-01 5 348
4.774648e-01 6 149
4.774648e-01 7 28
4.774648e-01 8 2
4.774648e-01 9 0
 
4.791227e-01 0 0
4.791227e-01 1 1
4.791227e-01 2 11
4.791227e-01 3 119
4.791227e-01 4 354
4.791227e-01 5 354
4.791227e-01 6 146
4.791227e-01 7 37
4.791227e-01 8 1
4.791227e-01 9 1
 
4.807806e-01 0 0
4.807806e-01 1 0
4.807806e-01 2 11
4.807806e-01 3 122
4.807806e-01 4 364
4.807806e-01 5 333
4.807806e-01 6 158
4.807806e-01 7 31
4.807806e-01 8 5
4.807806e-01 9 0
 
4.824384e-01 0 0
4.824384e-01 1 0
4.824384e-01 2 15
4.824384e-01 3 112
4.824384e-01 4 344
4.824384e-01 5 384
4.824384e-01 6 133
4.824384e-01 7 32
4.824384e-01 8 4
4.824384e-01 9 0
 
4.840963e-01 0 0
4.840963e-01 1 0
4.840963e-01 2 7
4.840963e-01 3 119
4.840963e-01 4 347
4.840963e-01 5 384
4.840963e-01 6 141
4.840963e-01 7 23
4.840963e-01 8 3
4.840963e-01 9 0
 
4.857541e-01 0 0
4.857541e-01 1 0
4.857541e-01 2 15
4.857541e-01 3 107
4.857541e-01 4 359
4.857541e-01 5 366
4.857541e-01 6 148
4.857541e-01 7 25
4.857541e-01 8 4
4.857541e-01 9 0
 
4.874120e-01 0 0
4.874120e-01 1 0
4.874120e-01 2 15
4.874120e-01 3 113
4.874120e-01 4 363
4.874120e-01 5 354
4.874120e-01 6 145
4.874120e-01 7 27
4.874120e-01 8 7
4.874120e-01 9 0
 
4.890699e-01 0 0
4.890699e-01 1 0
4.890699e-01 2 5
4.890699e-01 3 123
4.890699e-01 4 362
4.890699e-01 5 358
4.890699e-01 6 142
4.890699e-01 7 29
4.890699e-01 8 5
4.890699e-01 9 0
 
4.907277e-01 0 0
4.907277e-01 1 0
4.907277e-01 2 12
4.907277e-01 3 121
4.907277e-01 4 356
4.907277e-01 5 361
4.907277e-01 6 143
4.907277e-01 7 27
4.907277e-01 8 4
4.907277e-01 9 0
 
4.923856e-01 0 0
4.923856e-01 1 0
4.923856e-01 2 13
4.923856e-01 3 105
4.923856e-01 4 364
4.923856e-01 5 370
4.923856e-01 6 143
4.923856e-01 7 26
4.923856e-01 8 3
4.923856e-01 9 0
 
4.940435e-01 0 0
4.940435e-01 1 1
4.940435e-01 2 8
4.940435e-01 3 112
4.940435e-01 4 370
4.940435e-01 5 347
4.940435e-01 6 156
4.940435e-01 7 26
4.940435e-01 8 4
4.940435e-01 9 0
 
4.957013e-01 0 0
4.957013e-01 1 0
4.957013e-01 2 10
4.957013e-01 3 115
4.957013e-01 4 361
4.957013e-01 5 370
4.957013e-01 6 136
4.957013e-01 7 29
4.957013e-01 8 3
4.957013e-01 9 0
 
4.973592e-01 0 0
4.973592e-01 1 1
4.973592e-01 2 9
4.973592e-01 3 110
4.973592e-01 4 374
4.973592e-01 5 355
4.973592e-01 6 140
4.973592e-01 7 32
4.973592e-01 8 3
4.973592e-01 9 0
 
4.990171e-01 0 0
4.990171e-01 1 0
4.990171e-01 2 14
4.990171e-01 3 97
4.990171e-01 4 380
4.990171e-01 5 359
4.990171e-01 6 145
4.990171e-01 7 25
4.990171e-01 8 2
4.990171e-01 9 2
 
5.006749e-01 0 0
5.006749e-01 1 1
5.006749e-01 2 12
5.006749e-01 3 111
5.006749e-01 4 350
5.006749e-01 5 368
5.006749e-01 6 157
5.006749e-01 7 23
5.006749e-01 8 2
5.006749e-01 9 0
 
5.023328e-01 0 0
5.023328e-01 1 0
5.023328e-01 2 12
5.023328e-01 3 126
5.023328e-01 4 344
5.023328e-01 5 360
5.023328e-01 6 145
5.023328e-01 7 36
5.023328e-01 8 0
5.023328e-01 9 1
 
5.039907e-01 0 0
5.039907e-01 1 2
5.039907e-01 2 6
5.039907e-01 3 128
5.039907e-01 4 354
5.039907e-01 5 345
5.039907e-01 6 159
5.039907e-01 7 27
5.039907e-01 8 2
5.039907e-01 9 1
 
5.056485e-01 0 0
5.056485e-01 1 0
5.056485e-01 2 14
5.056485e-01 3 95
5.056485e-01 4 371
5.056485e-01 5 380
5.056485e-01 6 133
5.056485e-01 7 31
5.056485e-01 8 0
5.056485e-01 9 0
 
5.073064e-01 0 0
5.073064e-01 1 1
5.073064e-01 2 10
5.073064e-01 3 119
5.073064e-01 4 334
5.073064e-01 5 390
5.073064e-01 6 143
5.073064e-01 7 24
5.073064e-01 8 2
5.073064e-01 9 1
 
5.089642e-01 0 0
5.089642e-01 1 0
5.089642e-01 2 17
5.089642e-01 3 103
5.089642e-01 4 364
5.089642e-01 5 365
5.089642e-01 6 143
5.089642e-01 7 29
5.089642e-01 8 3
5.089642e-01 9 0
 
5.106221e-01 0 0
5.106221e-01 1 0
5.106221e-01 2 13
5.106221e-01 3 103
5.106221e-01 4 343
5.106221e-01 5 398
5.106221e-01 6 143
5.106221e-01 7 20
5.106221e-01 8 4
5.106221e-01 9 0
 
5.122800e-01 0 0
5.122800e-01 1 0
5.122800e-01 2 14
5.122800e-01 3 121
5.122800e-01 4 334
5.122800e-01 5 385
5.122800e-01 6 136
5.122800e-01 7 32
5.122800e-01 8 2
5.122800e-01 9 0
 
5.139378e-01 0 0
5.139378e-01 1 0
5.139378e-01 2 11
5.139378e-01 3 123
5.139378e-01 4 337
5.139378e-01 5 376
5.139378e-01 6 144
5.139378e-01 7 30
5.139378e-01 8 3
5.139378e-01 9 0
 
5.155957e-01 0 0
5.155957e-01 1 0
5.155957e-01 2 14
5.155957e-01 3 105
5.155957e-01 4 367
5.155957e-01 5 350
5.155957e-01 6 155
5.155957e-01 7 31
5.155957e-01 8 1
5.155957e-01 9 1
 
5.172536e-01 0 0
5.172536e-01 1 1
5.172536e-01 2 6
5.172536e-01 3 119
5.172536e-01 4 365
5.172536e-01 5 358
5.172536e-01 6 140
5.172536e-01 7 32
5.172536e-01 8 3
5.172536e-01 9 0
 
5.189114e-01 0 0
5.189114e-01 1 1
5.189114e-01 2 13
5.189114e-01 3 114
5.189114e-01 4 350
5.189114e-01 5 377
5.189114e-01 6 140
5.189114e-01 7 24
5.189114e-01 8 5
5.189114e-01 9 0
 
5.205693e-01 0 0
5.205693e-01 1 0
5.205693e-01 2 13
5.205693e-01 3 119
5.205693e-01 4 355
5.205693e-01 5 354
5.205693e-01 6 150
5.205693e-01 7 28
5.205693e-01 8 5
5.205693e-01 9 0
 
5.222272e-01 0 0
5.222272e-01 1 0
5.222272e-01 2 14
5.222272e-01 3 107
5.222272e-01 4 367
5.222272e-01 5 366
5.222272e-01 6 145
5.222272e-01 7 22
5.222272e-01 8 3
5.222272e-01 9 0
 
5.238850e-01 0 0
5.238850e-01 1 0
5.238850e-01 2 12
5.238850e-01 3 120
5.238850e-01 4 354
5.238850e-01 5 368
5.238850e-01 6 135
5.238850e-01 7 30
5.238850e-01 8 5
5.238850e-01 9 0
 
5.255429e-01 0 0
5.255429e-01 1 1
5.255429e-01 2 14
5.255429e-01 3 117
5.255429e-01 4 367
5.255429e-01 5 341
5.255429e-01 6 145
5.255429e-01 7 38
5.255429e-01 8 1
5.255429e-01 9 0
 
5.272007e-01 0 0
5.272007e-01 1 0
5.272007e-01 2 13
5.272007e-01 3 121
5.272007e-01 4 339
5.272007e-01 5 376
5.272007e-01 6 146
5.272007e-01 7 23
5.272007e-01 8 6
5.272007e-01 9 0
 
5.288586e-01 0 0
5.288586e-01 1 0
5.288586e-01 2 13
5.288586e-01 3 119
5.288586e-01 4 331
5.288586e-01 5 394
5.288586e-01 6 141
5.288586e-01 7 25
5.288586e-01 8 1
5.288586e-01 9 0
 
5.305165e-01 0 0
5.305165e-01 1 0
5.305165e-01 2 14
5.305165e-01 3 116
5.305165e-01 4 359
5.305165e-01 5 354
5.305165e-01 6 141
5.305165e-01 7 38
5.305165e-01 8 2
5.305165e-01 9 0
 
5.321743e-01 0 0
5.321743e-01 1 0
5.321743e-01 2 16
5.321743e-01 3 107
5.321743e-01 4 360
5.321743e-01 5 355
5.321743e-01 6 154
5.321743e-01 7 30
5.321743e-01 8 2
5.321743e-01 9 0
 
5.338322e-01 0 0
5.338322e-01 1 0
5.338322e-01 2 13
5.338322e-01 3 122
5.338322e-01 4 347
5.338322e-01 5 366
5.338322e-01 6 133
5.338322e-01 7 38
5.338322e-01 8 5
5.338322e-01 9 0
 
5.354901e-01 0 0
5.354901e-01 1 0
5.354901e-01 2 6
5.354901e-01 3 113
5.354901e-01 4 364
5.354901e-01 5 373
5.354901e-01 6 138
5.354901e-01 7 27
5.354901e-01 8 3
5.354901e-01 9 0
 
5.371479e-01 0 0
5.371479e-01 1 0
5.371479e-01 2 11
5.371479e-01 3 120
5.371479e-01 4 340
5.371479e-01 5 375
5.371479e-01 6 142
5.371479e-01 7 33
5.371479e-01 8 2
5.371479e-01 9 1
 
5.388058e-01 0 0
5.388058e-01 1 0
5.388058e-01 2 13
5.388058e-01 3 120
5.388058e-01 4 331
5.388058e-01 5 397
5.388058e-01 6 126
5.388058e-01 7 34
5.388058e-01 8 3
5.388058e-01 9 0
 
5.404637e-01 0 0
5.404637e-01 1 0
5.404637e-01 2 13
5.404637e-01 3 113
5.404637e-01 4 360
5.404637e-01 5 364
5.404637e-01 6 139
5.404637e-01 7 31
5.404637e-01 8 4
5.404637e-01 9 0
 
5.421215e-01 0 0
5.421215e-01 1 0
5.421215e-01 2 18
5.421215e-01 3 118
5.421215e-01 4 355
5.421215e-01 5 358
5.421215e-01 6 137
5.421215e-01 7 33
5.421215e-01 8 5
5.421215e-01 9 0
 
5.437794e-01 0 0
5.437794e-01 1 2
5.437794e-01 2 14
5.437794e-01 3 117
5.437794e-01 4 362
5.437794e-01 5 343
5.437794e-01 6 152
5.437794e-01 7 29
5.437794e-01 8 5
5.437794e-01 9 0
 
5.454373e-01 0 0
5.454373e-01 1 0
5.454373e-01 2 8
5.454373e-01 3 108
5.454373e-01 4 376
5.454373e-01 5 351
5.454373e-01 6 150
5.454373e-01 7 28
5.454373e-01 8 3
5.454373e-01 9 0
 
5.470951e-01 0 0
5.470951e-01 1 0
5.470951e-01 2 6
5.470951e-01 3 128
5.470951e-01 4 364
5.470951e-01 5 343
5.470951e-01 6 146
5.470951e-01 7 31
5.470951e-01 8 6
5.470951e-01 9 0
 
5.487530e-01 0 0
5.487530e-01 1 0
5.487530e-01 2 12
5.487530e-01 3 120
5.487530e-01 4 353
5.487530e-01 5 369
5.487530e-01 6 135
5.487530e-01 7 30
5.487530e-01 8 5
5.487530e-01 9 0
 
5.504108e-01 0 0
5.504108e-01 1 0
5.504108e-01 2 9
5.504108e-01 3 120
5.504108e-01 4 357
5.504108e-01 5 348
5.504108e-01 6 165
5.504108e-01 7 21
5.504108e-01 8 3
5.504108e-01 9 1
 
5.520687e-01 0 0
5.520687e-01 1 1
5.520687e-01 2 11
5.520687e-01 3 114
5.520687e-01 4 359
5.520687e-01 5 362
5.520687e-01 6 149
5.520687e-01 7 26
5.520687e-01 8 2
5.520687e-01 9 0
 
5.537266e-01 0 0
5.537266e-01 1 0
5.537266e-01 2 10
5.537266e-01 3 105
5.537266e-01 4 375
5.537266e-01 5 364
5.537266e-01 6 136
5.537266e-01 7 31
5.537266e-01 8 2
5.537266e-01 9 1
 
5.553844e-01 0 0
5.553844e-01 1 0
5.553844e-01 2 8
5.553844e-01 3 123
5.553844e-01 4 350
5.553844e-01 5 360
5.553844e-01 6 162
5.553844e-01 7 20
5.553844e-01 8 1
5.553844e-01 9 0
 
5.570423e-01 0 0
5.570423e-01 1 0
5.570423e-01 2 9
5.570423e-01 3 115
5.570423e-01 4 368
5.570423e-01 5 357
5.570423e-01 6 146
5.570423e-01 7 22
5.570423e-01 8 7
5.570423e-01 9 0
 
5.587002e-01 0 0
5.587002e-01 1 0
5.587002e-01 2 10
5.587002e-01 3 115
5.587002e-01 4 355
5.587002e-01 5 384
5.587002e-01 6 128
5.587002e-01 7 29
5.587002e-01 8 3
5.587002e-01 9 0
 
5.603580e-01 0 0
5.603580e-01 1 0
5.603580e-01 2 18
5.603580e-01 3 107
5.603580e-01 4 356
5.603580e-01 5 379
5.603580e-01 6 124
5.603580e-01 7 34
5.603580e-01 8 5
5.603580e-01 9 1
 
5.620159e-01 0 0
5.620159e-01 1 1
5.620159e-01 2 7
5.620159e-01 3 109
5.620159e-01 4 365
5.620159e-01 5 373
5.620159e-01 6 132
5.620159e-01 7 35
5.620159e-01 8 1
5.620159e-01 9 1
 
5.636738e-01 0 0
5.636738e-01 1 0
5.636738e-01 2 8
5.636738e-01 3 118
5.636738e-01 4 367
5.636738e-01 5 363
5.636738e-01 6 137
5.636738e-01 7 25
5.636738e-01 8 6
5.636738e-01 9 0
 
5.653316e-01 0 0
5.653316e-01 1 0
5.653316e-01 2 10
5.653316e-01 3 109
5.653316e-01 4 366
5.653316e-01 5 374
5.653316e-01 6 134
5.653316e-01 7 27
5.653316e-01 8 4
5.653316e-01 9 0
 
5.669895e-01 0 0
5.669895e-01 1 0
5.669895e-01 2 8
5.669895e-01 3 112
5.669895e-01 4 367
5.669895e-01 5 370
5.669895e-01 6 139
5.669895e-01 7 24
5.669895e-01 8 4
5.669895e-01 9 0
 
5.686473e-01 0 0
5.686473e-01 1 0
5.686473e-01 2 7
5.686473e-01 3 139
5.686473e-01 4 320
5.686473e-01 5 382
5.686473e-01 6 147
5.686473e-01 7 26
5.686473e-01 8 3
5.686473e-01 9 0
 
5.703052e-01 0 0
5.703052e-01 1 0
5.703052e-01 2 19
5.703052e-01 3 111
5.703052e-01 4 350
5.703052e-01 5 379
5.703052e-01 6 130
5.703052e-01 7 27
5.703052e-01 8 8
5.703052e-01 9 0
 
5.719631e-01 0 0
5.719631e-01 1 0
5.719631e-01 2 10
5.719631e-01 3 130
5.719631e-01 4 334
5.719631e-01 5 379
5.719631e-01 6 140
5.719631e-01 7 26
5.719631e-01 8 5
5.719631e-01 9 0
 
5.736209e-01 0 0
5.736209e-01 1 0
5.736209e-01 2 12
5.736209e-01 3 119
5.736209e-01 4 345
5.736209e-01 5 364
5.736209e-01 6 151
5.736209e-01 7 30
5.736209e-01 8 3
5.736209e-01 9 0
 
5.752788e-01 0 0
5.752788e-01 1 0
5.752788e-01 2 16
5.752788e-01 3 104
5.752788e-01 4 354
5.752788e-01 5 373
5.752788e-01 6 144
5.752788e-01 7 28
5.752788e-01 8 5
5.752788e-01 9 0
 
5.769367e-01 0 0
5.769367e-01 1 0
5.769367e-01 2 19
5.769367e-01 3 105
5.769367e-01 4 346
5.769367e-01 5 385
5.769367e-01 6 139
5.769367e-01 7 29
5.769367e-01 8 1
5.769367e-01 9 0
 
5.785945e-01 0 0
5.785945e-01 1 0
5.785945e-01 2 5
5.785945e-01 3 120
5.785945e-01 4 361
5.785945e-01 5 366
5.785945e-01 6 141
5.785945e-01 7 29
5.785945e-01 8 1
5.785945e-01 9 1
 
5.802524e-01 0 0
5.802524e-01 1 0
5.802524e-01 2 13
5.802524e-01 3 116
5.802524e-01 4 343
5.802524e-01 5 387
5.802524e-01 6 136
5.802524e-01 7 25
5.802524e-01 8 4
5.802524e-01 9 0
 
5.819103e-01 0 0
5.819103e-01 1 0
5.819103e-01 2 12
5.819103e-01 3 107
5.819103e-01 4 361
5.819103e-01 5 374
5.819103e-01 6 137
5.819103e-01 7 29
5.819103e-01 8 3
5.819103e-01 9 1
 
5.835681e-01 0 0
5.835681e-01 1 0
5.835681e-01 2 5
5.835681e-01 3 114
5.835681e-01 4 365
5.835681e-01 5 373
5.835681e-01 6 143
5.835681e-01 7 19
5.835681e-01 8 3
5.835681e-01 9 2
 
5.852260e-01 0 0
5.852260e-01 1 0
5.852260e-01 2 14
5.852260e-01 3 102
5.852260e-01 4 366
5.852260e-01 5 365
5.852260e-01 6 148
5.852260e-01 7 27
5.852260e-01 8 2
5.852260e-01 9 0
 
5.868839e-01 0 0
5.868839e-01 1 0
5.868839e-01 2 13
5.868839e-01 3 123
5.868839e-01 4 347
5.868839e-01 5 368
5.868839e-01 6 138
5.868839e-01 7 31
5.868839e-01 8 4
5.868839e-01 9 0
 
5.885417e-01 0 0
5.885417e-01 1 0
5.885417e-01 2 10
5.885417e-01 3 126
5.885417e-01 4 353
5.885417e-01 5 343
5.885417e-01 6 155
5.885417e-01 7 33
5.885417e-01 8 4
5.885417e-01 9 0
 
5.901996e-01 0 0
5.901996e-01 1 1
5.901996e-01 2 8
5.901996e-01 3 120
5.901996e-01 4 351
5.901996e-01 5 375
5.901996e-01 6 134
5.901996e-01 7 32
5.901996e-01 8 2
5.901996e-01 9 1
 
5.918574e-01 0 0
5.918574e-01 1 0
5.918574e-01 2 9
5.918574e-01 3 113
5.918574e-01 4 365
5.918574e-01 5 357
5.918574e-01 6 153
5.918574e-01 7 20
5.918574e-01 8 6
5.918574e-01 9 1
 
5.935153e-01 0 0
5.935153e-01 1 0
5.935153e-01 2 9
5.935153e-01 3 116
5.935153e-01 4 355
5.935153e-01 5 366
5.935153e-01 6 148
5.935153e-01 7 26
5.935153e-01 8 4
5.935153e-01 9 0
 
5.951732e-01 0 0
5.951732e-01 1 2
5.951732e-01 2 12
5.951732e-01 3 114
5.951732e-01 4 339
5.951732e-01 5 392
5.951732e-01 6 137
5.951732e-01 7 25
5.951732e-01 8 2
5.951732e-01 9 1
 
5.968310e-01 0 0
5.968310e-01 1 1
5.968310e-01 2 9
5.968310e-01 3 115
5.968310e-01 4 358
5.968310e-01 5 366
5.968310e-01 6 139
5.968310e-01 7 32
5.968310e-01 8 4
5.968310e-01 9 0
 
5.984889e-01 0 0
5.984889e-01 1 0
5.984889e-01 2 13
5.984889e-01 3 109
5.984889e-01 4 358
5.984889e-01 5 374
5.984889e-01 6 140
5.984889e-01 7 26
5.984889e-01 8 4
5.984889e-01 9 0
 
6.001468e-01 0 0
6.001468e-01 1 1
6.001468e-01 2 8
6.001468e-01 3 112
6.001468e-01 4 373
6.001468e-01 5 350
6.001468e-01 6 144
6.001468e-01 7 35
6.001468e-01 8 1
6.001468e-01 9 0
 
6.018046e-01 0 0
6.018046e-01 1 1
6.018046e-01 2 10
6.018046e-01 3 119
6.018046e-01 4 347
6.018046e-01 5 371
6.018046e-01 6 143
6.018046e-01 7 32
6.018046e-01 8 1
6.018046e-01 9 0
 
6.034625e-01 0 0
6.034625e-01 1 0
6.034625e-01 2 8
6.034625e-01 3 131
6.034625e-01 4 351
6.034625e-01 5 366
6.034625e-01 6 132
6.034625e-01 7 33
6.034625e-01 8 3
6.034625e-01 9 0
 
6.051204e-01 0 0
6.051204e-01 1 0
6.051204e-01 2 8
6.051204e-01 3 113
6.051204e-01 4 357
6.051204e-01 5 363
6.051204e-01 6 147
6.051204e-01 7 33
6.051204e-01 8 3
6.051204e-01 9 0
 
6.067782e-01 0 0
6.067782e-01 1 0
6.067782e-01 2 8
6.067782e-01 3 115
6.067782e-01 4 350
6.067782e-01 5 381
6.067782e-01 6 138
6.067782e-01 7 30
6.067782e-01 8 2
6.067782e-01 9 0
 
6.084361e-01 0 0
6.084361e-01 1 0
6.084361e-01 2 16
6.084361e-01 3 99
6.084361e-01 4 370
6.084361e-01 5 357
6.084361e-01 6 142
6.084361e-01 7 38
6.084361e-01 8 2
6.084361e-01 9 0
 
6.100939e-01 0 0
6.100939e-01 1 0
6.100939e-01 2 4
6.100939e-01 3 101
6.100939e-01 4 392
6.100939e-01 5 367
6.100939e-01 6 133
6.100939e-01 7 23
6.100939e-01 8 2
6.100939e-01 9 2
 
6.117518e-01 0 0
6.117518e-01 1 0
6.117518e-01 2 8
6.117518e-01 3 123
6.117518e-01 4 353
6.117518e-01 5 377
6.117518e-01 6 131
6.117518e-01 7 31
6.117518e-01 8 1
6.117518e-01 9 0
 
6.134097e-01 0 0
6.134097e-01 1 0
6.134097e-01 2 11
6.134097e-01 3 103
6.134097e-01 4 370
6.134097e-01 5 374
6.134097e-01 6 138
6.134097e-01 7 22
6.134097e-01 8 6
6.134097e-01 9 0
 
6.150675e-01 0 0
6.150675e-01 1 0
6.150675e-01 2 5
6.150675e-01 3 116
6.150675e-01 4 361
6.150675e-01 5 371
6.150675e-01 6 141
6.150675e-01 7 26
6.150675e-01 8 4
6.150675e-01 9 0
 
6.167254e-01 0 0
6.167254e-01 1 0
6.167254e-01 2 7
6.167254e-01 3 123
6.167254e-01 4 355
6.167254e-01 5 363
6.167254e-01 6 146
6.167254e-01 7 23
6.167254e-01 8 7
6.167254e-01 9 0
 
6.183833e-01 0 0
6.183833e-01 1 0
6.183833e-01 2 7
6.183833e-01 3 128
6.183833e-01 4 349
6.183833e-01 5 378
6.183833e-01 6 127
6.183833e-01 7 33
6.183833e-01 8 1
6.183833e-01 9 1
 
6.200411e-01 0 0
6.200411e-01 1 0
6.200411e-01 2 6
6.200411e-01 3 119
6.200411e-01 4 365
6.200411e-01 5 361
6.200411e-01 6 142
6.200411e-01 7 29
6.200411e-01 8 1
6.200411e-01 9 1
 
6.216990e-01 0 0
6.216990e-01 1 0
6.216990e-01 2 4
6.216990e-01 3 129
6.216990e-01 4 341
6.216990e-01 5 375
6.216990e-01 6 150
6.216990e-01 7 19
6.216990e-01 8 6
6.216990e-01 9 0
 
6.233569e-01 0 0
6.233569e-01 1 0
6.233569e-01 2 14
6.233569e-01 3 102
6.233569e-01 4 375
6.233569e-01 5 358
6.233569e-01 6 144
6.233569e-01 7 24
6.233569e-01 8 7
6.233569e-01 9 0
 
6.250147e-01 0 0
6.250147e-01 1 0
6.250147e-01 2 12
6.250147e-01 3 121
6.250147e-01 4 346
6.250147e-01 5 376
6.250147e-01 6 141
6.250147e-01 7 27
6.250147e-01 8 1
6.250147e-01 9 0
 
6.266726e-01 0 0
6.266726e-01 1 0
6.266726e-01 2 7
6.266726e-01 3 108
6.266726e-01 4 383
6.266726e-01 5 355
6.266726e-01 6 134
6.266726e-01 7 34
6.266726e-01 8 3
6.266726e-01 9 0
 
6.283305e-01 0 0
6.283305e-01 1 1
6.283305e-01 2 9
6.283305e-01 3 107
6.283305e-01 4 372
6.283305e-01 5 368
6.283305e-01 6 140
6.283305e-01 7 23
6.283305e-01 8 4
6.283305e-01 9 0
 
6.299883e-01 0 0
6.299883e-01 1 0
6.299883e-01 2 8
6.299883e-01 3 128
6.299883e-01 4 360
6.299883e-01 5 357
6.299883e-01 6 140
6.299883e-01 7 27
6.299883e-01 8 4
6.299883e-01 9 0
 
6.316462e-01 0 0
6.316462e-01 1 0
6.316462e-01 2 9
6.316462e-01 3 110
6.316462e-01 4 366
6.316462e-01 5 367
6.316462e-01 6 147
6.316462e-01 7 20
6.316462e-01 8 4
6.316462e-01 9 1
 
6.333040e-01 0 0
6.333040e-01 1 0
6.333040e-01 2 10
6.333040e-01 3 103
6.333040e-01 4 369
6.333040e-01 5 371
6.333040e-01 6 142
6.333040e-01 7 27
6.333040e-01 8 2
6.333040e-01 9 0
 
6.349619e-01 0 0
6.349619e-01 1 0
6.349619e-01 2 10
6.349619e-01 3 104
6.349619e-01 4 365
6.349619e-01 5 375
6.349619e-01 6 139
6.349619e-01 7 27
6.349619e-01 8 4
6.349619e-01 9 0
 
6.366198e-01 0 0
6.366198e-01 1 0
6.366198e-01 2 10
6.366198e-01 3 101
6.366198e-01 4 382
6.366198e-01 5 355
6.366198e-01 6 149
6.366198e-01 7 24
6.366198e-01 8 3
6.366198e-01 9 0
 
6.382776e-01 0 0
6.382776e-01 1 0
6.382776e-01 2 11
6.382776e-01 3 104
6.382776e-01 4 371
6.382776e-01 5 371
6.382776e-01 6 139
6.382776e-01 7 26
6.382776e-01 8 2
6.382776e-01 9 0
 
6.399355e-01 0 0
6.399355e-01 1 0
6.399355e-01 2 11
6.399355e-01 3 125
6.399355e-01 4 325
6.399355e-01 5 388
6.399355e-01 6 150
6.399355e-01 7 23
6.399355e-01 8 2
6.399355e-01 9 0
 
6.415934e-01 0 0
6.415934e-01 1 0
6.415934e-01 2 10
6.415934e-01 3 100
6.415934e-01 4 367
6.415934e-01 5 384
6.415934e-01 6 141
6.415934e-01 7 21
6.415934e-01 8 1
6.415934e-01 9 0
 
6.432512e-01 0 0
6.432512e-01 1 0
6.432512e-01 2 9
6.432512e-01 3 117
6.432512e-01 4 350
6.432512e-01 5 372
6.432512e-01 6 149
6.432512e-01 7 26
6.432512e-01 8 1
6.432512e-01 9 0
 
6.449091e-01 0 0
6.449091e-01 1 0
6.449091e-01 2 6
6.449091e-01 3 110
6.449091e-01 4 371
6.449091e-01 5 368
6.449091e-01 6 134
6.449091e-01 7 33
6.449091e-01 8 1
6.449091e-01 9 1
 
6.465670e-01 0 0
6.465670e-01 1 0
6.465670e-01 2 11
6.465670e-01 3 109
6.465670e-01 4 368
6.465670e-01 5 365
6.465670e-01 6 136
6.465670e-01 7 34
6.465670e-01 8 1
6.465670e-01 9 0
 
6.482248e-01 0 0
6.482248e-01 1 0
6.482248e-01 2 11
6.482248e-01 3 117
6.482248e-01 4 334
6.482248e-01 5 393
6.482248e-01 6 140
6.482248e-01 7 28
6.482248e-01 8 1
6.482248e-01 9 0
 
6.498827e-01 0 0
6.498827e-01 1 0
6.498827e-01 2 15
6.498827e-01 3 110
6.498827e-01 4 353
6.498827e-01 5 374
6.498827e-01 6 143
6.498827e-01 7 27
6.498827e-01 8 2
6.498827e-01 9 0
 
6.515405e-01 0 0
6.515405e-01 1 0
6.515405e-01 2 8
6.515405e-01 3 120
6.515405e-01 4 346
6.515405e-01 5 370
6.515405e-01 6 158
6.515405e-01 7 21
6.515405e-01 8 1
6.515405e-01 9 0
 
6.531984e-01 0 0
6.531984e-01 1 0
6.531984e-01 2 7
6.531984e-01 3 116
6.531984e-01 4 362
6.531984e-01 5 365
6.531984e-01 6 144
6.531984e-01 7 28
6.531984e-01 8 2
6.531984e-01 9 0
 
6.548563e-01 0 0
6.548563e-01 1 0
6.548563e-01 2 13
6.548563e-01 3 122
6.548563e-01 4 330
6.548563e-01 5 391
6.548563e-01 6 147
6.548563e-01 7 19
6.548563e-01 8 1
6.548563e-01 9 1
 
6.565141e-01 0 0
6.565141e-01 1 0
6.565141e-01 2 15
6.565141e-01 3 112
6.565141e-01 4 354
6.565141e-01 5 357
6.565141e-01 6 159
6.565141e-01 7 26
6.565141e-01 8 1
6.565141e-01 9 0
 
6.581720e-01 0 0
6.581720e-01 1 1
6.581720e-01 2 10
6.581720e-01 3 109
6.581720e-01 4 350
6.581720e-01 5 403
6.581720e-01 6 125
6.581720e-01 7 24
6.581720e-01 8 2
6.581720e-01 9 0
 
6.598299e-01 0 0
6.598299e-01 1 0
6.598299e-01 2 9
6.598299e-01 3 116
6.598299e-01 4 354
6.598299e-01 5 368
6.598299e-01 6 152
6.598299e-01 7 24
6.598299e-01 8 1
6.598299e-01 9 0
 
6.614877e-01 0 0
6.614877e-01 1 0
6.614877e-01 2 8
6.614877e-01 3 105
6.614877e-01 4 383
6.614877e-01 5 360
6.614877e-01 6 136
6.614877e-01 7 30
6.614877e-01 8 2
6.614877e-01 9 0
 
6.631456e-01 0 0
6.631456e-01 1 0
6.631456e-01 2 12
6.631456e-01 3 104
6.631456e-01 4 380
6.631456e-01 5 350
6.631456e-01 6 147
6.631456e-01 7 27
6.631456e-01 8 3
6.631456e-01 9 1
 
6.648035e-01 0 0
6.648035e-01 1 0
6.648035e-01 2 8
6.648035e-01 3 121
6.648035e-01 4 353
6.648035e-01 5 362
6.648035e-01 6 151
6.648035e-01 7 26
6.648035e-01 8 3
6.648035e-01 9 0
 
6.664613e-01 0 0
6.664613e-01 1 0
6.664613e-01 2 10
6.664613e-01 3 126
6.664613e-01 4 333
6.664613e-01 5 389
6.664613e-01 6 138
6.664613e-01 7 24
6.664613e-01 8 4
6.664613e-01 9 0
 
6.681192e-01 0 0
6.681192e-01 1 0
6.681192e-01 2 6
6.681192e-01 3 120
6.681192e-01 4 377
6.681192e-01 5 344
6.681192e-01 6 151
6.681192e-01 7 26
6.681192e-01 8 0
6.681192e-01 9 0
 
6.697771e-01 0 0
6.697771e-01 1 0
6.697771e-01 2 9
6.697771e-01 3 110
6.697771e-01 4 361
6.697771e-01 5 364
6.697771e-01 6 147
6.697771e-01 7 31
6.697771e-01 8 2
6.697771e-01 9 0
 
6.714349e-01 0 0
6.714349e-01 1 0
6.714349e-01 2 7
6.714349e-01 3 119
6.714349e-01 4 360
6.714349e-01 5 357
6.714349e-01 6 153
6.714349e-01 7 25
6.714349e-01 8 3
6.714349e-01 9 0
 
6.730928e-01 0 0
6.730928e-01 1 0
6.730928e-01 2 10
6.730928e-01 3 110
6.730928e-01 4 353
6.730928e-01 5 385
6.730928e-01 6 143
6.730928e-01 7 22
6.730928e-01 8 1
6.730928e-01 9 0
 
6.747506e-01 0 0
6.747506e-01 1 0
6.747506e-01 2 6
6.747506e-01 3 135
6.747506e-01 4 333
6.747506e-01 5 377
6.747506e-01 6 139
6.747506e-01 7 30
6.747506e-01 8 4
6.747506e-01 9 0
 
6.764085e-01 0 0
6.764085e-01 1 0
6.764085e-01 2 12
6.764085e-01 3 127
6.764085e-01 4 335
6.764085e-01 5 373
6.764085e-01 6 150
6.764085e-01 7 24
6.764085e-01 8 3
6.764085e-01 9 0
 
6.780664e-01 0 0
6.780664e-01 1 0
6.780664e-01 2 14
6.780664e-01 3 114
6.780664e-01 4 355
6.780664e-01 5 357
6.780664e-01 6 162
6.780664e-01 7 17
6.780664e-01 8 5
6.780664e-01 9 0
 
6.797242e-01 0 0
6.797242e-01 1 0
6.797242e-01 2 8
6.797242e-01 3 122
6.797242e-01 4 352
6.797242e-01 5 366
6.797242e-01 6 152
6.797242e-01 7 21
6.797242e-01 8 3
6.797242e-01 9 0
 
6.813821e-01 0 0
6.813821e-01 1 0
6.813821e-01 2 15
6.813821e-01 3 115
6.813821e-01 4 368
6.813821e-01 5 341
6.813821e-01 6 149
6.813821e-01 7 33
6.813821e-01 8 3
6.813821e-01 9 0
 
6.830400e-01 0 0
6.830400e-01 1 0
6.830400e-01 2 14
6.830400e-01 3 126
6.830400e-01 4 357
6.830400e-01 5 337
6.830400e-01 6 153
6.830400e-01 7 35
6.830400e-01 8 2
6.830400e-01 9 0
 
6.846978e-01 0 0
6.846978e-01 1 1
6.846978e-01 2 11
6.846978e-01 3 120
6.846978e-01 4 345
6.846978e-01 5 372
6.846978e-01 6 136
6.846978e-01 7 36
6.846978e-01 8 3
6.846978e-01 9 0
 
6.863557e-01 0 0
6.863557e-01 1 0
6.863557e-01 2 7
6.863557e-01 3 117
6.863557e-01 4 349
6.863557e-01 5 384
6.863557e-01 6 139
6.863557e-01 7 22
6.863557e-01 8 6
6.863557e-01 9 0
 
6.880136e-01 0 0
6.880136e-01 1 0
6.880136e-01 2 11
6.880136e-01 3 117
6.880136e-01 4 332
6.880136e-01 5 392
6.880136e-01 6 144
6.880136e-01 7 24
6.880136e-01 8 4
6.880136e-01 9 0
 
6.896714e-01 0 0
6.896714e-01 1 0
6.896714e-01 2 14
6.896714e-01 3 127
6.896714e-01 4 356
6.896714e-01 5 338
6.896714e-01 6 157
6.896714e-01 7 29
6.896714e-01 8 3
6.896714e-01 9 0
 
6.913293e-01 0 0
6.913293e-01 1 0
6.913293e-01 2 13
6.913293e-01 3 120
6.913293e-01 4 342
6.913293e-01 5 360
6.913293e-01 6 158
6.913293e-01 7 29
6.913293e-01 8 2
6.913293e-01 9 0
 
6.929871e-01 0 0
6.929871e-01 1 0
6.929871e-01 2 13
6.929871e-01 3 118
6.929871e-01 4 344
6.929871e-01 5 362
6.929871e-01 6 158
6.929871e-01 7 26
6.929871e-01 8 3
6.929871e-01 9 0
 
6.946450e-01 0 0
6.946450e-01 1 0
6.946450e-01 2 12
6.946450e-01 3 118
6.946450e-01 4 357
6.946450e-01 5 363
6.946450e-01 6 143
6.946450e-01 7 30
6.946450e-01 8 1
6.946450e-01 9 0
 
6.963029e-01 0 0
6.963029e-01 1 0
6.963029e-01 2 8
6.963029e-01 3 111
6.963029e-01 4 361
6.963029e-01 5 363
6.963029e-01 6 157
6.963029e-01 7 24
6.963029e-01 8 0
6.963029e-01 9 0
 
6.979607e-01 0 0
6.979607e-01 1 0
6.979607e-01 2 13
6.979607e-01 3 115
6.979607e-01 4 352
6.979607e-01 5 356
6.979607e-01 6 158
6.979607e-01 7 28
6.979607e-01 8 2
6.979607e-01 9 0
 
6.996186e-01 0 0
6.996186e-01 1 0
6.996186e-01 2 9
6.996186e-01 3 116
6.996186e-01 4 358
6.996186e-01 5 356
6.996186e-01 6 149
6.996186e-01 7 33
6.996186e-01 8 3
6.996186e-01 9 0
 
7.012765e-01 0 0
7.012765e-01 1 0
7.012765e-01 2 9
7.012765e-01 3 125
7.012765e-01 4 334
7.012765e-01 5 377
7.012765e-01 6 148
7.012765e-01 7 30
7.012765e-01 8 1
7.012765e-01 9 0
 
7.029343e-01 0 0
7.029343e-01 1 0
7.029343e-01 2 11
7.029343e-01 3 133
7.029343e-01 4 340
7.029343e-01 5 361
7.029343e-01 6 148
7.029343e-01 7 28
7.029343e-01 8 3
7.029343e-01 9 0
 
7.045922e-01 0 0
7.045922e-01 1 0
7.045922e-01 2 12
7.045922e-01 3 112
7.045922e-01 4 354
7.045922e-01 5 371
7.045922e-01 6 144
7.045922e-01 7 29
7.045922e-01 8 2
7.045922e-01 9 0
 
7.062501e-01 0 0
7.062501e-01 1 0
7.062501e-01 2 12
7.062501e-01 3 124
7.062501e-01 4 341
7.062501e-01 5 360
7.062501e-01 6 160
7.062501e-01 7 25
7.062501e-01 8 2
7.062501e-01 9 0
 
7.079079e-01 0 0
7.079079e-01 1 0
7.079079e-01 2 11
7.079079e-01 3 113
7.079079e-01 4 369
7.079079e-01 5 341
7.079079e-01 6 163
7.079079e-01 7 26
7.079079e-01 8 1
7.079079e-01 9 0
 
7.095658e-01 0 0
7.095658e-01 1 0
7.095658e-01 2 5
7.095658e-01 3 126
7.095658e-01 4 350
7.095658e-01 5 368
7.095658e-01 6 143
7.095658e-01 7 28
7.095658e-01 8 4
7.095658e-01 9 0
 
7.112237e-01 0 0
7.112237e-01 1 0
7.112237e-01 2 14
7.112237e-01 3 127
7.112237e-01 4 351
7.112237e-01 5 344
7.112237e-01 6 153
7.112237e-01 7 34
7.112237e-01 8 1
7.112237e-01 9 0
 
7.128815e-01 0 0
7.128815e-01 1 1
7.128815e-01 2 7
7.128815e-01 3 127
7.128815e-01 4 344
7.128815e-01 5 372
7.128815e-01 6 131
7.128815e-01 7 40
7.128815e-01 8 2
7.128815e-01 9 0
 
7.145394e-01 0 0
7.145394e-01 1 0
7.145394e-01 2 13
7.145394e-01 3 106
7.145394e-01 4 377
7.145394e-01 5 336
7.145394e-01 6 158
7.145394e-01 7 31
7.145394e-01 8 3
7.145394e-01 9 0
 
7.161972e-01 0 0
7.161972e-01 1 0
7.161972e-01 2 8
7.161972e-01 3 108
7.161972e-01 4 350
7.161972e-01 5 406
7.161972e-01 6 128
7.161972e-01 7 23
7.161972e-01 8 1
7.161972e-01 9 0
 
7.178551e-01 0 0
7.178551e-01 1 0
7.178551e-01 2 6
7.178551e-01 3 131
7.178551e-01 4 356
7.178551e-01 5 348
7.178551e-01 6 159
7.178551e-01 7 23
7.178551e-01 8 1
7.178551e-01 9 0
 
7.195130e-01 0 0
7.195130e-01 1 0
7.195130e-01 2 10
7.195130e-01 3 114
7.195130e-01 4 363
7.195130e-01 5 361
7.195130e-01 6 149
7.195130e-01 7 24
7.195130e-01 8 3
7.195130e-01 9 0
 
7.211708e-01 0 0
7.211708e-01 1 0
7.211708e-01 2 4
7.211708e-01 3 123
7.211708e-01 4 348
7.211708e-01 5 382
7.211708e-01 6 144
7.211708e-01 7 20
7.211708e-01 8 3
7.211708e-01 9 0
 
7.228287e-01 0 0
7.228287e-01 1 1
7.228287e-01 2 12
7.228287e-01 3 116
7.228287e-01 4 344
7.228287e-01 5 370
7.228287e-01 6 151
7.228287e-01 7 28
7.228287e-01 8 2
7.228287e-01 9 0
 
7.244866e-01 0 0
7.244866e-01 1 0
7.244866e-01 2 12
7.244866e-01 3 118
7.244866e-01 4 330
7.244866e-01 5 386
7.244866e-01 6 144
7.244866e-01 7 32
7.244866e-01 8 2
7.244866e-01 9 0
 
7.261444e-01 0 0
7.261444e-01 1 0
7.261444e-01 2 16
7.261444e-01 3 109
7.261444e-01 4 365
7.261444e-01 5 357
7.261444e-01 6 142
7.261444e-01 7 32
7.261444e-01 8 3
7.261444e-01 9 0
 
7.278023e-01 0 0
7.278023e-01 1 0
7.278023e-01 2 10
7.278023e-01 3 114
7.278023e-01 4 373
7.278023e-01 5 351
7.278023e-01 6 149
7.278023e-01 7 23
7.278023e-01 8 4
7.278023e-01 9 0
 
7.294602e-01 0 0
7.294602e-01 1 0
7.294602e-01 2 11
7.294602e-01 3 115
7.294602e-01 4 351
7.294602e-01 5 374
7.294602e-01 6 146
7.294602e-01 7 26
7.294602e-01 8 1
7.294602e-01 9 0
 
7.311180e-01 0 0
7.311180e-01 1 0
7.311180e-01 2 8
7.311180e-01 3 112
7.311180e-01 4 373
7.311180e-01 5 365
7.311180e-01 6 131
7.311180e-01 7 32
7.311180e-01 8 3
7.311180e-01 9 0
 
7.327759e-01 0 0
7.327759e-01 1 0
7.327759e-01 2 6
7.327759e-01 3 120
7.327759e-01 4 364
7.327759e-01 5 364
7.327759e-01 6 142
7.327759e-01 7 23
7.327759e-01 8 5
7.327759e-01 9 0
 
7.344337e-01 0 0
7.344337e-01 1 0
7.344337e-01 2 13
7.344337e-01 3 110
7.344337e-01 4 358
7.344337e-01 5 366
7.344337e-01 6 146
7.344337e-01 7 30
7.344337e-01 8 1
7.344337e-01 9 0
 
7.360916e-01 0 0
7.360916e-01 1 0
7.360916e-01 2 13
7.360916e-01 3 110
7.360916e-01 4 361
7.360916e-01 5 364
7.360916e-01 6 149
7.360916e-01 7 25
7.360916e-01 8 2
7.360916e-01 9 0
 
7.377495e-01 0 0
7.377495e-01 1 0
7.377495e-01 2 10
7.377495e-01 3 116
7.377495e-01 4 357
7.377495e-01 5 370
7.377495e-01 6 137
7.377495e-01 7 31
7.377495e-01 8 3
7.377495e-01 9 0
 
7.394073e-01 0 0
7.394073e-01 1 0
7.394073e-01 2 9
7.394073e-01 3 114
7.394073e-01 4 363
7.394073e-01 5 360
7.394073e-01 6 148
7.394073e-01 7 28
7.394073e-01 8 2
7.394073e-01 9 0
 
7.410652e-01 0 0
7.410652e-01 1 0
7.410652e-01 2 8
7.410652e-01 3 126
7.410652e-01 4 352
7.410652e-01 5 353
7.410652e-01 6 155
7.410652e-01 7 27
7.410652e-01 8 3
7.410652e-01 9 0
 
7.427231e-01 0 0
7.427231e-01 1 0
7.427231e-01 2 10
7.427231e-01 3 119
7.427231e-01 4 357
7.427231e-01 5 354
7.427231e-01 6 161
7.427231e-01 7 21
7.427231e-01 8 2
7.427231e-01 9 0
 
7.443809e-01 0 0
7.443809e-01 1 0
7.443809e-01 2 6
7.443809e-01 3 131
7.443809e-01 4 346
7.443809e-01 5 359
7.443809e-01 6 153
7.443809e-01 7 28
7.443809e-01 8 1
7.443809e-01 9 0
 
7.460388e-01 0 0
7.460388e-01 1 0
7.460388e-01 2 7
7.460388e-01 3 114
7.460388e-01 4 362
7.460388e-01 5 364
7.460388e-01 6 148
7.460388e-01 7 26
7.460388e-01 8 3
7.460388e-01 9 0
 
7.476967e-01 0 0
7.476967e-01 1 0
7.476967e-01 2 8
7.476967e-01 3 121
7.476967e-01 4 358
7.476967e-01 5 353
7.476967e-01 6 158
7.476967e-01 7 26
7.476967e-01 8 0
7.476967e-01 9 0
 
7.493545e-01 0 0
7.493545e-01 1 0
7.493545e-01 2 14
7.493545e-01 3 124
7.493545e-01 4 346
7.493545e-01 5 351
7.493545e-01 6 156
7.493545e-01 7 31
7.493545e-01 8 2
7.493545e-01 9 0
 
7.510124e-01 0 0
7.510124e-01 1 0
7.510124e-01 2 11
7.510124e-01 3 114
7.510124e-01 4 353
7.510124e-01 5 367
7.510124e-01 6 156
7.510124e-01 7 22
7.510124e-01 8 1
7.510124e-01 9 0
 
7.526703e-01 0 0
7.526703e-01 1 1
7.526703e-01 2 10
7.526703e-01 3 121
7.526703e-01 4 358
7.526703e-01 5 354
7.526703e-01 6 154
7.526703e-01 7 26
7.526703e-01 8 0
7.526703e-01 9 0
 
7.543281e-01 0 0
7.543281e-01 1 0
7.543281e-01 2 7
7.543281e-01 3 120
7.543281e-01 4 341
7.543281e-01 5 385
7.543281e-01 6 143
7.543281e-01 7 27
7.543281e-01 8 1
7.543281e-01 9 0
 
7.559860e-01 0 0
7.559860e-01 1 0
7.559860e-01 2 11
7.559860e-01 3 109
7.559860e-01 4 349
7.559860e-01 5 379
7.559860e-01 6 150
7.559860e-01 7 25
7.559860e-01 8 1
7.559860e-01 9 0
 
7.576438e-01 0 0
7.576438e-01 1 0
7.576438e-01 2 14
7.576438e-01 3 110
7.576438e-01 4 343
7.576438e-01 5 386
7.576438e-01 6 145
7.576438e-01 7 25
7.576438e-01 8 1
7.576438e-01 9 0
 
7.593017e-01 0 0
7.593017e-01 1 0
7.593017e-01 2 12
7.593017e-01 3 131
7.593017e-01 4 331
7.593017e-01 5 368
7.593017e-01 6 158
7.593017e-01 7 23
7.593017e-01 8 1
7.593017e-01 9 0
 
7.609596e-01 0 0
7.609596e-01 1 0
7.609596e-01 2 14
7.609596e-01 3 117
7.609596e-01 4 356
7.609596e-01 5 343
7.609596e-01 6 172
7.609596e-01 7 18
7.609596e-01 8 4
7.609596e-01 9 0
 
7.626174e-01 0 0
7.626174e-01 1 0
7.626174e-01 2 12
7.626174e-01 3 112
7.626174e-01 4 362
7.626174e-01 5 359
7.626174e-01 6 147
7.626174e-01 7 31
7.626174e-01 8 1
7.626174e-01 9 0
 
7.642753e-01 0 0
7.642753e-01 1 0
7.642753e-01 2 13
7.642753e-01 3 110
7.642753e-01 4 368
7.642753e-01 5 357
7.642753e-01 6 148
7.642753e-01 7 26
7.642753e-01 8 2
7.642753e-01 9 0
 
7.659332e-01 0 0
7.659332e-01 1 0
7.659332e-01 2 12
7.659332e-01 3 125
7.659332e-01 4 346
7.659332e-01 5 355
7.659332e-01 6 160
7.659332e-01 7 25
7.659332e-01 8 1
7.659332e-01 9 0
 
7.675910e-01 0 0
7.675910e-01 1 0
7.675910e-01 2 8
7.675910e-01 3 142
7.675910e-01 4 317
7.675910e-01 5 361
7.675910e-01 6 171
7.675910e-01 7 21
7.675910e-01 8 4
7.675910e-01 9 0
 
7.692489e-01 0 0
7.692489e-01 1 1
7.692489e-01 2 10
7.692489e-01 3 128
7.692489e-01 4 352
7.692489e-01 5 346
7.692489e-01 6 149
7.692489e-01 7 34
7.692489e-01 8 4
7.692489e-01 9 0
 
7.709068e-01 0 0
7.709068e-01 1 0
7.709068e-01 2 16
7.709068e-01 3 126
7.709068e-01 4 328
7.709068e-01 5 382
7.709068e-01 6 146
7.709068e-01 7 24
7.709068e-01 8 2
7.709068e-01 9 0
 
7.725646e-01 0 0
7.725646e-01 1 0
7.725646e-01 2 15
7.725646e-01 3 104
7.725646e-01 4 355
7.725646e-01 5 380
7.725646e-01 6 145
7.725646e-01 7 24
7.725646e-01 8 1
7.725646e-01 9 0
 
7.742225e-01 0 0
7.742225e-01 1 1
7.742225e-01 2 14
7.742225e-01 3 113
7.742225e-01 4 348
7.742225e-01 5 367
7.742225e-01 6 154
7.742225e-01 7 24
7.742225e-01 8 3
7.742225e-01 9 0
 
7.758803e-01 0 0
7.758803e-01 1 0
7.758803e-01 2 14
7.758803e-01 3 120
7.758803e-01 4 348
7.758803e-01 5 368
7.758803e-01 6 137
7.758803e-01 7 36
7.758803e-01 8 1
7.758803e-01 9 0
 
7.775382e-01 0 0
7.775382e-01 1 0
7.775382e-01 2 7
7.775382e-01 3 126
7.775382e-01 4 344
7.775382e-01 5 368
7.775382e-01 6 146
7.775382e-01 7 31
7.775382e-01 8 2
7.775382e-01 9 0
 
7.791961e-01 0 0
7.791961e-01 1 0
7.791961e-01 2 13
7.791961e-01 3 123
7.791961e-01 4 352
7.791961e-01 5 341
7.791961e-01 6 162
7.791961e-01 7 32
7.791961e-01 8 1
7.791961e-01 9 0
 
7.808539e-01 0 0
7.808539e-01 1 0
7.808539e-01 2 14
7.808539e-01 3 115
7.808539e-01 4 340
7.808539e-01 5 379
7.808539e-01 6 156
7.808539e-01 7 19
7.808539e-01 8 1
7.808539e-01 9 0
 
7.825118e-01 0 0
7.825118e-01 1 0
7.825118e-01 2 16
7.825118e-01 3 109
7.825118e-01 4 348
7.825118e-01 5 372
7.825118e-01 6 153
7.825118e-01 7 25
7.825118e-01 8 1
7.825118e-01 9 0
 
7.841697e-01 0 0
7.841697e-01 1 0
7.841697e-01 2 19
7.841697e-01 3 117
7.841697e-01 4 337
7.841697e-01 5 361
7.841697e-01 6 162
7.841697e-01 7 25
7.841697e-01 8 3
7.841697e-01 9 0
 
7.858275e-01 0 0
7.858275e-01 1 2
7.858275e-01 2 18
7.858275e-01 3 114
7.858275e-01 4 335
7.858275e-01 5 367
7.858275e-01 6 153
7.858275e-01 7 32
7.858275e-01 8 3
7.858275e-01 9 0
 
7.874854e-01 0 0
7.874854e-01 1 1
7.874854e-01 2 20
7.874854e-01 3 111
7.874854e-01 4 342
7.874854e-01 5 367
7.874854e-01 6 142
7.874854e-01 7 39
7.874854e-01 8 2
7.874854e-01 9 0
 
7.891433e-01 0 0
7.891433e-01 1 2
7.891433e-01 2 11
7.891433e-01 3 128
7.891433e-01 4 338
7.891433e-01 5 349
7.891433e-01 6 167
7.891433e-01 7 26
7.891433e-01 8 3
7.891433e-01 9 0
 
7.908011e-01 0 0
7.908011e-01 1 1
7.908011e-01 2 15
7.908011e-01 3 119
7.908011e-01 4 352
7.908011e-01 5 351
7.908011e-01 6 157
7.908011e-01 7 28
7.908011e-01 8 1
7.908011e-01 9 0
 
7.924590e-01 0 0
7.924590e-01 1 1
7.924590e-01 2 14
7.924590e-01 3 108
7.924590e-01 4 356
7.924590e-01 5 374
7.924590e-01 6 144
7.924590e-01 7 24
7.924590e-01 8 3
7.924590e-01 9 0
 
7.941169e-01 0 0
7.941169e-01 1 0
7.941169e-01 2 12
7.941169e-01 3 120
7.941169e-01 4 346
7.941169e-01 5 368
7.941169e-01 6 150
7.941169e-01 7 27
7.941169e-01 8 1
7.941169e-01 9 0
 
7.957747e-01 0 0
7.957747e-01 1 1
7.957747e-01 2 11
7.957747e-01 3 118
7.957747e-01 4 352
7.957747e-01 5 363
7.957747e-01 6 132
7.957747e-01 7 43
7.957747e-01 8 4
7.957747e-01 9 0
 
7.974326e-01 0 0
7.974326e-01 1 1
7.974326e-01 2 14
7.974326e-01 3 134
7.974326e-01 4 316
7.974326e-01 5 368
7.974326e-01 6 155
7.974326e-01 7 31
7.974326e-01 8 5
7.974326e-01 9 0
 
7.990904e-01 0 0
7.990904e-01 1 1
7.990904e-01 2 15
7.990904e-01 3 113
7.990904e-01 4 348
7.990904e-01 5 366
7.990904e-01 6 150
7.990904e-01 7 26
7.990904e-01 8 4
7.990904e-01 9 1
 
8.007483e-01 0 0
8.007483e-01 1 0
8.007483e-01 2 15
8.007483e-01 3 123
8.007483e-01 4 347
8.007483e-01 5 373
8.007483e-01 6 132
8.007483e-01 7 31
8.007483e-01 8 3
8.007483e-01 9 0
 
8.024062e-01 0 0
8.024062e-01 1 0
8.024062e-01 2 13
8.024062e-01 3 121
8.024062e-01 4 339
8.024062e-01 5 383
8.024062e-01 6 136
8.024062e-01 7 30
8.024062e-01 8 2
8.024062e-01 9 0
 
8.040640e-01 0 0
8.040640e-01 1 0
8.040640e-01 2 10
8.040640e-01 3 123
8.040640e-01 4 344
8.040640e-01 5 374
8.040640e-01 6 146
8.040640e-01 7 24
8.040640e-01 8 3
8.040640e-01 9 0
 
8.057219e-01 0 0
8.057219e-01 1 0
8.057219e-01 2 17
8.057219e-01 3 110
8.057219e-01 4 340
8.057219e-01 5 396
8.057219e-01 6 134
8.057219e-01 7 23
8.057219e-01 8 4
8.057219e-01 9 0
 
8.073798e-01 0 0
8.073798e-01 1 2
8.073798e-01 2 8
8.073798e-01 3 115
8.073798e-01 4 356
8.073798e-01 5 372
8.073798e-01 6 140
8.073798e-01 7 29
8.073798e-01 8 2
8.073798e-01 9 0
 
8.090376e-01 0 0
8.090376e-01 1 1
8.090376e-01 2 9
8.090376e-01 3 123
8.090376e-01 4 329
8.090376e-01 5 395
8.090376e-01 6 138
8.090376e-01 7 27
8.090376e-01 8 2
8.090376e-01 9 0
 
8.106955e-01 0 0
8.106955e-01 1 0
8.106955e-01 2 13
8.106955e-01 3 111
8.106955e-01 4 351
8.106955e-01 5 374
8.106955e-01 6 151
8.106955e-01 7 21
8.106955e-01 8 3
8.106955e-01 9 0
 
8.123534e-01 0 0
8.123534e-01 1 1
8.123534e-01 2 11
8.123534e-01 3 120
8.123534e-01 4 342
8.123534e-01 5 380
8.123534e-01 6 145
8.123534e-01 7 23
8.123534e-01 8 2
8.123534e-01 9 0
 
8.140112e-01 0 0
8.140112e-01 1 0
8.140112e-01 2 7
8.140112e-01 3 119
8.140112e-01 4 359
8.140112e-01 5 361
8.140112e-01 6 147
8.140112e-01 7 28
8.140112e-01 8 3
8.140112e-01 9 0
 
8.156691e-01 0 0
8.156691e-01 1 0
8.156691e-01 2 12
8.156691e-01 3 116
8.156691e-01 4 354
8.156691e-01 5 371
8.156691e-01 6 145
8.156691e-01 7 22
8.156691e-01 8 4
8.156691e-01 9 0
 
8.173269e-01 0 0
8.173269e-01 1 0
8.173269e-01 2 10
8.173269e-01 3 115
8.173269e-01 4 356
8.173269e-01 5 362
8.173269e-01 6 154
8.173269e-01 7 26
8.173269e-01 8 1
8.173269e-01 9 0
 
8.189848e-01 0 0
8.189848e-01 1 0
8.189848e-01 2 14
8.189848e-01 3 109
8.189848e-01 4 370
8.189848e-01 5 356
8.189848e-01 6 137
8.189848e-01 7 37
8.189848e-01 8 1
8.189848e-01 9 0
 
8.206427e-01 0 0
8.206427e-01 1 1
8.206427e-01 2 8
8.206427e-01 3 113
8.206427e-01 4 360
8.206427e-01 5 370
8.206427e-01 6 136
8.206427e-01 7 36
8.206427e-01 8 0
8.206427e-01 9 0
 
8.223005e-01 0 0
8.223005e-01 1 0
8.223005e-01 2 10
8.223005e-01 3 116
8.223005e-01 4 344
8.223005e-01 5 399
8.223005e-01 6 125
8.223005e-01 7 27
8.223005e-01 8 3
8.223005e-01 9 0
 
8.239584e-01 0 0
8.239584e-01 1 0
8.239584e-01 2 12
8.239584e-01 3 99
8.239584e-01 4 356
8.239584e-01 5 387
8.239584e-01 6 149
8.239584e-01 7 20
8.239584e-01 8 1
8.239584e-01 9 0
 
8.256163e-01 0 0
8.256163e-01 1 0
8.256163e-01 2 10
8.256163e-01 3 104
8.256163e-01 4 373
8.256163e-01 5 359
8.256163e-01 6 149
8.256163e-01 7 25
8.256163e-01 8 4
8.256163e-01 9 0
 
8.272741e-01 0 0
8.272741e-01 1 0
8.272741e-01 2 13
8.272741e-01 3 117
8.272741e-01 4 367
8.272741e-01 5 348
8.272741e-01 6 144
8.272741e-01 7 32
8.272741e-01 8 3
8.272741e-01 9 0
 
8.289320e-01 0 0
8.289320e-01 1 0
8.289320e-01 2 12
8.289320e-01 3 101
8.289320e-01 4 376
8.289320e-01 5 355
8.289320e-01 6 157
8.289320e-01 7 19
8.289320e-01 8 4
8.289320e-01 9 0
 
8.305899e-01 0 0
8.305899e-01 1 0
8.305899e-01 2 15
8.305899e-01 3 111
8.305899e-01 4 344
8.305899e-01 5 381
8.305899e-01 6 149
8.305899e-01 7 21
8.305899e-01 8 2
8.305899e-01 9 1
 
