0 -4.877329e+06 5.953239e+07 
1 -3.076013e+00 2.150731e+01 
2 -1.499537e+00 1.708038e+01 
3 -6.240733e-01 1.500892e+01 
4 6.694538e-02 1.412480e+01 
5 4.063911e-01 1.369003e+01 
6 5.455582e-01 1.345910e+01 
7 5.808328e-01 1.334622e+01 
8 5.803847e-01 1.329366e+01 
9 5.691565e-01 1.328183e+01 
10 5.484434e-01 1.328556e+01 
11 5.279896e-01 1.328459e+01 
12 5.150181e-01 1.328053e+01 
13 5.023525e-01 1.329402e+01 
14 4.921561e-01 1.330097e+01 
15 4.850917e-01 1.330673e+01 
16 4.805268e-01 1.331207e+01 
17 4.776515e-01 1.331726e+01 
18 4.758830e-01 1.332181e+01 
19 4.748010e-01 1.332585e+01 
20 4.741203e-01 1.332947e+01 
21 4.736654e-01 1.333269e+01 
22 4.733371e-01 1.333552e+01 
23 4.730827e-01 1.333803e+01 
24 4.728736e-01 1.334023e+01 
25 4.726957e-01 1.334217e+01 
26 4.725398e-01 1.334388e+01 
27 4.724006e-01 1.334538e+01 
28 4.722745e-01 1.334670e+01 
29 4.721582e-01 1.334787e+01 
30 4.720497e-01 1.334890e+01 
31 4.719477e-01 1.334982e+01 
32 4.718502e-01 1.335063e+01 
33 4.717552e-01 1.335137e+01 
34 4.716619e-01 1.335203e+01 
35 4.715704e-01 1.335262e+01 
36 4.714808e-01 1.335315e+01 
37 4.713933e-01 1.335362e+01 
38 4.713080e-01 1.335403e+01 
39 4.712256e-01 1.335438e+01 
40 4.711471e-01 1.335469e+01 
41 4.710738e-01 1.335495e+01 
42 4.710072e-01 1.335517e+01 
43 4.709485e-01 1.335534e+01 
44 4.708990e-01 1.335548e+01 
45 4.708591e-01 1.335558e+01 
46 4.708291e-01 1.335565e+01 
47 4.708083e-01 1.335570e+01 
48 4.707955e-01 1.335573e+01 
49 4.707887e-01 1.335574e+01 
