0 -1.006022e+00 4.664238e-01 
1 -1.006407e+00 3.303198e-01 
2 -1.000000e+00 3.151255e-01 
3 -1.000000e+00 3.288242e-01 
4 -1.000000e+00 3.447636e-01 
5 -1.000000e+00 3.620106e-01 
6 -1.000000e+00 3.977681e-01 
7 -1.000000e+00 4.194678e-01 
8 -1.000000e+00 4.294647e-01 
9 -1.000000e+00 4.378233e-01 
10 -1.000000e+00 4.480618e-01 
11 -1.000000e+00 4.559726e-01 
12 -1.000000e+00 4.599014e-01 
13 -1.000000e+00 4.661227e-01 
14 -1.000000e+00 4.723287e-01 
15 -1.000000e+00 4.780251e-01 
16 -1.000000e+00 4.832000e-01 
17 -1.000000e+00 4.880721e-01 
18 -1.000000e+00 4.925840e-01 
19 -1.000000e+00 4.967183e-01 
20 -1.000000e+00 5.005129e-01 
21 -1.000000e+00 5.039781e-01 
22 -1.000000e+00 5.071160e-01 
23 -1.000000e+00 5.099567e-01 
24 -1.000000e+00 5.125125e-01 
25 -1.000000e+00 5.148156e-01 
26 -1.000000e+00 5.168913e-01 
27 -1.000000e+00 5.187544e-01 
28 -1.000000e+00 5.204299e-01 
29 -1.000000e+00 5.219352e-01 
30 -1.000000e+00 5.232805e-01 
31 -1.000000e+00 5.244826e-01 
32 -1.000000e+00 5.255624e-01 
33 -1.000000e+00 5.265367e-01 
34 -1.000000e+00 5.274128e-01 
35 -1.000000e+00 5.281928e-01 
36 -1.000000e+00 5.288825e-01 
37 -1.000000e+00 5.294893e-01 
38 -1.000000e+00 5.300198e-01 
39 -1.000000e+00 5.304794e-01 
40 -1.000000e+00 5.308724e-01 
41 -1.000000e+00 5.312032e-01 
42 -1.000000e+00 5.314761e-01 
43 -1.000000e+00 5.316957e-01 
44 -1.000000e+00 5.318670e-01 
45 -1.000000e+00 5.319951e-01 
46 -1.000000e+00 5.320859e-01 
47 -1.000000e+00 5.321456e-01 
48 -1.000000e+00 5.321811e-01 
49 -1.000000e+00 5.321995e-01 
