0.000000e+00 -8.558007e-13 6.585750e-13 
1.577880e+08 -4.642137e-13 4.310008e-13 
3.155760e+08 -3.686196e-13 3.340091e-13 
4.733640e+08 -3.304864e-13 2.851134e-13 
6.311520e+08 -2.987246e-13 2.563911e-13 
7.889400e+08 -2.703370e-13 2.313813e-13 
9.467280e+08 -2.454020e-13 2.095521e-13 
1.104516e+09 -2.234949e-13 1.904763e-13 
1.262304e+09 -2.042082e-13 1.737072e-13 
1.420092e+09 -1.871667e-13 1.588895e-13 
1.577880e+09 -1.720536e-13 1.457311e-13 
1.735668e+09 -1.586020e-13 1.339946e-13 
1.893456e+09 -1.465881e-13 1.234841e-13 
2.051244e+09 -1.358234e-13 1.140371e-13 
2.209032e+09 -1.261487e-13 1.055173e-13 
2.366820e+09 -1.174286e-13 9.780961e-14 
2.524608e+09 -1.095475e-13 9.081629e-14 
2.682396e+09 -1.024062e-13 8.445384e-14 
2.840184e+09 -9.591961e-14 7.865063e-14 
2.997972e+09 -9.001387e-14 7.334488e-14 
3.155760e+09 -8.462513e-14 6.848311e-14 
3.313548e+09 -7.969779e-14 6.401885e-14 
3.471336e+09 -7.518332e-14 5.991156e-14 
3.629124e+09 -7.103926e-14 5.612574e-14 
3.786912e+09 -6.722833e-14 5.263020e-14 
3.944700e+09 -6.371771e-14 4.939747e-14 
4.102488e+09 -6.047843e-14 4.640324e-14 
4.260276e+09 -5.748486e-14 4.362596e-14 
4.418064e+09 -5.471425e-14 4.104646e-14 
4.575852e+09 -5.214636e-14 3.864763e-14 
4.733640e+09 -4.976317e-14 3.641416e-14 
4.891428e+09 -4.754853e-14 3.433234e-14 
5.049216e+09 -4.548802e-14 3.238982e-14 
5.207004e+09 -4.356866e-14 3.057549e-14 
5.364792e+09 -4.177880e-14 2.887929e-14 
5.522580e+09 -4.010790e-14 2.729212e-14 
5.680368e+09 -3.854649e-14 2.580573e-14 
5.838156e+09 -3.708595e-14 2.441262e-14 
5.995944e+09 -3.571850e-14 2.310594e-14 
6.153732e+09 -3.443705e-14 2.187947e-14 
6.311520e+09 -3.323516e-14 2.072748e-14 
6.469308e+09 -3.210695e-14 1.964477e-14 
6.627096e+09 -3.104706e-14 1.862654e-14 
6.784884e+09 -3.005059e-14 1.766840e-14 
6.942672e+09 -2.911305e-14 1.676628e-14 
7.100460e+09 -2.823032e-14 1.591648e-14 
7.258248e+09 -2.739862e-14 1.511554e-14 
7.416036e+09 -2.661447e-14 1.436029e-14 
7.573824e+09 -2.587468e-14 1.364780e-14 
7.731612e+09 -2.517629e-14 1.300858e-14 
7.889400e+09 -2.451658e-14 1.284394e-14 
8.047188e+09 -2.389304e-14 1.268747e-14 
8.204976e+09 -2.330334e-14 1.253863e-14 
8.362764e+09 -2.274532e-14 1.239693e-14 
8.520552e+09 -2.221699e-14 1.226190e-14 
8.678340e+09 -2.171650e-14 1.213314e-14 
8.836128e+09 -2.124214e-14 1.201026e-14 
8.993916e+09 -2.079229e-14 1.189289e-14 
9.151704e+09 -2.036548e-14 1.178070e-14 
9.309492e+09 -1.996033e-14 1.167340e-14 
9.467280e+09 -1.957554e-14 1.157069e-14 
9.625068e+09 -1.920992e-14 1.147232e-14 
9.782856e+09 -1.886234e-14 1.137802e-14 
9.940644e+09 -1.853176e-14 1.128759e-14 
1.009843e+10 -1.821720e-14 1.120080e-14 
1.025622e+10 -1.791775e-14 1.111746e-14 
1.041401e+10 -1.763255e-14 1.103737e-14 
1.057180e+10 -1.736081e-14 1.096038e-14 
1.072958e+10 -1.710177e-14 1.088631e-14 
1.088737e+10 -1.685473e-14 1.081502e-14 
1.104516e+10 -1.661903e-14 1.074636e-14 
1.120295e+10 -1.639406e-14 1.068020e-14 
1.136074e+10 -1.617924e-14 1.061641e-14 
1.151852e+10 -1.597402e-14 1.055489e-14 
1.167631e+10 -1.577788e-14 1.049551e-14 
1.183410e+10 -1.559036e-14 1.043818e-14 
1.199189e+10 -1.541099e-14 1.038279e-14 
1.214968e+10 -1.523935e-14 1.032927e-14 
1.230746e+10 -1.507504e-14 1.027751e-14 
1.246525e+10 -1.491769e-14 1.022744e-14 
1.262304e+10 -1.476693e-14 1.017899e-14 
1.278083e+10 -1.462243e-14 1.013208e-14 
1.293862e+10 -1.448388e-14 1.008663e-14 
1.309640e+10 -1.435098e-14 1.004260e-14 
1.325419e+10 -1.422344e-14 9.999912e-15 
1.341198e+10 -1.410100e-14 9.958512e-15 
1.356977e+10 -1.398341e-14 9.918346e-15 
1.372756e+10 -1.387044e-14 9.879362e-15 
1.388534e+10 -1.376185e-14 9.841510e-15 
1.404313e+10 -1.365744e-14 9.804745e-15 
1.420092e+10 -1.355700e-14 9.769022e-15 
1.435871e+10 -1.346036e-14 9.734298e-15 
1.451650e+10 -1.336732e-14 9.700535e-15 
1.467428e+10 -1.327771e-14 9.667694e-15 
1.483207e+10 -1.319139e-14 9.635738e-15 
1.498986e+10 -1.310818e-14 9.604635e-15 
1.514765e+10 -1.302796e-14 9.574352e-15 
1.530544e+10 -1.295058e-14 9.544857e-15 
1.546322e+10 -1.287592e-14 9.516120e-15 
1.562101e+10 -1.280384e-14 9.488115e-15 
1.577880e+10 -1.273424e-14 9.460813e-15 
1.593659e+10 -1.266700e-14 9.434189e-15 
1.609438e+10 -1.260202e-14 9.408218e-15 
1.625216e+10 -1.253919e-14 9.382878e-15 
1.640995e+10 -1.247843e-14 9.358146e-15 
1.656774e+10 -1.241964e-14 9.334001e-15 
1.672553e+10 -1.236274e-14 9.310422e-15 
1.688332e+10 -1.230764e-14 9.287389e-15 
1.704110e+10 -1.225427e-14 9.264885e-15 
1.719889e+10 -1.220255e-14 9.242892e-15 
1.735668e+10 -1.215242e-14 9.221392e-15 
1.751447e+10 -1.210380e-14 9.200368e-15 
1.767226e+10 -1.205664e-14 9.179806e-15 
1.783004e+10 -1.201087e-14 9.159691e-15 
1.798783e+10 -1.196644e-14 9.140007e-15 
1.814562e+10 -1.192329e-14 9.120741e-15 
1.830341e+10 -1.188137e-14 9.101881e-15 
1.846120e+10 -1.184062e-14 9.083412e-15 
1.861898e+10 -1.180101e-14 9.065323e-15 
1.877677e+10 -1.176248e-14 9.047603e-15 
1.893456e+10 -1.172500e-14 9.030239e-15 
1.909235e+10 -1.168852e-14 9.013222e-15 
1.925014e+10 -1.165300e-14 8.996540e-15 
1.940792e+10 -1.161840e-14 8.980184e-15 
1.956571e+10 -1.158469e-14 8.964144e-15 
1.972350e+10 -1.155184e-14 8.948411e-15 
1.988129e+10 -1.151981e-14 8.932976e-15 
2.003908e+10 -1.148858e-14 8.917830e-15 
2.019686e+10 -1.145810e-14 8.902965e-15 
2.035465e+10 -1.142835e-14 8.888373e-15 
2.051244e+10 -1.139932e-14 8.874046e-15 
2.067023e+10 -1.137096e-14 8.859978e-15 
2.082802e+10 -1.134325e-14 8.846160e-15 
2.098580e+10 -1.131618e-14 8.832586e-15 
2.114359e+10 -1.128971e-14 8.819250e-15 
2.130138e+10 -1.126383e-14 8.806144e-15 
2.145917e+10 -1.123852e-14 8.793263e-15 
2.161696e+10 -1.121375e-14 8.780600e-15 
2.177474e+10 -1.118950e-14 8.768151e-15 
2.193253e+10 -1.116577e-14 8.755909e-15 
2.209032e+10 -1.114252e-14 8.743868e-15 
2.224811e+10 -1.111975e-14 8.732025e-15 
2.240590e+10 -1.111471e-14 8.720373e-15 
2.256368e+10 -1.111551e-14 8.708908e-15 
2.272147e+10 -1.111643e-14 8.697625e-15 
2.287926e+10 -1.111747e-14 8.686520e-15 
2.303705e+10 -1.111861e-14 8.675588e-15 
2.319484e+10 -1.111986e-14 8.664824e-15 
2.335262e+10 -1.112120e-14 8.654225e-15 
2.351041e+10 -1.112264e-14 8.643787e-15 
2.366820e+10 -1.112417e-14 8.633506e-15 
2.382599e+10 -1.112578e-14 8.623377e-15 
2.398378e+10 -1.112747e-14 8.613398e-15 
2.414156e+10 -1.112924e-14 8.603565e-15 
2.429935e+10 -1.113108e-14 8.593875e-15 
2.445714e+10 -1.113299e-14 8.584323e-15 
2.461493e+10 -1.113496e-14 8.574908e-15 
2.477272e+10 -1.113700e-14 8.565625e-15 
2.493050e+10 -1.113909e-14 8.556472e-15 
2.508829e+10 -1.114123e-14 8.547445e-15 
2.524608e+10 -1.114343e-14 8.538543e-15 
2.540387e+10 -1.114567e-14 8.529762e-15 
2.556166e+10 -1.114797e-14 8.521099e-15 
2.571944e+10 -1.115030e-14 8.512552e-15 
2.587723e+10 -1.115267e-14 8.504119e-15 
2.603502e+10 -1.115509e-14 8.495796e-15 
2.619281e+10 -1.115753e-14 8.487582e-15 
2.635060e+10 -1.116002e-14 8.479474e-15 
2.650838e+10 -1.116253e-14 8.471470e-15 
2.666617e+10 -1.116507e-14 8.463567e-15 
2.682396e+10 -1.116764e-14 8.455764e-15 
2.698175e+10 -1.117024e-14 8.448059e-15 
2.713954e+10 -1.117286e-14 8.440448e-15 
2.729732e+10 -1.117550e-14 8.432932e-15 
2.745511e+10 -1.117816e-14 8.425506e-15 
2.761290e+10 -1.118084e-14 8.418183e-15 
2.777069e+10 -1.118355e-14 8.410944e-15 
2.792848e+10 -1.118626e-14 8.403790e-15 
2.808626e+10 -1.118899e-14 8.396719e-15 
2.824405e+10 -1.119174e-14 8.389730e-15 
2.840184e+10 -1.119449e-14 8.382822e-15 
2.855963e+10 -1.119725e-14 8.375992e-15 
2.871742e+10 -1.120002e-14 8.369240e-15 
2.887520e+10 -1.120280e-14 8.362564e-15 
2.903299e+10 -1.120559e-14 8.355963e-15 
2.919078e+10 -1.120838e-14 8.349435e-15 
2.934857e+10 -1.121118e-14 8.342978e-15 
2.950636e+10 -1.121398e-14 8.336593e-15 
2.966414e+10 -1.121679e-14 8.330276e-15 
2.982193e+10 -1.121960e-14 8.324027e-15 
2.997972e+10 -1.122241e-14 8.317845e-15 
3.013751e+10 -1.122522e-14 8.311729e-15 
3.029530e+10 -1.122803e-14 8.305676e-15 
3.045308e+10 -1.123084e-14 8.299687e-15 
3.061087e+10 -1.123365e-14 8.293760e-15 
3.076866e+10 -1.123646e-14 8.287893e-15 
3.092645e+10 -1.123927e-14 8.282086e-15 
3.108424e+10 -1.124207e-14 8.276338e-15 
3.124202e+10 -1.124487e-14 8.270647e-15 
3.139981e+10 -1.124767e-14 8.265013e-15 
3.155760e+10 -6.505307e-13 8.529901e-13 
3.171539e+10 -4.220181e-13 4.521540e-13 
3.187318e+10 -3.260530e-13 3.572592e-13 
3.203096e+10 -2.833503e-13 3.200196e-13 
3.218875e+10 -2.548142e-13 2.883354e-13 
3.234654e+10 -2.298795e-13 2.599441e-13 
3.250433e+10 -2.081180e-13 2.350268e-13 
3.266212e+10 -1.890907e-13 2.131359e-13 
3.281990e+10 -1.723602e-13 1.938680e-13 
3.297769e+10 -1.575735e-13 1.768459e-13 
3.313548e+10 -1.444407e-13 1.617523e-13 
3.329327e+10 -1.327258e-13 1.483201e-13 
3.345106e+10 -1.222339e-13 1.363251e-13 
3.360884e+10 -1.128031e-13 1.255789e-13 
3.376663e+10 -1.042975e-13 1.159220e-13 
3.392442e+10 -9.660246e-14 1.072190e-13 
3.408221e+10 -8.962040e-14 9.935435e-14 
3.424000e+10 -8.326807e-14 9.222896e-14 
3.439778e+10 -7.747400e-14 8.575758e-14 
3.455557e+10 -7.217653e-14 7.986652e-14 
3.471336e+10 -6.732230e-14 7.449193e-14 
3.487115e+10 -6.286491e-14 6.957824e-14 
3.502894e+10 -5.876390e-14 6.507697e-14 
3.518672e+10 -5.498384e-14 6.094568e-14 
3.534451e+10 -5.149360e-14 5.714713e-14 
3.550230e+10 -4.826574e-14 5.364853e-14 
3.566009e+10 -4.527599e-14 5.042094e-14 
3.581788e+10 -4.250284e-14 4.743874e-14 
3.597566e+10 -3.992715e-14 4.467921e-14 
3.613345e+10 -3.753184e-14 4.212214e-14 
3.629124e+10 -3.530163e-14 3.974950e-14 
3.644903e+10 -3.322281e-14 3.754519e-14 
3.660682e+10 -3.128308e-14 3.549479e-14 
3.676460e+10 -2.947131e-14 3.358534e-14 
3.692239e+10 -2.777749e-14 3.180519e-14 
3.708018e+10 -2.619252e-14 3.014384e-14 
3.723797e+10 -2.470816e-14 2.859180e-14 
3.739576e+10 -2.331693e-14 2.714047e-14 
3.755354e+10 -2.201198e-14 2.578208e-14 
3.771133e+10 -2.078711e-14 2.450955e-14 
3.786912e+10 -1.963660e-14 2.331644e-14 
3.802691e+10 -1.855525e-14 2.219689e-14 
3.818470e+10 -1.753827e-14 2.114554e-14 
3.834248e+10 -1.658128e-14 2.015749e-14 
3.850027e+10 -1.568022e-14 1.922826e-14 
3.865806e+10 -1.483138e-14 1.835374e-14 
3.881585e+10 -1.403134e-14 1.753015e-14 
3.897364e+10 -1.327690e-14 1.675402e-14 
3.913142e+10 -1.256515e-14 1.602215e-14 
3.928921e+10 -1.189338e-14 1.533160e-14 
3.944700e+10 -1.125906e-14 1.467964e-14 
3.960479e+10 -1.065987e-14 1.406377e-14 
3.976258e+10 -1.009365e-14 1.348167e-14 
3.992036e+10 -9.558368e-15 1.293117e-14 
4.007815e+10 -9.052169e-15 1.241029e-14 
4.023594e+10 -8.573305e-15 1.191719e-14 
4.039373e+10 -8.120152e-15 1.145013e-14 
4.055152e+10 -7.691197e-15 1.100754e-14 
4.070930e+10 -7.285025e-15 1.058792e-14 
4.086709e+10 -6.900316e-15 1.018989e-14 
4.102488e+10 -6.535836e-15 9.812178e-15 
4.118267e+10 -6.225606e-15 9.453570e-15 
4.134046e+10 -5.964138e-15 9.112953e-15 
4.149824e+10 -5.714305e-15 8.789282e-15 
4.165603e+10 -5.577820e-15 8.481581e-15 
4.181382e+10 -5.531973e-15 8.188938e-15 
4.197161e+10 -5.485403e-15 7.910500e-15 
4.212940e+10 -5.438199e-15 7.645469e-15 
4.228718e+10 -5.390443e-15 7.393096e-15 
4.244497e+10 -5.342213e-15 7.152680e-15 
4.260276e+10 -5.293580e-15 6.923565e-15 
4.276055e+10 -5.244612e-15 6.705133e-15 
4.291834e+10 -5.195370e-15 6.496806e-15 
4.307612e+10 -5.145913e-15 6.298041e-15 
4.323391e+10 -5.096294e-15 6.108326e-15 
4.339170e+10 -5.046563e-15 5.927182e-15 
4.354949e+10 -4.996767e-15 5.754157e-15 
4.370728e+10 -4.946948e-15 5.588826e-15 
4.386506e+10 -4.897148e-15 5.430790e-15 
4.402285e+10 -4.847401e-15 5.279671e-15 
4.418064e+10 -4.797744e-15 5.135115e-15 
4.433843e+10 -4.748208e-15 4.996788e-15 
4.449622e+10 -4.698822e-15 4.864373e-15 
4.465400e+10 -4.649613e-15 4.737574e-15 
4.481179e+10 -4.600606e-15 4.616110e-15 
4.496958e+10 -4.551825e-15 4.499715e-15 
4.512737e+10 -4.503291e-15 4.388140e-15 
4.528516e+10 -4.455022e-15 4.315543e-15 
4.544294e+10 -4.407038e-15 4.257221e-15 
