1.577880e+08 -1.448556e-05 2.862818e-09 
3.155760e+08 -2.509133e-06 1.676107e-06 
4.733640e+08 -2.310971e-06 8.502038e-08 
6.311520e+08 -1.624325e-06 3.729851e-07 
7.889400e+08 -1.338875e-06 2.329918e-07 
9.467280e+08 -1.115023e-06 1.954163e-07 
1.104516e+09 -9.578965e-07 1.476685e-07 
1.262304e+09 -8.354611e-07 1.144688e-07 
1.420092e+09 -7.387479e-07 8.706602e-08 
1.577880e+09 -6.601539e-07 6.539882e-08 
1.735668e+09 -5.952922e-07 4.780199e-08 
1.893456e+09 -5.410075e-07 3.344557e-08 
2.051244e+09 -4.950721e-07 2.787273e-08 
2.209032e+09 -4.558275e-07 2.569873e-08 
2.366820e+09 -4.220168e-07 2.344786e-08 
2.524608e+09 -3.926671e-07 2.117461e-08 
2.682396e+09 -3.670141e-07 1.891721e-08 
2.840184e+09 -3.444502e-07 1.670240e-08 
2.997972e+09 -3.244869e-07 1.454843e-08 
3.155760e+09 -3.067279e-07 1.246727e-08 
3.313548e+09 -2.908494e-07 1.046630e-08 
3.471336e+09 -2.765847e-07 8.549497e-09 
3.629124e+09 -2.637127e-07 6.718404e-09 
3.786912e+09 -2.520491e-07 4.972779e-09 
3.944700e+09 -2.414393e-07 3.311132e-09 
4.102488e+09 -2.317526e-07 1.731110e-09 
4.260276e+09 -2.228786e-07 9.256969e-10 
4.418064e+09 -2.147231e-07 8.468681e-10 
4.575852e+09 -2.072052e-07 7.735937e-10 
4.733640e+09 -2.002555e-07 7.057428e-10 
4.891428e+09 -1.938142e-07 6.431281e-10 
5.049216e+09 -1.878292e-07 5.855243e-10 
5.207004e+09 -1.822552e-07 5.326817e-10 
5.364792e+09 -1.770525e-07 4.843378e-10 
5.522580e+09 -1.721864e-07 4.402242e-10 
5.680368e+09 -1.676262e-07 4.242370e-10 
5.838156e+09 -1.633448e-07 5.877862e-10 
5.995944e+09 -1.593182e-07 7.337178e-10 
6.153732e+09 -1.555249e-07 8.642648e-10 
6.311520e+09 -1.519460e-07 9.813385e-10 
6.469308e+09 -1.506392e-07 1.086579e-09 
6.627096e+09 -1.494507e-07 1.181399e-09 
6.784884e+09 -1.483175e-07 1.267017e-09 
6.942672e+09 -1.472356e-07 1.344487e-09 
7.100460e+09 -1.462012e-07 1.414726e-09 
7.258248e+09 -1.452109e-07 1.478528e-09 
7.416036e+09 -1.442618e-07 1.536590e-09 
7.573824e+09 -1.433510e-07 1.589517e-09 
7.731612e+09 -1.424761e-07 1.637843e-09 
7.889400e+09 -1.416347e-07 1.682033e-09 
8.047188e+09 -1.408248e-07 1.722500e-09 
8.204976e+09 -1.400445e-07 1.759607e-09 
8.362764e+09 -1.392920e-07 1.793674e-09 
8.520552e+09 -1.385656e-07 1.824987e-09 
8.678340e+09 -1.378640e-07 1.853797e-09 
8.836128e+09 -1.371856e-07 1.880330e-09 
8.993916e+09 -1.365294e-07 1.904786e-09 
9.151704e+09 -1.358940e-07 1.927345e-09 
9.309492e+09 -1.352785e-07 1.948166e-09 
9.467280e+09 -1.346817e-07 1.967394e-09 
9.625068e+09 -1.341028e-07 1.985157e-09 
9.782856e+09 -1.335410e-07 2.001572e-09 
9.940644e+09 -1.329953e-07 2.016745e-09 
1.009843e+10 -1.324651e-07 2.030769e-09 
1.025622e+10 -1.319496e-07 2.043730e-09 
1.041401e+10 -1.314482e-07 2.055707e-09 
1.057180e+10 -1.309602e-07 2.066770e-09 
1.072958e+10 -1.304852e-07 2.076983e-09 
1.088737e+10 -1.300225e-07 2.086405e-09 
1.104516e+10 -1.295716e-07 2.095089e-09 
1.120295e+10 -1.291320e-07 2.103084e-09 
1.136074e+10 -1.287034e-07 2.110435e-09 
1.151852e+10 -1.282853e-07 2.117183e-09 
1.167631e+10 -1.278772e-07 2.123365e-09 
1.183410e+10 -1.274787e-07 2.129015e-09 
1.199189e+10 -1.270896e-07 2.134167e-09 
1.214968e+10 -1.267095e-07 2.138849e-09 
1.230746e+10 -1.263381e-07 2.143088e-09 
1.246525e+10 -1.259750e-07 2.146910e-09 
1.262304e+10 -1.256199e-07 2.150337e-09 
1.278083e+10 -1.252726e-07 2.153392e-09 
1.293862e+10 -1.249328e-07 2.156775e-09 
1.309640e+10 -1.246003e-07 2.170946e-09 
1.325419e+10 -1.242748e-07 2.184427e-09 
1.341198e+10 -1.239561e-07 2.197247e-09 
1.356977e+10 -1.236440e-07 2.209429e-09 
1.372756e+10 -1.233382e-07 2.221000e-09 
1.388534e+10 -1.230386e-07 2.231982e-09 
1.404313e+10 -1.227449e-07 2.242397e-09 
1.420092e+10 -1.224570e-07 2.252269e-09 
1.435871e+10 -1.221748e-07 2.261617e-09 
1.451650e+10 -1.218979e-07 2.270462e-09 
1.467428e+10 -1.216264e-07 2.278822e-09 
1.483207e+10 -1.213600e-07 2.286717e-09 
1.498986e+10 -1.210985e-07 2.294163e-09 
1.514765e+10 -1.208419e-07 2.301178e-09 
1.530544e+10 -1.205900e-07 2.307778e-09 
1.546322e+10 -1.203426e-07 2.313979e-09 
1.562101e+10 -1.200996e-07 2.319795e-09 
1.577880e+10 -1.198610e-07 2.325242e-09 
1.593659e+10 -1.196266e-07 2.330333e-09 
1.609438e+10 -1.193962e-07 2.335081e-09 
1.625216e+10 -1.191698e-07 2.339499e-09 
1.640995e+10 -1.189472e-07 2.343600e-09 
1.656774e+10 -1.187284e-07 2.347396e-09 
1.672553e+10 -1.185133e-07 2.350898e-09 
1.688332e+10 -1.183017e-07 2.354116e-09 
1.704110e+10 -1.180936e-07 2.357062e-09 
1.719889e+10 -1.178889e-07 2.359746e-09 
1.735668e+10 -1.176875e-07 2.362178e-09 
1.751447e+10 -1.174893e-07 2.364366e-09 
1.767226e+10 -1.172942e-07 2.366320e-09 
1.783004e+10 -1.171022e-07 2.368050e-09 
1.798783e+10 -1.169131e-07 2.369562e-09 
1.814562e+10 -1.167270e-07 2.370866e-09 
1.830341e+10 -1.165437e-07 2.371969e-09 
1.846120e+10 -1.163631e-07 2.372879e-09 
1.861898e+10 -1.161852e-07 2.373603e-09 
1.877677e+10 -1.160100e-07 2.374148e-09 
1.893456e+10 -1.158374e-07 2.374521e-09 
1.909235e+10 -1.156672e-07 2.374728e-09 
1.925014e+10 -1.154995e-07 2.374776e-09 
1.940792e+10 -1.153342e-07 2.374671e-09 
1.956571e+10 -1.151713e-07 2.374418e-09 
1.972350e+10 -1.150106e-07 2.374023e-09 
1.988129e+10 -1.148521e-07 2.373492e-09 
2.003908e+10 -1.146959e-07 2.372830e-09 
2.019686e+10 -1.145417e-07 2.372042e-09 
2.035465e+10 -1.143896e-07 2.371133e-09 
2.051244e+10 -1.142396e-07 2.370107e-09 
2.067023e+10 -1.140916e-07 2.368970e-09 
2.082802e+10 -1.139455e-07 2.367725e-09 
2.098580e+10 -1.138013e-07 2.366377e-09 
2.114359e+10 -1.136590e-07 2.364930e-09 
2.130138e+10 -1.135185e-07 2.363388e-09 
2.145917e+10 -1.133798e-07 2.361755e-09 
2.161696e+10 -1.132428e-07 2.360035e-09 
2.177474e+10 -1.131075e-07 2.358230e-09 
2.193253e+10 -1.129739e-07 2.356345e-09 
2.209032e+10 -1.128419e-07 2.354383e-09 
2.224811e+10 -1.127116e-07 2.352347e-09 
2.240590e+10 -1.125828e-07 2.350241e-09 
2.256368e+10 -1.124555e-07 2.348066e-09 
2.272147e+10 -1.123297e-07 2.345827e-09 
2.287926e+10 -1.122054e-07 2.343526e-09 
2.303705e+10 -1.120825e-07 2.341166e-09 
2.319484e+10 -1.119611e-07 2.338749e-09 
2.335262e+10 -1.118410e-07 2.336278e-09 
2.351041e+10 -1.117222e-07 2.333756e-09 
2.366820e+10 -1.116048e-07 2.331184e-09 
2.382599e+10 -1.114887e-07 2.328565e-09 
2.398378e+10 -1.113739e-07 2.325902e-09 
2.414156e+10 -1.112603e-07 2.323196e-09 
2.429935e+10 -1.111479e-07 2.320450e-09 
2.445714e+10 -1.110368e-07 2.317666e-09 
2.461493e+10 -1.109268e-07 2.314845e-09 
2.477272e+10 -1.108179e-07 2.311990e-09 
2.493050e+10 -1.107102e-07 2.309101e-09 
2.508829e+10 -1.106036e-07 2.306182e-09 
2.524608e+10 -1.104981e-07 2.303234e-09 
2.540387e+10 -1.103936e-07 2.300258e-09 
2.556166e+10 -1.102902e-07 2.297256e-09 
2.571944e+10 -1.101878e-07 2.294230e-09 
2.587723e+10 -1.100864e-07 2.291180e-09 
2.603502e+10 -1.099860e-07 2.288109e-09 
2.619281e+10 -1.098865e-07 2.285018e-09 
2.635060e+10 -1.097880e-07 2.281909e-09 
2.650838e+10 -1.096905e-07 2.278781e-09 
2.666617e+10 -1.095938e-07 2.275638e-09 
2.682396e+10 -1.094980e-07 2.272480e-09 
2.698175e+10 -1.094032e-07 2.269308e-09 
2.713954e+10 -1.093091e-07 2.266123e-09 
2.729732e+10 -1.092160e-07 2.262926e-09 
2.745511e+10 -1.091236e-07 2.259720e-09 
2.761290e+10 -1.090321e-07 2.256503e-09 
2.777069e+10 -1.089414e-07 2.253279e-09 
2.792848e+10 -1.088515e-07 2.250046e-09 
2.808626e+10 -1.087623e-07 2.246807e-09 
2.824405e+10 -1.086739e-07 2.243562e-09 
2.840184e+10 -1.085862e-07 2.240313e-09 
2.855963e+10 -1.084993e-07 2.237059e-09 
2.871742e+10 -1.084131e-07 2.233803e-09 
2.887520e+10 -1.083276e-07 2.230544e-09 
2.903299e+10 -1.082428e-07 2.227283e-09 
2.919078e+10 -1.081587e-07 2.224022e-09 
2.934857e+10 -1.080752e-07 2.220761e-09 
2.950636e+10 -1.079924e-07 2.217500e-09 
2.966414e+10 -1.079102e-07 2.214240e-09 
2.982193e+10 -1.078287e-07 2.210982e-09 
2.997972e+10 -1.077478e-07 2.207727e-09 
3.013751e+10 -1.076675e-07 2.204475e-09 
3.029530e+10 -1.075878e-07 2.201226e-09 
3.045308e+10 -1.075087e-07 2.197982e-09 
3.061087e+10 -1.074302e-07 2.194742e-09 
3.076866e+10 -1.073523e-07 2.191508e-09 
3.092645e+10 -1.072749e-07 2.188279e-09 
3.108424e+10 -1.071980e-07 2.185056e-09 
3.124202e+10 -1.071217e-07 2.181840e-09 
3.139981e+10 -1.070460e-07 2.178631e-09 
3.155760e+10 -1.069707e-07 2.175430e-09 
3.171539e+10 -8.329977e-06 4.638545e-06 
3.187318e+10 -1.261737e-06 1.632661e-07 
3.203096e+10 -1.120761e-06 3.136826e-07 
3.218875e+10 -7.405540e-07 1.566394e-07 
3.234654e+10 -5.812875e-07 1.318951e-07 
3.250433e+10 -4.611775e-07 1.047283e-07 
3.266212e+10 -3.785272e-07 8.974634e-08 
3.281990e+10 -3.158335e-07 7.793698e-08 
3.297769e+10 -2.675086e-07 6.893728e-08 
3.313548e+10 -2.292033e-07 6.157149e-08 
3.329327e+10 -1.983455e-07 5.543501e-08 
3.345106e+10 -1.731223e-07 5.021366e-08 
3.360884e+10 -1.522621e-07 4.571789e-08 
3.376663e+10 -1.348317e-07 4.180986e-08 
3.392442e+10 -1.201340e-07 3.838859e-08 
3.408221e+10 -1.076381e-07 3.537585e-08 
3.424000e+10 -9.693376e-08 3.270957e-08 
3.439778e+10 -8.770021e-08 3.033935e-08 
3.455557e+10 -7.968391e-08 2.822369e-08 
3.471336e+10 -7.268262e-08 2.632800e-08 
3.487115e+10 -6.653366e-08 2.462327e-08 
3.502894e+10 -6.110517e-08 2.308494e-08 
3.518672e+10 -5.628948e-08 2.169217e-08 
3.534451e+10 -5.199810e-08 2.042718e-08 
3.550230e+10 -4.815782e-08 1.927473e-08 
3.566009e+10 -4.470770e-08 1.822173e-08 
3.581788e+10 -4.159672e-08 1.725688e-08 
3.597566e+10 -3.878193e-08 1.637043e-08 
3.613345e+10 -3.622699e-08 1.555388e-08 
3.629124e+10 -3.390097e-08 1.479987e-08 
3.644903e+10 -3.177745e-08 1.410195e-08 
3.660682e+10 -2.983371e-08 1.345449e-08 
3.676460e+10 -2.805017e-08 1.285255e-08 
3.692239e+10 -2.640986e-08 1.229176e-08 
3.708018e+10 -2.489802e-08 1.176830e-08 
3.723797e+10 -2.350175e-08 1.127876e-08 
3.739576e+10 -2.220974e-08 1.082012e-08 
3.755354e+10 -2.101205e-08 1.038971e-08 
3.771133e+10 -1.989990e-08 9.985132e-09 
3.786912e+10 -1.886550e-08 9.604251e-09 
3.802691e+10 -1.790194e-08 9.245154e-09 
3.818470e+10 -1.700308e-08 8.906120e-09 
3.834248e+10 -1.616340e-08 8.585602e-09 
3.850027e+10 -1.537799e-08 8.282205e-09 
3.865806e+10 -1.464240e-08 7.994666e-09 
3.881585e+10 -1.395266e-08 7.721843e-09 
3.897364e+10 -1.330517e-08 7.462697e-09 
3.913142e+10 -1.269667e-08 7.216284e-09 
3.928921e+10 -1.212422e-08 6.981743e-09 
3.944700e+10 -1.158514e-08 6.758289e-09 
3.960479e+10 -1.107699e-08 6.545203e-09 
3.976258e+10 -1.059755e-08 6.341825e-09 
3.992036e+10 -1.014480e-08 6.147551e-09 
4.007815e+10 -9.716881e-09 5.961824e-09 
4.023594e+10 -9.312094e-09 5.784131e-09 
4.039373e+10 -8.928883e-09 5.613999e-09 
4.055152e+10 -8.565816e-09 5.450992e-09 
4.070930e+10 -8.221577e-09 5.294705e-09 
4.086709e+10 -7.894952e-09 5.144762e-09 
4.102488e+10 -7.584822e-09 5.000816e-09 
4.118267e+10 -7.290154e-09 4.862543e-09 
4.134046e+10 -7.009992e-09 4.729643e-09 
4.149824e+10 -6.743451e-09 4.601835e-09 
4.165603e+10 -6.489713e-09 4.478857e-09 
4.181382e+10 -6.248016e-09 4.360465e-09 
4.197161e+10 -6.017653e-09 4.246430e-09 
4.212940e+10 -5.797969e-09 4.136539e-09 
4.228718e+10 -5.588351e-09 4.030590e-09 
4.244497e+10 -5.388231e-09 3.928396e-09 
4.260276e+10 -5.197078e-09 3.829780e-09 
4.276055e+10 -5.014397e-09 3.734576e-09 
4.291834e+10 -4.839726e-09 3.642628e-09 
4.307612e+10 -4.672631e-09 3.553788e-09 
4.323391e+10 -4.512709e-09 3.467918e-09 
4.339170e+10 -4.359582e-09 3.384886e-09 
4.354949e+10 -4.212894e-09 3.304570e-09 
4.370728e+10 -4.072313e-09 3.226852e-09 
4.386506e+10 -3.937527e-09 3.151622e-09 
4.402285e+10 -3.808243e-09 3.078775e-09 
4.418064e+10 -3.684186e-09 3.008212e-09 
4.433843e+10 -3.565096e-09 2.939840e-09 
4.449622e+10 -3.450731e-09 2.873569e-09 
4.465400e+10 -3.340860e-09 2.809315e-09 
4.481179e+10 -3.235269e-09 2.746998e-09 
4.496958e+10 -3.133753e-09 2.686541e-09 
4.512737e+10 -3.036120e-09 2.627873e-09 
4.528516e+10 -2.942189e-09 2.570923e-09 
4.544294e+10 -2.851788e-09 2.515626e-09 
4.560073e+10 -2.764757e-09 2.461920e-09 
