# # x,y
0.000000000000000000e+00 -3.909526677650865167e+01 -9.225708293808158402e-10
5.000000000000000000e+03 -3.903203340742038563e+01 -9.146485638381066027e-10
1.000000000000000000e+04 -3.895496390119660646e+01 -9.160430948702899186e-10
1.500000000000000000e+04 -3.878110470552928746e+01 -9.105084146451003951e-10
2.000000000000000000e+04 -3.852834820543648675e+01 -9.000952144433873831e-10
2.500000000000000000e+04 -3.827543872303795069e+01 -9.021691578197320022e-10
3.000000000000000000e+04 -3.787035956158069894e+01 -8.812168343967732104e-10
3.500000000000000000e+04 -3.750800466828513891e+01 -8.871098380041682379e-10
4.000000000000000000e+04 -3.693980843073222786e+01 -8.623339318550703872e-10
4.500000000000000000e+04 -3.637101873761275783e+01 -8.547159487701448386e-10
5.000000000000000000e+04 -3.569865764211863279e+01 -8.384136785806617326e-10
5.500000000000000000e+04 -3.494005167210707441e+01 -8.184213406601460936e-10
6.000000000000000000e+04 -3.411226817156421021e+01 -8.082120273341585888e-10
6.500000000000000000e+04 -3.309703665634151548e+01 -7.718450528183546365e-10
7.000000000000000000e+04 -3.203708981780800968e+01 -7.368118891963309675e-10
7.500000000000000000e+04 -3.080169041268527508e+01 -7.404869910325391866e-10
8.000000000000000000e+04 -2.907721277105156332e+01 -5.892661562844795638e-10
8.500000000000000000e+04 -2.813135453336872160e+01 -7.309737754380467009e-10
9.000000000000000000e+04 -2.319886766618583351e+01 -4.063073397496786092e-10
9.500000000000000000e+04 -2.637786915979813784e+01 -6.569404898557489232e-10
1.000000000000000000e+05 -1.984533150633797050e+01 -4.425666199428787232e-10
1.050000000000000000e+05 -1.334462897334014997e+01 -2.295592823387654795e-10
1.100000000000000000e+05 -1.654160980955930427e+01 -4.773258009236275455e-10
1.150000000000000000e+05 -1.165017237036954612e+01 -1.674427685751744432e-10
1.200000000000000000e+05 -1.053932270029326901e+01 -2.983109623065732472e-10
1.250000000000000000e+05 -8.706772603269200772e+00 -1.418852549019168213e-10
1.300000000000000000e+05 -7.394770140701439232e+00 -1.543552407511028884e-10
1.350000000000000000e+05 -6.139732915093190968e+00 -1.066775133369170152e-10
1.400000000000000000e+05 -4.964368710760027170e+00 -7.396304533814594375e-11
1.450000000000000000e+05 -3.901578302495181561e+00 -5.394370102955545472e-11
1.500000000000000000e+05 -2.904163992963731289e+00 -2.876210143021998466e-11
1.550000000000000000e+05 -1.976785707694943994e+00 -8.471045088608318956e-12
1.600000000000000000e+05 -1.101286549062933773e+00 1.033177583538130393e-11
1.650000000000000000e+05 -2.718400841695256531e-01 2.916090147010450958e-11
1.700000000000000000e+05 5.031958633917383850e-01 4.596591826523609647e-11
1.750000000000000000e+05 1.234938136767596006e+00 6.197127282014039222e-11
1.800000000000000000e+05 1.935449744283687323e+00 7.677938727828434779e-11
1.850000000000000000e+05 2.597119787591509521e+00 9.089517703831135345e-11
1.900000000000000000e+05 3.229912982496898621e+00 1.045419044705578560e-10
1.950000000000000000e+05 3.825801435858011246e+00 1.163878264320347119e-10
2.000000000000000000e+05 4.398973776667844504e+00 1.285990501990623665e-10
2.050000000000000000e+05 4.942141937732230872e+00 1.398571438110470049e-10
2.100000000000000000e+05 5.459848317026626319e+00 1.497486294814561620e-10
2.150000000000000000e+05 5.962401222961489111e+00 1.606775322530499086e-10
2.200000000000000000e+05 6.436517599213402718e+00 1.698668019551796897e-10
2.250000000000000000e+05 6.888901525584515184e+00 1.783793824295148263e-10
2.300000000000000000e+05 7.331287205626722425e+00 1.883912818888754823e-10
2.350000000000000000e+05 7.744020894286222756e+00 1.952174225941316486e-10
2.400000000000000000e+05 8.152335045801009983e+00 2.045689831543922390e-10
2.450000000000000000e+05 8.532883337058592588e+00 2.110925403018960927e-10
2.500000000000000000e+05 8.900138271448668092e+00 2.184168563957143141e-10
2.550000000000000000e+05 9.253920185961760581e+00 2.247795691788894929e-10
2.600000000000000000e+05 9.596879131684545428e+00 2.320797530344611144e-10
2.650000000000000000e+05 9.916934296314138919e+00 2.366047123612935393e-10
2.700000000000000000e+05 1.024539183516753837e+01 2.450777711115215576e-10
2.750000000000000000e+05 1.054297868732828647e+01 2.496080328716264544e-10
2.800000000000000000e+05 1.082640700810588896e+01 2.544257565603058580e-10
2.850000000000000000e+05 1.110647416382562369e+01 2.600108197925150273e-10
2.900000000000000000e+05 1.136931797052966431e+01 2.637276584822036024e-10
2.950000000000000000e+05 1.163186139758909121e+01 2.698424684703352310e-10
3.000000000000000000e+05 1.187141239235643297e+01 2.726371831395010996e-10
3.050000000000000000e+05 1.211373426031786948e+01 2.781521388554212795e-10
3.100000000000000000e+05 1.233840848429827020e+01 2.816259475925481506e-10
3.150000000000000000e+05 1.255563399009406567e+01 2.853150446594616899e-10
3.200000000000000000e+05 1.276988082611933351e+01 2.896946270665707450e-10
3.250000000000000000e+05 1.296858605666784570e+01 2.926405153466956967e-10
3.300000000000000000e+05 1.316742906533181667e+01 2.966146792119922161e-10
3.350000000000000000e+05 1.335047817719168961e+01 2.999363379047728413e-10
3.400000000000000000e+05 1.351197633135598153e+01 3.003032956810852476e-10
3.450000000000000000e+05 1.369798375503160059e+01 3.057192150406214161e-10
3.500000000000000000e+05 1.386437594902236015e+01 3.088765400798341123e-10
3.550000000000000000e+05 1.401236055738991126e+01 3.104009261692104058e-10
3.600000000000000000e+05 1.417099569749552757e+01 3.148857251697729967e-10
3.650000000000000000e+05 1.430787868885090575e+01 3.159974262669504622e-10
3.700000000000000000e+05 1.444677149673225358e+01 3.188617189747031512e-10
3.750000000000000000e+05 1.457947784900898114e+01 3.213103944660737864e-10
3.800000000000000000e+05 1.469749874557601288e+01 3.225325900165513984e-10
3.850000000000000000e+05 1.481454283074708655e+01 3.247641199615438290e-10
3.900000000000000000e+05 1.492420953273540363e+01 3.261740951320602783e-10
3.950000000000000000e+05 1.503546135663054883e+01 3.285408172459935204e-10
4.000000000000000000e+05 1.513507392711471766e+01 3.305497915669186249e-10
4.050000000000000000e+05 1.521351774892536923e+01 3.294650772219659774e-10
4.100000000000000000e+05 1.532446604658616707e+01 3.341985739247487019e-10
4.150000000000000000e+05 1.541140105697559193e+01 3.355092084037590272e-10
4.200000000000000000e+05 1.547048845543758944e+01 3.343348763112840081e-10
4.250000000000000000e+05 1.554457707825349644e+01 3.358292852654284415e-10
4.300000000000000000e+05 1.562443307781359181e+01 3.378488237025882655e-10
4.350000000000000000e+05 1.569057117757620290e+01 3.396894184767612677e-10
4.400000000000000000e+05 1.573423897055909038e+01 3.383794456926901261e-10
4.450000000000000000e+05 1.579586456919787452e+01 3.408644293425362062e-10
4.500000000000000000e+05 1.584171066147973761e+01 3.411554235263367190e-10
4.550000000000000000e+05 1.588418620295124128e+01 3.416157683890104714e-10
4.600000000000000000e+05 1.593284468294586986e+01 3.439442986389831580e-10
4.650000000000000000e+05 1.595694993250072002e+01 3.425235687295772956e-10
4.700000000000000000e+05 1.599238836148288101e+01 3.444181502570063764e-10
4.750000000000000000e+05 1.601717830263078213e+01 3.442667779759330042e-10
4.800000000000000000e+05 1.603946173394797370e+01 3.447239052878604027e-10
4.850000000000000000e+05 1.605836585961515084e+01 3.455020221726951364e-10
4.900000000000000000e+05 1.606601151969516650e+01 3.450119666015340555e-10
4.950000000000000000e+05 1.606979945319471881e+01 3.448989591192734402e-10
5.000000000000000000e+05 1.607091713458066806e+01 3.445511041070725132e-10
