# # x,y
0.000000000000000000e+00 -4.551295481796842068e+01 -8.865533920347443753e-10
5.000000000000000000e+03 -4.540366232395172119e+01 -8.810095099470954198e-10
1.000000000000000000e+04 -4.533228389424039051e+01 -8.814105418999222863e-10
1.500000000000000000e+04 -4.512213101523229852e+01 -8.766056888934988648e-10
2.000000000000000000e+04 -4.480227325315354392e+01 -8.678299083315497207e-10
2.500000000000000000e+04 -4.455567772185895592e+01 -8.678445159436377431e-10
3.000000000000000000e+04 -4.401344864052953199e+01 -8.500605717289943349e-10
3.500000000000000000e+04 -4.367748277686769143e+01 -8.519931550417729975e-10
4.000000000000000000e+04 -4.295285309490282089e+01 -8.321736504655343092e-10
4.500000000000000000e+04 -4.232109047408448532e+01 -8.223322421314750146e-10
5.000000000000000000e+04 -4.153928174189059064e+01 -8.074332897257184343e-10
5.500000000000000000e+04 -4.064316766720730811e+01 -7.889067966585222643e-10
6.000000000000000000e+04 -3.971363333734916523e+01 -7.725125031468814860e-10
6.500000000000000000e+04 -3.850727848696988076e+01 -7.498864888834614353e-10
7.000000000000000000e+04 -3.715155449655139819e+01 -7.089613969907994757e-10
7.500000000000000000e+04 -3.594319799792720005e+01 -7.075167180108594682e-10
8.000000000000000000e+04 -3.341915393160888925e+01 -6.200114463742428570e-10
8.500000000000000000e+04 -3.297356890968512744e+01 -6.509640294065503914e-10
9.000000000000000000e+04 -2.656959764729253948e+01 -5.030770110697889660e-10
9.500000000000000000e+04 -3.068186487461207435e+01 -5.774532405219977698e-10
1.000000000000000000e+05 -2.292778665706282482e+01 -4.255478198675460001e-10
1.050000000000000000e+05 -1.519234182732179761e+01 -2.691419921153203772e-10
1.100000000000000000e+05 -1.932408475002739578e+01 -3.460351718027902219e-10
1.150000000000000000e+05 -1.301185583241749555e+01 -2.009727217313192642e-10
1.200000000000000000e+05 -1.235453977313591167e+01 -2.272485072222259373e-10
1.250000000000000000e+05 -9.689999872935004532e+00 -1.360673825201565816e-10
1.300000000000000000e+05 -8.438263762567657977e+00 -1.372756649629817951e-10
1.350000000000000000e+05 -6.824431037472095340e+00 -8.937094015475950571e-11
1.400000000000000000e+05 -5.478019240486901253e+00 -6.850026887392630366e-11
1.450000000000000000e+05 -4.245523756311740726e+00 -4.323013921980119668e-11
1.500000000000000000e+05 -3.076339186867699027e+00 -2.021833149550832405e-11
1.550000000000000000e+05 -2.011264692177064717e+00 -1.225422254536720264e-12
1.600000000000000000e+05 -1.001538687327411026e+00 1.753284086011314887e-11
1.650000000000000000e+05 -4.262697941157966852e-02 3.508724186718881404e-11
1.700000000000000000e+05 8.462318133097141981e-01 5.058371689885452761e-11
1.750000000000000000e+05 1.690948710311204195e+00 6.629232285471057349e-11
1.800000000000000000e+05 2.492381692514754832e+00 7.992526880181216985e-11
1.850000000000000000e+05 3.251654972671531141e+00 9.337422513646614993e-11
1.900000000000000000e+05 3.977322257764171809e+00 1.059558008397810360e-10
1.950000000000000000e+05 4.656231074535753578e+00 1.174111790377881181e-10
2.000000000000000000e+05 5.311895075778011233e+00 1.285596743946669204e-10
2.050000000000000000e+05 5.932863556954544038e+00 1.391916452610540130e-10
2.100000000000000000e+05 6.519186308840289712e+00 1.485943591732363484e-10
2.150000000000000000e+05 7.095128015032969415e+00 1.584485338720557869e-10
2.200000000000000000e+05 7.633042704197578132e+00 1.671878554283984185e-10
2.250000000000000000e+05 8.143869633961003274e+00 1.751503461752479225e-10
2.300000000000000000e+05 8.653337583120446652e+00 1.841081006521211353e-10
2.350000000000000000e+05 9.113925507001113147e+00 1.907342800038213795e-10
2.400000000000000000e+05 9.584845579753164202e+00 1.990721871006616182e-10
2.450000000000000000e+05 1.000974781386321411e+01 2.051140679442814232e-10
2.500000000000000000e+05 1.042805236671119928e+01 2.120447965015499541e-10
2.550000000000000000e+05 1.082459836819907650e+01 2.178279950300215622e-10
2.600000000000000000e+05 1.121688793908106163e+01 2.244285230800647255e-10
2.650000000000000000e+05 1.156858825765084475e+01 2.287965049965166839e-10
2.700000000000000000e+05 1.195270426268689334e+01 2.361255003803264302e-10
2.750000000000000000e+05 1.228092925762757659e+01 2.402804039196632595e-10
2.800000000000000000e+05 1.259859197831247002e+01 2.449715676433515749e-10
2.850000000000000000e+05 1.291565713362069800e+01 2.498913806558028495e-10
2.900000000000000000e+05 1.320495260687312111e+01 2.535749377833963754e-10
2.950000000000000000e+05 1.350760230579180643e+01 2.587994729306664192e-10
3.000000000000000000e+05 1.376748745510121807e+01 2.617092982931554090e-10
3.050000000000000000e+05 1.404604225727962330e+01 2.664362709821119468e-10
3.100000000000000000e+05 1.429433183709625155e+01 2.696283336024164770e-10
3.150000000000000000e+05 1.453726114716846496e+01 2.731253027789355685e-10
3.200000000000000000e+05 1.477935934416018426e+01 2.767238915270197281e-10
3.250000000000000000e+05 1.499922221974702552e+01 2.796559541821808665e-10
3.300000000000000000e+05 1.522323425830109045e+01 2.829214352021566588e-10
3.350000000000000000e+05 1.542957648128503934e+01 2.860824608686069105e-10
3.400000000000000000e+05 1.559669234487228096e+01 2.870873560839702442e-10
3.450000000000000000e+05 1.581551559286890551e+01 2.911772720778612170e-10
3.500000000000000000e+05 1.600307735597016290e+01 2.940125293795454721e-10
3.550000000000000000e+05 1.616272091359132901e+01 2.956722504607841316e-10
3.600000000000000000e+05 1.634854406944941729e+01 2.990219707383323206e-10
3.650000000000000000e+05 1.649460192216793075e+01 3.004294327120652456e-10
3.700000000000000000e+05 1.665201805322431028e+01 3.027878839377372255e-10
3.750000000000000000e+05 1.680035291722742841e+01 3.048471925256553079e-10
3.800000000000000000e+05 1.692838025133823976e+01 3.063058617281505578e-10
3.850000000000000000e+05 1.705959708447335288e+01 3.081175861497992623e-10
3.900000000000000000e+05 1.717958253523102030e+01 3.095693336266212571e-10
3.950000000000000000e+05 1.730589475983288139e+01 3.115198511376848061e-10
4.000000000000000000e+05 1.741841492790263146e+01 3.131628902814195448e-10
4.050000000000000000e+05 1.749330990342423320e+01 3.130069855786097346e-10
4.100000000000000000e+05 1.763164963183226064e+01 3.162876084537214030e-10
4.150000000000000000e+05 1.772694766812492162e+01 3.174153599813105110e-10
4.200000000000000000e+05 1.778184687043540180e+01 3.170978269942137052e-10
4.250000000000000000e+05 1.786561175866518170e+01 3.183530773729582934e-10
4.300000000000000000e+05 1.795697218150598928e+01 3.197890781708314977e-10
4.350000000000000000e+05 1.803495189145905897e+01 3.212731675205686882e-10
4.400000000000000000e+05 1.807246688712621108e+01 3.206805216365555558e-10
4.450000000000000000e+05 1.814928078808588907e+01 3.225778104163475076e-10
4.500000000000000000e+05 1.819731179450172931e+01 3.228579578438206822e-10
4.550000000000000000e+05 1.824308857769938186e+01 3.233317941318992201e-10
4.600000000000000000e+05 1.830507568508619443e+01 3.248931221508276812e-10
4.650000000000000000e+05 1.832201920531224459e+01 3.241758826517617640e-10
4.700000000000000000e+05 1.836915921856416389e+01 3.255949482561463481e-10
4.750000000000000000e+05 1.839228957291925326e+01 3.253505567566800129e-10
4.800000000000000000e+05 1.841816715826280415e+01 3.258977193911915109e-10
4.850000000000000000e+05 1.844148447184124961e+01 3.264056640100335893e-10
4.900000000000000000e+05 1.844603125611320138e+01 3.260179141790025050e-10
4.950000000000000000e+05 1.844984434597427025e+01 3.260637012435669441e-10
5.000000000000000000e+05 1.844833600387210026e+01 3.257242471780784051e-10
