# # x,y
0.000000000000000000e+00 -2.687395404384005815e+01 1.455356997593600234e-10
5.000000000000000000e+03 -2.671155014174291864e+01 1.412997687484564001e-10
1.000000000000000000e+04 -2.671677560079842806e+01 1.431011216970655641e-10
1.500000000000000000e+04 -2.657784912560600787e+01 1.411248902660332453e-10
2.000000000000000000e+04 -2.631670000666053966e+01 1.374327212086334048e-10
2.500000000000000000e+04 -2.630383216089103371e+01 1.410904333352516869e-10
3.000000000000000000e+04 -2.579592797416262329e+01 1.331434892236575494e-10
3.500000000000000000e+04 -2.581862645712681115e+01 1.406210906922921640e-10
4.000000000000000000e+04 -2.525314705126220360e+01 1.301053001900801899e-10
4.500000000000000000e+04 -2.493764958088286221e+01 1.319625416136288307e-10
5.000000000000000000e+04 -2.447846254910109565e+01 1.294061101304167970e-10
5.500000000000000000e+04 -2.393941335071576759e+01 1.240628386310318484e-10
6.000000000000000000e+04 -2.339937359181931242e+01 1.339399141855288505e-10
6.500000000000000000e+04 -2.273376807163003832e+01 1.092357653226841201e-10
7.000000000000000000e+04 -2.156841359043028206e+01 1.147030902496118849e-10
7.500000000000000000e+04 -2.138417603599373251e+01 1.221435700366115668e-10
8.000000000000000000e+04 -1.895689681824296713e+01 9.180309644500389821e-12
8.500000000000000000e+04 -1.960959342331625521e+01 1.968692620581505013e-10
9.000000000000000000e+04 -1.536997553508263081e+01 -1.123925133806621805e-10
9.500000000000000000e+04 -1.743129214708460495e+01 1.926655805777782648e-10
1.000000000000000000e+05 -1.277517329406691715e+01 7.935347084615743063e-11
1.050000000000000000e+05 -7.950773226853925735e+00 -2.475699888893884694e-11
1.100000000000000000e+05 -1.010556818183977157e+01 2.729526877614282116e-10
1.150000000000000000e+05 -5.935477237566374242e+00 -1.757090450697129640e-11
1.200000000000000000e+05 -6.449778444250114262e+00 1.596354103332786983e-10
1.250000000000000000e+05 -3.928944402141496539e+00 4.395912422516380460e-11
1.300000000000000000e+05 -3.832413394760806113e+00 6.030106459322301442e-11
1.350000000000000000e+05 -2.445875456905923784e+00 5.739154197753573909e-11
1.400000000000000000e+05 -1.829813870193902403e+00 3.495500258676981992e-11
1.450000000000000000e+05 -1.038766540936194360e+00 4.157814519754733411e-11
1.500000000000000000e+05 -3.796822208678349853e-01 3.395867490348644263e-11
1.550000000000000000e+05 2.073095839587040246e-01 3.105220378879359402e-11
1.600000000000000000e+05 7.726042646099813282e-01 2.773551693125737131e-11
1.650000000000000000e+05 1.281727203167974949e+00 2.313265580773333104e-11
1.700000000000000000e+05 1.755607841536402702e+00 1.957275496216538951e-11
1.750000000000000000e+05 2.213932939688675106e+00 1.607449917202426555e-11
1.800000000000000000e+05 2.618554169486742467e+00 1.244918821340095556e-11
1.850000000000000000e+05 3.016548389743547887e+00 9.047181776177707730e-12
1.900000000000000000e+05 3.385344239068217576e+00 5.295132944397313822e-12
1.950000000000000000e+05 3.724239655770361423e+00 2.727141073175697430e-12
2.000000000000000000e+05 4.050275929446797818e+00 -9.347903058021356926e-13
2.050000000000000000e+05 4.362843249458819628e+00 -3.755256250699946816e-12
2.100000000000000000e+05 4.637012076622340828e+00 -6.382005437052796976e-12
2.150000000000000000e+05 4.924829609808512032e+00 -9.819097600517801192e-12
2.200000000000000000e+05 5.179061731905676425e+00 -1.229143092126459613e-11
2.250000000000000000e+05 5.411318195867352188e+00 -1.469817618199304275e-11
2.300000000000000000e+05 5.669938478269614279e+00 -1.813463743995108004e-11
2.350000000000000000e+05 5.863329066312871873e+00 -1.984574910695274043e-11
2.400000000000000000e+05 6.103050415928009897e+00 -2.315590984291614473e-11
2.450000000000000000e+05 6.278538733837194741e+00 -2.523103077321508098e-11
2.500000000000000000e+05 6.476332807040307671e+00 -2.740979059769157884e-11
2.550000000000000000e+05 6.644893097225576639e+00 -2.950934264409297104e-11
2.600000000000000000e+05 6.832679584797006100e+00 -3.215513092191095364e-11
2.650000000000000000e+05 6.958534034551121294e+00 -3.346868259872335397e-11
2.700000000000000000e+05 7.168558657926041633e+00 -3.679989445268195256e-11
2.750000000000000000e+05 7.287524498009588569e+00 -3.845685428729587472e-11
2.800000000000000000e+05 7.419986754655838013e+00 -3.985028906445657789e-11
2.850000000000000000e+05 7.561142274003941566e+00 -4.200256942631022470e-11
2.900000000000000000e+05 7.665333408745937049e+00 -4.312527972959591770e-11
2.950000000000000000e+05 7.812761972192674875e+00 -4.571970395275417238e-11
3.000000000000000000e+05 7.897018523013684899e+00 -4.634313401416436752e-11
3.050000000000000000e+05 8.028976380126550794e+00 -4.878971347963777925e-11
3.100000000000000000e+05 8.120036053005605936e+00 -5.004029289769966917e-11
3.150000000000000000e+05 8.217815718089696020e+00 -5.135030928250112655e-11
3.200000000000000000e+05 8.319393591547850519e+00 -5.347058134793550433e-11
3.250000000000000000e+05 8.402022713038604707e+00 -5.432111161251022291e-11
3.300000000000000000e+05 8.494691414816770703e+00 -5.626748789350107840e-11
3.350000000000000000e+05 8.583079747681040317e+00 -5.736610913457452522e-11
3.400000000000000000e+05 8.610827376134693623e+00 -5.682589690018316139e-11
3.450000000000000000e+05 8.724854850268457085e+00 -5.996337828119848915e-11
3.500000000000000000e+05 8.805388011212926358e+00 -6.118690086038574071e-11
3.550000000000000000e+05 8.851534605084452778e+00 -6.150705562181541133e-11
3.600000000000000000e+05 8.943169453297741711e+00 -6.420844416653152662e-11
3.650000000000000000e+05 8.984409506549127400e+00 -6.416846275536343522e-11
3.700000000000000000e+05 9.047382124059367925e+00 -6.573795095630207457e-11
3.750000000000000000e+05 9.106751365819945931e+00 -6.684499438090872278e-11
3.800000000000000000e+05 9.146025501657277346e+00 -6.704875286825066692e-11
3.850000000000000000e+05 9.196433329198043793e+00 -6.818335518289698307e-11
3.900000000000000000e+05 9.237042242020834237e+00 -6.858089995847634743e-11
3.950000000000000000e+05 9.291288363747298717e+00 -6.981353604491386670e-11
4.000000000000000000e+05 9.336267627484630793e+00 -7.084430527273413497e-11
4.050000000000000000e+05 9.332081740605644882e+00 -6.950586175855226383e-11
4.100000000000000000e+05 9.423014969681389630e+00 -7.258489632748397625e-11
4.150000000000000000e+05 9.455364155757706612e+00 -7.323695242196295937e-11
4.200000000000000000e+05 9.443933906732127070e+00 -7.202249885990944306e-11
4.250000000000000000e+05 9.479284654487855732e+00 -7.270135678580981967e-11
4.300000000000000000e+05 9.520266783947590739e+00 -7.405823991477249823e-11
4.350000000000000000e+05 9.560547033615875989e+00 -7.499845262778228710e-11
4.400000000000000000e+05 9.543640882708132267e+00 -7.386566466421501075e-11
4.450000000000000000e+05 9.596906172344461083e+00 -7.523291835471515683e-11
4.500000000000000000e+05 9.603108843497466296e+00 -7.542105600936222267e-11
4.550000000000000000e+05 9.616550281760282815e+00 -7.556582788287051378e-11
4.600000000000000000e+05 9.658825599355623126e+00 -7.718036058374263754e-11
4.650000000000000000e+05 9.640950656612403691e+00 -7.588365764706204556e-11
4.700000000000000000e+05 9.678101134311873466e+00 -7.706899280985496394e-11
4.750000000000000000e+05 9.670780154876410961e+00 -7.725399935708891344e-11
4.800000000000000000e+05 9.688191298104356974e+00 -7.716073104599372067e-11
4.850000000000000000e+05 9.701814343745354563e+00 -7.770636873451540017e-11
4.900000000000000000e+05 9.690587394288741052e+00 -7.751713453211478754e-11
4.950000000000000000e+05 9.691498646570835263e+00 -7.728637739554261592e-11
5.000000000000000000e+05 9.682341771142091602e+00 -7.722502542395957597e-11
