# # x,y
0.000000000000000000e+00 -4.662774356763111427e+01 -8.804926869985023717e-10
5.000000000000000000e+03 -4.651159649254987016e+01 -8.751450290859743256e-10
1.000000000000000000e+04 -4.644065144855994731e+01 -8.754450639522268097e-10
1.500000000000000000e+04 -4.622450578975258395e+01 -8.707422419753480254e-10
2.000000000000000000e+04 -4.589367905253311619e+01 -8.621154022753394613e-10
2.500000000000000000e+04 -4.564696564251789823e+01 -8.619441287765846917e-10
3.000000000000000000e+04 -4.508260541461640969e+01 -8.446015454454537331e-10
3.500000000000000000e+04 -4.474874673248268664e+01 -8.460747276518123263e-10
4.000000000000000000e+04 -4.399955261411378160e+01 -8.268864160994089369e-10
4.500000000000000000e+04 -4.335517319798236713e+01 -8.167761861926569349e-10
5.000000000000000000e+04 -4.255472153506707400e+01 -8.021081658443436057e-10
5.500000000000000000e+04 -4.163532650616252795e+01 -7.837268007715696270e-10
6.000000000000000000e+04 -4.068490054877474904e+01 -7.670631939551328518e-10
6.500000000000000000e+04 -3.945045888522872701e+01 -7.450881421783986980e-10
7.000000000000000000e+04 -3.804369978263275698e+01 -7.050316201776879845e-10
7.500000000000000000e+04 -3.683230340748559684e+01 -7.019195838993286655e-10
8.000000000000000000e+04 -3.420158556208480150e+01 -6.195888502970510768e-10
8.500000000000000000e+04 -3.378981514589395374e+01 -6.433838833027926214e-10
9.000000000000000000e+04 -2.720665333193028346e+01 -5.056877600996201400e-10
9.500000000000000000e+04 -3.140600398258538917e+01 -5.708292529146051660e-10
1.000000000000000000e+05 -2.346263778547290713e+01 -4.222749523602530752e-10
1.050000000000000000e+05 -1.553178673429647461e+01 -2.686253861318844809e-10
1.100000000000000000e+05 -1.975411825784249231e+01 -3.367267054666584802e-10
1.150000000000000000e+05 -1.326572881272295490e+01 -2.011308809067041525e-10
1.200000000000000000e+05 -1.263651584822218865e+01 -2.205086427155075343e-10
1.250000000000000000e+05 -9.860828635166399181e+00 -1.347298639305719737e-10
1.300000000000000000e+05 -8.609230833535548300e+00 -1.340455588747042841e-10
1.350000000000000000e+05 -6.935709047538693994e+00 -8.721517462832735269e-11
1.400000000000000000e+05 -5.563244710909202695e+00 -6.675052487989023583e-11
1.450000000000000000e+05 -4.298842160671483725e+00 -4.147197238768153707e-11
1.500000000000000000e+05 -3.100794404512271285e+00 -1.871778619579919172e-11
1.550000000000000000e+05 -2.011885918094776571e+00 7.547755622030553413e-14
1.600000000000000000e+05 -9.785122005851007998e-01 1.879249583276880858e-11
1.650000000000000000e+05 2.354295749682933092e-03 3.605674922712126851e-11
1.700000000000000000e+05 9.106748100020922720e-01 5.141703079070947605e-11
1.750000000000000000e+05 1.775138235127087682e+00 6.700597164641019369e-11
1.800000000000000000e+05 2.593637651647441089e+00 8.043975167389958663e-11
1.850000000000000000e+05 3.369816880265716463e+00 9.378885466485840262e-11
1.900000000000000000e+05 4.111242157756350935e+00 1.061962576830020463e-10
1.950000000000000000e+05 4.804540029843337834e+00 1.175513487760368108e-10
2.000000000000000000e+05 5.474171541514806449e+00 1.285521583685933642e-10
2.050000000000000000e+05 6.108471804007422179e+00 1.390588054432389256e-10
2.100000000000000000e+05 6.706588653090875596e+00 1.483555490144352077e-10
2.150000000000000000e+05 7.294863100687507540e+00 1.580611914463943158e-10
2.200000000000000000e+05 7.843735884351190180e+00 1.666964228491662131e-10
2.250000000000000000e+05 8.364544896408915520e+00 1.745617122840490876e-10
2.300000000000000000e+05 8.885208766325376928e+00 1.833635709275160763e-10
2.350000000000000000e+05 9.354120084608439356e+00 1.899313232557393571e-10
2.400000000000000000e+05 9.835454149579163641e+00 1.981140882912797451e-10
2.450000000000000000e+05 1.026793426909716800e+01 2.040870157654259758e-10
2.500000000000000000e+05 1.069490687601501122e+01 2.109040539888461586e-10
2.550000000000000000e+05 1.109870109119219705e+01 2.166143001847865036e-10
2.600000000000000000e+05 1.149923555692657828e+01 2.230927631736173790e-10
2.650000000000000000e+05 1.185641868604579940e+01 2.274165680295891660e-10
2.700000000000000000e+05 1.224967662454582751e+01 2.345929067401926175e-10
2.750000000000000000e+05 1.258310731017263606e+01 2.386926075032354794e-10
2.800000000000000000e+05 1.290664060163544491e+01 2.433112083876457190e-10
2.850000000000000000e+05 1.322985348594374955e+01 2.481435745068329909e-10
2.900000000000000000e+05 1.352377157373121008e+01 2.517877640936893121e-10
2.950000000000000000e+05 1.383292406180407852e+01 2.568840224285589191e-10
3.000000000000000000e+05 1.409647915809182450e+01 2.597881021473276316e-10
3.050000000000000000e+05 1.438091465533943847e+01 2.643947485119472818e-10
3.100000000000000000e+05 1.463320100260898471e+01 2.675409089524206381e-10
3.150000000000000000e+05 1.488050172518705949e+01 2.709771123586558631e-10
3.200000000000000000e+05 1.512708021339494735e+01 2.744891838520738380e-10
3.250000000000000000e+05 1.535061762068653479e+01 2.773830741103577651e-10
3.300000000000000000e+05 1.557869937561918050e+01 2.805757718897298362e-10
3.350000000000000000e+05 1.578899127111071721e+01 2.836794746488703445e-10
3.400000000000000000e+05 1.595739566336851567e+01 2.847106605862879223e-10
3.450000000000000000e+05 1.618128553411224857e+01 2.886675112034046572e-10
3.500000000000000000e+05 1.637239025713643059e+01 2.914521415959381113e-10
3.550000000000000000e+05 1.653411889274138957e+01 2.930970712020118490e-10
3.600000000000000000e+05 1.672407959459815174e+01 2.963209721989041438e-10
3.650000000000000000e+05 1.687192638381384313e+01 2.977444812008459596e-10
3.700000000000000000e+05 1.703226083947811276e+01 3.000208959706772375e-10
3.750000000000000000e+05 1.718317086133174598e+01 3.020463250558857421e-10
3.800000000000000000e+05 1.731302928045624867e+01 3.034895682427416435e-10
3.850000000000000000e+05 1.744649749057134613e+01 3.052519117787753769e-10
3.900000000000000000e+05 1.756830518855713308e+01 3.066885833045432080e-10
3.950000000000000000e+05 1.769704422191716731e+01 3.085897508325618250e-10
4.000000000000000000e+05 1.781160120078129694e+01 3.101810680139174992e-10
4.050000000000000000e+05 1.788634582486702129e+01 3.100880760069806415e-10
4.100000000000000000e+05 1.802872789249522611e+01 3.132324763264797818e-10
4.150000000000000000e+05 1.812544052861630917e+01 3.143474719078512461e-10
4.200000000000000000e+05 1.817996626778040081e+01 3.140664687867226248e-10
4.250000000000000000e+05 1.826529357885010540e+01 3.152909961583226640e-10
4.300000000000000000e+05 1.835844050825107843e+01 3.166907871100885268e-10
4.350000000000000000e+05 1.843825348035898060e+01 3.181192363943718835e-10
4.400000000000000000e+05 1.847506008786149323e+01 3.175806084473902945e-10
4.450000000000000000e+05 1.855422475759405643e+01 3.194167871794395734e-10
4.500000000000000000e+05 1.860259833862073720e+01 3.196813581146644972e-10
4.550000000000000000e+05 1.864897379180183634e+01 3.201556804602915246e-10
4.600000000000000000e+05 1.871287534484872594e+01 3.216391883113669741e-10
4.650000000000000000e+05 1.872896344476612285e+01 3.209905639581930871e-10
4.700000000000000000e+05 1.877784633135888726e+01 3.223424593364852854e-10
4.750000000000000000e+05 1.880067075358238071e+01 3.221016775345699782e-10
4.800000000000000000e+05 1.882724596373736858e+01 3.226582881969296229e-10
4.850000000000000000e+05 1.885118427843553945e+01 3.231384314876421649e-10
4.900000000000000000e+05 1.885525116516510025e+01 3.227638567864319718e-10
4.950000000000000000e+05 1.885912435228237882e+01 3.228125866779103146e-10
5.000000000000000000e+05 1.885719806776614860e+01 3.224878074097965684e-10
