# # x,y
0.000000000000000000e+00 -2.626529543363722041e+01 1.405457680042631161e-10
5.000000000000000000e+03 -2.611680757964495569e+01 1.380856437857691175e-10
1.000000000000000000e+04 -2.611640300595900044e+01 1.390302691014715936e-10
1.500000000000000000e+04 -2.598435831803362817e+01 1.376511306304123656e-10
2.000000000000000000e+04 -2.573670350521570072e+01 1.349193570208836430e-10
2.500000000000000000e+04 -2.571108868723968044e+01 1.372318361881518987e-10
3.000000000000000000e+04 -2.523535780434031039e+01 1.304500630215429272e-10
3.500000000000000000e+04 -2.523094437894178554e+01 1.355096702039472310e-10
4.000000000000000000e+04 -2.470420749793993309e+01 1.279131410853267802e-10
4.500000000000000000e+04 -2.438388743001269177e+01 1.280633675561529786e-10
5.000000000000000000e+04 -2.393037481774808839e+01 1.272164216022886312e-10
5.500000000000000000e+04 -2.342027129454072565e+01 1.205379637431806265e-10
6.000000000000000000e+04 -2.284982144332025200e+01 1.249549660200204620e-10
6.500000000000000000e+04 -2.225269159046001732e+01 1.145649480309887090e-10
7.000000000000000000e+04 -2.112155799742322415e+01 1.017522874104619539e-10
7.500000000000000000e+04 -2.085960573394550011e+01 1.204768108508092730e-10
8.000000000000000000e+04 -1.880266303441021591e+01 5.558883705305904109e-11
8.500000000000000000e+04 -1.892375597631325945e+01 1.382139606528442513e-10
9.000000000000000000e+04 -1.549645347276236862e+01 1.673346646173351756e-11
9.500000000000000000e+04 -1.680814883159473538e+01 1.217015717638477739e-10
1.000000000000000000e+05 -1.243460872763535008e+01 8.012935230367961256e-11
1.050000000000000000e+05 -7.861505253822542727e+00 4.394941684080971820e-11
1.100000000000000000e+05 -9.291735682752914727e+00 1.449061749399855028e-10
1.150000000000000000e+05 -5.880866206600330770e+00 3.131307892712518763e-11
1.200000000000000000e+05 -5.890012176241725683e+00 1.102477717703610010e-10
1.250000000000000000e+05 -3.753318023518659174e+00 4.240522078015700277e-11
1.300000000000000000e+05 -3.555951644841115922e+00 6.405154681394382459e-11
1.350000000000000000e+05 -2.226444203173741698e+00 4.816356346895894609e-11
1.400000000000000000e+05 -1.667898837185930461e+00 3.976186822605374598e-11
1.450000000000000000e+05 -8.620644024340435863e-01 4.054070523780879374e-11
1.500000000000000000e+05 -2.417158168391324580e-01 3.168408116979711988e-11
1.550000000000000000e+05 3.386552155716344714e-01 3.055267901209424253e-11
1.600000000000000000e+05 8.878965138574130833e-01 2.632762231755037039e-11
1.650000000000000000e+05 1.377393432601820678e+00 2.194133135668977326e-11
1.700000000000000000e+05 1.837678163603413850e+00 1.892720139551626705e-11
1.750000000000000000e+05 2.280297269287984818e+00 1.510537180878541149e-11
1.800000000000000000e+05 2.669907766394317150e+00 1.172137093878689866e-11
1.850000000000000000e+05 3.053505276038777083e+00 8.337261402688202453e-12
1.900000000000000000e+05 3.407267894363030791e+00 4.968261748933670362e-12
1.950000000000000000e+05 3.734317048743832856e+00 2.059342919846355056e-12
2.000000000000000000e+05 4.045782643079292029e+00 -1.181781271209881221e-12
2.050000000000000000e+05 4.346179189742542803e+00 -4.053455126734641355e-12
2.100000000000000000e+05 4.608871488948352635e+00 -6.789162223848876592e-12
2.150000000000000000e+05 4.883015821338631213e+00 -9.816594484964063407e-12
2.200000000000000000e+05 5.126407779986038804e+00 -1.241087702049485816e-11
2.250000000000000000e+05 5.348466014314908534e+00 -1.479030166031254414e-11
2.300000000000000000e+05 5.593198471644427627e+00 -1.788186798135747478e-11
2.350000000000000000e+05 5.778959408286027610e+00 -1.976176996967655285e-11
2.400000000000000000e+05 6.005289472697768360e+00 -2.274589909357802189e-11
2.450000000000000000e+05 6.172326359665021300e+00 -2.469744343361300781e-11
2.500000000000000000e+05 6.360020919528324157e+00 -2.713533795102581523e-11
2.550000000000000000e+05 6.520334466767963022e+00 -2.898835561215159881e-11
2.600000000000000000e+05 6.697044039377942681e+00 -3.152058899654176679e-11
2.650000000000000000e+05 6.816988598671741784e+00 -3.297891724876602649e-11
2.700000000000000000e+05 7.014131285483017564e+00 -3.576028192279508694e-11
2.750000000000000000e+05 7.126367562450468540e+00 -3.731973991526644076e-11
2.800000000000000000e+05 7.251849726773798466e+00 -3.907558915117854236e-11
2.850000000000000000e+05 7.384524133231025189e+00 -4.095047203894459951e-11
2.900000000000000000e+05 7.483470906445290893e+00 -4.229038331801940755e-11
2.950000000000000000e+05 7.620394968718755990e+00 -4.458835320319144109e-11
3.000000000000000000e+05 7.701601182052399963e+00 -4.543103452303010201e-11
3.050000000000000000e+05 7.823678187793120742e+00 -4.761071826450416968e-11
3.100000000000000000e+05 7.909396160452160984e+00 -4.886102861585533887e-11
3.150000000000000000e+05 8.001266872626729310e+00 -5.029973523713884476e-11
3.200000000000000000e+05 8.094918588350992650e+00 -5.197079264363168474e-11
3.250000000000000000e+05 8.173278020229190588e+00 -5.307499075583942119e-11
3.300000000000000000e+05 8.258926048234570771e+00 -5.454315869465864685e-11
3.350000000000000000e+05 8.342029332707170397e+00 -5.584005441727015174e-11
3.400000000000000000e+05 8.370154186093714088e+00 -5.606008438103483759e-11
3.450000000000000000e+05 8.473205721937119961e+00 -5.825121397615655320e-11
3.500000000000000000e+05 8.548837317619472742e+00 -5.936241644034452082e-11
3.550000000000000000e+05 8.592692560574505478e+00 -6.002937831099485063e-11
3.600000000000000000e+05 8.674510532815475017e+00 -6.201834460854205215e-11
3.650000000000000000e+05 8.715220438374672085e+00 -6.229984909602192125e-11
3.700000000000000000e+05 8.771755650173872709e+00 -6.372431436499588463e-11
3.750000000000000000e+05 8.827183670073281974e+00 -6.455168727711513153e-11
3.800000000000000000e+05 8.864532710285857320e+00 -6.516985568243233521e-11
3.850000000000000000e+05 8.910478999547194690e+00 -6.612327637046783428e-11
3.900000000000000000e+05 8.949004831665661186e+00 -6.668473060135435950e-11
3.950000000000000000e+05 8.998738891328684986e+00 -6.764623451129740138e-11
4.000000000000000000e+05 9.039500908809714019e+00 -6.856489709932629364e-11
4.050000000000000000e+05 9.038742610369808972e+00 -6.813430527225539494e-11
4.100000000000000000e+05 9.119378021801821887e+00 -7.008752980027431642e-11
4.150000000000000000e+05 9.149631974229123443e+00 -7.053457989298855710e-11
4.200000000000000000e+05 9.140641155012417585e+00 -7.033237319512889267e-11
4.250000000000000000e+05 9.173301416856702417e+00 -7.091495297572758710e-11
4.300000000000000000e+05 9.210353309696074575e+00 -7.163406698184916715e-11
4.350000000000000000e+05 9.246660820383112878e+00 -7.249735074052437375e-11
4.400000000000000000e+05 9.232944882067386061e+00 -7.202219398709364346e-11
4.450000000000000000e+05 9.281381602340843529e+00 -7.298523773393270528e-11
4.500000000000000000e+05 9.286477750923950225e+00 -7.327125393380031826e-11
4.550000000000000000e+05 9.299225970113184303e+00 -7.345596565489113187e-11
4.600000000000000000e+05 9.335992525040637702e+00 -7.450745308613402604e-11
4.650000000000000000e+05 9.322391436493489891e+00 -7.374402943346840130e-11
4.700000000000000000e+05 9.354817405983339995e+00 -7.473990466892375993e-11
4.750000000000000000e+05 9.347258218156639487e+00 -7.475137997737558485e-11
4.800000000000000000e+05 9.364952606090810150e+00 -7.472022802011928527e-11
4.850000000000000000e+05 9.376681200985331088e+00 -7.508016735060780533e-11
4.900000000000000000e+05 9.366142300597857684e+00 -7.495141695537843414e-11
4.950000000000000000e+05 9.367442606191616505e+00 -7.493126423464120560e-11
5.000000000000000000e+05 9.358875212317798287e+00 -7.477662190180294757e-11
