# # x,y
0.000000000000000000e+00 -2.664602280495455489e+01 1.435777012220782142e-10
5.000000000000000000e+03 -2.648969041142845526e+01 1.400598419520518859e-10
1.000000000000000000e+04 -2.649239542841678485e+01 1.414942645463938176e-10
1.500000000000000000e+04 -2.635631004057358950e+01 1.398161239161942739e-10
2.000000000000000000e+04 -2.610064842796418816e+01 1.365148253370526693e-10
2.500000000000000000e+04 -2.608235842484282330e+01 1.397314446893575093e-10
3.000000000000000000e+04 -2.558701237454079092e+01 1.318851120068134532e-10
3.500000000000000000e+04 -2.559840474778320640e+01 1.387015659332555807e-10
4.000000000000000000e+04 -2.504882106656441465e+01 1.290983176570932824e-10
4.500000000000000000e+04 -2.473054381337715313e+01 1.305969137396341059e-10
5.000000000000000000e+04 -2.427429310110164806e+01 1.291979369041759552e-10
5.500000000000000000e+04 -2.374553112185094506e+01 1.221494011099366424e-10
6.000000000000000000e+04 -2.319111974263796583e+01 1.302516770031894482e-10
6.500000000000000000e+04 -2.255836022488074377e+01 1.125534217263284701e-10
7.000000000000000000e+04 -2.139702310942811891e+01 1.051536967441269949e-10
7.500000000000000000e+04 -2.118845160049386322e+01 1.244350123899023367e-10
8.000000000000000000e+04 -1.892349295940948650e+01 3.053442729340739963e-11
8.500000000000000000e+04 -1.932641380740096793e+01 1.670904438740200948e-10
9.000000000000000000e+04 -1.547958827856928110e+01 -4.102689167554280097e-11
9.500000000000000000e+04 -1.716661205800483003e+01 1.519056218288636610e-10
1.000000000000000000e+05 -1.264940343669150025e+01 7.991075941560757089e-11
1.050000000000000000e+05 -7.950410813733469695e+00 1.590166829716260719e-11
1.100000000000000000e+05 -9.742027047846931964e+00 2.022763531083110615e-10
1.150000000000000000e+05 -5.939498009334784001e+00 7.975234140101357113e-12
1.200000000000000000e+05 -6.217241223959717900e+00 1.376652199048670512e-10
1.250000000000000000e+05 -3.863818612007889897e+00 4.033499710647740947e-11
1.300000000000000000e+05 -3.731276400561910123e+00 6.579518066287407419e-11
1.350000000000000000e+05 -2.359993441088590771e+00 5.233710157632688990e-11
1.400000000000000000e+05 -1.772459853324107826e+00 3.750864615343096779e-11
1.450000000000000000e+05 -9.726251328829675913e-01 4.189928217269453334e-11
1.500000000000000000e+05 -3.275463862810283899e-01 3.249049817906796106e-11
1.550000000000000000e+05 2.561429101042449474e-01 3.091059270398637341e-11
1.600000000000000000e+05 8.160547038423828781e-01 2.731110515668093138e-11
1.650000000000000000e+05 1.317752335220575333e+00 2.260015914416654260e-11
1.700000000000000000e+05 1.786317041900474578e+00 1.937249256368218715e-11
1.750000000000000000e+05 2.239003008522558957e+00 1.572735966978734886e-11
1.800000000000000000e+05 2.637936881917994469e+00 1.215272835042405720e-11
1.850000000000000000e+05 3.030585742439143360e+00 8.777376036041779576e-12
1.900000000000000000e+05 3.393628881778568029e+00 5.205148759917090149e-12
1.950000000000000000e+05 3.728307242505252361e+00 2.457803991067238372e-12
2.000000000000000000e+05 4.048732668103184551e+00 -1.014749970054109684e-12
2.050000000000000000e+05 4.356819542997982353e+00 -3.867872121579281588e-12
2.100000000000000000e+05 4.626795518386643380e+00 -6.549734651941722134e-12
2.150000000000000000e+05 4.909339560428634286e+00 -9.814500672754904812e-12
2.200000000000000000e+05 5.159621667175088078e+00 -1.234365281270753451e-11
2.250000000000000000e+05 5.388087306870147586e+00 -1.474219707598714137e-11
2.300000000000000000e+05 5.641385655966587365e+00 -1.805632676523728505e-11
2.350000000000000000e+05 5.832041821733582765e+00 -1.981619335332904059e-11
2.400000000000000000e+05 6.066638678195886314e+00 -2.300992560398911300e-11
2.450000000000000000e+05 6.238936441135592759e+00 -2.499856009407750972e-11
2.500000000000000000e+05 6.433115938794799149e+00 -2.735891923257863066e-11
2.550000000000000000e+05 6.598501499800477177e+00 -2.931345795091760928e-11
2.600000000000000000e+05 6.782125827099662274e+00 -3.193745260172617536e-11
2.650000000000000000e+05 6.905867445166222751e+00 -3.330135736893016470e-11
2.700000000000000000e+05 7.110845335875637829e+00 -3.639693477651070687e-11
2.750000000000000000e+05 7.227274202567059547e+00 -3.797704635303606015e-11
2.800000000000000000e+05 7.357327989186160266e+00 -3.958976815294677861e-11
2.850000000000000000e+05 7.495202480989973992e+00 -4.161378739918712162e-11
2.900000000000000000e+05 7.597567086515482515e+00 -4.280782906167664068e-11
2.950000000000000000e+05 7.740947677637450397e+00 -4.533290422700259017e-11
3.000000000000000000e+05 7.824193188513163477e+00 -4.600306280544732691e-11
3.050000000000000000e+05 7.952353267406579107e+00 -4.836893642090798844e-11
3.100000000000000000e+05 8.041432498954236507e+00 -4.962521945085881274e-11
3.150000000000000000e+05 8.137091941724065691e+00 -5.099646841840290927e-11
3.200000000000000000e+05 8.235505770775489509e+00 -5.291240739159740404e-11
3.250000000000000000e+05 8.316683933429885656e+00 -5.388534903469010447e-11
3.300000000000000000e+05 8.406517011288087815e+00 -5.557968550538393085e-11
3.350000000000000000e+05 8.493041843117680401e+00 -5.681053608853092568e-11
3.400000000000000000e+05 8.521310192591045052e+00 -5.663534123474829038e-11
3.450000000000000000e+05 8.630800266575533897e+00 -5.931952009036091533e-11
3.500000000000000000e+05 8.709465596417430788e+00 -6.047871126643547616e-11
3.550000000000000000e+05 8.754933616088237613e+00 -6.098360559333307247e-11
3.600000000000000000e+05 8.842570283624809235e+00 -6.338301599692878297e-11
3.650000000000000000e+05 8.883782326709479094e+00 -6.345603924377253144e-11
3.700000000000000000e+05 8.944294336892198771e+00 -6.499798192157953625e-11
3.750000000000000000e+05 9.002065633307211101e+00 -6.594676163376497675e-11
3.800000000000000000e+05 9.040838559332769364e+00 -6.635113629066389256e-11
3.850000000000000000e+05 9.089495216903742403e+00 -6.743098858832975023e-11
3.900000000000000000e+05 9.129417188058141619e+00 -6.789759222282879443e-11
3.950000000000000000e+05 9.181863279722165316e+00 -6.897979024243439669e-11
4.000000000000000000e+05 9.225217017461545765e+00 -6.999684356182339583e-11
4.050000000000000000e+05 9.222753902780823410e+00 -6.908640223917740780e-11
4.100000000000000000e+05 9.309312229568604380e+00 -7.163468522916481728e-11
4.150000000000000000e+05 9.340794558345805854e+00 -7.212795488208843079e-11
4.200000000000000000e+05 9.330762278579641134e+00 -7.146281073927783301e-11
4.250000000000000000e+05 9.365065088961273432e+00 -7.211092540384264951e-11
4.300000000000000000e+05 9.404289360216353089e+00 -7.307462651708432140e-11
4.350000000000000000e+05 9.443051374109927565e+00 -7.403672780159625346e-11
4.400000000000000000e+05 9.427654527127742767e+00 -7.320985336179509735e-11
4.450000000000000000e+05 9.478929110977333039e+00 -7.439228085845194190e-11
4.500000000000000000e+05 9.484769385133404285e+00 -7.464795286582393405e-11
4.550000000000000000e+05 9.497973240853752941e+00 -7.480342339372029833e-11
4.600000000000000000e+05 9.537925893208011985e+00 -7.616696940262476908e-11
4.650000000000000000e+05 9.521904912136960775e+00 -7.509075719064224166e-11
4.700000000000000000e+05 9.557202898373361677e+00 -7.624087779686190547e-11
4.750000000000000000e+05 9.549713177664671093e+00 -7.630218486058333356e-11
4.800000000000000000e+05 9.567263280623592436e+00 -7.622307133273875711e-11
4.850000000000000000e+05 9.580089602502994239e+00 -7.669397043303482782e-11
4.900000000000000000e+05 9.569148679729551077e+00 -7.652125791369295745e-11
4.950000000000000000e+05 9.570306572422850877e+00 -7.641375722714081223e-11
5.000000000000000000e+05 9.561324436916038394e+00 -7.627451991041967142e-11
