# # x,y
0.000000000000000000e+00 -3.704509957123082131e+01 -9.344060014318217738e-10
5.000000000000000000e+03 -3.700039108324563131e+01 -9.256608666267036278e-10
1.000000000000000000e+04 -3.691973276092903689e+01 -9.275114642077411403e-10
1.500000000000000000e+04 -3.675861526245716959e+01 -9.214203431263696296e-10
2.000000000000000000e+04 -3.652958861668594182e+01 -9.103427016381468453e-10
2.500000000000000000e+04 -3.627160319901304320e+01 -9.125940662802051647e-10
3.000000000000000000e+04 -3.591271024849265814e+01 -8.923263955937100504e-10
3.500000000000000000e+04 -3.553664137568557635e+01 -8.986019349859867492e-10
4.000000000000000000e+04 -3.502423507242929190e+01 -8.732129949632994748e-10
4.500000000000000000e+04 -3.447292595106409863e+01 -8.639244771524301745e-10
5.000000000000000000e+04 -3.383825816202443093e+01 -8.463559929232909075e-10
5.500000000000000000e+04 -3.312033910519676283e+01 -8.307215323723324832e-10
6.000000000000000000e+04 -3.231467845902079716e+01 -8.182904771198094698e-10
6.500000000000000000e+04 -3.138893946213647723e+01 -7.758280430221972745e-10
7.000000000000000000e+04 -3.038275325810536742e+01 -7.682329216458638298e-10
7.500000000000000000e+04 -2.916691192198777571e+01 -7.336095813057815283e-10
8.000000000000000000e+04 -2.779998537956271321e+01 -5.683982452882165681e-10
8.500000000000000000e+04 -2.646058305841870606e+01 -7.893907427092321818e-10
9.000000000000000000e+04 -2.242569352680584416e+01 -2.583945754694386818e-10
9.500000000000000000e+04 -2.484173978713806719e+01 -7.618118111479375520e-10
1.000000000000000000e+05 -1.886343449278501794e+01 -4.461803529961056799e-10
1.050000000000000000e+05 -1.291215452493634075e+01 -1.339236422729919459e-10
1.100000000000000000e+05 -1.535248753841733560e+01 -6.358964342721160995e-10
1.150000000000000000e+05 -1.131905525474576280e+01 -1.257647137972664663e-10
1.200000000000000000e+05 -9.844356113171670586e+00 -3.301992035268786815e-10
1.250000000000000000e+05 -8.379033934557810426e+00 -1.624130165696588094e-10
1.300000000000000000e+05 -7.063607466290704906e+00 -1.393355855391198606e-10
1.350000000000000000e+05 -5.893125012400560081e+00 -1.170605307790891749e-10
1.400000000000000000e+05 -4.801152905914932489e+00 -7.542738974599382093e-11
1.450000000000000000e+05 -3.781500531593337655e+00 -5.384138237150308012e-11
1.500000000000000000e+05 -2.835883330786600709e+00 -3.363973963324212495e-11
1.550000000000000000e+05 -1.955540580849628896e+00 -1.141715120334803409e-11
1.600000000000000000e+05 -1.122225170780438930e+00 8.755705105868842869e-12
1.650000000000000000e+05 -3.340717327082529664e-01 2.713015406415515507e-11
1.700000000000000000e+05 4.031293519656173885e-01 4.443265514428412204e-11
1.750000000000000000e+05 1.099441897182259709e+00 6.059259636247260615e-11
1.800000000000000000e+05 1.766972198325674981e+00 7.571449245349531936e-11
1.850000000000000000e+05 2.397196222213096917e+00 9.002956361760893525e-11
1.900000000000000000e+05 2.999356242595240474e+00 1.041808797964153027e-10
1.950000000000000000e+05 3.569124081230256706e+00 1.159860820314531341e-10
2.000000000000000000e+05 4.114860597765073180e+00 1.286307064123747965e-10
2.050000000000000000e+05 4.633014145772904158e+00 1.400195049311534120e-10
2.100000000000000000e+05 5.128749277791939676e+00 1.500541336329128669e-10
2.150000000000000000e+05 5.606741145486012101e+00 1.613680103405152928e-10
2.200000000000000000e+05 6.060451966244727373e+00 1.706758783681440058e-10
2.250000000000000000e+05 6.493857215740717947e+00 1.793593618289283170e-10
2.300000000000000000e+05 6.913809758203569800e+00 1.896306494435186591e-10
2.350000000000000000e+05 7.311338473809882998e+00 1.966394533833833439e-10
2.400000000000000000e+05 7.698673671926371753e+00 2.062881209094904534e-10
2.450000000000000000e+05 8.064509177231229842e+00 2.131313738127783925e-10
2.500000000000000000e+05 8.415774337772745639e+00 2.202039564282771650e-10
2.550000000000000000e+05 8.755109761783387512e+00 2.269914961066643652e-10
2.600000000000000000e+05 9.081795936042908579e+00 2.343975819170091239e-10
2.650000000000000000e+05 9.391782009799499065e+00 2.390318347047901028e-10
2.700000000000000000e+05 9.701025092275813222e+00 2.479942757433911009e-10
2.750000000000000000e+05 9.988326748949475586e+00 2.528453645268501994e-10
2.800000000000000000e+05 1.026139069546479732e+01 2.573230662734854484e-10
2.850000000000000000e+05 1.052881333080586046e+01 2.632009532710264068e-10
2.900000000000000000e+05 1.078339934867108241e+01 2.670155385367337910e-10
2.950000000000000000e+05 1.103228976193349808e+01 2.731996983697175425e-10
3.000000000000000000e+05 1.126557375100674108e+01 2.761596411962891312e-10
3.050000000000000000e+05 1.149552897288231179e+01 2.818051690361992108e-10
3.100000000000000000e+05 1.171245264378376305e+01 2.853500023176308832e-10
3.150000000000000000e+05 1.192151559481862932e+01 2.890637167845055709e-10
3.200000000000000000e+05 1.212569991417694837e+01 2.938078475428529376e-10
3.250000000000000000e+05 1.231798514007823542e+01 2.966899988448531687e-10
3.300000000000000000e+05 1.250753386231372133e+01 3.012263872635556324e-10
3.350000000000000000e+05 1.268342362233670428e+01 3.043007527982214262e-10
3.400000000000000000e+05 1.284463040565606207e+01 3.041332682998993074e-10
3.450000000000000000e+05 1.301785126113099977e+01 3.104039089498998256e-10
3.500000000000000000e+05 1.317707152524963021e+01 3.137922092540754384e-10
3.550000000000000000e+05 1.332194929360412061e+01 3.150111294409643546e-10
3.600000000000000000e+05 1.347017214645165950e+01 3.199516805667664276e-10
3.650000000000000000e+05 1.360466264095157385e+01 3.210634492153788529e-10
3.700000000000000000e+05 1.373715826106490567e+01 3.239602802355069462e-10
3.750000000000000000e+05 1.386412685859249905e+01 3.267634028116640521e-10
3.800000000000000000e+05 1.397969098930479959e+01 3.277586308129652149e-10
3.850000000000000000e+05 1.409172776987543330e+01 3.300000159521393885e-10
3.900000000000000000e+05 1.419832366431364790e+01 3.313818109212913758e-10
3.950000000000000000e+05 1.430400771781569347e+01 3.341542047036895793e-10
4.000000000000000000e+05 1.439917958038859069e+01 3.360922446368602630e-10
4.050000000000000000e+05 1.448067762528080493e+01 3.343173636730738643e-10
4.100000000000000000e+05 1.458024751691846177e+01 3.400291861219181985e-10
4.150000000000000000e+05 1.466390592826064676e+01 3.418290664661693320e-10
4.200000000000000000e+05 1.472654154221527278e+01 3.395552166022790890e-10
4.250000000000000000e+05 1.479727477749111131e+01 3.410739206657869015e-10
4.300000000000000000e+05 1.487186925910646096e+01 3.440672032901514893e-10
4.350000000000000000e+05 1.493401185330003500e+01 3.457663387744095182e-10
4.400000000000000000e+05 1.498105815658345819e+01 3.439351643546131851e-10
4.450000000000000000e+05 1.503687027515843511e+01 3.467439856365660454e-10
4.500000000000000000e+05 1.508217918686568737e+01 3.469177481745959536e-10
4.550000000000000000e+05 1.512363411835394800e+01 3.473736765921585809e-10
4.600000000000000000e+05 1.516673789732158184e+01 3.501096623708913129e-10
4.650000000000000000e+05 1.519429326336830854e+01 3.484125093575076768e-10
4.700000000000000000e+05 1.522552875650580972e+01 3.502494884418274807e-10
4.750000000000000000e+05 1.525039582583121955e+01 3.504184936961377222e-10
4.800000000000000000e+05 1.527165681082988158e+01 3.509213825754552296e-10
4.850000000000000000e+05 1.528873475751606748e+01 3.517897106924797637e-10
4.900000000000000000e+05 1.529747698100982234e+01 3.512906487084602343e-10
4.950000000000000000e+05 1.530173621361609548e+01 3.509244311161110263e-10
5.000000000000000000e+05 1.530347014829749241e+01 3.507573155160917038e-10
