# # x,y
0.000000000000000000e+00 -6.108822971343761310e+01 -8.032287106439800302e-10
5.000000000000000000e+03 -6.089207648258889094e+01 -7.989929100131810049e-10
1.000000000000000000e+04 -6.081982734124176204e+01 -7.987862444802073665e-10
1.500000000000000000e+04 -6.053166047245031223e+01 -7.948836027496036316e-10
2.000000000000000000e+04 -6.006464044644962996e+01 -7.876138341331212888e-10
2.500000000000000000e+04 -5.980334321263944730e+01 -7.863361490952822777e-10
3.000000000000000000e+04 -5.897826571430778131e+01 -7.727435808144041720e-10
3.500000000000000000e+04 -5.863854903168976307e+01 -7.714972714558703571e-10
4.000000000000000000e+04 -5.760513987037120387e+01 -7.564418105796949186e-10
4.500000000000000000e+04 -5.677803964901249856e+01 -7.462568592806467619e-10
5.000000000000000000e+04 -5.573520211194409057e+01 -7.320419510721274948e-10
5.500000000000000000e+04 -5.452792264061281458e+01 -7.173118193410476772e-10
6.000000000000000000e+04 -5.326708877162309363e+01 -6.983422275954214218e-10
6.500000000000000000e+04 -5.170580759813310578e+01 -6.813839488324698199e-10
7.000000000000000000e+04 -4.967645005357917398e+01 -6.481881984741903527e-10
7.500000000000000000e+04 -4.831704292364884168e+01 -6.365077767443873456e-10
8.000000000000000000e+04 -4.457707075623329729e+01 -5.826303914765375181e-10
8.500000000000000000e+04 -4.419587357039563358e+01 -5.730808774534616613e-10
9.000000000000000000e+04 -3.578983795596286654e+01 -4.839880363851425094e-10
9.500000000000000000e+04 -4.065014698985032737e+01 -5.095666570182378917e-10
1.000000000000000000e+05 -3.033375689544482157e+01 -3.775163402292035140e-10
1.050000000000000000e+05 -1.991728006029734388e+01 -2.385115093705497184e-10
1.100000000000000000e+05 -2.486733885534340516e+01 -2.681762470012880849e-10
1.150000000000000000e+05 -1.655991453048773110e+01 -1.784822622114592765e-10
1.200000000000000000e+05 -1.589911720174131915e+01 -1.658477647320388959e-10
1.250000000000000000e+05 -1.196929651650134474e+01 -1.099112238408826526e-10
1.300000000000000000e+05 -1.060392631881404668e+01 -9.996418546281807537e-11
1.350000000000000000e+05 -8.198163142486009747e+00 -6.070448472483815467e-11
1.400000000000000000e+05 -6.517545243143104017e+00 -4.480909347382904754e-11
1.450000000000000000e+05 -4.811973225849214941e+00 -1.891653784790119163e-11
1.500000000000000000e+05 -3.264245772501453757e+00 -1.251427495646091852e-12
1.550000000000000000e+05 -1.861605046899057925e+00 1.702696398953030740e-11
1.600000000000000000e+05 -5.195008795126341283e-01 3.362244755723065249e-11
1.650000000000000000e+05 7.292272745398804545e-01 4.810434092092889320e-11
1.700000000000000000e+05 1.892269015719648451e+00 6.227035732273918665e-11
1.750000000000000000e+05 3.002893253404181451e+00 7.533475191881188988e-11
1.800000000000000000e+05 4.036022576619870961e+00 8.707499707388497303e-11
1.850000000000000000e+05 5.026300240308046341e+00 9.850202476310292529e-11
1.900000000000000000e+05 5.963115517748519778e+00 1.090065625470760731e-10
1.950000000000000000e+05 6.838790806068573147e+00 1.187911035254993980e-10
2.000000000000000000e+05 7.681284480378963053e+00 1.279772178122915906e-10
2.050000000000000000e+05 8.482455296092666686e+00 1.369247199589286358e-10
2.100000000000000000e+05 9.227100599091500044e+00 1.446695079975047354e-10
2.150000000000000000e+05 9.967450195865239948e+00 1.527524221592190636e-10
2.200000000000000000e+05 1.065206887316890061e+01 1.599218045377193907e-10
2.250000000000000000e+05 1.129662197543075308e+01 1.664683365081695854e-10
2.300000000000000000e+05 1.195328963751671836e+01 1.735979559742234071e-10
2.350000000000000000e+05 1.252618962369160727e+01 1.790855343003039592e-10
2.400000000000000000e+05 1.313326843752292916e+01 1.856526049449806224e-10
2.450000000000000000e+05 1.365933238994330168e+01 1.905438232135129570e-10
2.500000000000000000e+05 1.419102623063372448e+01 1.959772358655978188e-10
2.550000000000000000e+05 1.468435435759602115e+01 2.006812092414675840e-10
2.600000000000000000e+05 1.518355434027034789e+01 2.057597052683761647e-10
2.650000000000000000e+05 1.560824702365789562e+01 2.092518628569767731e-10
2.700000000000000000e+05 1.611090717936167493e+01 2.149392913384571496e-10
2.750000000000000000e+05 1.650754959211917594e+01 2.181754110702938700e-10
2.800000000000000000e+05 1.690149125235620886e+01 2.217717912888017941e-10
2.850000000000000000e+05 1.729881495225708932e+01 2.256012749528257290e-10
2.900000000000000000e+05 1.764867543301079422e+01 2.284375934039497634e-10
2.950000000000000000e+05 1.803403571585658938e+01 2.323213844113112973e-10
3.000000000000000000e+05 1.834368809370789677e+01 2.347030228890610903e-10
3.050000000000000000e+05 1.869622153404634446e+01 2.381309584961817376e-10
3.100000000000000000e+05 1.899677132017677650e+01 2.405879123316916478e-10
3.150000000000000000e+05 1.929576446569990367e+01 2.431906674074912125e-10
3.200000000000000000e+05 1.959470691223395988e+01 2.458304889646811298e-10
3.250000000000000000e+05 1.986244834522949532e+01 2.480719531435606970e-10
3.300000000000000000e+05 2.013848054729169235e+01 2.505001581876711138e-10
3.350000000000000000e+05 2.039540933747775853e+01 2.528514293702421928e-10
3.400000000000000000e+05 2.058055705396691337e+01 2.536705554087959725e-10
3.450000000000000000e+05 2.086170643736841157e+01 2.565143312181175244e-10
3.500000000000000000e+05 2.109512518608244136e+01 2.586786770889553755e-10
3.550000000000000000e+05 2.128191682376200333e+01 2.599178366518251829e-10
3.600000000000000000e+05 2.151732023974182084e+01 2.621252575957532608e-10
3.650000000000000000e+05 2.168853720329934731e+01 2.633409933555010211e-10
3.700000000000000000e+05 2.188058817060664296e+01 2.648406811498521033e-10
3.750000000000000000e+05 2.206262324098497629e+01 2.664362592261921299e-10
3.800000000000000000e+05 2.221388829452916980e+01 2.674686832925585353e-10
3.850000000000000000e+05 2.237314891419373453e+01 2.687400641567582019e-10
3.900000000000000000e+05 2.251685839809942991e+01 2.698349816876640265e-10
3.950000000000000000e+05 2.267347252933541313e+01 2.712146187179375087e-10
4.000000000000000000e+05 2.281087066145846620e+01 2.723272437161842152e-10
4.050000000000000000e+05 2.288614298257743940e+01 2.723530824413523525e-10
4.100000000000000000e+05 2.307289508054964244e+01 2.745441986920764497e-10
4.150000000000000000e+05 2.318678692413959652e+01 2.754134695606728302e-10
4.200000000000000000e+05 2.323710209975251928e+01 2.751313329311641729e-10
4.250000000000000000e+05 2.334067746915388852e+01 2.760525409272255084e-10
4.300000000000000000e+05 2.345459739165380597e+01 2.770914088199835805e-10
4.350000000000000000e+05 2.355455461243400350e+01 2.780713758405906850e-10
4.400000000000000000e+05 2.358441923803184181e+01 2.777043779823556319e-10
4.450000000000000000e+05 2.369041037897113711e+01 2.790569794285373159e-10
4.500000000000000000e+05 2.374177593667991459e+01 2.791561052357529523e-10
4.550000000000000000e+05 2.379553539591142908e+01 2.795178690082669066e-10
4.600000000000000000e+05 2.387960110267158598e+01 2.804883171091177987e-10
4.650000000000000000e+05 2.388855619711102918e+01 2.801931604491879262e-10
4.700000000000000000e+05 2.395543665194418281e+01 2.810216632127675131e-10
4.750000000000000000e+05 2.397426566242938861e+01 2.807838974118378783e-10
4.800000000000000000e+05 2.401070741034345701e+01 2.813514731111892369e-10
4.850000000000000000e+05 2.404101934400387108e+01 2.816515082757473483e-10
4.900000000000000000e+05 2.403943692782195285e+01 2.813448876395000183e-10
4.950000000000000000e+05 2.404408361442619935e+01 2.813821982176710313e-10
5.000000000000000000e+05 2.403754472103901207e+01 2.811433054076071145e-10
