# # x,y
0.000000000000000000e+00 -5.879062259464990348e+01 -8.154112470289585925e-10
5.000000000000000000e+03 -5.860662510333349928e+01 -8.110790805825411105e-10
1.000000000000000000e+04 -5.853497170621994883e+01 -8.108689748135711677e-10
1.500000000000000000e+04 -5.825795043614925817e+01 -8.069177654210467316e-10
2.000000000000000000e+04 -5.781185464555164799e+01 -7.994394223274221490e-10
2.500000000000000000e+04 -5.755406517535448074e+01 -7.982576168200664054e-10
3.000000000000000000e+04 -5.676810237928293645e+01 -7.842727146768087667e-10
3.500000000000000000e+04 -5.643177906709024683e+01 -7.831503622564421913e-10
4.000000000000000000e+04 -5.544148429215420038e+01 -7.678166823336945095e-10
4.500000000000000000e+04 -5.464373042096849531e+01 -7.573268799936593171e-10
5.000000000000000000e+04 -5.364110604225425050e+01 -7.432327451385783467e-10
5.500000000000000000e+04 -5.247656018624547869e+01 -7.278247183351057779e-10
6.000000000000000000e+04 -5.126942271785810590e+01 -7.090096765475886636e-10
6.500000000000000000e+04 -4.975691615231335163e+01 -6.915758055527664749e-10
7.000000000000000000e+04 -4.782307999068871140e+01 -6.574534063757379562e-10
7.500000000000000000e+04 -4.649590696644736454e+01 -6.464925672327808742e-10
8.000000000000000000e+04 -4.291229001869214699e+01 -5.900644406600470701e-10
8.500000000000000000e+04 -4.255521615711040795e+01 -5.828428181610114158e-10
9.000000000000000000e+04 -3.440696727263275534e+01 -4.900897044568660126e-10
9.500000000000000000e+04 -3.919146085612010211e+01 -5.181378800718786844e-10
1.000000000000000000e+05 -2.925192468543536961e+01 -3.847060735901294772e-10
1.050000000000000000e+05 -1.923205889278324321e+01 -2.443232315464396487e-10
1.100000000000000000e+05 -2.409467893902910873e+01 -2.764675493328358974e-10
1.150000000000000000e+05 -1.604655069159343839e+01 -1.832670604747521054e-10
1.200000000000000000e+05 -1.541884423687588423e+01 -1.728067551576198245e-10
1.250000000000000000e+05 -1.165140946087194607e+01 -1.141796992284767857e-10
1.300000000000000000e+05 -1.031324714730726555e+01 -1.050299482401655905e-10
1.350000000000000000e+05 -8.020389947749208659e+00 -6.472458408353132878e-11
1.400000000000000000e+05 -6.385564132011495531e+00 -4.832695732482261173e-11
1.450000000000000000e+05 -4.753607806633226573e+00 -2.239640895370948629e-11
1.500000000000000000e+05 -3.257186259841546416e+00 -3.872497652103637594e-12
1.550000000000000000e+05 -1.906373520323541015e+00 1.433744932912565466e-11
1.600000000000000000e+05 -6.121620008489117026e-01 3.149422502043208686e-11
1.650000000000000000e+05 5.951329255476593971e-01 4.621060714687972398e-11
1.700000000000000000e+05 1.717554712493438274e+00 6.065638030769179242e-11
1.750000000000000000e+05 2.790591907862108201e+00 7.408803364334694129e-11
1.800000000000000000e+05 3.790062286949250847e+00 8.606083075147604662e-11
1.850000000000000000e+05 4.747414704586844891e+00 9.784021731166081776e-11
1.900000000000000000e+05 5.654066604736726731e+00 1.085923911439644013e-10
1.950000000000000000e+05 6.501558664371259511e+00 1.186690675672918379e-10
2.000000000000000000e+05 7.317607322533149272e+00 1.281222986451819701e-10
2.050000000000000000e+05 8.093031569500453770e+00 1.373185930984913157e-10
2.100000000000000000e+05 8.815338959801010787e+00 1.453189109830968164e-10
2.150000000000000000e+05 9.532414676039479673e+00 1.536391913862567469e-10
2.200000000000000000e+05 1.019635338016087189e+01 1.610460530533199251e-10
2.250000000000000000e+05 1.082202994375256822e+01 1.678043604195279005e-10
2.300000000000000000e+05 1.145812652906170115e+01 1.751752712081722021e-10
2.350000000000000000e+05 1.201518511120229959e+01 1.808536113096346912e-10
2.400000000000000000e+05 1.260330872732447460e+01 1.876485782007030319e-10
2.450000000000000000e+05 1.311523170903092250e+01 1.927256707531716365e-10
2.500000000000000000e+05 1.363122021540766582e+01 1.983642158563945225e-10
2.550000000000000000e+05 1.411096409958554432e+01 2.032355224569366390e-10
2.600000000000000000e+05 1.459546725009568036e+01 2.085188925917873710e-10
2.650000000000000000e+05 1.501004100148566067e+01 2.121605175147837069e-10
2.700000000000000000e+05 1.549627948069246486e+01 2.180498179629576865e-10
2.750000000000000000e+05 1.588353127706795931e+01 2.214347398989898226e-10
2.800000000000000000e+05 1.626704620034433901e+01 2.251902644416964273e-10
2.850000000000000000e+05 1.665328818990383297e+01 2.291734181243815630e-10
2.900000000000000000e+05 1.699490555800730363e+01 2.321498036673936331e-10
2.950000000000000000e+05 1.736901610821951181e+01 2.361982840735856648e-10
3.000000000000000000e+05 1.767175633984152228e+01 2.386897729804601037e-10
3.050000000000000000e+05 1.801434348523616791e+01 2.422760317900266634e-10
3.100000000000000000e+05 1.830775709688896313e+01 2.448509072385674964e-10
3.150000000000000000e+05 1.859918720822315663e+01 2.475816679644518546e-10
3.200000000000000000e+05 1.889046420890372247e+01 2.503474088761756284e-10
3.250000000000000000e+05 1.915169394633267075e+01 2.526976925457595019e-10
3.300000000000000000e+05 1.942067760002100840e+01 2.552397638217624125e-10
3.350000000000000000e+05 1.967077761940890923e+01 2.577041752233979982e-10
3.400000000000000000e+05 1.985351105657173321e+01 2.585881301052478006e-10
3.450000000000000000e+05 2.012639698758721352e+01 2.615725918372620419e-10
3.500000000000000000e+05 2.035354422742966563e+01 2.638302222400567518e-10
3.550000000000000000e+05 2.053671319998102263e+01 2.651462431656018101e-10
3.600000000000000000e+05 2.076568510878132656e+01 2.674761068920084675e-10
3.650000000000000000e+05 2.093336893391096964e+01 2.687510695539876644e-10
3.700000000000000000e+05 2.112102807004703209e+01 2.703507026196042975e-10
3.750000000000000000e+05 2.129843492800137028e+01 2.720182615036991285e-10
3.800000000000000000e+05 2.144667353440308943e+01 2.731211757317467133e-10
3.850000000000000000e+05 2.160222803795477375e+01 2.744639173053484571e-10
3.900000000000000000e+05 2.174274573556613177e+01 2.756200096380604213e-10
3.950000000000000000e+05 2.189534375839866698e+01 2.770731286876015377e-10
4.000000000000000000e+05 2.202949548687320203e+01 2.782506429321589743e-10
4.050000000000000000e+05 2.210466755286324769e+01 2.782955856885724279e-10
4.100000000000000000e+05 2.228505974647123367e+01 2.805904190729396750e-10
4.150000000000000000e+05 2.239642157987691462e+01 2.815051753749061247e-10
4.200000000000000000e+05 2.244750976498471573e+01 2.812438484016430276e-10
4.250000000000000000e+05 2.254841089958790690e+01 2.822084152442879642e-10
4.300000000000000000e+05 2.265930935065262020e+01 2.833004376392129241e-10
4.350000000000000000e+05 2.275641207437729463e+01 2.843342147537307529e-10
4.400000000000000000e+05 2.278731666004750878e+01 2.839682627202518483e-10
4.450000000000000000e+05 2.288938812498236075e+01 2.853797829341648874e-10
4.500000000000000000e+05 2.294044257223140448e+01 2.855011619090038075e-10
4.550000000000000000e+05 2.299313999182777479e+01 2.858885926734369425e-10
4.600000000000000000e+05 2.307438216242007911e+01 2.869102734357071419e-10
4.650000000000000000e+05 2.308420465985545889e+01 2.865923066628589761e-10
4.700000000000000000e+05 2.314865501556778327e+01 2.874793042226047308e-10
4.750000000000000000e+05 2.316815293172840029e+01 2.872460874022776677e-10
4.800000000000000000e+05 2.320297490537632257e+01 2.878192214855197389e-10
4.850000000000000000e+05 2.323241150478133932e+01 2.881369451279329300e-10
4.900000000000000000e+05 2.323170396120985970e+01 2.878270448041308137e-10
4.950000000000000000e+05 2.323624146980000660e+01 2.878668044268043617e-10
5.000000000000000000e+05 2.323038802354130894e+01 2.876224622143212274e-10
