# # x,y
0.000000000000000000e+00 -5.930419543717289343e+01 -8.126858674041497835e-10
5.000000000000000000e+03 -5.911747277330141515e+01 -8.083766096461917417e-10
1.000000000000000000e+04 -5.904568638576893136e+01 -8.081656681591527225e-10
1.500000000000000000e+04 -5.876617618591990322e+01 -8.042267147717174556e-10
2.000000000000000000e+04 -5.831537914695218205e+01 -7.967957707575905846e-10
2.500000000000000000e+04 -5.805683421244611964e+01 -7.955899121904749218e-10
3.000000000000000000e+04 -5.726208187657175586e+01 -7.816984840851885684e-10
3.500000000000000000e+04 -5.692503615171881393e+01 -7.805411218375021151e-10
4.000000000000000000e+04 -5.592509097367292270e+01 -7.652765199893828011e-10
4.500000000000000000e+04 -5.512074142921483144e+01 -7.548504114061441760e-10
5.000000000000000000e+04 -5.410921068966854364e+01 -7.407288395981630901e-10
5.500000000000000000e+04 -5.293500120448879898e+01 -7.254756403901954433e-10
6.000000000000000000e+04 -5.171597089077113196e+01 -7.066164562035469777e-10
6.500000000000000000e+04 -5.019250699970871210e+01 -6.892986635074370980e-10
7.000000000000000000e+04 -4.823721619060961530e+01 -6.553834693102551515e-10
7.500000000000000000e+04 -4.690305820968933403e+01 -6.442534898574483041e-10
8.000000000000000000e+04 -4.328406409843591973e+01 -5.884250507400637886e-10
8.500000000000000000e+04 -4.292220852279569954e+01 -5.806397718641410340e-10
9.000000000000000000e+04 -3.471576525398995727e+01 -4.887613309363008373e-10
9.500000000000000000e+04 -3.951772176270605996e+01 -5.162060674605181799e-10
1.000000000000000000e+05 -2.949409836006816477e+01 -3.830986893814286580e-10
1.050000000000000000e+05 -1.938575630489503965e+01 -2.430358269896311584e-10
1.100000000000000000e+05 -2.426842442760244012e+01 -2.745762137089706109e-10
1.150000000000000000e+05 -1.616180462582269683e+01 -1.822131075965318456e-10
1.200000000000000000e+05 -1.552728591504273936e+01 -1.712235017141176658e-10
1.250000000000000000e+05 -1.172309918096289039e+01 -1.132291077576506935e-10
1.300000000000000000e+05 -1.037908800935838372e+01 -1.038925597792183542e-10
1.350000000000000000e+05 -8.060883832164108753e+00 -6.381997656504962721e-11
1.400000000000000000e+05 -6.415756953821983188e+00 -4.754411807133299007e-11
1.450000000000000000e+05 -4.767433931701816618e+00 -2.161276839922648161e-11
1.500000000000000000e+05 -3.259398996306117624e+00 -3.286198268870823585e-12
1.550000000000000000e+05 -1.897086220851633698e+00 1.494087871836424213e-11
1.600000000000000000e+05 -5.920943796518258750e-01 3.197521538021314152e-11
1.650000000000000000e+05 6.244662255048751831e-01 4.663470637253182719e-11
1.700000000000000000e+05 1.755982657487038523e+00 6.102229343117509193e-11
1.750000000000000000e+05 2.837463389558251947e+00 7.436835203423774490e-11
1.800000000000000000e+05 3.844470412179362029e+00 8.629036884124821398e-11
1.850000000000000000e+05 4.809226218727417290e+00 9.799071280138927588e-11
1.900000000000000000e+05 5.722642083128448576e+00 1.086864877770387555e-10
1.950000000000000000e+05 6.576468707295134664e+00 1.186988475569692195e-10
2.000000000000000000e+05 7.398459829157218337e+00 1.280914280443627472e-10
2.050000000000000000e+05 8.179666576092131436e+00 1.372325537200018846e-10
2.100000000000000000e+05 8.907000770966988057e+00 1.451755812809113743e-10
2.150000000000000000e+05 9.629306808928959072e+00 1.534425680991316234e-10
2.200000000000000000e+05 1.029789941624039784e+01 1.607963354842301741e-10
2.250000000000000000e+05 1.092782280326355249e+01 1.675072703788678097e-10
2.300000000000000000e+05 1.156855009024729952e+01 1.748238259098724122e-10
2.350000000000000000e+05 1.212917582510272041e+01 1.804597222618042382e-10
2.400000000000000000e+05 1.272156778047792614e+01 1.872032439891732097e-10
2.450000000000000000e+05 1.323667884751921520e+01 1.922389385043966115e-10
2.500000000000000000e+05 1.375620788644300774e+01 1.978312746267357530e-10
2.550000000000000000e+05 1.423901158879743889e+01 2.026652802769558103e-10
2.600000000000000000e+05 1.472683110542129725e+01 2.079024521952096301e-10
2.650000000000000000e+05 1.514369019417790696e+01 2.115109089022483476e-10
2.700000000000000000e+05 1.563362763775512576e+01 2.173544458735472700e-10
2.750000000000000000e+05 1.602300277451286092e+01 2.207062610997134559e-10
2.800000000000000000e+05 1.640887388458941132e+01 2.244260196431060203e-10
2.850000000000000000e+05 1.679761625011451542e+01 2.283747202374081703e-10
2.900000000000000000e+05 1.714109983143862337e+01 2.313198356058016940e-10
2.950000000000000000e+05 1.751775086170528084e+01 2.353310357039393475e-10
3.000000000000000000e+05 1.782205406128196046e+01 2.377983208017360798e-10
3.050000000000000000e+05 1.816689048270927742e+01 2.413486436277879738e-10
3.100000000000000000e+05 1.846191887074382976e+01 2.438972547530981461e-10
3.150000000000000000e+05 1.875506113789742813e+01 2.465992194327846205e-10
3.200000000000000000e+05 1.904807254386832938e+01 2.493366017317187849e-10
3.250000000000000000e+05 1.931077606457984075e+01 2.516625515307026077e-10
3.300000000000000000e+05 1.958135405817301944e+01 2.541790545744109465e-10
3.350000000000000000e+05 1.983299941889708862e+01 2.566179483862735644e-10
3.400000000000000000e+05 2.001628522557439283e+01 2.574878302512741623e-10
3.450000000000000000e+05 2.029104214196559042e+01 2.604402489386695361e-10
3.500000000000000000e+05 2.051960599602898583e+01 2.626768743476720857e-10
3.550000000000000000e+05 2.070359886559890583e+01 2.639758734316385518e-10
3.600000000000000000e+05 2.093403018946992233e+01 2.662777044265734776e-10
3.650000000000000000e+05 2.110251364833675325e+01 2.675398104474671987e-10
3.700000000000000000e+05 2.129117338021751493e+01 2.691166336671226231e-10
3.750000000000000000e+05 2.146962640370475128e+01 2.707681776615134613e-10
3.800000000000000000e+05 2.161855488177388906e+01 2.718552949809218128e-10
3.850000000000000000e+05 2.177495051815640181e+01 2.731819760718343133e-10
3.900000000000000000e+05 2.191619252081727609e+01 2.743244677182864880e-10
3.950000000000000000e+05 2.206970110477413982e+01 2.757609354812013770e-10
4.000000000000000000e+05 2.220459022681461647e+01 2.769237737194662765e-10
4.050000000000000000e+05 2.227978918724693358e+01 2.769649477143690342e-10
4.100000000000000000e+05 2.246162029803963378e+01 2.792358398149955624e-10
4.150000000000000000e+05 2.257355551462387666e+01 2.801405351887076924e-10
4.200000000000000000e+05 2.262447700597112998e+01 2.798747409646840944e-10
4.250000000000000000e+05 2.272598307766020298e+01 2.808295538909454279e-10
4.300000000000000000e+05 2.283756603981601074e+01 2.819096186672811053e-10
4.350000000000000000e+05 2.293531636422267184e+01 2.829310782310206247e-10
4.400000000000000000e+05 2.296599004563177004e+01 2.825652663814986265e-10
4.450000000000000000e+05 2.306894707330502570e+01 2.839633256367227363e-10
4.500000000000000000e+05 2.312007613520836458e+01 2.840796577114123612e-10
4.550000000000000000e+05 2.317301585676614195e+01 2.844614410760084542e-10
4.600000000000000000e+05 2.325489814329193905e+01 2.854711984372186987e-10
4.650000000000000000e+05 2.326452219410566613e+01 2.851588628279200632e-10
4.700000000000000000e+05 2.332952702132752165e+01 2.860323172428523759e-10
4.750000000000000000e+05 2.334887739003170282e+01 2.857981992016291892e-10
4.800000000000000000e+05 2.338406065944582224e+01 2.863702116438220335e-10
4.850000000000000000e+05 2.341369615320581943e+01 2.866837998104427305e-10
4.900000000000000000e+05 2.341279336466686800e+01 2.863747735174747284e-10
4.950000000000000000e+05 2.341735574119957164e+01 2.864139611763545981e-10
5.000000000000000000e+05 2.341134861408500001e+01 2.861709671989128988e-10
