# # x,y
0.000000000000000000e+00 -2.644345425610663369e+01 1.419168890857681025e-10
5.000000000000000000e+03 -2.629162386571988463e+01 1.390097141022859198e-10
1.000000000000000000e+04 -2.629252180689945817e+01 1.401610243631450395e-10
1.500000000000000000e+04 -2.615867214411264285e+01 1.386610330670095503e-10
2.000000000000000000e+04 -2.590743772924179211e+01 1.356836350306802339e-10
2.500000000000000000e+04 -2.588496616727206856e+01 1.384098797510639742e-10
3.000000000000000000e+04 -2.540037417528219521e+01 1.310852045966082371e-10
3.500000000000000000e+04 -2.540280139964306727e+01 1.369776307270962726e-10
4.000000000000000000e+04 -2.486598663538461551e+01 1.284752040107547979e-10
4.500000000000000000e+04 -2.454617546423105523e+01 1.292216680677583455e-10
5.000000000000000000e+04 -2.409152846504002810e+01 1.282396046838717964e-10
5.500000000000000000e+04 -2.357281801634235308e+01 1.212435086514077005e-10
6.000000000000000000e+04 -2.300869861448882148e+01 1.271279702246200512e-10
6.500000000000000000e+04 -2.239713123894762248e+01 1.141171503129337723e-10
7.000000000000000000e+04 -2.125025472167180851e+01 1.023936579813942909e-10
7.500000000000000000e+04 -2.101292993087554350e+01 1.226990506101791698e-10
8.000000000000000000e+04 -1.886766250070650131e+01 4.566766281586832642e-11
8.500000000000000000e+04 -1.910397510102484375e+01 1.492928942572435665e-10
9.000000000000000000e+04 -1.550679896335350350e+01 -4.309284512524832555e-12
9.500000000000000000e+04 -1.696733601472806185e+01 1.325661253156050434e-10
1.000000000000000000e+05 -1.253575223824009299e+01 8.009955217132654014e-11
1.050000000000000000e+05 -7.912091770849656314e+00 3.426628340887684514e-11
1.100000000000000000e+05 -9.485466829908546060e+00 1.659553220143009080e-10
1.150000000000000000e+05 -5.915907052927650511e+00 2.259514234105151200e-11
1.200000000000000000e+05 -6.035050507809501141e+00 1.214108170718319223e-10
1.250000000000000000e+05 -3.806116511288564652e+00 4.110114431486657823e-11
1.300000000000000000e+05 -3.637706610781606287e+00 6.557718684585938366e-11
1.350000000000000000e+05 -2.287982090667355806e+00 4.962440125583697897e-11
1.400000000000000000e+05 -1.717801013728603721e+00 3.912040721450910227e-11
1.450000000000000000e+05 -9.136146996170282364e-01 4.122861987468292649e-11
1.500000000000000000e+05 -2.818656442686915398e-01 3.197054099960696256e-11
1.550000000000000000e+05 2.999538021394982934e-01 3.078095185414857682e-11
1.600000000000000000e+05 8.544175904826261103e-01 2.677750359329650914e-11
1.650000000000000000e+05 1.349541846371721476e+00 2.222643555683371649e-11
1.700000000000000000e+05 1.813660112733487040e+00 1.915255885547958231e-11
1.750000000000000000e+05 2.261072556022554636e+00 1.539243542545745105e-11
1.800000000000000000e+05 2.655005238775629550e+00 1.191618579058639012e-11
1.850000000000000000e+05 3.042866715928539634e+00 8.544500768271169895e-12
1.900000000000000000e+05 3.400930046685971320e+00 5.086905222702887784e-12
1.950000000000000000e+05 3.731620728503912687e+00 2.237303036262248922e-12
2.000000000000000000e+05 4.047227375325746834e+00 -1.098073609243189243e-12
2.050000000000000000e+05 4.351248362392652780e+00 -3.967055509262325918e-12
2.100000000000000000e+05 4.617385329911485314e+00 -6.684912460788933126e-12
2.150000000000000000e+05 4.895404444076120853e+00 -9.812430717094048062e-12
2.200000000000000000e+05 5.142059846490155905e+00 -1.238366274621802496e-11
2.250000000000000000e+05 5.367126837780233473e+00 -1.477246315214538626e-11
2.300000000000000000e+05 5.615816034493036568e+00 -1.796420800511420358e-11
2.350000000000000000e+05 5.803921000799164176e+00 -1.979012710398762382e-11
2.400000000000000000e+05 6.034071114961989224e+00 -2.287145617698781092e-11
2.450000000000000000e+05 6.203573297767434269e+00 -2.482902339277307960e-11
2.500000000000000000e+05 6.394341542036272585e+00 -2.725435382811567743e-11
2.550000000000000000e+05 6.557010454533156008e+00 -2.914046472381955986e-11
2.600000000000000000e+05 6.736942586256191134e+00 -3.171937072600515287e-11
2.650000000000000000e+05 6.858705494261812419e+00 -3.313583229405869396e-11
2.700000000000000000e+05 7.059431891131680459e+00 -3.605271981955800761e-11
2.750000000000000000e+05 7.173636017716489732e+00 -3.761285845475221124e-11
2.800000000000000000e+05 7.301313511969055980e+00 -3.932470853104739095e-11
2.850000000000000000e+05 7.436386504152324051e+00 -4.126012489543932605e-11
2.900000000000000000e+05 7.536990540160331875e+00 -4.253597048627024903e-11
2.950000000000000000e+05 7.676875512872356921e+00 -4.494365133321567639e-11
3.000000000000000000e+05 7.759100295195821673e+00 -4.570363571047796433e-11
3.050000000000000000e+05 7.883977101533673704e+00 -4.797146787109259119e-11
3.100000000000000000e+05 7.971274629817344248e+00 -4.922444441327667448e-11
3.150000000000000000e+05 8.064949988096486777e+00 -5.063969293116463011e-11
3.200000000000000000e+05 8.160762943443842232e+00 -5.240954419750339933e-11
3.250000000000000000e+05 8.240491089061833918e+00 -5.346455114627197521e-11
3.300000000000000000e+05 8.328036376798991114e+00 -5.501783093398419136e-11
3.350000000000000000e+05 8.412769389455206692e+00 -5.629798060037873193e-11
3.400000000000000000e+05 8.441089786065276712e+00 -5.636100117542932626e-11
3.450000000000000000e+05 8.547011336428113282e+00 -5.875014751600615347e-11
3.500000000000000000e+05 8.624055429885629565e+00 -5.987986968561008497e-11
3.550000000000000000e+05 8.668721284368075430e+00 -6.048616340559442076e-11
3.600000000000000000e+05 8.753142491099424660e+00 -6.264887596231183743e-11
3.650000000000000000e+05 8.794158234959468246e+00 -6.283817954990164677e-11
3.700000000000000000e+05 8.852524551562964916e+00 -6.432194299380673818e-11
3.750000000000000000e+05 8.909017311816569418e+00 -6.519026094885220318e-11
3.800000000000000000e+05 8.947105307248421013e+00 -6.572768631331205114e-11
3.850000000000000000e+05 8.994284699379932135e+00 -6.673664409521539852e-11
3.900000000000000000e+05 9.033498726959805936e+00 -6.725900831805626227e-11
3.950000000000000000e+05 9.084470672474708408e+00 -6.826669749676927535e-11
4.000000000000000000e+05 9.126418537751305848e+00 -6.923325333836984905e-11
4.050000000000000000e+05 9.125014070770703256e+00 -6.860789975701157098e-11
4.100000000000000000e+05 9.208243102591950446e+00 -7.080366647058791044e-11
4.150000000000000000e+05 9.239063019223976880e+00 -7.125669333796662931e-11
4.200000000000000000e+05 9.229729143262375146e+00 -7.088360534982779826e-11
4.250000000000000000e+05 9.263140428927727044e+00 -7.149531961634357481e-11
4.300000000000000000e+05 9.301139495219103992e+00 -7.229383713472628127e-11
4.350000000000000000e+05 9.338567005179356784e+00 -7.321112439454178539e-11
4.400000000000000000e+05 9.324174788431264460e+00 -7.259135370898754453e-11
4.450000000000000000e+05 9.373875330551527441e+00 -7.364522660843714175e-11
4.500000000000000000e+05 9.379330317839048803e+00 -7.392532286017768510e-11
4.550000000000000000e+05 9.392303037981037050e+00 -7.409465820140344784e-11
4.600000000000000000e+05 9.430466696852818131e+00 -7.527723393743871813e-11
4.650000000000000000e+05 9.415830040001310408e+00 -7.437939606557657152e-11
4.700000000000000000e+05 9.449554741440806538e+00 -7.545089547337496748e-11
4.750000000000000000e+05 9.442014133732300252e+00 -7.547260746887329212e-11
4.800000000000000000e+05 9.459656879655085504e+00 -7.541886808870321925e-11
4.850000000000000000e+05 9.471865377505309880e+00 -7.582659912717181312e-11
4.900000000000000000e+05 9.461152255476918072e+00 -7.567656675765637836e-11
4.950000000000000000e+05 9.462412672990467399e+00 -7.562735142029008536e-11
5.000000000000000000e+05 9.453646964102517813e+00 -7.546935555652378941e-11
