# # x,y
0.000000000000000000e+00 -5.853319060814101249e+01 -8.167778748727678252e-10
5.000000000000000000e+03 -5.835056117177009583e+01 -8.124338944325393517e-10
1.000000000000000000e+04 -5.827897401928203180e+01 -8.122246169394005258e-10
1.500000000000000000e+04 -5.800320016493787989e+01 -8.082668886871513985e-10
2.000000000000000000e+04 -5.755946624191710725e+01 -8.007646622247091958e-10
2.500000000000000000e+04 -5.730204873380716890e+01 -7.995954693457123291e-10
3.000000000000000000e+04 -5.652050301851704717e+01 -7.855623953268109358e-10
3.500000000000000000e+04 -5.618453239748487249e+01 -7.844593099042072380e-10
4.000000000000000000e+04 -5.519907940668053925e+01 -7.690892855077706072e-10
4.500000000000000000e+04 -5.440463830588851124e+01 -7.585687443350408696e-10
5.000000000000000000e+04 -5.340646061964798719e+01 -7.444882544213470046e-10
5.500000000000000000e+04 -5.224678332428447902e+01 -7.290020669844823508e-10
6.000000000000000000e+04 -5.104558154928963631e+01 -7.102112416475468216e-10
6.500000000000000000e+04 -4.953858142916578799e+01 -6.927169644837189293e-10
7.000000000000000000e+04 -4.761552167014451697e+01 -6.584906760635925290e-10
7.500000000000000000e+04 -4.629180080915102735e+01 -6.476165852916529965e-10
8.000000000000000000e+04 -4.272601538914022967e+01 -5.908808247885513200e-10
8.500000000000000000e+04 -4.237119753746083006e+01 -5.839521439796032065e-10
9.000000000000000000e+04 -3.425225477927597240e+01 -4.907468988524122493e-10
9.500000000000000000e+04 -3.902787236199947074e+01 -5.191100502894925294e-10
1.000000000000000000e+05 -2.913045714108739048e+01 -3.855118014881709728e-10
1.050000000000000000e+05 -1.915490564389619976e+01 -2.449656422490605538e-10
1.100000000000000000e+05 -2.400735705543775111e+01 -2.774247225989882442e-10
1.150000000000000000e+05 -1.598867459362372756e+01 -1.837915235579506420e-10
1.200000000000000000e+05 -1.536424755793996155e+01 -1.736069325725371145e-10
1.250000000000000000e+05 -1.161533956835046411e+01 -1.146553197160539771e-10
1.300000000000000000e+05 -1.028005718189524487e+01 -1.056011989424760150e-10
1.350000000000000000e+05 -7.999928574601653963e+00 -6.517938157444793186e-11
1.400000000000000000e+05 -6.370282409829087555e+00 -4.871858362362675727e-11
1.450000000000000000e+05 -4.746508979995269328e+00 -2.279043617579176390e-11
1.500000000000000000e+05 -3.255941002978943288e+00 -4.166594121751019820e-12
1.550000000000000000e+05 -1.910874194989446551e+00 1.403457150665429937e-11
1.600000000000000000e+05 -6.220817262656055391e-01 3.125185956748130329e-11
1.650000000000000000e+05 5.805667404201813042e-01 4.599789115221565039e-11
1.700000000000000000e+05 1.698427552822977304e+00 6.047184052554562340e-11
1.750000000000000000e+05 2.767222607508301735e+00 7.394715536792959362e-11
1.800000000000000000e+05 3.762912665493786335e+00 8.594520229048601161e-11
1.850000000000000000e+05 4.716544666793197393e+00 9.776420742400563361e-11
1.900000000000000000e+05 5.619801191554870456e+00 1.085449277200268879e-10
1.950000000000000000e+05 6.464110767759848386e+00 1.186535940792344602e-10
2.000000000000000000e+05 7.277173801907338202e+00 1.281374350017416373e-10
2.050000000000000000e+05 8.049693744105752558e+00 1.373612947589873664e-10
2.100000000000000000e+05 8.769474160042591393e+00 1.453903505149250591e-10
2.150000000000000000e+05 9.483922084385994822e+00 1.537374119941112068e-10
2.200000000000000000e+05 1.014552126219496131e+01 1.611708826631873026e-10
2.250000000000000000e+05 1.076906319317640737e+01 1.679529426958987559e-10
2.300000000000000000e+05 1.140283154067583382e+01 1.753512000429783032e-10
2.350000000000000000e+05 1.195809650071896613e+01 1.810507612673969163e-10
2.400000000000000000e+05 1.254407374683069065e+01 1.878716371340867282e-10
2.450000000000000000e+05 1.305439288623165339e+01 1.929694382551767458e-10
2.500000000000000000e+05 1.356860017107101157e+01 1.986312292243203656e-10
2.550000000000000000e+05 1.404680531512713060e+01 2.035212050880122786e-10
2.600000000000000000e+05 1.452963932848069817e+01 2.088278258097295532e-10
2.650000000000000000e+05 1.494306256336858496e+01 2.124860144466205271e-10
2.700000000000000000e+05 1.542744070169283077e+01 2.183984064299066901e-10
2.750000000000000000e+05 1.581362299196189269e+01 2.217998821074337742e-10
2.800000000000000000e+05 1.619595134520204738e+01 2.255733770614594490e-10
2.850000000000000000e+05 1.658093498367816210e+01 2.295738229162851912e-10
2.900000000000000000e+05 1.692161184077849612e+01 2.325658682251476774e-10
2.950000000000000000e+05 1.729444330680416897e+01 2.366331468530612148e-10
3.000000000000000000e+05 1.759639633336337283e+01 2.391366786713991055e-10
3.050000000000000000e+05 1.793785031250445172e+01 2.427410805590105029e-10
3.100000000000000000e+05 1.823045031883521006e+01 2.453290940433022602e-10
3.150000000000000000e+05 1.852101752662565559e+01 2.480743299906264487e-10
3.200000000000000000e+05 1.881142060155980289e+01 2.508543351442495390e-10
3.250000000000000000e+05 1.907190768409054726e+01 2.532168150088480495e-10
3.300000000000000000e+05 1.934008810867089778e+01 2.557717288125095320e-10
3.350000000000000000e+05 1.958940940687898546e+01 2.582489823893847337e-10
3.400000000000000000e+05 1.977186333964345977e+01 2.591398861025588624e-10
3.450000000000000000e+05 2.004380617022980005e+01 2.621405521724794565e-10
3.500000000000000000e+05 2.027024012350011617e+01 2.644087460824888881e-10
3.550000000000000000e+05 2.045299312128918245e+01 2.657332580479620288e-10
3.600000000000000000e+05 2.068122866243356839e+01 2.680773324880094755e-10
3.650000000000000000e+05 2.084850963792996481e+01 2.693586439112722714e-10
3.700000000000000000e+05 2.103566305938875303e+01 2.709698215115065859e-10
3.750000000000000000e+05 2.121254304400645196e+01 2.726453883233679948e-10
3.800000000000000000e+05 2.136043297225842252e+01 2.737562268629895965e-10
3.850000000000000000e+05 2.151556310232263058e+01 2.751070437258294545e-10
3.900000000000000000e+05 2.165571542858378962e+01 2.762699340300648554e-10
3.950000000000000000e+05 2.180785422032931820e+01 2.777314511506757284e-10
4.000000000000000000e+05 2.194163377076620236e+01 2.789163630896200617e-10
4.050000000000000000e+05 2.201679151307325810e+01 2.789630693428127197e-10
4.100000000000000000e+05 2.219645855401176959e+01 2.812700864214641994e-10
4.150000000000000000e+05 2.230753131629899144e+01 2.821898591505103588e-10
4.200000000000000000e+05 2.235870179650373757e+01 2.819307222216232114e-10
4.250000000000000000e+05 2.245929815043928102e+01 2.829001934722504157e-10
4.300000000000000000e+05 2.256985151162371039e+01 2.839982265311696862e-10
4.350000000000000000e+05 2.266662750870455056e+01 2.850382472259182843e-10
4.400000000000000000e+05 2.269764759164536372e+01 2.846721320169159734e-10
4.450000000000000000e+05 2.279927307803882286e+01 2.860904689636529313e-10
4.500000000000000000e+05 2.285028902033809572e+01 2.862143955431070124e-10
4.550000000000000000e+05 2.290286395442672074e+01 2.866046330059725058e-10
4.600000000000000000e+05 2.298378322826465592e+01 2.876324049912187332e-10
4.650000000000000000e+05 2.299370629939949140e+01 2.873114865774971327e-10
4.700000000000000000e+05 2.305787619738839567e+01 2.882053830532394215e-10
4.750000000000000000e+05 2.307744767732219771e+01 2.879725908845350908e-10
4.800000000000000000e+05 2.311208874115254730e+01 2.885462581084900103e-10
4.850000000000000000e+05 2.314142490830272436e+01 2.888660981325451624e-10
4.900000000000000000e+05 2.314081519859610125e+01 2.885557259250844342e-10
4.950000000000000000e+05 2.314534013706725091e+01 2.885957774575646775e-10
5.000000000000000000e+05 2.313956385478377342e+01 2.883507271064793973e-10
