# # x,y
0.000000000000000000e+00 -4.523305944894673303e+01 -8.880807214614965173e-10
5.000000000000000000e+03 -4.512552081583999097e+01 -8.824810132120039312e-10
1.000000000000000000e+04 -4.505401371122570708e+01 -8.829091006920533460e-10
1.500000000000000000e+04 -4.484537913458188996e+01 -8.780788312879523608e-10
2.000000000000000000e+04 -4.452829407743411139e+01 -8.692609401534647559e-10
2.500000000000000000e+04 -4.428168977436143905e+01 -8.693290896135505392e-10
3.000000000000000000e+04 -4.374508206348400563e+01 -8.514279726714576255e-10
3.500000000000000000e+04 -4.340849656844511628e+01 -8.534852839203466001e-10
4.000000000000000000e+04 -4.269013451063074172e+01 -8.334992787390922629e-10
4.500000000000000000e+04 -4.206147198588587344e+01 -8.237294635804078353e-10
5.000000000000000000e+04 -4.128436950570903718e+01 -8.087737402099458871e-10
5.500000000000000000e+04 -4.039410512987524271e+01 -7.902061606928159375e-10
6.000000000000000000e+04 -3.946973837906261906e+01 -7.738902454116836115e-10
6.500000000000000000e+04 -3.827053805586183444e+01 -7.510803080153714999e-10
7.000000000000000000e+04 -3.692774693400133401e+01 -7.099277478326388894e-10
7.500000000000000000e+04 -3.571980991860618815e+01 -7.089498564712427652e-10
8.000000000000000000e+04 -3.322349503444274887e+01 -6.199718703952648818e-10
8.500000000000000000e+04 -3.276798091566888615e+01 -6.529999463010849816e-10
9.000000000000000000e+04 -2.641090923378942534e+01 -5.021508082562944362e-10
9.500000000000000000e+04 -3.049949472263688222e+01 -5.792396748864456353e-10
1.000000000000000000e+05 -2.279342992359306663e+01 -4.263589203769718075e-10
1.050000000000000000e+05 -1.510740533360512927e+01 -2.691501119339866533e-10
1.100000000000000000e+05 -1.921468249516328797e+01 -3.486234157955933710e-10
1.150000000000000000e+05 -1.294844507513334975e+01 -2.008146552748252086e-10
1.200000000000000000e+05 -1.228268183511681855e+01 -2.290879477956938967e-10
1.250000000000000000e+05 -9.647036158188711852e+00 -1.363695200714759763e-10
1.300000000000000000e+05 -8.394876608799677342e+00 -1.381191304933890005e-10
1.350000000000000000e+05 -6.796184640552382916e+00 -8.991789173462816428e-11
1.400000000000000000e+05 -5.456367755017708987e+00 -6.893644337267604513e-11
1.450000000000000000e+05 -4.231846338836476207e+00 -4.367469775685019486e-11
1.500000000000000000e+05 -3.069929120829328895e+00 -2.059399599202773323e-11
1.550000000000000000e+05 -2.010852101957425475e+00 -1.553744659427274508e-12
1.600000000000000000e+05 -1.007046773273032159e+00 1.721779178148382504e-11
1.650000000000000000e+05 -5.368032061960548162e-02 3.484165014454677017e-11
1.700000000000000000e+05 8.302851680200546980e-01 5.037641833304533733e-11
1.750000000000000000e+05 1.670042703801300377e+00 6.611132698956320560e-11
1.800000000000000000e+05 2.467169422423467040e+00 7.979551099852195599e-11
1.850000000000000000e+05 3.222196576010901481e+00 9.326930346280161679e-11
1.900000000000000000e+05 3.943889970949385315e+00 1.058945856885727613e-10
1.950000000000000000e+05 4.619181780319195241e+00 1.173748408820613901e-10
2.000000000000000000e+05 5.271324620756786317e+00 1.285609849509014667e-10
2.050000000000000000e+05 5.888935437658801675e+00 1.392242419156651282e-10
2.100000000000000000e+05 6.472288858087267727e+00 1.486530271623112614e-10
2.150000000000000000e+05 7.045117808273062110e+00 1.585455504788441948e-10
2.200000000000000000e+05 7.580272562569007277e+00 1.673103444945958258e-10
2.250000000000000000e+05 8.088584805373102427e+00 1.752971196931447338e-10
2.300000000000000000e+05 8.595222739560995251e+00 1.842950931059178704e-10
2.350000000000000000e+05 9.053718517592642456e+00 1.909348905681930241e-10
2.400000000000000000e+05 9.522004197293426841e+00 1.993128502611676849e-10
2.450000000000000000e+05 9.944998413207940757e+00 2.053717743174807472e-10
2.500000000000000000e+05 1.036111356760375202e+01 2.123306907551994876e-10
2.550000000000000000e+05 1.075583307293709368e+01 2.181324004245891619e-10
2.600000000000000000e+05 1.114603723579784855e+01 2.247638957299774692e-10
2.650000000000000000e+05 1.149635830312035978e+01 2.291422098897684051e-10
2.700000000000000000e+05 1.187815832102205604e+01 2.365110876896205865e-10
2.750000000000000000e+05 1.220507105265278369e+01 2.406796085269708892e-10
2.800000000000000000e+05 1.252125197369605303e+01 2.453881883990898620e-10
2.850000000000000000e+05 1.283676277467748150e+01 2.503306426754276072e-10
2.900000000000000000e+05 1.312489511939929798e+01 2.540227579908307235e-10
2.950000000000000000e+05 1.342589343094732612e+01 2.592810549736406007e-10
3.000000000000000000e+05 1.368486029992345721e+01 2.621908424612871006e-10
3.050000000000000000e+05 1.396192092896671966e+01 2.669490377871381687e-10
3.100000000000000000e+05 1.420920226402813569e+01 2.701525951217574942e-10
3.150000000000000000e+05 1.445102685474557802e+01 2.736641981160448789e-10
3.200000000000000000e+05 1.469198762654559687e+01 2.772857080425938145e-10
3.250000000000000000e+05 1.491092451644362882e+01 2.802265157481279527e-10
3.300000000000000000e+05 1.513390453887404874e+01 2.835112378167118101e-10
3.350000000000000000e+05 1.533924811199540272e+01 2.866862388878720760e-10
3.400000000000000000e+05 1.550604752934304997e+01 2.876823386162645759e-10
3.450000000000000000e+05 1.572357729100622237e+01 2.918081205717140476e-10
3.500000000000000000e+05 1.591024331125663593e+01 2.946561068074510184e-10
3.550000000000000000e+05 1.606936286680866033e+01 2.963187006733407512e-10
3.600000000000000000e+05 1.625412628363119438e+01 2.997022375545151303e-10
3.650000000000000000e+05 1.639974039152730256e+01 3.011042699236042051e-10
3.700000000000000000e+05 1.655641057930188254e+01 3.034840000585518283e-10
3.750000000000000000e+05 1.670409487496362999e+01 3.055522371948756999e-10
3.800000000000000000e+05 1.683166167157469317e+01 3.070135063951457322e-10
3.850000000000000000e+05 1.696230573591310531e+01 3.088384053694742504e-10
3.900000000000000000e+05 1.708183279901277274e+01 3.102932605666413283e-10
3.950000000000000000e+05 1.720752848015399650e+01 3.122565945934676592e-10
4.000000000000000000e+05 1.731952907115919515e+01 3.139133189538832993e-10
4.050000000000000000e+05 1.739447468775324523e+01 3.137388322232294660e-10
4.100000000000000000e+05 1.753177620883798227e+01 3.170568518939004448e-10
4.150000000000000000e+05 1.762671811121981591e+01 3.181876693261547116e-10
4.200000000000000000e+05 1.768171840306604281e+01 3.178586714131143576e-10
4.250000000000000000e+05 1.776508652803022414e+01 3.191220349467276015e-10
4.300000000000000000e+05 1.785599301545880735e+01 3.205678627619067867e-10
4.350000000000000000e+05 1.793350321898469701e+01 3.220667960637565397e-10
4.400000000000000000e+05 1.797120645758695900e+01 3.214584739062222547e-10
4.450000000000000000e+05 1.804742032499052584e+01 3.233723128400097514e-10
4.500000000000000000e+05 1.809536261809989810e+01 3.236563244523083247e-10
4.550000000000000000e+05 1.814098990079946816e+01 3.241297410439385630e-10
4.600000000000000000e+05 1.820248262508539483e+01 3.257123781373111238e-10
4.650000000000000000e+05 1.821965397981693968e+01 3.249760315536791736e-10
4.700000000000000000e+05 1.826634476560866460e+01 3.264130154532337668e-10
4.750000000000000000e+05 1.828955231385771185e+01 3.261677461859595083e-10
4.800000000000000000e+05 1.831525743944803253e+01 3.267121884729612965e-10
4.850000000000000000e+05 1.833841386041603982e+01 3.272277816481683841e-10
4.900000000000000000e+05 1.834308329172199592e+01 3.268364186625063938e-10
4.950000000000000000e+05 1.834688201511744410e+01 3.268811127065454017e-10
5.000000000000000000e+05 1.834548109897878021e+01 3.265378120176299019e-10
