1.562500000000000000e-02 -5.303500232961908978e+01
4.687500000000000000e-02 -7.586315049284522716e-02
7.812500000000000000e-02 -5.548021856117659745e+00
1.093750000000000000e-01 -4.547369511685285248e-01
1.406250000000000000e-01 -1.670073489025108326e+00
1.718750000000000000e-01 -4.886862014204946258e-01
2.031250000000000000e-01 -7.357241320194446432e-01
2.343750000000000000e-01 -3.813725811474380500e-01
2.656250000000000000e-01 -4.057962943780937803e-01
2.968750000000000000e-01 -2.711323795446667351e-01
3.281250000000000000e-01 -2.453274167251827120e-01
3.593750000000000000e-01 -1.767632184066947332e-01
3.906250000000000000e-01 -1.413980702013553359e-01
4.218750000000000000e-01 -9.442771151476900271e-02
4.531250000000000000e-01 -5.821221664033180559e-02
4.843750000000000000e-01 -1.801499386363007368e-02
5.156250000000000000e-01 1.801499386363527785e-02
5.468750000000000000e-01 5.821221664031631104e-02
5.781250000000000000e-01 9.442771151474810276e-02
6.093750000000000000e-01 1.413980702013094837e-01
6.406250000000000000e-01 1.767632184066807721e-01
6.718750000000000000e-01 2.453274167251277282e-01
7.031250000000000000e-01 2.711323795446513030e-01
7.343750000000000000e-01 4.057962943779305776e-01
7.656250000000000000e-01 3.813725811473758776e-01
7.968750000000000000e-01 7.357241320180391009e-01
8.281250000000000000e-01 4.886862014214781169e-01
8.593750000000000000e-01 1.670073489025250657e+00
8.906250000000000000e-01 4.547369511695636968e-01
9.218750000000000000e-01 5.548021856118131367e+00
9.531250000000000000e-01 7.586315049322001069e-02
9.843750000000000000e-01 5.303500232961944505e+01
