6.377551e-04 4.089501e-01 
9.177847e-04 4.277992e-01 
1.059662e-03 4.547208e-01 
1.145592e-03 4.840762e-01 
1.204936e-03 5.134409e-01 
1.249783e-03 5.415443e-01 
1.286580e-03 5.676395e-01 
1.314189e-03 5.913741e-01 
1.340626e-03 6.125298e-01 
1.365666e-03 6.311134e-01 
1.390764e-03 6.472248e-01 
1.414534e-03 6.610307e-01 
1.436938e-03 6.727177e-01 
1.458719e-03 6.824689e-01 
1.479952e-03 6.905093e-01 
1.500963e-03 6.970572e-01 
1.521401e-03 7.023556e-01 
1.542255e-03 7.065197e-01 
1.563733e-03 7.097017e-01 
1.585492e-03 7.121283e-01 
1.607585e-03 7.139410e-01 
1.630028e-03 7.152655e-01 
1.652806e-03 7.162253e-01 
1.675917e-03 7.168815e-01 
1.699308e-03 7.173255e-01 
1.718446e-03 7.177496e-01 
1.741926e-03 7.180125e-01 
1.765271e-03 7.181642e-01 
1.788503e-03 7.182470e-01 
1.811664e-03 7.183203e-01 
1.834794e-03 7.183895e-01 
1.857796e-03 7.185852e-01 
1.880679e-03 7.187254e-01 
1.903400e-03 7.188235e-01 
1.925984e-03 7.189439e-01 
1.948477e-03 7.189964e-01 
1.970891e-03 7.190376e-01 
1.993205e-03 7.190900e-01 
2.015428e-03 7.191472e-01 
2.037598e-03 7.192203e-01 
2.059831e-03 7.194558e-01 
2.081857e-03 7.195804e-01 
2.103733e-03 7.196110e-01 
2.125390e-03 7.196366e-01 
2.146813e-03 7.196498e-01 
2.168012e-03 7.196720e-01 
2.188971e-03 7.196947e-01 
2.209728e-03 7.197094e-01 
2.230273e-03 7.197224e-01 
2.250630e-03 7.197214e-01 
2.270840e-03 7.197081e-01 
2.290871e-03 7.196754e-01 
2.310721e-03 7.194813e-01 
2.330405e-03 7.185076e-01 
2.349903e-03 7.166448e-01 
2.369144e-03 7.155237e-01 
2.388060e-03 7.151423e-01 
2.406702e-03 7.151241e-01 
2.425044e-03 7.151828e-01 
2.443030e-03 7.151989e-01 
2.460749e-03 7.150530e-01 
2.478280e-03 7.147114e-01 
2.495714e-03 7.141816e-01 
2.513138e-03 7.135028e-01 
2.530644e-03 7.127088e-01 
2.548335e-03 7.117847e-01 
2.566246e-03 7.108464e-01 
2.584456e-03 7.097788e-01 
2.603100e-03 7.086785e-01 
2.622277e-03 7.076236e-01 
2.642051e-03 7.067926e-01 
2.662457e-03 7.060023e-01 
2.682401e-03 7.058279e-01 
2.702628e-03 7.056325e-01 
2.722561e-03 7.053021e-01 
2.742225e-03 7.041928e-01 
2.761538e-03 7.023079e-01 
2.780542e-03 7.012818e-01 
2.799246e-03 7.009336e-01 
2.817674e-03 7.009524e-01 
2.835863e-03 7.010957e-01 
2.853810e-03 7.011561e-01 
2.871566e-03 7.010014e-01 
2.889166e-03 7.007211e-01 
2.906731e-03 7.002366e-01 
2.924326e-03 6.995971e-01 
2.942039e-03 6.988273e-01 
2.959930e-03 6.979291e-01 
2.978084e-03 6.969121e-01 
2.996544e-03 6.957692e-01 
3.015369e-03 6.944390e-01 
3.034622e-03 6.928012e-01 
3.054349e-03 6.907223e-01 
3.074596e-03 6.882842e-01 
3.095375e-03 6.865367e-01 
3.116464e-03 6.853196e-01 
3.136943e-03 6.845546e-01 
3.157022e-03 6.840459e-01 
3.176458e-03 6.836627e-01 
3.195463e-03 6.833354e-01 
3.214261e-03 6.829983e-01 
3.233029e-03 6.825966e-01 
3.251892e-03 6.821088e-01 
3.270944e-03 6.815653e-01 
3.290259e-03 6.809424e-01 
3.309905e-03 6.802961e-01 
3.329903e-03 6.796223e-01 
3.350254e-03 6.790031e-01 
3.371000e-03 6.784179e-01 
3.391859e-03 6.778885e-01 
3.412752e-03 6.774439e-01 
3.433732e-03 6.772134e-01 
3.454752e-03 6.768955e-01 
3.475822e-03 6.764696e-01 
3.496942e-03 6.760064e-01 
3.518131e-03 6.757788e-01 
3.539427e-03 6.753760e-01 
3.560848e-03 6.749411e-01 
3.579083e-03 6.745748e-01 
3.596887e-03 6.743620e-01 
3.618858e-03 6.740687e-01 
3.625253e-03 6.749721e-01 
3.638118e-03 6.751816e-01 
3.657720e-03 6.750818e-01 
3.678392e-03 6.751545e-01 
3.699443e-03 6.753240e-01 
3.720897e-03 6.755866e-01 
3.742768e-03 6.758484e-01 
3.764807e-03 6.760445e-01 
3.786789e-03 6.762310e-01 
3.809249e-03 6.760910e-01 
3.822455e-03 6.756365e-01 
3.840326e-03 6.750094e-01 
3.858035e-03 6.744395e-01 
3.874793e-03 6.739648e-01 
3.897358e-03 6.736453e-01 
3.919902e-03 6.734973e-01 
3.942477e-03 6.734055e-01 
3.965151e-03 6.730745e-01 
3.987931e-03 6.727450e-01 
4.010791e-03 6.725005e-01 
4.033532e-03 6.721861e-01 
4.056179e-03 6.719576e-01 
4.078716e-03 6.720886e-01 
4.101181e-03 6.721680e-01 
4.114947e-03 6.714736e-01 
4.137395e-03 6.711896e-01 
4.160055e-03 6.711408e-01 
4.182780e-03 6.710534e-01 
4.205384e-03 6.710866e-01 
4.227915e-03 6.712303e-01 
4.250333e-03 6.714302e-01 
4.272688e-03 6.718404e-01 
4.295083e-03 6.721381e-01 
4.317605e-03 6.721559e-01 
4.340277e-03 6.721638e-01 
4.362841e-03 6.716703e-01 
4.385309e-03 6.714508e-01 
4.407754e-03 6.714987e-01 
4.430116e-03 6.720472e-01 
4.452453e-03 6.722928e-01 
4.474837e-03 6.723710e-01 
4.497305e-03 6.724139e-01 
4.519844e-03 6.726836e-01 
4.542493e-03 6.727904e-01 
4.564996e-03 6.728422e-01 
4.587425e-03 6.728804e-01 
4.609590e-03 6.730055e-01 
4.631898e-03 6.729144e-01 
4.654164e-03 6.728502e-01 
4.676435e-03 6.727249e-01 
4.698774e-03 6.725420e-01 
4.721249e-03 6.723832e-01 
4.743851e-03 6.719843e-01 
4.766436e-03 6.716319e-01 
4.788903e-03 6.713724e-01 
4.811307e-03 6.711527e-01 
4.824217e-03 6.706999e-01 
4.842892e-03 6.705743e-01 
4.850526e-03 6.703506e-01 
4.861437e-03 6.703711e-01 
4.877893e-03 6.705883e-01 
4.900513e-03 6.708720e-01 
4.922637e-03 6.712480e-01 
4.944052e-03 6.718134e-01 
4.965658e-03 6.721649e-01 
4.987066e-03 6.724397e-01 
5.008376e-03 6.725988e-01 
5.029488e-03 6.727317e-01 
5.051114e-03 6.726537e-01 
5.072749e-03 6.726002e-01 
5.094937e-03 6.723671e-01 
5.117145e-03 6.721580e-01 
5.139539e-03 6.717997e-01 
5.161671e-03 6.716373e-01 
5.183981e-03 6.713280e-01 
5.206345e-03 6.710447e-01 
5.228880e-03 6.706773e-01 
5.251536e-03 6.704306e-01 
5.274055e-03 6.702384e-01 
5.293986e-03 6.698150e-01 
5.316374e-03 6.695632e-01 
5.338649e-03 6.694352e-01 
5.360873e-03 6.692243e-01 
5.383156e-03 6.691219e-01 
5.405599e-03 6.690996e-01 
5.428074e-03 6.690420e-01 
5.450410e-03 6.689408e-01 
5.472668e-03 6.688447e-01 
5.494863e-03 6.687411e-01 
5.517019e-03 6.687349e-01 
5.539192e-03 6.688258e-01 
5.561502e-03 6.689315e-01 
5.583999e-03 6.690429e-01 
5.606405e-03 6.691427e-01 
5.628717e-03 6.692110e-01 
5.650985e-03 6.692898e-01 
5.671268e-03 6.698155e-01 
5.693391e-03 6.699847e-01 
5.715620e-03 6.699718e-01 
5.738044e-03 6.699519e-01 
5.760474e-03 6.697748e-01 
5.782809e-03 6.698434e-01 
5.805226e-03 6.691572e-01 
5.827507e-03 6.688985e-01 
5.849735e-03 6.689933e-01 
5.872040e-03 6.690717e-01 
5.890236e-03 6.690655e-01 
5.894148e-03 6.689933e-01 
5.902310e-03 6.695172e-01 
5.912552e-03 6.702423e-01 
5.923407e-03 6.709004e-01 
5.931123e-03 6.712023e-01 
5.944536e-03 6.715491e-01 
5.964196e-03 6.718305e-01 
5.983125e-03 6.722318e-01 
6.002297e-03 6.724714e-01 
6.021776e-03 6.725388e-01 
6.041512e-03 6.725124e-01 
6.061672e-03 6.723552e-01 
6.082134e-03 6.721516e-01 
6.102538e-03 6.720074e-01 
6.123191e-03 6.717580e-01 
6.144059e-03 6.714750e-01 
6.164970e-03 6.712598e-01 
6.170366e-03 6.712963e-01 
6.178089e-03 6.715395e-01 
6.189314e-03 6.717757e-01 
6.205550e-03 6.721254e-01 
6.224726e-03 6.725715e-01 
6.242139e-03 6.734989e-01 
6.260113e-03 6.742003e-01 
6.278367e-03 6.746394e-01 
6.296590e-03 6.748601e-01 
6.314974e-03 6.748802e-01 
6.317348e-03 6.751857e-01 
6.320389e-03 6.752057e-01 
6.324735e-03 6.759305e-01 
6.331022e-03 6.763521e-01 
6.338690e-03 6.767233e-01 
6.349855e-03 6.769659e-01 
6.360954e-03 6.770736e-01 
6.363729e-03 6.795502e-01 
6.367410e-03 6.810183e-01 
6.372269e-03 6.818058e-01 
6.378962e-03 6.820926e-01 
6.387266e-03 6.821426e-01 
6.396535e-03 6.821045e-01 
6.408522e-03 6.818049e-01 
6.415240e-03 6.801567e-01 
6.424572e-03 6.789228e-01 
6.438056e-03 6.782497e-01 
6.455010e-03 6.777460e-01 
6.474374e-03 6.773234e-01 
6.492455e-03 6.769696e-01 
6.510041e-03 6.765675e-01 
6.527548e-03 6.760470e-01 
6.544994e-03 6.754096e-01 
6.563560e-03 6.743501e-01 
6.581652e-03 6.735259e-01 
6.598867e-03 6.731866e-01 
6.615799e-03 6.730826e-01 
6.617868e-03 6.735329e-01 
6.620625e-03 6.740923e-01 
6.624353e-03 6.747245e-01 
6.629635e-03 6.754037e-01 
6.641089e-03 6.758401e-01 
6.652876e-03 6.763306e-01 
6.660283e-03 6.765968e-01 
6.672026e-03 6.765947e-01 
6.681611e-03 6.754202e-01 
6.683628e-03 6.764737e-01 
6.686310e-03 6.772591e-01 
6.689795e-03 6.773962e-01 
6.694379e-03 6.770969e-01 
6.700440e-03 6.765004e-01 
6.708022e-03 6.756561e-01 
6.717592e-03 6.745789e-01 
6.730374e-03 6.732097e-01 
6.746284e-03 6.716669e-01 
6.762981e-03 6.698567e-01 
6.780018e-03 6.679740e-01 
6.797309e-03 6.661959e-01 
6.814806e-03 6.644361e-01 
6.832591e-03 6.628114e-01 
6.852156e-03 6.606699e-01 
6.871824e-03 6.590095e-01 
6.891529e-03 6.577558e-01 
6.911383e-03 6.567717e-01 
6.931184e-03 6.560700e-01 
6.951479e-03 6.553368e-01 
6.971963e-03 6.547398e-01 
6.992745e-03 6.542390e-01 
7.004961e-03 6.534675e-01 
7.023051e-03 6.532767e-01 
7.043887e-03 6.535535e-01 
7.064236e-03 6.539546e-01 
7.084956e-03 6.540827e-01 
7.104158e-03 6.546366e-01 
7.123459e-03 6.550314e-01 
7.142959e-03 6.552697e-01 
7.162771e-03 6.553499e-01 
7.183312e-03 6.550891e-01 
7.203914e-03 6.548495e-01 
7.224196e-03 6.548422e-01 
7.244453e-03 6.547656e-01 
7.264875e-03 6.545870e-01 
7.279049e-03 6.538006e-01 
7.300444e-03 6.535467e-01 
7.321410e-03 6.535738e-01 
7.341886e-03 6.537209e-01 
7.362833e-03 6.537090e-01 
7.383787e-03 6.536611e-01 
7.404358e-03 6.536742e-01 
7.424944e-03 6.536125e-01 
7.436856e-03 6.551215e-01 
7.452637e-03 6.559396e-01 
7.471214e-03 6.562640e-01 
7.490194e-03 6.563539e-01 
7.509506e-03 6.563178e-01 
7.529214e-03 6.561336e-01 
7.549357e-03 6.558097e-01 
7.570605e-03 6.550851e-01 
7.591957e-03 6.544390e-01 
7.613113e-03 6.539846e-01 
7.634198e-03 6.536114e-01 
7.655304e-03 6.532868e-01 
7.676359e-03 6.530040e-01 
7.697511e-03 6.527010e-01 
7.718802e-03 6.521982e-01 
7.740150e-03 6.518426e-01 
7.761483e-03 6.515940e-01 
7.783020e-03 6.512855e-01 
7.804259e-03 6.511422e-01 
7.825668e-03 6.506998e-01 
7.847122e-03 6.505171e-01 
7.866525e-03 6.501031e-01 
7.887885e-03 6.499668e-01 
7.909181e-03 6.499092e-01 
7.930544e-03 6.499557e-01 
7.952066e-03 6.499282e-01 
7.973134e-03 6.501421e-01 
7.994415e-03 6.502438e-01 
8.015812e-03 6.501447e-01 
8.037317e-03 6.501292e-01 
8.058430e-03 6.502294e-01 
8.079539e-03 6.502266e-01 
8.100773e-03 6.501124e-01 
8.122185e-03 6.499825e-01 
8.143146e-03 6.501738e-01 
8.164270e-03 6.501741e-01 
8.185638e-03 6.499280e-01 
8.205719e-03 6.501946e-01 
8.226153e-03 6.502020e-01 
8.246908e-03 6.500476e-01 
8.268092e-03 6.495767e-01 
8.289607e-03 6.491813e-01 
8.311308e-03 6.485739e-01 
8.332903e-03 6.482355e-01 
8.343692e-03 6.479141e-01 
8.357516e-03 6.477467e-01 
8.378147e-03 6.476974e-01 
8.394996e-03 6.475181e-01 
8.416649e-03 6.474602e-01 
8.437809e-03 6.474390e-01 
8.458827e-03 6.473981e-01 
8.479956e-03 6.472894e-01 
8.501147e-03 6.471189e-01 
8.522393e-03 6.468686e-01 
8.543535e-03 6.466089e-01 
8.564254e-03 6.466748e-01 
8.585930e-03 6.462315e-01 
8.607561e-03 6.457021e-01 
8.629327e-03 6.453529e-01 
8.650805e-03 6.451180e-01 
8.672515e-03 6.448205e-01 
8.694201e-03 6.445297e-01 
8.715890e-03 6.442683e-01 
8.737585e-03 6.439298e-01 
8.759225e-03 6.435711e-01 
8.780824e-03 6.432033e-01 
8.801672e-03 6.430606e-01 
8.822678e-03 6.428377e-01 
8.844030e-03 6.424886e-01 
8.865337e-03 6.421804e-01 
8.886477e-03 6.418391e-01 
8.907538e-03 6.416064e-01 
8.928445e-03 6.412663e-01 
8.949227e-03 6.411430e-01 
8.969857e-03 6.408817e-01 
8.990326e-03 6.406113e-01 
9.010657e-03 6.403469e-01 
9.030795e-03 6.399378e-01 
9.050724e-03 6.392477e-01 
9.070505e-03 6.380202e-01 
9.089956e-03 6.362117e-01 
9.108594e-03 6.353221e-01 
9.126867e-03 6.349298e-01 
9.145315e-03 6.346873e-01 
9.163321e-03 6.345629e-01 
9.181184e-03 6.344516e-01 
9.199011e-03 6.342947e-01 
9.216843e-03 6.341173e-01 
9.234812e-03 6.337435e-01 
9.253043e-03 6.334017e-01 
9.271514e-03 6.328572e-01 
9.290263e-03 6.323055e-01 
9.309268e-03 6.316821e-01 
9.328500e-03 6.311463e-01 
9.347803e-03 6.299216e-01 
9.367250e-03 6.292489e-01 
9.386809e-03 6.289255e-01 
9.406443e-03 6.287869e-01 
9.426059e-03 6.286890e-01 
9.445703e-03 6.284088e-01 
9.465356e-03 6.281599e-01 
9.485028e-03 6.279453e-01 
9.504743e-03 6.276714e-01 
9.524533e-03 6.273649e-01 
9.544429e-03 6.270663e-01 
9.563715e-03 6.272290e-01 
9.582602e-03 6.273134e-01 
9.601965e-03 6.271923e-01 
9.621462e-03 6.269100e-01 
9.640916e-03 6.265346e-01 
9.660372e-03 6.261285e-01 
9.679867e-03 6.258252e-01 
9.699398e-03 6.256104e-01 
9.719043e-03 6.254800e-01 
9.738874e-03 6.253672e-01 
9.758725e-03 6.251734e-01 
9.778427e-03 6.251161e-01 
9.798014e-03 6.250056e-01 
9.817514e-03 6.246219e-01 
9.837012e-03 6.243377e-01 
9.856546e-03 6.241711e-01 
9.876165e-03 6.240313e-01 
9.895918e-03 6.239362e-01 
9.915875e-03 6.240680e-01 
9.935841e-03 6.241000e-01 
9.955637e-03 6.241681e-01 
9.975365e-03 6.241260e-01 
9.995072e-03 6.240363e-01 
1.001480e-02 6.241593e-01 
1.003458e-02 6.241650e-01 
1.005454e-02 6.241074e-01 
1.007377e-02 6.243084e-01 
1.009344e-02 6.242649e-01 
1.011332e-02 6.241824e-01 
1.013175e-02 6.239122e-01 
1.014573e-02 6.242030e-01 
1.016472e-02 6.243473e-01 
1.018482e-02 6.244179e-01 
1.020432e-02 6.245081e-01 
1.022357e-02 6.244740e-01 
1.024307e-02 6.243502e-01 
1.026262e-02 6.243112e-01 
1.028243e-02 6.242956e-01 
1.030248e-02 6.241945e-01 
1.032263e-02 6.237433e-01 
1.034281e-02 6.234712e-01 
1.036287e-02 6.233209e-01 
1.038301e-02 6.231412e-01 
1.040319e-02 6.229907e-01 
1.042352e-02 6.228959e-01 
1.044376e-02 6.228046e-01 
1.045176e-02 6.241591e-01 
1.046469e-02 6.247274e-01 
1.048104e-02 6.250442e-01 
1.050071e-02 6.251071e-01 
1.052003e-02 6.250123e-01 
1.053937e-02 6.247784e-01 
1.055873e-02 6.244901e-01 
1.057780e-02 6.241231e-01 
1.059718e-02 6.234377e-01 
1.061656e-02 6.230222e-01 
1.063604e-02 6.228107e-01 
1.065556e-02 6.227560e-01 
1.067523e-02 6.226708e-01 
1.069500e-02 6.225400e-01 
