# # t,Tavrg
6.090480529339834231e-04 4.028885037834525340e-01
1.088112940440478550e-03 4.029112105445484260e-01
1.482916379939934253e-03 4.029430941442735392e-01
1.807856038056380576e-03 4.029824602698239278e-01
2.082511628688540027e-03 4.030290304793782141e-01
2.312112337991251588e-03 4.030816033008994270e-01
2.505974210002317407e-03 4.031399866375721674e-01
2.670987484153937962e-03 4.032041751542160823e-01
2.809173013382022365e-03 4.032725952490615051e-01
2.928515274846027038e-03 4.033463578103724245e-01
3.031436107028391124e-03 4.034244691069278632e-01
3.120076260176883349e-03 4.035052855758498591e-01
3.199358392542034704e-03 4.035896818556742871e-01
3.270889346366157892e-03 4.036760726554263212e-01
3.335362478638764609e-03 4.037613524717177382e-01
3.396294610917435786e-03 4.038459709721470836e-01
3.454884815896439032e-03 4.039280147187474523e-01
3.513262804652522199e-03 4.040072911025661684e-01
3.572689170373145699e-03 4.040835712244309486e-01
3.634656558798169627e-03 4.041586313204635905e-01
3.700285282564150235e-03 4.042358841783092460e-01
3.769836176102139315e-03 4.043195234830820328e-01
3.844648261920428911e-03 4.044158949138347281e-01
3.924650410099028534e-03 4.045295281610097882e-01
4.009316453024447564e-03 4.046630387673519347e-01
4.098278240089616928e-03 4.048183441883831390e-01
4.191492549032763484e-03 4.049985448948529854e-01
4.284853141743218650e-03 4.052006269809951267e-01
4.370594380153807086e-03 4.054117364306306093e-01
4.438615359319782183e-03 4.056032610550229234e-01
4.493064144892908174e-03 4.057749690989581048e-01
4.537530736423454024e-03 4.059268898264075109e-01
4.575006923549969524e-03 4.060596434216499628e-01
4.608092161441806368e-03 4.061747342460743648e-01
4.639007615246399513e-03 4.062739260158732546e-01
4.669646608364127691e-03 4.063584769410031328e-01
4.699173039434729852e-03 4.064236555822262065e-01
4.729703765151813469e-03 4.064758782666408332e-01
4.763868642214975739e-03 4.065234877415220827e-01
4.804440288263048947e-03 4.065768464426173234e-01
4.855792397742096471e-03 4.066499684676392889e-01
4.926385498271877890e-03 4.067622450914282206e-01
5.040067572638926366e-03 4.069542537227999190e-01
5.158875415241249637e-03 4.071598533089224037e-01
5.280479532171271709e-03 4.073795131146170090e-01
5.404369438466132339e-03 4.076189694950854703e-01
5.529478863678717084e-03 4.078832373972366976e-01
5.623942116969159015e-03 4.081061526962086461e-01
5.693834331366097803e-03 4.082881405037089850e-01
5.748233855449687811e-03 4.084403401897125363e-01
5.792948886723212239e-03 4.085700690453072381e-01
5.832141839148632413e-03 4.086831215769104464e-01
5.868847764793731769e-03 4.087840075567846787e-01
5.902182563935128370e-03 4.088678538768758530e-01
5.935091990556569906e-03 4.089429515525134784e-01
5.969746894784448525e-03 4.090150283995139247e-01
6.008198328977381979e-03 4.090871332968322172e-01
6.048366225830196889e-03 4.091505670427308949e-01
6.087049316262093529e-03 4.091961233422095057e-01
6.127114427966037086e-03 4.092305215024742981e-01
6.170521805705771190e-03 4.092642350244329874e-01
6.220793919210269168e-03 4.093116266080920607e-01
6.275075676770053811e-03 4.093762210380295641e-01
6.336586904532485326e-03 4.094574339229490878e-01
6.408697497881602791e-03 4.095567160776619753e-01
6.499265023250214851e-03 4.096914705692958902e-01
6.624808889261830230e-03 4.099015823040245143e-01
6.796287768036392112e-03 4.102171042615445629e-01
6.970493884493483144e-03 4.105553151680892410e-01
7.136858224593328574e-03 4.108886578014825375e-01
7.280406266603905302e-03 4.111855221680648098e-01
7.405679769917185643e-03 4.114536662934792921e-01
7.515034021295531608e-03 4.116962812032279317e-01
7.607747053440534757e-03 4.119087024984200984e-01
7.683449180196431742e-03 4.120857699211170622e-01
7.747730379065891938e-03 4.122369149867469718e-01
7.803761103013695001e-03 4.123681320809300388e-01
7.856238203010540433e-03 4.124908423606253871e-01
7.908752139084056568e-03 4.126149422804598066e-01
7.964769918574563651e-03 4.127505307667867496e-01
8.028904274456488688e-03 4.129105207059234894e-01
8.108016131490650841e-03 4.131132026689530723e-01
8.176893616702015158e-03 4.132923502968464669e-01
8.237555316006825445e-03 4.134478570274521814e-01
8.292293678434212514e-03 4.135823665731727661e-01
8.346483593205404963e-03 4.137090199529708245e-01
8.402467273299674827e-03 4.138352295445624773e-01
8.460118972665584339e-03 4.139638272552574327e-01
8.524720567739781790e-03 4.141094835964187482e-01
8.601238239165552579e-03 4.142851089503975515e-01
8.685587588385267413e-03 4.144833751735733651e-01
8.775260841878743806e-03 4.147058543603024394e-01
8.851131683186182902e-03 4.149088443024740447e-01
8.917590312110172321e-03 4.150949715713129762e-01
8.979048281698837758e-03 4.152705374784280701e-01
9.035347824022026825e-03 4.154324310362443318e-01
9.088324301343694844e-03 4.155858833542646624e-01
9.141197688611088501e-03 4.157420100678728692e-01
9.197078698047351716e-03 4.159129286201969089e-01
