0.000000000000000000e+00 9.999999999999926725e-01 1.000000000000000000e+00 1.000000000000000000e+00
1.000000000000000021e-02 8.867510077445103223e-01 8.540700853406293369e-01 9.953925296556199731e-01
2.000000000000000042e-02 7.861491049328670488e-01 7.254524023227267859e-01 9.909972532397881562e-01
2.999999999999999889e-02 7.051881154473179647e-01 6.238493731717578150e-01 9.864897762747635301e-01
4.000000000000000083e-02 6.444617658506054392e-01 5.500800777499124106e-01 9.817580916240544742e-01
5.000000000000000278e-02 6.012988130733509795e-01 4.999943508147143834e-01 9.773312235637069412e-01
5.999999999999999778e-02 5.717083430952089040e-01 4.677573679804091222e-01 9.735604038623743017e-01
7.000000000000000666e-02 5.514946822623504330e-01 4.474008733997760778e-01 9.699520776922408993e-01
8.000000000000000167e-02 5.376268870617049167e-01 4.347651811987149340e-01 9.663936934929117095e-01
8.999999999999999667e-02 5.276455903701641192e-01 4.266564137588563232e-01 9.627889186746181327e-01
1.000000000000000056e-01 5.201771287163964308e-01 4.214323526385677643e-01 9.588904132373290423e-01
1.100000000000000006e-01 5.142358146953920350e-01 4.179917982180955116e-01 9.544994901539631815e-01
1.199999999999999956e-01 5.093693672317769483e-01 4.158539349805172591e-01 9.492483406557071790e-01
1.300000000000000044e-01 5.052815491884746768e-01 4.146755228519545255e-01 9.428632993461349976e-01
1.400000000000000133e-01 5.018694636605155468e-01 4.143451239467589309e-01 9.405994034119311564e-01
1.499999999999999944e-01 4.990654046845482417e-01 4.146762675888525096e-01 9.393485720771925784e-01
1.600000000000000033e-01 4.968432611941673294e-01 4.155561790691863489e-01 9.362915420912989450e-01
1.700000000000000122e-01 4.951701653755619659e-01 4.168883621656443994e-01 9.309420874040321703e-01
1.799999999999999933e-01 4.940017396833394359e-01 4.186128656744078080e-01 9.229926291152050766e-01
1.900000000000000022e-01 4.932854060811279751e-01 4.206706418444295936e-01 9.206530500771560321e-01
2.000000000000000111e-01 4.929514790948684166e-01 4.230194721908494548e-01 9.196518985440313987e-01
2.099999999999999922e-01 4.929343739763160093e-01 4.256133977229704102e-01 9.151955595045404568e-01
2.200000000000000011e-01 4.931636306964402028e-01 4.284158280033336652e-01 9.072872027462549616e-01
2.300000000000000100e-01 4.935818517773971070e-01 4.313665095660096371e-01 9.078809920708263981e-01
2.399999999999999911e-01 4.941372877063103242e-01 4.343664614242617183e-01 9.057262849603252564e-01
2.500000000000000000e-01 4.947914467001561234e-01 4.373851931058357345e-01 8.992288421429566192e-01
2.600000000000000089e-01 4.955137954446928172e-01 4.404113583533809662e-01 8.933532459204350795e-01
2.700000000000000178e-01 4.962821026762418986e-01 4.434368365971523285e-01 8.929636698070483325e-01
2.800000000000000266e-01 4.970794630976223538e-01 4.464571615322025511e-01 8.884321399675392250e-01
2.899999999999999800e-01 4.978926341123128818e-01 4.494735676688138004e-01 8.813602432598334202e-01
2.999999999999999889e-01 4.987113291034871998e-01 4.524877291029905102e-01 8.818071005141329133e-01
3.099999999999999978e-01 4.995266822563367293e-01 4.550958448926696320e-01 8.780638213160820715e-01
3.200000000000000067e-01 5.003319273249070553e-01 4.571163748944662153e-01 8.708136070693260899e-01
3.300000000000000155e-01 5.011207152629607586e-01 4.586916284941707778e-01 8.679301219204562656e-01
3.400000000000000244e-01 5.018884366485406590e-01 4.597641690432769379e-01 8.654187592591875422e-01
3.500000000000000333e-01 5.026305526627703468e-01 4.602666349321481443e-01 8.597193138538644641e-01
3.599999999999999867e-01 5.033442341742728754e-01 4.601539419633507433e-01 8.548313706903745146e-01
3.699999999999999956e-01 5.040268821197800841e-01 4.593769636916275600e-01 8.529664787933227688e-01
3.800000000000000044e-01 5.046777108399889133e-01 4.579136271666525149e-01 8.483119341556165649e-01
3.900000000000000133e-01 5.052964279382395896e-01 4.557513328884164605e-01 8.412047976407428518e-01
4.000000000000000222e-01 5.058844368476255182e-01 4.529129178784115917e-01 8.372659528230416148e-01
4.100000000000000311e-01 5.064439016613238032e-01 4.494539755348821997e-01 8.338115609578999887e-01
4.199999999999999845e-01 5.069781918876327120e-01 4.454657389289225500e-01 8.282662507118425665e-01
4.299999999999999933e-01 5.074914954733233952e-01 4.410946009188149164e-01 8.208902474657068238e-01
4.400000000000000022e-01 5.079881620155880517e-01 4.364968858071464064e-01 8.179823436512190238e-01
4.500000000000000111e-01 5.084727753335362976e-01 4.318884558866825651e-01 8.135736195582280450e-01
4.600000000000000200e-01 5.089487339095480900e-01 4.274468237182880159e-01 8.075599903918169176e-01
4.700000000000000289e-01 5.094184468559836976e-01 4.233905633848222827e-01 8.001478930780312471e-01
4.799999999999999822e-01 5.098824330223855616e-01 4.198584379337738648e-01 7.956357184513551672e-01
4.899999999999999911e-01 5.103389306838527206e-01 4.170005198663596646e-01 7.911246510953814370e-01
5.000000000000000000e-01 5.107849692894881333e-01 4.148787184442837006e-01 7.854031161253220983e-01
5.100000000000000089e-01 5.112145887104314612e-01 4.135406486527263281e-01 7.799012417072727077e-01
5.200000000000000178e-01 5.116224947134986323e-01 4.129711517126981590e-01 7.824051720855459413e-01
5.300000000000000266e-01 5.120008021582649338e-01 4.131271782188869479e-01 7.850860758757552960e-01
5.400000000000000355e-01 5.123446341037938279e-01 4.139431598653142141e-01 7.879417390569650737e-01
5.500000000000000444e-01 5.126487181815607697e-01 4.153240142706541294e-01 7.909702838513632539e-01
5.600000000000000533e-01 5.129123615203419195e-01 4.171857267582190776e-01 7.941688206247109472e-01
5.700000000000000622e-01 5.131373289995666553e-01 4.194173674372624894e-01 7.975350524061414204e-01
5.799999999999999600e-01 5.133276199284367847e-01 4.219339841614153652e-01 8.010655173238575566e-01
5.899999999999999689e-01 5.134902689249115637e-01 4.246254213863579485e-01 8.047575608978686512e-01
5.999999999999999778e-01 5.136254804020657927e-01 4.274105517841478852e-01 8.086070471405272242e-01
6.099999999999999867e-01 5.137284747253877404e-01 4.238260894067983897e-01 8.126108819350011947e-01
6.199999999999999956e-01 5.137806040962255016e-01 4.169453321114514055e-01 8.167639739029074475e-01
6.300000000000000044e-01 5.137590029916567769e-01 4.111383919610013815e-01 8.210625976522832881e-01
6.400000000000000133e-01 5.136548573991932543e-01 4.058532462084756265e-01 8.255003654029472449e-01
6.500000000000000222e-01 5.134863616215166182e-01 4.018083596721619966e-01 8.300726914516628474e-01
6.600000000000000311e-01 5.133159212105126157e-01 3.993308403110621407e-01 8.347715856762498721e-01
6.700000000000000400e-01 5.132621480877950226e-01 3.968977291918438510e-01 8.395916285122710931e-01
6.800000000000000488e-01 5.134560794905731473e-01 3.960164350998204852e-01 8.445231112039417454e-01
6.900000000000000577e-01 5.140555211602338970e-01 3.953825042245643906e-01 8.495594408808575526e-01
7.000000000000000666e-01 5.151289139725402366e-01 3.954616060974959768e-01 8.546867131760137459e-01
7.099999999999999645e-01 5.166879177125685008e-01 3.959353295227282521e-01 8.598969229998276731e-01
7.199999999999999734e-01 5.186340133247114847e-01 3.963364847631293264e-01 8.651771278272890608e-01
7.299999999999999822e-01 5.207886019559913038e-01 3.974025016799695997e-01 8.716802242395393918e-01
7.399999999999999911e-01 5.229738619510250208e-01 3.975822608108236511e-01 8.770576477452085573e-01
7.500000000000000000e-01 5.249953766621414664e-01 3.990625636558035594e-01 8.823853759216229165e-01
7.600000000000000089e-01 5.267819179333457225e-01 3.985621637381461246e-01 8.874030701776063346e-01
7.700000000000000178e-01 5.282892943806889452e-01 3.973412249210407365e-01 8.928284659511778187e-01
7.800000000000000266e-01 5.291621714114667085e-01 3.924440587127467350e-01 8.988733614911083025e-01
7.900000000000000355e-01 5.293518592266928113e-01 3.892710773191979667e-01 9.100525635731371299e-01
8.000000000000000444e-01 5.286653732217067025e-01 3.834528079662449240e-01 8.858165421191348532e-01
8.100000000000000533e-01 5.268820244101262151e-01 3.803405984171531196e-01 7.407883171739910733e-01
8.200000000000000622e-01 5.255861303330913170e-01 3.732351890029762531e-01 6.846717331964975450e-01
8.300000000000000711e-01 5.258998359897905095e-01 3.679255170389931218e-01 6.803088991705110722e-01
8.399999999999999689e-01 5.269460962472906074e-01 3.636579153338421744e-01 6.799134641907619292e-01
8.499999999999999778e-01 5.280913177665119695e-01 3.578695627544821178e-01 6.747251174188862999e-01
8.599999999999999867e-01 5.288490139124021328e-01 3.505201365853089501e-01 6.727354920799435423e-01
8.699999999999999956e-01 5.284000344553323458e-01 3.429377112207542266e-01 6.711388533714527371e-01
8.800000000000000044e-01 5.262324492524546038e-01 3.341153228513872309e-01 6.703587903905641188e-01
8.900000000000000133e-01 5.215530618309409672e-01 3.225842630497038899e-01 6.697244111649143239e-01
9.000000000000000222e-01 5.128650302593397159e-01 3.105242851494568468e-01 6.794860632737755868e-01
9.100000000000000311e-01 4.974543818285224184e-01 2.981506501366634199e-01 6.870144293379755185e-01
9.200000000000000400e-01 4.715829598914125786e-01 2.807157381427719534e-01 6.721762544294234143e-01
9.300000000000000488e-01 4.317885026710127083e-01 2.576083562255611636e-01 6.521237378670112772e-01
9.400000000000000577e-01 3.796459403498372853e-01 2.304486446537656330e-01 6.121405261647940854e-01
9.500000000000000666e-01 3.195351323088355677e-01 1.988590627157464930e-01 5.237826812472534677e-01
9.599999999999999645e-01 2.560923966914263605e-01 1.627030267897666416e-01 4.113465631946300327e-01
9.699999999999999734e-01 1.922673207605463674e-01 1.234292554917265639e-01 2.958934418281147227e-01
9.799999999999999822e-01 1.284183950668694174e-01 8.295486750591474223e-02 1.867031087849721493e-01
9.899999999999999911e-01 6.437611047956937060e-02 4.169543430782588628e-02 9.228213507124230497e-02
1.000000000000000000e+00 0.000000000000000000e+00 0.000000000000000000e+00 0.000000000000000000e+00
