6.250000e-03 -2.678704e-02 
2.500000e-02 -6.423117e-02 
3.750000e-02 -7.256038e-02 
5.625000e-02 -1.282757e-01 
6.875000e-02 -1.320271e-01 
8.750000e-02 -1.896859e-01 
1.000000e-01 -1.930015e-01 
1.187500e-01 -2.508716e-01 
1.312500e-01 -2.541531e-01 
1.500000e-01 -3.120549e-01 
1.625000e-01 -3.153379e-01 
1.812500e-01 -3.732492e-01 
1.937500e-01 -3.765348e-01 
2.125000e-01 -4.344511e-01 
2.250000e-01 -4.377383e-01 
2.437500e-01 -4.956578e-01 
2.562500e-01 -4.989461e-01 
2.750000e-01 -5.568678e-01 
2.875000e-01 -5.601566e-01 
3.062500e-01 -6.180799e-01 
3.187500e-01 -6.213690e-01 
3.375000e-01 -6.792934e-01 
3.500000e-01 -6.825828e-01 
3.687500e-01 -7.405080e-01 
3.812500e-01 -7.437975e-01 
4.000000e-01 -8.017231e-01 
4.125000e-01 -8.050127e-01 
4.312500e-01 -8.629386e-01 
4.437500e-01 -8.662283e-01 
4.625000e-01 -9.241542e-01 
4.750000e-01 -9.274439e-01 
4.937500e-01 -9.853696e-01 
5.062500e-01 -9.886593e-01 
5.250000e-01 -1.046585e+00 
5.375000e-01 -1.049874e+00 
5.562500e-01 -1.107799e+00 
5.687500e-01 -1.111089e+00 
5.875000e-01 -1.169013e+00 
6.000000e-01 -1.172303e+00 
6.187500e-01 -1.230226e+00 
6.312500e-01 -1.233515e+00 
6.500000e-01 -1.291437e+00 
6.625000e-01 -1.294726e+00 
6.812500e-01 -1.352646e+00 
6.937500e-01 -1.355935e+00 
7.125000e-01 -1.413852e+00 
7.250000e-01 -1.417140e+00 
7.437500e-01 -1.475055e+00 
7.562500e-01 -1.478343e+00 
7.750000e-01 -1.536252e+00 
7.875000e-01 -1.539539e+00 
8.062500e-01 -1.597442e+00 
8.187500e-01 -1.600727e+00 
8.375000e-01 -1.658620e+00 
8.500000e-01 -1.661902e+00 
8.687500e-01 -1.719777e+00 
8.812500e-01 -1.723057e+00 
9.000000e-01 -1.780884e+00 
9.125000e-01 -1.784194e+00 
9.312500e-01 -1.841774e+00 
9.437500e-01 -1.845511e+00 
9.625000e-01 -1.901013e+00 
9.750000e-01 -1.909274e+00 
9.937500e-01 -1.944787e+00 
