benchmark  256 2946 0.0571375 -0.00042734452481862917 0.0001758234554778415 -0.0002697971273522456 0.0002931302779794744 0.0 0.0004273445293420003 -5048.762551785933 5035.749860004566 0.00018473485612296203
benchmark  289 3317 0.053776470588235294 -0.0004264707799688239 0.00017586609834285838 -0.00026916047502030977 0.0002928464100477868 0.0 0.00042668401241998164 -5048.667503280631 5035.565141946918 0.00018478823741821277
benchmark  324 3710 0.05078888888888889 -0.00042737098154624635 0.00017588035437565708 -0.00026817195041443405 0.00029327163465734274 0.0 0.00042737098163674156 -5048.593744490692 5035.420834245791 0.00018483520366388562
benchmark  361 4125 0.04811578947368421 -0.0004266197620026446 0.0001758904483817325 -0.00026817391160524856 0.00029368611318421334 0.0 0.00042677954416618646 -5048.532005186486 5035.2883212891975 0.00018487645925742866
benchmark  400 4562 0.04571 -0.0004201365950817093 0.00017594527745248834 -0.00026820003048981815 0.0002936327170327226 0.0 0.00042024451169452346 -5048.507316217274 5034.637790064551 0.00018492129974404892
benchmark  441 5021 0.043533333333333334 -0.000420563808434693 0.00017597569541460967 -0.00026852395967838727 0.0002937501576026746 0.0 0.0004205638084527911 -5048.458859545957 5034.562272582829 0.00018495389779208773
benchmark  484 5502 0.041554545454545455 -0.0004204328658463652 0.00017606757718846566 -0.0002687448519838691 0.0002936271314203788 0.0 0.000420521340639825 -5048.418404363982 5034.4948076596975 0.00018498253955551966
benchmark  529 6005 0.039747826086956525 -0.0004206929400703177 0.00017615646218411036 -0.00026860951375107245 0.0002933255325585702 0.0 0.0004206929400839342 -5048.384825615162 5034.435988271925 0.0001850078066921847
benchmark  576 6530 0.03809166666666667 -0.00042063886120313754 0.00017622554478369246 -0.00026820452222126034 0.00029289188314137685 0.0 0.00042071275001819784 -5048.356110301889 5034.385284055079 0.00018503018761045087
benchmark  625 7077 0.036568 -0.000419973423722908 0.0001762549572599248 -0.00026819537837095104 0.00029288952739758845 0.0 0.00041997378524965103 -5048.344885355761 5034.1376010824115 0.0001850527441516627
benchmark  676 7646 0.03516153846153846 -0.0004196995151333205 0.00017630760053310377 -0.0002681904039265559 0.0002929551536495767 0.0 0.0004197761178734126 -5048.321770038918 5034.1072863884165 0.00018507051020407044
benchmark  729 8237 0.03385925925925926 -0.0004200550236532763 0.00017633971371910917 -0.0002683372971923337 0.00029320511569963514 0.0 0.00042005538558934975 -5048.301908488898 5034.079834174499 0.00018508641443697215
benchmark  784 8850 0.03265 -0.000419843713736187 0.00017636650331285218 -0.00026855493022888904 0.0002934484822529477 0.0 0.0004199088697271217 -5048.284784522199 5034.054914774726 0.00018510070379292428
benchmark  841 9485 0.031524137931034486 -0.00042011584976631156 0.00017637996597175132 -0.0002685416202453453 0.000293533403609742 0.0 0.00042011621230495004 -5048.269971157634 5034.032240859737 0.00018511358605832073
benchmark  1024 11522 0.02856875 -0.00042163443731624284 0.0001764067441281103 -0.00026827724610553166 0.00029334825668276095 0.0 0.00042163453143871405 -5048.241453168965 5033.89632565721 0.00018514630739024408
benchmark  1296 14546 0.025394444444444445 -0.00042159550792675304 0.00017642200777015916 -0.0002685482611029055 0.0002933522525804175 0.0 0.000421629027199681 -5048.214307839223 5033.817065349662 0.00018517752294407337
benchmark  1600 17922 0.022855 -0.0004209608660245395 0.00017648803762801424 -0.00026837193821921873 0.00029351713121205514 0.0 0.00042098992799396176 -5048.196917087962 5033.771734760874 0.00018519983533707367
benchmark  1764 19742 0.021766666666666667 -0.00042099621978763935 0.00017650306263128357 -0.00026856034118085103 0.0002934161019350016 0.0 0.00042102232037665295 -5048.189804134916 5033.764557572033 0.0001852086293818351
benchmark  2025 22637 0.020315555555555555 -0.0004218302694039838 0.00017650831614668405 -0.0002684544564860999 0.0002934506590865468 0.0 0.00042185222599930414 -5048.183036813052 5033.744518222044 0.0001852197809549791
benchmark  2304 25730 0.019045833333333335 -0.0004218628702650151 0.00017649369757943845 -0.00026857013286482107 0.00029354313921182924 0.0 0.0004218818697383245 -5048.176868356613 5033.7384257690555 0.00018522885198504494
benchmark  2601 29021 0.01792549019607843 -0.00042192845122926935 0.00017651023757791259 -0.00026849717986281895 0.00029351209100426126 0.0 0.00042194485884681837 -5048.173230275646 5033.726523497899 0.0001852364161481284
benchmark  2916 32510 0.01692962962962963 -0.00042194550432118845 0.00017652916998946215 -0.0002685768245505614 0.00029356642802886993 0.0 0.0004219600829539914 -5048.169783296776 5033.723018426674 0.0001852427254451969
benchmark  3136 34946 0.016325 -0.00042159553592603167 0.00017653206525878419 -0.00026857170926418796 0.00029358550624504444 0.0 0.0004216088515329757 -5048.168452586506 5033.716346209987 0.00018524640372707108
benchmark  3364 37470 0.015762068965517243 -0.00042160310293837825 0.00017653088493962938 -0.0002685509026910627 0.000293524348336487 0.0 0.0004216154929850112 -5048.166905649379 5033.714835846429 0.00018524968850030192
benchmark  3721 41421 0.01498688524590164 -0.00042193781287786284 0.00017652481667033951 -0.0002685824715637533 0.0002935589440160616 0.0 0.00042194913883498276 -5048.165403902298 5033.71030173605 0.00018525401967756477
benchmark  4096 45570 0.014284375 -0.00042194837572048 0.00017652564802506007 -0.0002685691869469445 0.00029359824817161147 0.0 0.0004219585484706666 -5048.163924618445 5033.708808289466 0.00018525778071570417
benchmark  4761 52925 0.013249275362318841 -0.00042203228690408916 0.00017654845470991442 -0.00026857150178238284 0.0002935814107946755 0.0 0.00042204094972931124 -5048.162299941329 5033.705248747334 0.00018526297629466127
benchmark  5184 57602 0.012697222222222223 -0.0004218502527435362 0.00017655318944576477 -0.00026858027481935204 0.0002936033090232428 0.0 0.0004218581861366684 -5048.161665640569 5033.703161666144 0.00018526558920265758
benchmark  5929 65837 0.011872727272727273 -0.0004219731448236035 0.0001765485389249494 -0.00026858829272941845 0.00029360211292228655 0.0 0.00042197989553321085 -5048.1607566997245 5033.701132953211 0.00018526928326572344
benchmark  6400 71042 0.0114275 -0.0004220564599822335 0.00017655638334707218 -0.0002685864110593057 0.0002935931277253855 0.0 0.0004220627386085516 -5048.1603622571565 5033.699897421131 0.00018527117719914667
benchmark  7225 80157 0.010755294117647059 -0.00042195912361321555 0.00017656557049637684 -0.00026860251539867887 0.0002936033676287569 0.0 0.000421968424339115 -5048.159783326048 5033.698678369943 0.00018527389148050567
benchmark  7744 85890 0.010388636363636364 -0.0004219604878124907 0.00017656372487206973 -0.00026860868257871186 0.0002936053017927143 0.0 0.0004219753931162596 -5048.159500151748 5033.698374426729 0.00018527530375124415
benchmark  8649 95885 0.00983010752688172 -0.0004219851755920473 0.00017656317554584996 -0.00026861015465409424 0.00029361352838733646 0.0 0.00042198956945215037 -5048.159170054086 5033.697518409217 0.00018527736234342257
benchmark  9216 102146 0.009522916666666667 -0.0004220653067158395 0.0001765670779743352 -0.00026859829333684184 0.00029361540235935964 0.0 0.0004220823204954026 -5048.159020622659 5033.696983037442 0.00018527844618405206
benchmark  13225 146397 0.007949565217391305 -0.0004220651235386578 0.00017657307194434034 -0.0002686188494508411 0.0002936274229607204 0.0 0.0004220779083392632 -5048.158390728828 5033.695725873409 0.000185283457822008
benchmark  16384 181250 0.0071421875 -0.0004220883424712209 0.00017657664077521851 -0.00026861629067813326 0.00029363474414141605 0.0 0.0004220985299417262 -5048.158193372621 5033.695312732472 0.0001852856775911338
benchmark  21025 232437 0.006304827586206896 -0.0004220941674173918 0.00017657583944565204 -0.00026862030481950353 0.000293634324801935 0.0 0.0004221019530392895 -5048.158049748783 5033.6949261429145 0.00018528773019688762
benchmark  25600 282882 0.00571375 -0.0004220970702810689 0.00017657854947306095 -0.00026862912186625964 0.0002936426285571552 0.0 0.0004221120017562143 -5048.15797733915 5033.69473620208 0.0001852890267780518
benchmark  31329 346037 0.00516497175141243 -0.00042210450408219913 0.00017657885743295029 -0.00026862663601420755 0.00029364422449010275 0.0 0.0004221166388120495 -5048.1579344536585 5033.694604301392 0.0001852901230267489
