1.056298e-02 -1.501781e-02 -1.472389e-02 
5.062015e-03 -1.538980e-02 -1.478032e-02 
2.618798e-02 -1.432072e-02 -1.434873e-02 
2.068702e-02 -1.542866e-02 -1.451680e-02 
4.181298e-02 -1.331363e-02 -1.366297e-02 
3.631202e-02 -1.513353e-02 -1.393903e-02 
5.743798e-02 -1.201835e-02 -1.268144e-02 
5.193702e-02 -1.451080e-02 -1.305953e-02 
7.306298e-02 -1.046290e-02 -1.142540e-02 
6.756202e-02 -1.357396e-02 -1.189733e-02 
8.868798e-02 -8.680960e-03 -9.922032e-03 
8.318702e-02 -1.234329e-02 -1.047759e-02 
1.043130e-01 -6.711105e-03 -8.203883e-03 
9.881202e-02 -1.084541e-02 -8.831035e-03 
1.199380e-01 -4.595976e-03 -6.308146e-03 
1.144370e-01 -9.112774e-03 -6.993319e-03 
1.355630e-01 -2.381357e-03 -4.275856e-03 
1.300620e-01 -7.182869e-03 -5.004219e-03 
1.511880e-01 -1.151892e-04 -2.151007e-03 
1.456870e-01 -5.097477e-03 -2.906792e-03 
1.668130e-01 2.153472e-03 2.040552e-05 
1.613120e-01 -2.901740e-03 -7.464421e-04 
1.824380e-01 4.375517e-03 2.191376e-03 
1.769370e-01 -6.431887e-04 1.430066e-03 
1.980630e-01 6.502846e-03 4.314910e-03 
1.925620e-01 1.629286e-03 3.575618e-03 
2.136880e-01 8.489407e-03 6.345039e-03 
2.081870e-01 3.866491e-03 5.643768e-03 
2.293130e-01 1.029220e-02 8.237817e-03 
2.238120e-01 6.019998e-03 7.589747e-03 
2.449380e-01 1.187219e-02 9.952271e-03 
2.394370e-01 8.043190e-03 9.371432e-03 
2.605630e-01 1.319519e-02 1.145129e-02 
2.550620e-01 9.892272e-03 1.095025e-02 
2.761880e-01 1.423256e-02 1.270242e-02 
2.706870e-01 1.152722e-02 1.229203e-02 
2.918130e-01 1.496183e-02 1.367858e-02 
2.863120e-01 1.291263e-02 1.336773e-02 
3.074380e-01 1.536722e-02 1.435865e-02 
3.019370e-01 1.401853e-02 1.415406e-02 
3.230630e-01 1.543996e-02 1.472789e-02 
3.175620e-01 1.482096e-02 1.463399e-02 
3.386880e-01 1.517847e-02 1.477831e-02 
3.331870e-01 1.530257e-02 1.479714e-02 
3.543130e-01 1.458841e-02 1.450884e-02 
3.488120e-01 1.545292e-02 1.463998e-02 
3.699380e-01 1.368256e-02 1.392528e-02 
3.644370e-01 1.526877e-02 1.416590e-02 
3.855630e-01 1.248052e-02 1.304029e-02 
3.800620e-01 1.475409e-02 1.338518e-02 
4.011880e-01 1.100832e-02 1.187302e-02 
3.956870e-01 1.392003e-02 1.231471e-02 
4.168130e-01 9.297815e-03 1.044873e-02 
4.113120e-01 1.278464e-02 1.097766e-02 
4.324380e-01 7.386044e-03 8.798256e-03 
4.269370e-01 1.137250e-02 9.402979e-03 
4.480630e-01 5.314388e-03 6.957327e-03 
4.425620e-01 9.714187e-03 7.624752e-03 
4.636880e-01 3.127691e-03 4.965793e-03 
4.581870e-01 7.845588e-03 5.681472e-03 
4.793130e-01 8.732893e-04 2.866765e-03 
4.738120e-01 5.807156e-03 3.615206e-03 
4.949380e-01 -1.400017e-03 7.056803e-04 
4.894370e-01 3.643017e-03 1.470681e-03 
5.105630e-01 -3.643017e-03 -1.470681e-03 
5.050620e-01 1.400017e-03 -7.056803e-04 
5.261880e-01 -5.807156e-03 -3.615206e-03 
5.206870e-01 -8.732892e-04 -2.866765e-03 
5.418130e-01 -7.845589e-03 -5.681472e-03 
5.363120e-01 -3.127691e-03 -4.965793e-03 
5.574380e-01 -9.714187e-03 -7.624752e-03 
5.519370e-01 -5.314388e-03 -6.957327e-03 
5.730630e-01 -1.137250e-02 -9.402979e-03 
5.675620e-01 -7.386045e-03 -8.798256e-03 
5.886880e-01 -1.278464e-02 -1.097766e-02 
5.831870e-01 -9.297815e-03 -1.044873e-02 
6.043130e-01 -1.392003e-02 -1.231471e-02 
5.988120e-01 -1.100832e-02 -1.187302e-02 
6.199380e-01 -1.475409e-02 -1.338518e-02 
6.144370e-01 -1.248052e-02 -1.304029e-02 
6.355630e-01 -1.526877e-02 -1.416590e-02 
6.300620e-01 -1.368256e-02 -1.392528e-02 
6.511880e-01 -1.545292e-02 -1.463998e-02 
6.456870e-01 -1.458841e-02 -1.450884e-02 
6.668130e-01 -1.530257e-02 -1.479714e-02 
6.613120e-01 -1.517847e-02 -1.477831e-02 
6.824380e-01 -1.482096e-02 -1.463399e-02 
6.769370e-01 -1.543996e-02 -1.472789e-02 
6.980630e-01 -1.401853e-02 -1.415406e-02 
6.925620e-01 -1.536722e-02 -1.435865e-02 
7.136880e-01 -1.291263e-02 -1.336773e-02 
7.081870e-01 -1.496183e-02 -1.367858e-02 
7.293130e-01 -1.152722e-02 -1.229203e-02 
7.238120e-01 -1.423256e-02 -1.270242e-02 
7.449380e-01 -9.892272e-03 -1.095025e-02 
7.394370e-01 -1.319519e-02 -1.145129e-02 
7.605630e-01 -8.043190e-03 -9.371432e-03 
7.550620e-01 -1.187219e-02 -9.952271e-03 
7.761880e-01 -6.019998e-03 -7.589747e-03 
7.706870e-01 -1.029220e-02 -8.237817e-03 
7.918130e-01 -3.866491e-03 -5.643768e-03 
7.863120e-01 -8.489407e-03 -6.345039e-03 
8.074380e-01 -1.629285e-03 -3.575618e-03 
8.019370e-01 -6.502846e-03 -4.314910e-03 
8.230630e-01 6.431888e-04 -1.430066e-03 
8.175620e-01 -4.375517e-03 -2.191376e-03 
8.386880e-01 2.901740e-03 7.464421e-04 
8.331870e-01 -2.153472e-03 -2.040552e-05 
8.543130e-01 5.097477e-03 2.906792e-03 
8.488120e-01 1.151892e-04 2.151007e-03 
8.699380e-01 7.182869e-03 5.004219e-03 
8.644370e-01 2.381357e-03 4.275856e-03 
8.855630e-01 9.112774e-03 6.993319e-03 
8.800620e-01 4.595976e-03 6.308146e-03 
9.011880e-01 1.084541e-02 8.831035e-03 
8.956870e-01 6.711105e-03 8.203883e-03 
9.168130e-01 1.234329e-02 1.047759e-02 
9.113120e-01 8.680960e-03 9.922032e-03 
9.324380e-01 1.357396e-02 1.189733e-02 
9.269370e-01 1.046290e-02 1.142540e-02 
9.480630e-01 1.451080e-02 1.305953e-02 
9.425620e-01 1.201835e-02 1.268144e-02 
9.636880e-01 1.513353e-02 1.393903e-02 
9.581870e-01 1.331363e-02 1.366297e-02 
9.793130e-01 1.542866e-02 1.451680e-02 
9.738120e-01 1.432072e-02 1.434873e-02 
9.949380e-01 1.538980e-02 1.478032e-02 
9.894370e-01 1.501781e-02 1.472389e-02 
