     -> sinker_vel 0.5 0.75 -2.0055186937397165e-05 0.0001 0.0025 32
     -> sinker_vel 0.5 0.75 -8.022074774958866e-05 0.0001 0.01 32
     -> sinker_vel 0.5 0.75 -0.003208829909984178 0.0001 0.4 32
     -> sinker_vel 0.5 0.75 -2.0013585652268936e-05 0.001 0.0025 32
     -> sinker_vel 0.5 0.75 -8.005434260907574e-05 0.001 0.01 32
     -> sinker_vel 0.5 0.75 -0.0032021737043628354 0.001 0.4 32
     -> sinker_vel 0.5 0.75 -1.9638967157096923e-05 0.01 0.0025 32
     -> sinker_vel 0.5 0.75 -7.855586862838769e-05 0.01 0.01 32
     -> sinker_vel 0.5 0.75 -0.003142234745135566 0.01 0.4 32
     -> sinker_vel 0.5 0.75 -1.7427552687398917e-05 0.1 0.0025 32
     -> sinker_vel 0.5 0.75 -6.971021074959567e-05 0.1 0.01 32
     -> sinker_vel 0.5 0.75 -0.002788408429983875 0.1 0.4 32
     -> sinker_vel 0.5 0.75 -1.1720902845212615e-05 1.0 0.0025 32
     -> sinker_vel 0.5 0.75 -4.688361138085046e-05 1.0 0.01 32
     -> sinker_vel 0.5 0.75 -0.0018753444552340188 1.0 0.4 32
     -> sinker_vel 0.5 0.75 -6.712351818989247e-06 10.0 0.0025 32
     -> sinker_vel 0.5 0.75 -2.6849407275956988e-05 10.0 0.01 32
     -> sinker_vel 0.5 0.75 -0.0010739762910382236 10.0 0.4 32
     -> sinker_vel 0.5 0.75 -4.934743064887675e-06 100.0 0.0025 32
     -> sinker_vel 0.5 0.75 -1.97389722595507e-05 100.0 0.01 32
     -> sinker_vel 0.5 0.75 -0.0007895588903809915 100.0 0.4 32
     -> sinker_vel 0.5 0.75 -4.6707007008008455e-06 1000.0 0.0025 32
     -> sinker_vel 0.5 0.75 -1.8682802803203382e-05 1000.0 0.01 32
     -> sinker_vel 0.5 0.75 -0.0007473121121274752 1000.0 0.4 32
     -> sinker_vel 0.5 0.75 -4.6428210071392915e-06 10000.0 0.0025 32
     -> sinker_vel 0.5 0.75 -1.8571284028557166e-05 10000.0 0.01 32
     -> sinker_vel 0.5 0.75 -0.0007428513611307171 10000.0 0.4 32
