     -> sinker_press 0.5 0.75 -3.844079436648995e-05 0.0001 0.0025 80
     -> sinker_press 0.5 0.75 -3.844079436635464e-05 0.0001 0.0025 80
     -> sinker_press 0.5 0.75 -5.908226088485041e-05 0.0001 0.0025 80
     -> sinker_press 0.5 0.75 -6.966408180853964e-05 0.0001 0.0025 80
     -> sinker_press 0.5 0.75 -5.908226088507593e-05 0.0001 0.0025 80
     -> sinker_press 0.5 0.75 -6.966408180837311e-05 0.0001 0.0025 80
     -> sinker_press 0.5 0.75 -0.0001537631774659598 0.0001 0.01 80
     -> sinker_press 0.5 0.75 -0.00015376317746541857 0.0001 0.01 80
     -> sinker_press 0.5 0.75 -0.00023632904353940165 0.0001 0.01 80
     -> sinker_press 0.5 0.75 -0.00027865632723415856 0.0001 0.01 80
     -> sinker_press 0.5 0.75 -0.0002363290435403037 0.0001 0.01 80
     -> sinker_press 0.5 0.75 -0.00027865632723349243 0.0001 0.01 80
     -> sinker_press 0.5 0.75 -0.0061505270985415805 0.0001 0.4 80
     -> sinker_press 0.5 0.75 -0.006150527098518488 0.0001 0.4 80
     -> sinker_press 0.5 0.75 -0.009453161741479477 0.0001 0.4 80
     -> sinker_press 0.5 0.75 -0.01114625308927053 0.0001 0.4 80
     -> sinker_press 0.5 0.75 -0.009453161741515892 0.0001 0.4 80
     -> sinker_press 0.5 0.75 -0.011146253089242109 0.0001 0.4 80
     -> sinker_press 0.5 0.75 -3.8434105509738484e-05 0.001 0.0025 80
     -> sinker_press 0.5 0.75 -3.8434105509715065e-05 0.001 0.0025 80
     -> sinker_press 0.5 0.75 -5.9053256024303204e-05 0.001 0.0025 80
     -> sinker_press 0.5 0.75 -6.962388225599438e-05 0.001 0.0025 80
     -> sinker_press 0.5 0.75 -5.905325602434657e-05 0.001 0.0025 80
     -> sinker_press 0.5 0.75 -6.962388225596489e-05 0.001 0.0025 80
     -> sinker_press 0.5 0.75 -0.00015373642203895393 0.001 0.01 80
     -> sinker_press 0.5 0.75 -0.00015373642203886026 0.001 0.01 80
     -> sinker_press 0.5 0.75 -0.00023621302409721281 0.001 0.01 80
     -> sinker_press 0.5 0.75 -0.00027849552902397753 0.001 0.01 80
     -> sinker_press 0.5 0.75 -0.0002362130240973863 0.001 0.01 80
     -> sinker_press 0.5 0.75 -0.00027849552902385957 0.001 0.01 80
     -> sinker_press 0.5 0.75 -0.00614945688157853 0.001 0.4 80
     -> sinker_press 0.5 0.75 -0.0061494568815742 0.001 0.4 80
     -> sinker_press 0.5 0.75 -0.009448520963908358 0.001 0.4 80
     -> sinker_press 0.5 0.75 -0.011139821160979446 0.001 0.4 80
     -> sinker_press 0.5 0.75 -0.009448520963915574 0.001 0.4 80
     -> sinker_press 0.5 0.75 -0.011139821160974228 0.001 0.4 80
     -> sinker_press 0.5 0.75 -3.837419041055807e-05 0.01 0.0025 80
     -> sinker_press 0.5 0.75 -3.837419041056241e-05 0.01 0.0025 80
     -> sinker_press 0.5 0.75 -5.877586033805769e-05 0.01 0.0025 80
     -> sinker_press 0.5 0.75 -6.923736880667074e-05 0.01 0.0025 80
     -> sinker_press 0.5 0.75 -5.87758603380501e-05 0.01 0.0025 80
     -> sinker_press 0.5 0.75 -6.92373688066741e-05 0.01 0.0025 80
     -> sinker_press 0.5 0.75 -0.00015349676164223228 0.01 0.01 80
     -> sinker_press 0.5 0.75 -0.00015349676164224963 0.01 0.01 80
     -> sinker_press 0.5 0.75 -0.00023510344135223077 0.01 0.01 80
     -> sinker_press 0.5 0.75 -0.00027694947522668295 0.01 0.01 80
     -> sinker_press 0.5 0.75 -0.0002351034413522004 0.01 0.01 80
     -> sinker_press 0.5 0.75 -0.0002769494752266964 0.01 0.01 80
     -> sinker_press 0.5 0.75 -0.006139870465687133 0.01 0.4 80
     -> sinker_press 0.5 0.75 -0.0061398704656875774 0.01 0.4 80
     -> sinker_press 0.5 0.75 -0.009404137654086916 0.01 0.4 80
     -> sinker_press 0.5 0.75 -0.011077979009065098 0.01 0.4 80
     -> sinker_press 0.5 0.75 -0.009404137654085987 0.01 0.4 80
     -> sinker_press 0.5 0.75 -0.011077979009065403 0.01 0.4 80
     -> sinker_press 0.5 0.75 -3.818666439034136e-05 0.1 0.0025 80
     -> sinker_press 0.5 0.75 -3.81866643903387e-05 0.1 0.0025 80
     -> sinker_press 0.5 0.75 -5.682322758414994e-05 0.1 0.0025 80
     -> sinker_press 0.5 0.75 -6.639747826210743e-05 0.1 0.0025 80
     -> sinker_press 0.5 0.75 -5.6823227584155603e-05 0.1 0.0025 80
     -> sinker_press 0.5 0.75 -6.639747826210529e-05 0.1 0.0025 80
     -> sinker_press 0.5 0.75 -0.00015274665756136543 0.1 0.01 80
     -> sinker_press 0.5 0.75 -0.0001527466575613548 0.1 0.01 80
     -> sinker_press 0.5 0.75 -0.00022729291033659975 0.1 0.01 80
     -> sinker_press 0.5 0.75 -0.0002655899130484297 0.1 0.01 80
     -> sinker_press 0.5 0.75 -0.00022729291033662241 0.1 0.01 80
     -> sinker_press 0.5 0.75 -0.00026558991304842115 0.1 0.01 80
     -> sinker_press 0.5 0.75 -0.006109866302455393 0.1 0.4 80
     -> sinker_press 0.5 0.75 -0.006109866302454643 0.1 0.4 80
     -> sinker_press 0.5 0.75 -0.00909171641346472 0.1 0.4 80
     -> sinker_press 0.5 0.75 -0.01062359652193788 0.1 0.4 80
     -> sinker_press 0.5 0.75 -0.00909171641346547 0.1 0.4 80
     -> sinker_press 0.5 0.75 -0.010623596521937326 0.1 0.4 80
     -> sinker_press 0.5 0.75 -4.0360380345852984e-05 1.0 0.0025 80
     -> sinker_press 0.5 0.75 -4.0360380345846947e-05 1.0 0.0025 80
     -> sinker_press 0.5 0.75 -5.1730872126015836e-05 1.0 0.0025 80
     -> sinker_press 0.5 0.75 -5.758942292503151e-05 1.0 0.0025 80
     -> sinker_press 0.5 0.75 -5.1730872125995277e-05 1.0 0.0025 80
     -> sinker_press 0.5 0.75 -5.758942292502198e-05 1.0 0.0025 80
     -> sinker_press 0.5 0.75 -0.00016144152138341194 1.0 0.01 80
     -> sinker_press 0.5 0.75 -0.00016144152138338779 1.0 0.01 80
     -> sinker_press 0.5 0.75 -0.00020692348850406334 1.0 0.01 80
     -> sinker_press 0.5 0.75 -0.00023035769170012604 1.0 0.01 80
     -> sinker_press 0.5 0.75 -0.0002069234885039811 1.0 0.01 80
     -> sinker_press 0.5 0.75 -0.00023035769170008793 1.0 0.01 80
     -> sinker_press 0.5 0.75 -0.006457660855335272 1.0 0.4 80
     -> sinker_press 0.5 0.75 -0.006457660855335227 1.0 0.4 80
     -> sinker_press 0.5 0.75 -0.00827693954016023 1.0 0.4 80
     -> sinker_press 0.5 0.75 -0.00921430766800298 1.0 0.4 80
     -> sinker_press 0.5 0.75 -0.008276939540158922 1.0 0.4 80
     -> sinker_press 0.5 0.75 -0.009214307668002533 1.0 0.4 80
     -> sinker_press 0.5 0.75 -4.6558663368994004e-05 10.0 0.0025 80
     -> sinker_press 0.5 0.75 -4.6558663368945906e-05 10.0 0.0025 80
     -> sinker_press 0.5 0.75 -4.784405096900379e-05 10.0 0.0025 80
     -> sinker_press 0.5 0.75 -4.8175338909597664e-05 10.0 0.0025 80
     -> sinker_press 0.5 0.75 -4.784405096893028e-05 10.0 0.0025 80
     -> sinker_press 0.5 0.75 -4.8175338909528085e-05 10.0 0.0025 80
     -> sinker_press 0.5 0.75 -0.00018623465347597601 10.0 0.01 80
     -> sinker_press 0.5 0.75 -0.00018623465347578362 10.0 0.01 80
     -> sinker_press 0.5 0.75 -0.00019137620387601516 10.0 0.01 80
     -> sinker_press 0.5 0.75 -0.00019270135563839065 10.0 0.01 80
     -> sinker_press 0.5 0.75 -0.00019137620387572112 10.0 0.01 80
     -> sinker_press 0.5 0.75 -0.00019270135563811234 10.0 0.01 80
     -> sinker_press 0.5 0.75 -0.0074493861390384835 10.0 0.4 80
     -> sinker_press 0.5 0.75 -0.007449386139031146 10.0 0.4 80
     -> sinker_press 0.5 0.75 -0.0076550481550403835 10.0 0.4 80
     -> sinker_press 0.5 0.75 -0.007708054225535153 10.0 0.4 80
     -> sinker_press 0.5 0.75 -0.007655048155028575 10.0 0.4 80
     -> sinker_press 0.5 0.75 -0.0077080542255242536 10.0 0.4 80
     -> sinker_press 0.5 0.75 -4.9454492291413083e-05 100.0 0.0025 80
     -> sinker_press 0.5 0.75 -4.9454492292026796e-05 100.0 0.0025 80
     -> sinker_press 0.5 0.75 -4.6924086186116376e-05 100.0 0.0025 80
     -> sinker_press 0.5 0.75 -4.498126359409052e-05 100.0 0.0025 80
     -> sinker_press 0.5 0.75 -4.69240861870937e-05 100.0 0.0025 80
     -> sinker_press 0.5 0.75 -4.4981263594036906e-05 100.0 0.0025 80
     -> sinker_press 0.5 0.75 -0.00019781796916565233 100.0 0.01 80
     -> sinker_press 0.5 0.75 -0.00019781796916810718 100.0 0.01 80
     -> sinker_press 0.5 0.75 -0.0001876963447444655 100.0 0.01 80
     -> sinker_press 0.5 0.75 -0.00017992505437636208 100.0 0.01 80
     -> sinker_press 0.5 0.75 -0.0001876963447483748 100.0 0.01 80
     -> sinker_press 0.5 0.75 -0.00017992505437614762 100.0 0.01 80
     -> sinker_press 0.5 0.75 -0.0079127187666721 100.0 0.4 80
     -> sinker_press 0.5 0.75 -0.007912718766767069 100.0 0.4 80
     -> sinker_press 0.5 0.75 -0.007507853789831678 100.0 0.4 80
     -> sinker_press 0.5 0.75 -0.007197002175094329 100.0 0.4 80
     -> sinker_press 0.5 0.75 -0.007507853789984566 100.0 0.4 80
     -> sinker_press 0.5 0.75 -0.007197002175095408 100.0 0.4 80
     -> sinker_press 0.5 0.75 -4.988644453761408e-05 1000.0 0.0025 80
     -> sinker_press 0.5 0.75 -4.988644453871476e-05 1000.0 0.0025 80
     -> sinker_press 0.5 0.75 -4.681769712061863e-05 1000.0 0.0025 80
     -> sinker_press 0.5 0.75 -4.454334817542669e-05 1000.0 0.0025 80
     -> sinker_press 0.5 0.75 -4.6817697125390816e-05 1000.0 0.0025 80
     -> sinker_press 0.5 0.75 -4.454334818021712e-05 1000.0 0.0025 80
     -> sinker_press 0.5 0.75 -0.00019954577815045632 1000.0 0.01 80
     -> sinker_press 0.5 0.75 -0.00019954577815485905 1000.0 0.01 80
     -> sinker_press 0.5 0.75 -0.00018727078848247453 1000.0 0.01 80
     -> sinker_press 0.5 0.75 -0.00017817339270170677 1000.0 0.01 80
     -> sinker_press 0.5 0.75 -0.00018727078850156326 1000.0 0.01 80
     -> sinker_press 0.5 0.75 -0.00017817339272086847 1000.0 0.01 80
     -> sinker_press 0.5 0.75 -0.007981831125549753 1000.0 0.4 80
     -> sinker_press 0.5 0.75 -0.007981831125744101 1000.0 0.4 80
     -> sinker_press 0.5 0.75 -0.0074908315388373 1000.0 0.4 80
     -> sinker_press 0.5 0.75 -0.007126935707613145 1000.0 0.4 80
     -> sinker_press 0.5 0.75 -0.007490831539611887 1000.0 0.4 80
     -> sinker_press 0.5 0.75 -0.007126935708372973 1000.0 0.4 80
     -> sinker_press 0.5 0.75 -4.99319678811584e-05 10000.0 0.0025 80
     -> sinker_press 0.5 0.75 -4.993196789323912e-05 10000.0 0.0025 80
     -> sinker_press 0.5 0.75 -4.680691717762629e-05 10000.0 0.0025 80
     -> sinker_press 0.5 0.75 -4.4497728536298764e-05 10000.0 0.0025 80
     -> sinker_press 0.5 0.75 -4.680691720777969e-05 10000.0 0.0025 80
     -> sinker_press 0.5 0.75 -4.4497728552557216e-05 10000.0 0.0025 80
     -> sinker_press 0.5 0.75 -0.0001997278715246336 10000.0 0.01 80
     -> sinker_press 0.5 0.75 -0.0001997278715729565 10000.0 0.01 80
     -> sinker_press 0.5 0.75 -0.00018722766871050517 10000.0 0.01 80
     -> sinker_press 0.5 0.75 -0.00017799091414519506 10000.0 0.01 80
     -> sinker_press 0.5 0.75 -0.00018722766883111876 10000.0 0.01 80
     -> sinker_press 0.5 0.75 -0.00017799091421022886 10000.0 0.01 80
     -> sinker_press 0.5 0.75 -0.007989114856986314 10000.0 0.4 80
     -> sinker_press 0.5 0.75 -0.007989114859938869 10000.0 0.4 80
     -> sinker_press 0.5 0.75 -0.007489106744046074 10000.0 0.4 80
     -> sinker_press 0.5 0.75 -0.007119636561108783 10000.0 0.4 80
     -> sinker_press 0.5 0.75 -0.007489106751718679 10000.0 0.4 80
     -> sinker_press 0.5 0.75 -0.007119636565486476 10000.0 0.4 80
