0.000000e+00 4.884277e+01 1.456455e-18 2.601970e-17 8.479647e-07
2.500000e-01 7.570872e+02 2.239674e-17 3.677128e-16 1.314388e-05
5.000000e-01 5.628049e+03 1.631288e-16 2.476034e-15 9.770918e-05
7.500000e-01 2.684991e+04 7.507938e-16 1.064250e-14 4.661442e-04
1.000000e+00 9.294429e+04 2.461302e-15 3.307086e-14 1.613616e-03
1.250000e+00 2.506570e+05 6.156654e-15 7.996294e-14 4.351685e-03
1.500000e+00 5.531791e+05 1.233609e-14 1.584934e-13 9.603805e-03
1.750000e+00 1.038060e+06 2.062315e-14 2.684624e-13 1.802187e-02
2.000000e+00 1.710515e+06 2.988290e-14 4.026166e-13 2.969643e-02
2.250000e+00 2.544485e+06 3.890083e-14 5.510385e-13 4.417509e-02
2.500000e+00 3.497176e+06 4.691458e-14 7.052802e-13 6.071486e-02
2.750000e+00 4.523523e+06 5.363170e-14 8.595240e-13 7.853338e-02
3.000000e+00 5.583752e+06 5.903375e-14 1.009933e-12 9.694014e-02
3.250000e+00 6.645998e+06 6.324877e-14 1.154075e-12 1.153819e-01
3.500000e+00 7.686663e+06 6.646884e-14 1.290575e-12 1.334490e-01
3.750000e+00 8.689406e+06 6.888909e-14 1.418734e-12 1.508577e-01
4.000000e+00 9.643698e+06 7.068569e-14 1.538308e-12 1.674253e-01
4.250000e+00 1.054347e+07 7.200717e-14 1.649361e-12 1.830464e-01
4.500000e+00 1.138590e+07 7.297158e-14 1.752142e-12 1.976719e-01
4.750000e+00 1.217046e+07 7.367119e-14 1.847019e-12 2.112927e-01
5.000000e+00 1.289818e+07 7.417608e-14 1.934427e-12 2.239267e-01
5.250000e+00 1.357110e+07 7.453865e-14 2.014831e-12 2.356094e-01
5.500000e+00 1.419189e+07 7.479791e-14 2.088707e-12 2.463870e-01
5.750000e+00 1.476357e+07 7.498234e-14 2.156526e-12 2.563119e-01
6.000000e+00 1.528929e+07 7.511282e-14 2.218740e-12 2.654391e-01
6.250000e+00 1.577226e+07 7.520449e-14 2.275782e-12 2.738239e-01
6.500000e+00 1.621558e+07 7.526828e-14 2.328062e-12 2.815206e-01
6.750000e+00 1.662228e+07 7.531209e-14 2.375961e-12 2.885812e-01
7.000000e+00 1.699520e+07 7.534159e-14 2.419836e-12 2.950555e-01
7.250000e+00 1.733702e+07 7.536086e-14 2.460017e-12 3.009900e-01
7.500000e+00 1.765026e+07 7.537282e-14 2.496809e-12 3.064282e-01
7.750000e+00 1.793725e+07 7.537955e-14 2.530494e-12 3.114107e-01
8.000000e+00 1.820015e+07 7.538255e-14 2.561332e-12 3.159749e-01
8.250000e+00 1.844096e+07 7.538289e-14 2.589560e-12 3.201555e-01
8.500000e+00 1.866151e+07 7.538133e-14 2.615399e-12 3.239846e-01
8.750000e+00 1.886350e+07 7.537841e-14 2.639048e-12 3.274913e-01
9.000000e+00 1.904848e+07 7.537454e-14 2.660693e-12 3.307028e-01
9.250000e+00 1.921789e+07 7.536997e-14 2.680502e-12 3.336439e-01
9.500000e+00 1.937303e+07 7.536491e-14 2.698631e-12 3.363374e-01
9.750000e+00 1.951511e+07 7.535950e-14 2.715222e-12 3.388040e-01
1.000000e+01 1.964522e+07 7.535384e-14 2.730403e-12 3.410629e-01
1.025000e+01 1.976439e+07 7.534801e-14 2.744296e-12 3.431317e-01
1.050000e+01 1.987352e+07 7.534205e-14 2.757008e-12 3.450264e-01
1.075000e+01 1.997348e+07 7.533599e-14 2.768639e-12 3.467618e-01
1.100000e+01 2.006503e+07 7.532988e-14 2.779281e-12 3.483512e-01
1.125000e+01 2.014889e+07 7.532372e-14 2.789018e-12 3.498071e-01
1.150000e+01 2.022570e+07 7.531752e-14 2.797926e-12 3.511407e-01
1.175000e+01 2.029607e+07 7.531131e-14 2.806076e-12 3.523623e-01
1.200000e+01 2.036053e+07 7.530507e-14 2.813531e-12 3.534815e-01
1.225000e+01 2.041960e+07 7.529883e-14 2.820351e-12 3.545069e-01
1.250000e+01 2.047371e+07 7.529258e-14 2.826588e-12 3.554464e-01
1.275000e+01 2.052330e+07 7.528632e-14 2.832294e-12 3.563074e-01
1.300000e+01 2.056875e+07 7.528006e-14 2.837511e-12 3.570964e-01
1.325000e+01 2.061040e+07 7.527380e-14 2.842283e-12 3.578195e-01
1.350000e+01 2.064858e+07 7.526753e-14 2.846646e-12 3.584823e-01
1.375000e+01 2.068358e+07 7.526126e-14 2.850635e-12 3.590899e-01
1.400000e+01 2.071567e+07 7.525500e-14 2.854281e-12 3.596471e-01
1.425000e+01 2.074510e+07 7.524873e-14 2.857615e-12 3.601579e-01
1.450000e+01 2.077208e+07 7.524246e-14 2.860662e-12 3.606265e-01
1.475000e+01 2.079684e+07 7.523619e-14 2.863446e-12 3.610562e-01
1.500000e+01 2.081955e+07 7.522992e-14 2.865990e-12 3.614506e-01
1.525000e+01 2.084039e+07 7.522366e-14 2.868314e-12 3.618124e-01
1.550000e+01 2.085952e+07 7.521739e-14 2.870437e-12 3.621445e-01
1.575000e+01 2.087708e+07 7.521112e-14 2.872376e-12 3.624494e-01
1.600000e+01 2.089321e+07 7.520486e-14 2.874145e-12 3.627293e-01
1.625000e+01 2.090802e+07 7.519859e-14 2.875761e-12 3.629865e-01
1.650000e+01 2.092163e+07 7.519233e-14 2.877235e-12 3.632228e-01
1.675000e+01 2.093414e+07 7.518606e-14 2.878579e-12 3.634400e-01
1.700000e+01 2.094565e+07 7.517980e-14 2.879806e-12 3.636397e-01
1.725000e+01 2.095622e+07 7.517353e-14 2.880923e-12 3.638233e-01
1.750000e+01 2.096596e+07 7.516727e-14 2.881942e-12 3.639924e-01
1.775000e+01 2.097492e+07 7.516100e-14 2.882870e-12 3.641480e-01
1.800000e+01 2.098318e+07 7.515474e-14 2.883714e-12 3.642913e-01
1.825000e+01 2.099078e+07 7.514848e-14 2.884483e-12 3.644233e-01
1.850000e+01 2.099780e+07 7.514222e-14 2.885181e-12 3.645451e-01
1.875000e+01 2.100427e+07 7.513596e-14 2.885816e-12 3.646574e-01
1.900000e+01 2.101024e+07 7.512970e-14 2.886393e-12 3.647611e-01
1.925000e+01 2.101576e+07 7.512343e-14 2.886916e-12 3.648570e-01
1.950000e+01 2.102086e+07 7.511717e-14 2.887390e-12 3.649455e-01
1.975000e+01 2.102558e+07 7.511092e-14 2.887819e-12 3.650275e-01
2.000000e+01 2.102996e+07 7.510466e-14 2.888208e-12 3.651034e-01
2.025000e+01 2.103401e+07 7.509840e-14 2.888558e-12 3.651738e-01
2.050000e+01 2.103777e+07 7.509214e-14 2.888875e-12 3.652391e-01
2.075000e+01 2.104126e+07 7.508588e-14 2.889160e-12 3.652997e-01
2.100000e+01 2.104451e+07 7.507962e-14 2.889416e-12 3.653561e-01
2.125000e+01 2.104753e+07 7.507337e-14 2.889646e-12 3.654086e-01
2.150000e+01 2.105035e+07 7.506711e-14 2.889851e-12 3.654575e-01
2.175000e+01 2.105298e+07 7.506086e-14 2.890035e-12 3.655031e-01
2.200000e+01 2.105544e+07 7.505460e-14 2.890198e-12 3.655458e-01
2.225000e+01 2.105774e+07 7.504834e-14 2.890343e-12 3.655857e-01
2.250000e+01 2.105989e+07 7.504209e-14 2.890471e-12 3.656231e-01
2.275000e+01 2.106192e+07 7.503584e-14 2.890584e-12 3.656582e-01
2.300000e+01 2.106382e+07 7.502958e-14 2.890682e-12 3.656913e-01
2.325000e+01 2.106561e+07 7.502333e-14 2.890767e-12 3.657224e-01
2.350000e+01 2.106730e+07 7.501708e-14 2.890840e-12 3.657517e-01
2.375000e+01 2.106890e+07 7.501082e-14 2.890903e-12 3.657795e-01
2.400000e+01 2.107041e+07 7.500457e-14 2.890955e-12 3.658057e-01
2.425000e+01 2.107184e+07 7.499832e-14 2.890998e-12 3.658306e-01
2.450000e+01 2.107321e+07 7.499207e-14 2.891033e-12 3.658543e-01
2.475000e+01 2.107451e+07 7.498582e-14 2.891061e-12 3.658769e-01
2.500000e+01 2.107575e+07 7.497957e-14 2.891081e-12 3.658984e-01
2.525000e+01 2.107693e+07 7.497332e-14 2.891095e-12 3.659189e-01
2.550000e+01 2.107806e+07 7.496707e-14 2.891103e-12 3.659386e-01
2.575000e+01 2.107915e+07 7.496082e-14 2.891105e-12 3.659575e-01
2.600000e+01 2.108020e+07 7.495458e-14 2.891103e-12 3.659757e-01
2.625000e+01 2.108121e+07 7.494833e-14 2.891096e-12 3.659932e-01
2.650000e+01 2.108218e+07 7.494208e-14 2.891085e-12 3.660101e-01
2.675000e+01 2.108312e+07 7.493583e-14 2.891071e-12 3.660264e-01
2.700000e+01 2.108403e+07 7.492959e-14 2.891052e-12 3.660423e-01
2.725000e+01 2.108492e+07 7.492334e-14 2.891031e-12 3.660576e-01
2.750000e+01 2.108578e+07 7.491710e-14 2.891007e-12 3.660726e-01
2.775000e+01 2.108662e+07 7.491085e-14 2.890980e-12 3.660871e-01
2.800000e+01 2.108743e+07 7.490461e-14 2.890950e-12 3.661013e-01
2.825000e+01 2.108823e+07 7.489836e-14 2.890919e-12 3.661151e-01
2.850000e+01 2.108901e+07 7.489212e-14 2.890885e-12 3.661287e-01
2.875000e+01 2.108978e+07 7.488588e-14 2.890850e-12 3.661420e-01
2.900000e+01 2.109053e+07 7.487963e-14 2.890813e-12 3.661550e-01
2.925000e+01 2.109126e+07 7.487339e-14 2.890774e-12 3.661678e-01
2.950000e+01 2.109199e+07 7.486715e-14 2.890734e-12 3.661804e-01
2.975000e+01 2.109270e+07 7.486091e-14 2.890692e-12 3.661928e-01
3.000000e+01 2.109341e+07 7.485467e-14 2.890650e-12 3.662050e-01
3.025000e+01 2.109410e+07 7.484843e-14 2.890606e-12 3.662170e-01
3.050000e+01 2.109479e+07 7.484219e-14 2.890561e-12 3.662289e-01
3.075000e+01 2.109547e+07 7.483595e-14 2.890515e-12 3.662407e-01
3.100000e+01 2.109614e+07 7.482971e-14 2.890469e-12 3.662524e-01
3.125000e+01 2.109680e+07 7.482347e-14 2.890421e-12 3.662639e-01
3.150000e+01 2.109746e+07 7.481723e-14 2.890373e-12 3.662753e-01
3.175000e+01 2.109811e+07 7.481100e-14 2.890325e-12 3.662867e-01
3.200000e+01 2.109876e+07 7.480476e-14 2.890275e-12 3.662979e-01
3.225000e+01 2.109940e+07 7.479852e-14 2.890225e-12 3.663091e-01
3.250000e+01 2.110004e+07 7.479229e-14 2.890175e-12 3.663202e-01
3.275000e+01 2.110068e+07 7.478605e-14 2.890124e-12 3.663312e-01
3.300000e+01 2.110131e+07 7.477982e-14 2.890073e-12 3.663422e-01
3.325000e+01 2.110194e+07 7.477358e-14 2.890022e-12 3.663531e-01
3.350000e+01 2.110256e+07 7.476735e-14 2.889970e-12 3.663639e-01
3.375000e+01 2.110319e+07 7.476111e-14 2.889917e-12 3.663748e-01
3.400000e+01 2.110381e+07 7.475488e-14 2.889865e-12 3.663855e-01
3.425000e+01 2.110443e+07 7.474865e-14 2.889812e-12 3.663963e-01
3.450000e+01 2.110504e+07 7.474242e-14 2.889759e-12 3.664070e-01
3.475000e+01 2.110566e+07 7.473618e-14 2.889706e-12 3.664176e-01
3.500000e+01 2.110627e+07 7.472995e-14 2.889652e-12 3.664283e-01
3.525000e+01 2.110688e+07 7.472372e-14 2.889598e-12 3.664389e-01
3.550000e+01 2.110749e+07 7.471749e-14 2.889544e-12 3.664495e-01
3.575000e+01 2.110810e+07 7.471126e-14 2.889490e-12 3.664600e-01
3.600000e+01 2.110871e+07 7.470503e-14 2.889436e-12 3.664706e-01
3.625000e+01 2.110931e+07 7.469880e-14 2.889382e-12 3.664811e-01
3.650000e+01 2.110992e+07 7.469257e-14 2.889327e-12 3.664916e-01
3.675000e+01 2.111052e+07 7.468634e-14 2.889273e-12 3.665021e-01
3.700000e+01 2.111112e+07 7.468012e-14 2.889218e-12 3.665126e-01
3.725000e+01 2.111173e+07 7.467389e-14 2.889163e-12 3.665230e-01
3.750000e+01 2.111233e+07 7.466766e-14 2.889109e-12 3.665335e-01
3.775000e+01 2.111293e+07 7.466144e-14 2.889054e-12 3.665439e-01
3.800000e+01 2.111353e+07 7.465521e-14 2.888999e-12 3.665544e-01
3.825000e+01 2.111413e+07 7.464898e-14 2.888944e-12 3.665648e-01
3.850000e+01 2.111473e+07 7.464276e-14 2.888888e-12 3.665752e-01
3.875000e+01 2.111533e+07 7.463653e-14 2.888833e-12 3.665856e-01
3.900000e+01 2.111593e+07 7.463031e-14 2.888778e-12 3.665960e-01
3.925000e+01 2.111653e+07 7.462409e-14 2.888723e-12 3.666064e-01
3.950000e+01 2.111713e+07 7.461786e-14 2.888667e-12 3.666168e-01
3.975000e+01 2.111772e+07 7.461164e-14 2.888612e-12 3.666272e-01
4.000000e+01 2.111832e+07 7.460542e-14 2.888557e-12 3.666375e-01
4.025000e+01 2.111892e+07 7.459920e-14 2.888501e-12 3.666479e-01
4.050000e+01 2.111952e+07 7.459298e-14 2.888446e-12 3.666583e-01
4.075000e+01 2.112011e+07 7.458675e-14 2.888390e-12 3.666686e-01
4.100000e+01 2.112071e+07 7.458053e-14 2.888335e-12 3.666790e-01
4.125000e+01 2.112131e+07 7.457431e-14 2.888279e-12 3.666894e-01
4.150000e+01 2.112190e+07 7.456809e-14 2.888223e-12 3.666997e-01
4.175000e+01 2.112250e+07 7.456188e-14 2.888168e-12 3.667101e-01
4.200000e+01 2.112310e+07 7.455566e-14 2.888112e-12 3.667204e-01
4.225000e+01 2.112369e+07 7.454944e-14 2.888056e-12 3.667308e-01
4.250000e+01 2.112429e+07 7.454322e-14 2.888001e-12 3.667411e-01
4.275000e+01 2.112489e+07 7.453700e-14 2.887945e-12 3.667515e-01
4.300000e+01 2.112548e+07 7.453079e-14 2.887889e-12 3.667618e-01
4.325000e+01 2.112608e+07 7.452457e-14 2.887834e-12 3.667722e-01
4.350000e+01 2.112667e+07 7.451835e-14 2.887778e-12 3.667825e-01
4.375000e+01 2.112727e+07 7.451214e-14 2.887722e-12 3.667929e-01
4.400000e+01 2.112787e+07 7.450592e-14 2.887666e-12 3.668032e-01
4.425000e+01 2.112846e+07 7.449971e-14 2.887611e-12 3.668136e-01
4.450000e+01 2.112906e+07 7.449350e-14 2.887555e-12 3.668239e-01
4.475000e+01 2.112965e+07 7.448728e-14 2.887499e-12 3.668343e-01
4.500000e+01 2.113025e+07 7.448107e-14 2.887443e-12 3.668446e-01
4.525000e+01 2.113085e+07 7.447486e-14 2.887387e-12 3.668550e-01
4.550000e+01 2.113144e+07 7.446864e-14 2.887332e-12 3.668653e-01
4.575000e+01 2.113204e+07 7.446243e-14 2.887276e-12 3.668757e-01
4.600000e+01 2.113263e+07 7.445622e-14 2.887220e-12 3.668860e-01
4.625000e+01 2.113323e+07 7.445001e-14 2.887164e-12 3.668964e-01
4.650000e+01 2.113383e+07 7.444380e-14 2.887108e-12 3.669067e-01
4.675000e+01 2.113442e+07 7.443759e-14 2.887052e-12 3.669170e-01
4.700000e+01 2.113502e+07 7.443138e-14 2.886996e-12 3.669274e-01
4.725000e+01 2.113561e+07 7.442517e-14 2.886941e-12 3.669377e-01
4.750000e+01 2.113621e+07 7.441896e-14 2.886885e-12 3.669481e-01
4.775000e+01 2.113681e+07 7.441276e-14 2.886829e-12 3.669584e-01
4.800000e+01 2.113740e+07 7.440655e-14 2.886773e-12 3.669688e-01
4.825000e+01 2.113800e+07 7.440034e-14 2.886717e-12 3.669791e-01
4.850000e+01 2.113859e+07 7.439413e-14 2.886661e-12 3.669895e-01
4.875000e+01 2.113919e+07 7.438793e-14 2.886605e-12 3.669998e-01
4.900000e+01 2.113979e+07 7.438172e-14 2.886549e-12 3.670102e-01
4.925000e+01 2.114038e+07 7.437552e-14 2.886493e-12 3.670205e-01
4.950000e+01 2.114098e+07 7.436931e-14 2.886437e-12 3.670309e-01
4.975000e+01 2.114158e+07 7.436311e-14 2.886382e-12 3.670412e-01
5.000000e+01 2.114217e+07 7.435690e-14 2.886326e-12 3.670516e-01
5.025000e+01 2.114277e+07 7.435070e-14 2.886270e-12 3.670619e-01
5.050000e+01 2.114336e+07 7.434450e-14 2.886214e-12 3.670723e-01
5.075000e+01 2.114396e+07 7.433829e-14 2.886158e-12 3.670826e-01
5.100000e+01 2.114456e+07 7.433209e-14 2.886102e-12 3.670930e-01
5.125000e+01 2.114515e+07 7.432589e-14 2.886046e-12 3.671034e-01
5.150000e+01 2.114575e+07 7.431969e-14 2.885990e-12 3.671137e-01
5.175000e+01 2.114635e+07 7.431349e-14 2.885934e-12 3.671241e-01
5.200000e+01 2.114694e+07 7.430729e-14 2.885878e-12 3.671344e-01
5.225000e+01 2.114754e+07 7.430109e-14 2.885822e-12 3.671448e-01
5.250000e+01 2.114814e+07 7.429489e-14 2.885766e-12 3.671551e-01
5.275000e+01 2.114873e+07 7.428869e-14 2.885710e-12 3.671655e-01
5.300000e+01 2.114933e+07 7.428249e-14 2.885654e-12 3.671759e-01
5.325000e+01 2.114993e+07 7.427629e-14 2.885598e-12 3.671862e-01
5.350000e+01 2.115052e+07 7.427010e-14 2.885542e-12 3.671966e-01
5.375000e+01 2.115112e+07 7.426390e-14 2.885486e-12 3.672069e-01
5.400000e+01 2.115172e+07 7.425770e-14 2.885430e-12 3.672173e-01
5.425000e+01 2.115231e+07 7.425151e-14 2.885374e-12 3.672277e-01
5.450000e+01 2.115291e+07 7.424531e-14 2.885318e-12 3.672380e-01
5.475000e+01 2.115351e+07 7.423912e-14 2.885262e-12 3.672484e-01
5.500000e+01 2.115410e+07 7.423292e-14 2.885206e-12 3.672588e-01
5.525000e+01 2.115470e+07 7.422673e-14 2.885150e-12 3.672691e-01
5.550000e+01 2.115530e+07 7.422053e-14 2.885094e-12 3.672795e-01
5.575000e+01 2.115590e+07 7.421434e-14 2.885038e-12 3.672899e-01
5.600000e+01 2.115649e+07 7.420815e-14 2.884982e-12 3.673002e-01
5.625000e+01 2.115709e+07 7.420195e-14 2.884926e-12 3.673106e-01
5.650000e+01 2.115769e+07 7.419576e-14 2.884870e-12 3.673210e-01
5.675000e+01 2.115829e+07 7.418957e-14 2.884814e-12 3.673313e-01
5.700000e+01 2.115888e+07 7.418338e-14 2.884758e-12 3.673417e-01
5.725000e+01 2.115948e+07 7.417719e-14 2.884702e-12 3.673521e-01
5.750000e+01 2.116008e+07 7.417100e-14 2.884646e-12 3.673625e-01
5.775000e+01 2.116068e+07 7.416481e-14 2.884590e-12 3.673728e-01
5.800000e+01 2.116127e+07 7.415862e-14 2.884534e-12 3.673832e-01
5.825000e+01 2.116187e+07 7.415243e-14 2.884478e-12 3.673936e-01
5.850000e+01 2.116247e+07 7.414624e-14 2.884422e-12 3.674040e-01
5.875000e+01 2.116307e+07 7.414005e-14 2.884366e-12 3.674143e-01
5.900000e+01 2.116366e+07 7.413387e-14 2.884310e-12 3.674247e-01
5.925000e+01 2.116426e+07 7.412768e-14 2.884254e-12 3.674351e-01
5.950000e+01 2.116486e+07 7.412149e-14 2.884197e-12 3.674455e-01
5.975000e+01 2.116546e+07 7.411531e-14 2.884141e-12 3.674558e-01
6.000000e+01 2.116605e+07 7.410912e-14 2.884085e-12 3.674662e-01
6.025000e+01 2.116665e+07 7.410294e-14 2.884029e-12 3.674766e-01
6.050000e+01 2.116725e+07 7.409675e-14 2.883973e-12 3.674870e-01
6.075000e+01 2.116785e+07 7.409057e-14 2.883917e-12 3.674974e-01
6.100000e+01 2.116845e+07 7.408438e-14 2.883861e-12 3.675077e-01
6.125000e+01 2.116904e+07 7.407820e-14 2.883805e-12 3.675181e-01
6.150000e+01 2.116964e+07 7.407202e-14 2.883749e-12 3.675285e-01
6.175000e+01 2.117024e+07 7.406583e-14 2.883693e-12 3.675389e-01
6.200000e+01 2.117084e+07 7.405965e-14 2.883637e-12 3.675493e-01
6.225000e+01 2.117144e+07 7.405347e-14 2.883581e-12 3.675597e-01
6.250000e+01 2.117204e+07 7.404729e-14 2.883524e-12 3.675701e-01
6.275000e+01 2.117263e+07 7.404111e-14 2.883468e-12 3.675804e-01
6.300000e+01 2.117323e+07 7.403493e-14 2.883412e-12 3.675908e-01
6.325000e+01 2.117383e+07 7.402875e-14 2.883356e-12 3.676012e-01
6.350000e+01 2.117443e+07 7.402257e-14 2.883300e-12 3.676116e-01
6.375000e+01 2.117503e+07 7.401639e-14 2.883244e-12 3.676220e-01
6.400000e+01 2.117563e+07 7.401021e-14 2.883188e-12 3.676324e-01
6.425000e+01 2.117622e+07 7.400404e-14 2.883132e-12 3.676428e-01
6.450000e+01 2.117682e+07 7.399786e-14 2.883075e-12 3.676532e-01
6.475000e+01 2.117742e+07 7.399168e-14 2.883019e-12 3.676636e-01
6.500000e+01 2.117802e+07 7.398550e-14 2.882963e-12 3.676740e-01
6.525000e+01 2.117862e+07 7.397933e-14 2.882907e-12 3.676844e-01
6.550000e+01 2.117922e+07 7.397315e-14 2.882851e-12 3.676948e-01
6.575000e+01 2.117982e+07 7.396698e-14 2.882795e-12 3.677052e-01
6.600000e+01 2.118042e+07 7.396080e-14 2.882739e-12 3.677156e-01
6.625000e+01 2.118101e+07 7.395463e-14 2.882682e-12 3.677259e-01
6.650000e+01 2.118161e+07 7.394846e-14 2.882626e-12 3.677363e-01
6.675000e+01 2.118221e+07 7.394228e-14 2.882570e-12 3.677467e-01
6.700000e+01 2.118281e+07 7.393611e-14 2.882514e-12 3.677571e-01
6.725000e+01 2.118341e+07 7.392994e-14 2.882458e-12 3.677675e-01
6.750000e+01 2.118401e+07 7.392376e-14 2.882402e-12 3.677779e-01
6.775000e+01 2.118461e+07 7.391759e-14 2.882345e-12 3.677884e-01
6.800000e+01 2.118521e+07 7.391142e-14 2.882289e-12 3.677988e-01
6.825000e+01 2.118581e+07 7.390525e-14 2.882233e-12 3.678092e-01
6.850000e+01 2.118641e+07 7.389908e-14 2.882177e-12 3.678196e-01
6.875000e+01 2.118701e+07 7.389291e-14 2.882121e-12 3.678300e-01
6.900000e+01 2.118761e+07 7.388674e-14 2.882064e-12 3.678404e-01
6.925000e+01 2.118820e+07 7.388057e-14 2.882008e-12 3.678508e-01
6.950000e+01 2.118880e+07 7.387441e-14 2.881952e-12 3.678612e-01
6.975000e+01 2.118940e+07 7.386824e-14 2.881896e-12 3.678716e-01
7.000000e+01 2.119000e+07 7.386207e-14 2.881840e-12 3.678820e-01
7.025000e+01 2.119060e+07 7.385590e-14 2.881783e-12 3.678924e-01
7.050000e+01 2.119120e+07 7.384974e-14 2.881727e-12 3.679028e-01
7.075000e+01 2.119180e+07 7.384357e-14 2.881671e-12 3.679132e-01
7.100000e+01 2.119240e+07 7.383741e-14 2.881615e-12 3.679236e-01
7.125000e+01 2.119300e+07 7.383124e-14 2.881558e-12 3.679341e-01
7.150000e+01 2.119360e+07 7.382508e-14 2.881502e-12 3.679445e-01
7.175000e+01 2.119420e+07 7.381891e-14 2.881446e-12 3.679549e-01
7.200000e+01 2.119480e+07 7.381275e-14 2.881390e-12 3.679653e-01
7.225000e+01 2.119540e+07 7.380658e-14 2.881334e-12 3.679757e-01
7.250000e+01 2.119600e+07 7.380042e-14 2.881277e-12 3.679861e-01
7.275000e+01 2.119660e+07 7.379426e-14 2.881221e-12 3.679965e-01
7.300000e+01 2.119720e+07 7.378810e-14 2.881165e-12 3.680070e-01
7.325000e+01 2.119780e+07 7.378194e-14 2.881109e-12 3.680174e-01
7.350000e+01 2.119840e+07 7.377578e-14 2.881052e-12 3.680278e-01
7.375000e+01 2.119900e+07 7.376961e-14 2.880996e-12 3.680382e-01
7.400000e+01 2.119960e+07 7.376345e-14 2.880940e-12 3.680486e-01
7.425000e+01 2.120020e+07 7.375730e-14 2.880883e-12 3.680591e-01
7.450000e+01 2.120080e+07 7.375114e-14 2.880827e-12 3.680695e-01
7.475000e+01 2.120140e+07 7.374498e-14 2.880771e-12 3.680799e-01
7.500000e+01 2.120200e+07 7.373882e-14 2.880715e-12 3.680903e-01
7.525000e+01 2.120260e+07 7.373266e-14 2.880658e-12 3.681008e-01
7.550000e+01 2.120320e+07 7.372650e-14 2.880602e-12 3.681112e-01
7.575000e+01 2.120380e+07 7.372035e-14 2.880546e-12 3.681216e-01
7.600000e+01 2.120441e+07 7.371419e-14 2.880490e-12 3.681320e-01
7.625000e+01 2.120501e+07 7.370803e-14 2.880433e-12 3.681425e-01
7.650000e+01 2.120561e+07 7.370188e-14 2.880377e-12 3.681529e-01
7.675000e+01 2.120621e+07 7.369572e-14 2.880321e-12 3.681633e-01
7.700000e+01 2.120681e+07 7.368957e-14 2.880264e-12 3.681737e-01
7.725000e+01 2.120741e+07 7.368342e-14 2.880208e-12 3.681842e-01
7.750000e+01 2.120801e+07 7.367726e-14 2.880152e-12 3.681946e-01
7.775000e+01 2.120861e+07 7.367111e-14 2.880095e-12 3.682050e-01
7.800000e+01 2.120921e+07 7.366496e-14 2.880039e-12 3.682155e-01
7.825000e+01 2.120981e+07 7.365880e-14 2.879983e-12 3.682259e-01
7.850000e+01 2.121041e+07 7.365265e-14 2.879926e-12 3.682363e-01
7.875000e+01 2.121101e+07 7.364650e-14 2.879870e-12 3.682468e-01
7.900000e+01 2.121161e+07 7.364035e-14 2.879814e-12 3.682572e-01
7.925000e+01 2.121222e+07 7.363420e-14 2.879757e-12 3.682676e-01
7.950000e+01 2.121282e+07 7.362805e-14 2.879701e-12 3.682781e-01
7.975000e+01 2.121342e+07 7.362190e-14 2.879645e-12 3.682885e-01
8.000000e+01 2.121402e+07 7.361575e-14 2.879588e-12 3.682990e-01
8.025000e+01 2.121462e+07 7.360960e-14 2.879532e-12 3.683094e-01
8.050000e+01 2.121522e+07 7.360345e-14 2.879476e-12 3.683198e-01
8.075000e+01 2.121582e+07 7.359731e-14 2.879419e-12 3.683303e-01
8.100000e+01 2.121642e+07 7.359116e-14 2.879363e-12 3.683407e-01
8.125000e+01 2.121703e+07 7.358501e-14 2.879307e-12 3.683512e-01
8.150000e+01 2.121763e+07 7.357886e-14 2.879250e-12 3.683616e-01
8.175000e+01 2.121823e+07 7.357272e-14 2.879194e-12 3.683720e-01
8.200000e+01 2.121883e+07 7.356657e-14 2.879138e-12 3.683825e-01
8.225000e+01 2.121943e+07 7.356043e-14 2.879081e-12 3.683929e-01
8.250000e+01 2.122003e+07 7.355428e-14 2.879025e-12 3.684034e-01
8.275000e+01 2.122064e+07 7.354814e-14 2.878968e-12 3.684138e-01
8.300000e+01 2.122124e+07 7.354200e-14 2.878912e-12 3.684243e-01
8.325000e+01 2.122184e+07 7.353585e-14 2.878856e-12 3.684347e-01
8.350000e+01 2.122244e+07 7.352971e-14 2.878799e-12 3.684452e-01
8.375000e+01 2.122304e+07 7.352357e-14 2.878743e-12 3.684556e-01
8.400000e+01 2.122364e+07 7.351743e-14 2.878686e-12 3.684661e-01
8.425000e+01 2.122425e+07 7.351128e-14 2.878630e-12 3.684765e-01
8.450000e+01 2.122485e+07 7.350514e-14 2.878574e-12 3.684870e-01
8.475000e+01 2.122545e+07 7.349900e-14 2.878517e-12 3.684974e-01
8.500000e+01 2.122605e+07 7.349286e-14 2.878461e-12 3.685079e-01
8.525000e+01 2.122666e+07 7.348672e-14 2.878404e-12 3.685183e-01
8.550000e+01 2.122726e+07 7.348058e-14 2.878348e-12 3.685288e-01
8.575000e+01 2.122786e+07 7.347445e-14 2.878292e-12 3.685392e-01
8.600000e+01 2.122846e+07 7.346831e-14 2.878235e-12 3.685497e-01
8.625000e+01 2.122906e+07 7.346217e-14 2.878179e-12 3.685601e-01
8.650000e+01 2.122967e+07 7.345603e-14 2.878122e-12 3.685706e-01
8.675000e+01 2.123027e+07 7.344989e-14 2.878066e-12 3.685811e-01
8.700000e+01 2.123087e+07 7.344376e-14 2.878009e-12 3.685915e-01
8.725000e+01 2.123147e+07 7.343762e-14 2.877953e-12 3.686020e-01
8.750000e+01 2.123208e+07 7.343149e-14 2.877897e-12 3.686124e-01
8.775000e+01 2.123268e+07 7.342535e-14 2.877840e-12 3.686229e-01
8.800000e+01 2.123328e+07 7.341922e-14 2.877784e-12 3.686334e-01
8.825000e+01 2.123388e+07 7.341308e-14 2.877727e-12 3.686438e-01
8.850000e+01 2.123449e+07 7.340695e-14 2.877671e-12 3.686543e-01
8.875000e+01 2.123509e+07 7.340082e-14 2.877614e-12 3.686647e-01
8.900000e+01 2.123569e+07 7.339468e-14 2.877558e-12 3.686752e-01
8.925000e+01 2.123629e+07 7.338855e-14 2.877501e-12 3.686857e-01
8.950000e+01 2.123690e+07 7.338242e-14 2.877445e-12 3.686961e-01
8.975000e+01 2.123750e+07 7.337629e-14 2.877388e-12 3.687066e-01
9.000000e+01 2.123810e+07 7.337016e-14 2.877332e-12 3.687171e-01
9.025000e+01 2.123871e+07 7.336403e-14 2.877275e-12 3.687275e-01
9.050000e+01 2.123931e+07 7.335790e-14 2.877219e-12 3.687380e-01
9.075000e+01 2.123991e+07 7.335177e-14 2.877162e-12 3.687485e-01
9.100000e+01 2.124052e+07 7.334564e-14 2.877106e-12 3.687589e-01
9.125000e+01 2.124112e+07 7.333951e-14 2.877049e-12 3.687694e-01
9.150000e+01 2.124172e+07 7.333338e-14 2.876993e-12 3.687799e-01
9.175000e+01 2.124232e+07 7.332725e-14 2.876936e-12 3.687904e-01
9.200000e+01 2.124293e+07 7.332113e-14 2.876880e-12 3.688008e-01
9.225000e+01 2.124353e+07 7.331500e-14 2.876823e-12 3.688113e-01
9.250000e+01 2.124413e+07 7.330887e-14 2.876767e-12 3.688218e-01
9.275000e+01 2.124474e+07 7.330275e-14 2.876710e-12 3.688323e-01
9.300000e+01 2.124534e+07 7.329662e-14 2.876654e-12 3.688427e-01
9.325000e+01 2.124594e+07 7.329050e-14 2.876597e-12 3.688532e-01
9.350000e+01 2.124655e+07 7.328437e-14 2.876541e-12 3.688637e-01
9.375000e+01 2.124715e+07 7.327825e-14 2.876484e-12 3.688742e-01
9.400000e+01 2.124776e+07 7.327212e-14 2.876428e-12 3.688846e-01
9.425000e+01 2.124836e+07 7.326600e-14 2.876371e-12 3.688951e-01
9.450000e+01 2.124896e+07 7.325988e-14 2.876315e-12 3.689056e-01
9.475000e+01 2.124957e+07 7.325375e-14 2.876258e-12 3.689161e-01
9.500000e+01 2.125017e+07 7.324763e-14 2.876202e-12 3.689266e-01
9.525000e+01 2.125077e+07 7.324151e-14 2.876145e-12 3.689370e-01
9.550000e+01 2.125138e+07 7.323539e-14 2.876088e-12 3.689475e-01
9.575000e+01 2.125198e+07 7.322927e-14 2.876032e-12 3.689580e-01
9.600000e+01 2.125259e+07 7.322315e-14 2.875975e-12 3.689685e-01
9.625000e+01 2.125319e+07 7.321703e-14 2.875919e-12 3.689790e-01
9.650000e+01 2.125379e+07 7.321091e-14 2.875862e-12 3.689895e-01
9.675000e+01 2.125440e+07 7.320479e-14 2.875806e-12 3.690000e-01
9.700000e+01 2.125500e+07 7.319867e-14 2.875749e-12 3.690104e-01
9.725000e+01 2.125561e+07 7.319256e-14 2.875693e-12 3.690209e-01
9.750000e+01 2.125621e+07 7.318644e-14 2.875636e-12 3.690314e-01
9.775000e+01 2.125681e+07 7.318032e-14 2.875579e-12 3.690419e-01
9.800000e+01 2.125742e+07 7.317421e-14 2.875523e-12 3.690524e-01
9.825000e+01 2.125802e+07 7.316809e-14 2.875466e-12 3.690629e-01
9.850000e+01 2.125863e+07 7.316197e-14 2.875410e-12 3.690734e-01
9.875000e+01 2.125923e+07 7.315586e-14 2.875353e-12 3.690839e-01
9.900000e+01 2.125984e+07 7.314974e-14 2.875296e-12 3.690944e-01
9.925000e+01 2.126044e+07 7.314363e-14 2.875240e-12 3.691049e-01
9.950000e+01 2.126104e+07 7.313752e-14 2.875183e-12 3.691154e-01
9.975000e+01 2.126165e+07 7.313140e-14 2.875127e-12 3.691259e-01
1.000000e+02 2.126225e+07 7.312529e-14 2.875070e-12 3.691364e-01
1.002500e+02 2.126286e+07 7.311918e-14 2.875013e-12 3.691468e-01
1.005000e+02 2.126346e+07 7.311307e-14 2.874957e-12 3.691573e-01
1.007500e+02 2.126407e+07 7.310695e-14 2.874900e-12 3.691678e-01
1.010000e+02 2.126467e+07 7.310084e-14 2.874843e-12 3.691783e-01
1.012500e+02 2.126528e+07 7.309473e-14 2.874787e-12 3.691888e-01
1.015000e+02 2.126588e+07 7.308862e-14 2.874730e-12 3.691993e-01
1.017500e+02 2.126649e+07 7.308251e-14 2.874674e-12 3.692098e-01
1.020000e+02 2.126709e+07 7.307640e-14 2.874617e-12 3.692203e-01
1.022500e+02 2.126770e+07 7.307030e-14 2.874560e-12 3.692309e-01
1.025000e+02 2.126830e+07 7.306419e-14 2.874504e-12 3.692414e-01
1.027500e+02 2.126891e+07 7.305808e-14 2.874447e-12 3.692519e-01
1.030000e+02 2.126951e+07 7.305197e-14 2.874390e-12 3.692624e-01
1.032500e+02 2.127012e+07 7.304586e-14 2.874334e-12 3.692729e-01
1.035000e+02 2.127072e+07 7.303976e-14 2.874277e-12 3.692834e-01
1.037500e+02 2.127133e+07 7.303365e-14 2.874220e-12 3.692939e-01
1.040000e+02 2.127193e+07 7.302755e-14 2.874164e-12 3.693044e-01
1.042500e+02 2.127254e+07 7.302144e-14 2.874107e-12 3.693149e-01
1.045000e+02 2.127314e+07 7.301534e-14 2.874050e-12 3.693254e-01
1.047500e+02 2.127375e+07 7.300923e-14 2.873994e-12 3.693359e-01
1.050000e+02 2.127435e+07 7.300313e-14 2.873937e-12 3.693464e-01
1.052500e+02 2.127496e+07 7.299703e-14 2.873880e-12 3.693569e-01
1.055000e+02 2.127557e+07 7.299092e-14 2.873824e-12 3.693675e-01
1.057500e+02 2.127617e+07 7.298482e-14 2.873767e-12 3.693780e-01
1.060000e+02 2.127678e+07 7.297872e-14 2.873710e-12 3.693885e-01
1.062500e+02 2.127738e+07 7.297262e-14 2.873654e-12 3.693990e-01
1.065000e+02 2.127799e+07 7.296652e-14 2.873597e-12 3.694095e-01
1.067500e+02 2.127859e+07 7.296041e-14 2.873540e-12 3.694200e-01
1.070000e+02 2.127920e+07 7.295431e-14 2.873483e-12 3.694305e-01
1.072500e+02 2.127981e+07 7.294821e-14 2.873427e-12 3.694411e-01
1.075000e+02 2.128041e+07 7.294212e-14 2.873370e-12 3.694516e-01
1.077500e+02 2.128102e+07 7.293602e-14 2.873313e-12 3.694621e-01
1.080000e+02 2.128162e+07 7.292992e-14 2.873257e-12 3.694726e-01
1.082500e+02 2.128223e+07 7.292382e-14 2.873200e-12 3.694831e-01
1.085000e+02 2.128283e+07 7.291772e-14 2.873143e-12 3.694937e-01
1.087500e+02 2.128344e+07 7.291163e-14 2.873086e-12 3.695042e-01
1.090000e+02 2.128405e+07 7.290553e-14 2.873030e-12 3.695147e-01
1.092500e+02 2.128465e+07 7.289943e-14 2.872973e-12 3.695252e-01
1.095000e+02 2.128526e+07 7.289334e-14 2.872916e-12 3.695358e-01
1.097500e+02 2.128587e+07 7.288724e-14 2.872859e-12 3.695463e-01
1.100000e+02 2.128647e+07 7.288115e-14 2.872803e-12 3.695568e-01
1.102500e+02 2.128708e+07 7.287505e-14 2.872746e-12 3.695673e-01
1.105000e+02 2.128768e+07 7.286896e-14 2.872689e-12 3.695779e-01
1.107500e+02 2.128829e+07 7.286287e-14 2.872632e-12 3.695884e-01
1.110000e+02 2.128890e+07 7.285677e-14 2.872576e-12 3.695989e-01
1.112500e+02 2.128950e+07 7.285068e-14 2.872519e-12 3.696094e-01
1.115000e+02 2.129011e+07 7.284459e-14 2.872462e-12 3.696200e-01
1.117500e+02 2.129072e+07 7.283850e-14 2.872405e-12 3.696305e-01
1.120000e+02 2.129132e+07 7.283241e-14 2.872349e-12 3.696410e-01
1.122500e+02 2.129193e+07 7.282632e-14 2.872292e-12 3.696516e-01
1.125000e+02 2.129254e+07 7.282023e-14 2.872235e-12 3.696621e-01
1.127500e+02 2.129314e+07 7.281414e-14 2.872178e-12 3.696726e-01
1.130000e+02 2.129375e+07 7.280805e-14 2.872122e-12 3.696832e-01
1.132500e+02 2.129436e+07 7.280196e-14 2.872065e-12 3.696937e-01
1.135000e+02 2.129496e+07 7.279587e-14 2.872008e-12 3.697042e-01
1.137500e+02 2.129557e+07 7.278978e-14 2.871951e-12 3.697148e-01
1.140000e+02 2.129618e+07 7.278369e-14 2.871894e-12 3.697253e-01
1.142500e+02 2.129679e+07 7.277761e-14 2.871838e-12 3.697359e-01
1.145000e+02 2.129739e+07 7.277152e-14 2.871781e-12 3.697464e-01
1.147500e+02 2.129800e+07 7.276543e-14 2.871724e-12 3.697569e-01
1.150000e+02 2.129861e+07 7.275935e-14 2.871667e-12 3.697675e-01
1.152500e+02 2.129921e+07 7.275326e-14 2.871610e-12 3.697780e-01
1.155000e+02 2.129982e+07 7.274718e-14 2.871553e-12 3.697886e-01
1.157500e+02 2.130043e+07 7.274109e-14 2.871497e-12 3.697991e-01
1.160000e+02 2.130104e+07 7.273501e-14 2.871440e-12 3.698096e-01
1.162500e+02 2.130164e+07 7.272893e-14 2.871383e-12 3.698202e-01
1.165000e+02 2.130225e+07 7.272284e-14 2.871326e-12 3.698307e-01
1.167500e+02 2.130286e+07 7.271676e-14 2.871269e-12 3.698413e-01
1.170000e+02 2.130346e+07 7.271068e-14 2.871212e-12 3.698518e-01
1.172500e+02 2.130407e+07 7.270460e-14 2.871156e-12 3.698624e-01
1.175000e+02 2.130468e+07 7.269852e-14 2.871099e-12 3.698729e-01
1.177500e+02 2.130529e+07 7.269243e-14 2.871042e-12 3.698835e-01
1.180000e+02 2.130590e+07 7.268635e-14 2.870985e-12 3.698940e-01
1.182500e+02 2.130650e+07 7.268027e-14 2.870928e-12 3.699046e-01
1.185000e+02 2.130711e+07 7.267420e-14 2.870871e-12 3.699151e-01
1.187500e+02 2.130772e+07 7.266812e-14 2.870815e-12 3.699257e-01
1.190000e+02 2.130833e+07 7.266204e-14 2.870758e-12 3.699362e-01
1.192500e+02 2.130893e+07 7.265596e-14 2.870701e-12 3.699468e-01
1.195000e+02 2.130954e+07 7.264988e-14 2.870644e-12 3.699573e-01
1.197500e+02 2.131015e+07 7.264380e-14 2.870587e-12 3.699679e-01
1.200000e+02 2.131076e+07 7.263773e-14 2.870530e-12 3.699784e-01
1.202500e+02 2.131137e+07 7.263165e-14 2.870473e-12 3.699890e-01
1.205000e+02 2.131197e+07 7.262558e-14 2.870416e-12 3.699995e-01
1.207500e+02 2.131258e+07 7.261950e-14 2.870359e-12 3.700101e-01
1.210000e+02 2.131319e+07 7.261343e-14 2.870303e-12 3.700207e-01
1.212500e+02 2.131380e+07 7.260735e-14 2.870246e-12 3.700312e-01
1.215000e+02 2.131441e+07 7.260128e-14 2.870189e-12 3.700418e-01
1.217500e+02 2.131501e+07 7.259520e-14 2.870132e-12 3.700523e-01
1.220000e+02 2.131562e+07 7.258913e-14 2.870075e-12 3.700629e-01
1.222500e+02 2.131623e+07 7.258306e-14 2.870018e-12 3.700735e-01
1.225000e+02 2.131684e+07 7.257699e-14 2.869961e-12 3.700840e-01
1.227500e+02 2.131745e+07 7.257091e-14 2.869904e-12 3.700946e-01
1.230000e+02 2.131806e+07 7.256484e-14 2.869847e-12 3.701051e-01
1.232500e+02 2.131866e+07 7.255877e-14 2.869790e-12 3.701157e-01
1.235000e+02 2.131927e+07 7.255270e-14 2.869733e-12 3.701263e-01
1.237500e+02 2.131988e+07 7.254663e-14 2.869677e-12 3.701368e-01
1.240000e+02 2.132049e+07 7.254056e-14 2.869620e-12 3.701474e-01
1.242500e+02 2.132110e+07 7.253449e-14 2.869563e-12 3.701580e-01
1.245000e+02 2.132171e+07 7.252842e-14 2.869506e-12 3.701685e-01
1.247500e+02 2.132232e+07 7.252236e-14 2.869449e-12 3.701791e-01
1.250000e+02 2.132293e+07 7.251629e-14 2.869392e-12 3.701897e-01
1.252500e+02 2.132353e+07 7.251022e-14 2.869335e-12 3.702003e-01
1.255000e+02 2.132414e+07 7.250415e-14 2.869278e-12 3.702108e-01
1.257500e+02 2.132475e+07 7.249809e-14 2.869221e-12 3.702214e-01
1.260000e+02 2.132536e+07 7.249202e-14 2.869164e-12 3.702320e-01
1.262500e+02 2.132597e+07 7.248596e-14 2.869107e-12 3.702425e-01
1.265000e+02 2.132658e+07 7.247989e-14 2.869050e-12 3.702531e-01
1.267500e+02 2.132719e+07 7.247383e-14 2.868993e-12 3.702637e-01
1.270000e+02 2.132780e+07 7.246776e-14 2.868936e-12 3.702743e-01
1.272500e+02 2.132841e+07 7.246170e-14 2.868879e-12 3.702848e-01
1.275000e+02 2.132902e+07 7.245564e-14 2.868822e-12 3.702954e-01
1.277500e+02 2.132963e+07 7.244957e-14 2.868765e-12 3.703060e-01
1.280000e+02 2.133023e+07 7.244351e-14 2.868708e-12 3.703166e-01
1.282500e+02 2.133084e+07 7.243745e-14 2.868651e-12 3.703272e-01
1.285000e+02 2.133145e+07 7.243139e-14 2.868594e-12 3.703377e-01
1.287500e+02 2.133206e+07 7.242533e-14 2.868537e-12 3.703483e-01
1.290000e+02 2.133267e+07 7.241927e-14 2.868480e-12 3.703589e-01
1.292500e+02 2.133328e+07 7.241321e-14 2.868423e-12 3.703695e-01
1.295000e+02 2.133389e+07 7.240715e-14 2.868366e-12 3.703801e-01
1.297500e+02 2.133450e+07 7.240109e-14 2.868309e-12 3.703906e-01
1.300000e+02 2.133511e+07 7.239503e-14 2.868252e-12 3.704012e-01
1.302500e+02 2.133572e+07 7.238897e-14 2.868195e-12 3.704118e-01
1.305000e+02 2.133633e+07 7.238291e-14 2.868138e-12 3.704224e-01
1.307500e+02 2.133694e+07 7.237686e-14 2.868081e-12 3.704330e-01
1.310000e+02 2.133755e+07 7.237080e-14 2.868024e-12 3.704436e-01
1.312500e+02 2.133816e+07 7.236474e-14 2.867967e-12 3.704542e-01
1.315000e+02 2.133877e+07 7.235869e-14 2.867910e-12 3.704648e-01
1.317500e+02 2.133938e+07 7.235263e-14 2.867853e-12 3.704753e-01
1.320000e+02 2.133999e+07 7.234658e-14 2.867796e-12 3.704859e-01
1.322500e+02 2.134060e+07 7.234052e-14 2.867739e-12 3.704965e-01
1.325000e+02 2.134121e+07 7.233447e-14 2.867682e-12 3.705071e-01
1.327500e+02 2.134182e+07 7.232841e-14 2.867625e-12 3.705177e-01
1.330000e+02 2.134243e+07 7.232236e-14 2.867568e-12 3.705283e-01
1.332500e+02 2.134304e+07 7.231631e-14 2.867511e-12 3.705389e-01
1.335000e+02 2.134365e+07 7.231025e-14 2.867454e-12 3.705495e-01
1.337500e+02 2.134426e+07 7.230420e-14 2.867397e-12 3.705601e-01
1.340000e+02 2.134487e+07 7.229815e-14 2.867340e-12 3.705707e-01
1.342500e+02 2.134548e+07 7.229210e-14 2.867282e-12 3.705813e-01
1.345000e+02 2.134609e+07 7.228605e-14 2.867225e-12 3.705919e-01
1.347500e+02 2.134670e+07 7.228000e-14 2.867168e-12 3.706025e-01
1.350000e+02 2.134731e+07 7.227395e-14 2.867111e-12 3.706131e-01
1.352500e+02 2.134792e+07 7.226790e-14 2.867054e-12 3.706237e-01
1.355000e+02 2.134853e+07 7.226185e-14 2.866997e-12 3.706343e-01
1.357500e+02 2.134914e+07 7.225580e-14 2.866940e-12 3.706449e-01
1.360000e+02 2.134976e+07 7.224976e-14 2.866883e-12 3.706555e-01
1.362500e+02 2.135037e+07 7.224371e-14 2.866826e-12 3.706661e-01
1.365000e+02 2.135098e+07 7.223766e-14 2.866769e-12 3.706767e-01
1.367500e+02 2.135159e+07 7.223161e-14 2.866712e-12 3.706873e-01
1.370000e+02 2.135220e+07 7.222557e-14 2.866654e-12 3.706979e-01
1.372500e+02 2.135281e+07 7.221952e-14 2.866597e-12 3.707085e-01
1.375000e+02 2.135342e+07 7.221348e-14 2.866540e-12 3.707191e-01
1.377500e+02 2.135403e+07 7.220743e-14 2.866483e-12 3.707297e-01
1.380000e+02 2.135464e+07 7.220139e-14 2.866426e-12 3.707403e-01
1.382500e+02 2.135525e+07 7.219534e-14 2.866369e-12 3.707509e-01
1.385000e+02 2.135586e+07 7.218930e-14 2.866312e-12 3.707615e-01
1.387500e+02 2.135648e+07 7.218326e-14 2.866255e-12 3.707721e-01
1.390000e+02 2.135709e+07 7.217722e-14 2.866198e-12 3.707828e-01
1.392500e+02 2.135770e+07 7.217117e-14 2.866140e-12 3.707934e-01
1.395000e+02 2.135831e+07 7.216513e-14 2.866083e-12 3.708040e-01
1.397500e+02 2.135892e+07 7.215909e-14 2.866026e-12 3.708146e-01
1.400000e+02 2.135953e+07 7.215305e-14 2.865969e-12 3.708252e-01
1.402500e+02 2.136014e+07 7.214701e-14 2.865912e-12 3.708358e-01
1.405000e+02 2.136075e+07 7.214097e-14 2.865855e-12 3.708464e-01
1.407500e+02 2.136137e+07 7.213493e-14 2.865797e-12 3.708571e-01
1.410000e+02 2.136198e+07 7.212889e-14 2.865740e-12 3.708677e-01
1.412500e+02 2.136259e+07 7.212285e-14 2.865683e-12 3.708783e-01
1.415000e+02 2.136320e+07 7.211681e-14 2.865626e-12 3.708889e-01
1.417500e+02 2.136381e+07 7.211078e-14 2.865569e-12 3.708995e-01
1.420000e+02 2.136442e+07 7.210474e-14 2.865512e-12 3.709101e-01
1.422500e+02 2.136504e+07 7.209870e-14 2.865454e-12 3.709208e-01
1.425000e+02 2.136565e+07 7.209267e-14 2.865397e-12 3.709314e-01
1.427500e+02 2.136626e+07 7.208663e-14 2.865340e-12 3.709420e-01
1.430000e+02 2.136687e+07 7.208060e-14 2.865283e-12 3.709526e-01
1.432500e+02 2.136748e+07 7.207456e-14 2.865226e-12 3.709633e-01
1.435000e+02 2.136810e+07 7.206853e-14 2.865169e-12 3.709739e-01
1.437500e+02 2.136871e+07 7.206249e-14 2.865111e-12 3.709845e-01
1.440000e+02 2.136932e+07 7.205646e-14 2.865054e-12 3.709951e-01
1.442500e+02 2.136993e+07 7.205043e-14 2.864997e-12 3.710058e-01
1.445000e+02 2.137054e+07 7.204439e-14 2.864940e-12 3.710164e-01
1.447500e+02 2.137116e+07 7.203836e-14 2.864883e-12 3.710270e-01
1.450000e+02 2.137177e+07 7.203233e-14 2.864825e-12 3.710376e-01
1.452500e+02 2.137238e+07 7.202630e-14 2.864768e-12 3.710483e-01
1.455000e+02 2.137299e+07 7.202027e-14 2.864711e-12 3.710589e-01
1.457500e+02 2.137360e+07 7.201424e-14 2.864654e-12 3.710695e-01
1.460000e+02 2.137422e+07 7.200821e-14 2.864596e-12 3.710802e-01
1.462500e+02 2.137483e+07 7.200218e-14 2.864539e-12 3.710908e-01
1.465000e+02 2.137544e+07 7.199615e-14 2.864482e-12 3.711014e-01
1.467500e+02 2.137605e+07 7.199012e-14 2.864425e-12 3.711121e-01
1.470000e+02 2.137667e+07 7.198409e-14 2.864368e-12 3.711227e-01
1.472500e+02 2.137728e+07 7.197806e-14 2.864310e-12 3.711333e-01
1.475000e+02 2.137789e+07 7.197204e-14 2.864253e-12 3.711440e-01
1.477500e+02 2.137850e+07 7.196601e-14 2.864196e-12 3.711546e-01
1.480000e+02 2.137912e+07 7.195998e-14 2.864139e-12 3.711652e-01
1.482500e+02 2.137973e+07 7.195396e-14 2.864081e-12 3.711759e-01
1.485000e+02 2.138034e+07 7.194793e-14 2.864024e-12 3.711865e-01
1.487500e+02 2.138096e+07 7.194191e-14 2.863967e-12 3.711971e-01
1.490000e+02 2.138157e+07 7.193588e-14 2.863909e-12 3.712078e-01
1.492500e+02 2.138218e+07 7.192986e-14 2.863852e-12 3.712184e-01
1.495000e+02 2.138279e+07 7.192383e-14 2.863795e-12 3.712291e-01
1.497500e+02 2.138341e+07 7.191781e-14 2.863738e-12 3.712397e-01
1.500000e+02 2.138402e+07 7.191179e-14 2.863680e-12 3.712504e-01
1.502500e+02 2.138463e+07 7.190577e-14 2.863623e-12 3.712610e-01
1.505000e+02 2.138525e+07 7.189974e-14 2.863566e-12 3.712716e-01
1.507500e+02 2.138586e+07 7.189372e-14 2.863509e-12 3.712823e-01
1.510000e+02 2.138647e+07 7.188770e-14 2.863451e-12 3.712929e-01
1.512500e+02 2.138709e+07 7.188168e-14 2.863394e-12 3.713036e-01
1.515000e+02 2.138770e+07 7.187566e-14 2.863337e-12 3.713142e-01
1.517500e+02 2.138831e+07 7.186964e-14 2.863279e-12 3.713249e-01
1.520000e+02 2.138893e+07 7.186362e-14 2.863222e-12 3.713355e-01
1.522500e+02 2.138954e+07 7.185760e-14 2.863165e-12 3.713462e-01
1.525000e+02 2.139015e+07 7.185158e-14 2.863107e-12 3.713568e-01
1.527500e+02 2.139077e+07 7.184557e-14 2.863050e-12 3.713675e-01
1.530000e+02 2.139138e+07 7.183955e-14 2.862993e-12 3.713781e-01
1.532500e+02 2.139199e+07 7.183353e-14 2.862935e-12 3.713888e-01
1.535000e+02 2.139261e+07 7.182751e-14 2.862878e-12 3.713994e-01
1.537500e+02 2.139322e+07 7.182150e-14 2.862821e-12 3.714101e-01
1.540000e+02 2.139384e+07 7.181548e-14 2.862763e-12 3.714207e-01
1.542500e+02 2.139445e+07 7.180947e-14 2.862706e-12 3.714314e-01
1.545000e+02 2.139506e+07 7.180345e-14 2.862649e-12 3.714421e-01
1.547500e+02 2.139568e+07 7.179744e-14 2.862591e-12 3.714527e-01
1.550000e+02 2.139629e+07 7.179142e-14 2.862534e-12 3.714634e-01
1.552500e+02 2.139690e+07 7.178541e-14 2.862477e-12 3.714740e-01
1.555000e+02 2.139752e+07 7.177940e-14 2.862419e-12 3.714847e-01
1.557500e+02 2.139813e+07 7.177339e-14 2.862362e-12 3.714954e-01
1.560000e+02 2.139875e+07 7.176737e-14 2.862305e-12 3.715060e-01
1.562500e+02 2.139936e+07 7.176136e-14 2.862247e-12 3.715167e-01
1.565000e+02 2.139997e+07 7.175535e-14 2.862190e-12 3.715273e-01
1.567500e+02 2.140059e+07 7.174934e-14 2.862133e-12 3.715380e-01
1.570000e+02 2.140120e+07 7.174333e-14 2.862075e-12 3.715487e-01
1.572500e+02 2.140182e+07 7.173732e-14 2.862018e-12 3.715593e-01
1.575000e+02 2.140243e+07 7.173131e-14 2.861960e-12 3.715700e-01
1.577500e+02 2.140305e+07 7.172530e-14 2.861903e-12 3.715807e-01
1.580000e+02 2.140366e+07 7.171929e-14 2.861846e-12 3.715913e-01
1.582500e+02 2.140427e+07 7.171329e-14 2.861788e-12 3.716020e-01
1.585000e+02 2.140489e+07 7.170728e-14 2.861731e-12 3.716127e-01
1.587500e+02 2.140550e+07 7.170127e-14 2.861674e-12 3.716233e-01
1.590000e+02 2.140612e+07 7.169526e-14 2.861616e-12 3.716340e-01
1.592500e+02 2.140673e+07 7.168926e-14 2.861559e-12 3.716447e-01
1.595000e+02 2.140735e+07 7.168325e-14 2.861501e-12 3.716553e-01
1.597500e+02 2.140796e+07 7.167725e-14 2.861444e-12 3.716660e-01
1.600000e+02 2.140858e+07 7.167124e-14 2.861386e-12 3.716767e-01
1.602500e+02 2.140919e+07 7.166524e-14 2.861329e-12 3.716874e-01
1.605000e+02 2.140981e+07 7.165923e-14 2.861272e-12 3.716980e-01
1.607500e+02 2.141042e+07 7.165323e-14 2.861214e-12 3.717087e-01
1.610000e+02 2.141104e+07 7.164723e-14 2.861157e-12 3.717194e-01
1.612500e+02 2.141165e+07 7.164122e-14 2.861099e-12 3.717301e-01
1.615000e+02 2.141227e+07 7.163522e-14 2.861042e-12 3.717407e-01
1.617500e+02 2.141288e+07 7.162922e-14 2.860985e-12 3.717514e-01
1.620000e+02 2.141350e+07 7.162322e-14 2.860927e-12 3.717621e-01
1.622500e+02 2.141411e+07 7.161722e-14 2.860870e-12 3.717728e-01
1.625000e+02 2.141473e+07 7.161122e-14 2.860812e-12 3.717835e-01
1.627500e+02 2.141534e+07 7.160522e-14 2.860755e-12 3.717941e-01
1.630000e+02 2.141596e+07 7.159922e-14 2.860697e-12 3.718048e-01
1.632500e+02 2.141657e+07 7.159322e-14 2.860640e-12 3.718155e-01
1.635000e+02 2.141719e+07 7.158722e-14 2.860582e-12 3.718262e-01
1.637500e+02 2.141780e+07 7.158122e-14 2.860525e-12 3.718369e-01
1.640000e+02 2.141842e+07 7.157522e-14 2.860467e-12 3.718476e-01
1.642500e+02 2.141903e+07 7.156922e-14 2.860410e-12 3.718582e-01
1.645000e+02 2.141965e+07 7.156323e-14 2.860353e-12 3.718689e-01
1.647500e+02 2.142027e+07 7.155723e-14 2.860295e-12 3.718796e-01
1.650000e+02 2.142088e+07 7.155124e-14 2.860238e-12 3.718903e-01
1.652500e+02 2.142150e+07 7.154524e-14 2.860180e-12 3.719010e-01
1.655000e+02 2.142211e+07 7.153924e-14 2.860123e-12 3.719117e-01
1.657500e+02 2.142273e+07 7.153325e-14 2.860065e-12 3.719224e-01
1.660000e+02 2.142334e+07 7.152726e-14 2.860008e-12 3.719331e-01
1.662500e+02 2.142396e+07 7.152126e-14 2.859950e-12 3.719437e-01
1.665000e+02 2.142458e+07 7.151527e-14 2.859893e-12 3.719544e-01
1.667500e+02 2.142519e+07 7.150928e-14 2.859835e-12 3.719651e-01
1.670000e+02 2.142581e+07 7.150328e-14 2.859778e-12 3.719758e-01
1.672500e+02 2.142642e+07 7.149729e-14 2.859720e-12 3.719865e-01
1.675000e+02 2.142704e+07 7.149130e-14 2.859663e-12 3.719972e-01
1.677500e+02 2.142766e+07 7.148531e-14 2.859605e-12 3.720079e-01
1.680000e+02 2.142827e+07 7.147932e-14 2.859548e-12 3.720186e-01
1.682500e+02 2.142889e+07 7.147333e-14 2.859490e-12 3.720293e-01
1.685000e+02 2.142950e+07 7.146734e-14 2.859433e-12 3.720400e-01
1.687500e+02 2.143012e+07 7.146135e-14 2.859375e-12 3.720507e-01
1.690000e+02 2.143074e+07 7.145536e-14 2.859317e-12 3.720614e-01
1.692500e+02 2.143135e+07 7.144937e-14 2.859260e-12 3.720721e-01
1.695000e+02 2.143197e+07 7.144338e-14 2.859202e-12 3.720828e-01
1.697500e+02 2.143259e+07 7.143740e-14 2.859145e-12 3.720935e-01
1.700000e+02 2.143320e+07 7.143141e-14 2.859087e-12 3.721042e-01
1.702500e+02 2.143382e+07 7.142542e-14 2.859030e-12 3.721149e-01
1.705000e+02 2.143443e+07 7.141944e-14 2.858972e-12 3.721256e-01
1.707500e+02 2.143505e+07 7.141345e-14 2.858915e-12 3.721363e-01
1.710000e+02 2.143567e+07 7.140746e-14 2.858857e-12 3.721470e-01
1.712500e+02 2.143628e+07 7.140148e-14 2.858800e-12 3.721577e-01
1.715000e+02 2.143690e+07 7.139549e-14 2.858742e-12 3.721684e-01
1.717500e+02 2.143752e+07 7.138951e-14 2.858684e-12 3.721791e-01
1.720000e+02 2.143813e+07 7.138353e-14 2.858627e-12 3.721898e-01
1.722500e+02 2.143875e+07 7.137754e-14 2.858569e-12 3.722006e-01
1.725000e+02 2.143937e+07 7.137156e-14 2.858512e-12 3.722113e-01
1.727500e+02 2.143999e+07 7.136558e-14 2.858454e-12 3.722220e-01
1.730000e+02 2.144060e+07 7.135960e-14 2.858397e-12 3.722327e-01
1.732500e+02 2.144122e+07 7.135362e-14 2.858339e-12 3.722434e-01
1.735000e+02 2.144184e+07 7.134764e-14 2.858281e-12 3.722541e-01
1.737500e+02 2.144245e+07 7.134165e-14 2.858224e-12 3.722648e-01
1.740000e+02 2.144307e+07 7.133567e-14 2.858166e-12 3.722755e-01
1.742500e+02 2.144369e+07 7.132969e-14 2.858109e-12 3.722862e-01
1.745000e+02 2.144431e+07 7.132372e-14 2.858051e-12 3.722970e-01
1.747500e+02 2.144492e+07 7.131774e-14 2.857993e-12 3.723077e-01
1.750000e+02 2.144554e+07 7.131176e-14 2.857936e-12 3.723184e-01
1.752500e+02 2.144616e+07 7.130578e-14 2.857878e-12 3.723291e-01
1.755000e+02 2.144677e+07 7.129980e-14 2.857820e-12 3.723398e-01
1.757500e+02 2.144739e+07 7.129383e-14 2.857763e-12 3.723506e-01
1.760000e+02 2.144801e+07 7.128785e-14 2.857705e-12 3.723613e-01
1.762500e+02 2.144863e+07 7.128187e-14 2.857648e-12 3.723720e-01
1.765000e+02 2.144924e+07 7.127590e-14 2.857590e-12 3.723827e-01
1.767500e+02 2.144986e+07 7.126992e-14 2.857532e-12 3.723934e-01
1.770000e+02 2.145048e+07 7.126395e-14 2.857475e-12 3.724042e-01
1.772500e+02 2.145110e+07 7.125797e-14 2.857417e-12 3.724149e-01
1.775000e+02 2.145172e+07 7.125200e-14 2.857359e-12 3.724256e-01
1.777500e+02 2.145233e+07 7.124603e-14 2.857302e-12 3.724363e-01
1.780000e+02 2.145295e+07 7.124005e-14 2.857244e-12 3.724471e-01
1.782500e+02 2.145357e+07 7.123408e-14 2.857186e-12 3.724578e-01
1.785000e+02 2.145419e+07 7.122811e-14 2.857129e-12 3.724685e-01
1.787500e+02 2.145480e+07 7.122214e-14 2.857071e-12 3.724792e-01
1.790000e+02 2.145542e+07 7.121617e-14 2.857014e-12 3.724900e-01
1.792500e+02 2.145604e+07 7.121020e-14 2.856956e-12 3.725007e-01
1.795000e+02 2.145666e+07 7.120423e-14 2.856898e-12 3.725114e-01
1.797500e+02 2.145728e+07 7.119826e-14 2.856840e-12 3.725222e-01
1.800000e+02 2.145789e+07 7.119229e-14 2.856783e-12 3.725329e-01
1.802500e+02 2.145851e+07 7.118632e-14 2.856725e-12 3.725436e-01
1.805000e+02 2.145913e+07 7.118035e-14 2.856667e-12 3.725544e-01
1.807500e+02 2.145975e+07 7.117438e-14 2.856610e-12 3.725651e-01
1.810000e+02 2.146037e+07 7.116841e-14 2.856552e-12 3.725758e-01
1.812500e+02 2.146099e+07 7.116245e-14 2.856494e-12 3.725866e-01
1.815000e+02 2.146160e+07 7.115648e-14 2.856437e-12 3.725973e-01
1.817500e+02 2.146222e+07 7.115051e-14 2.856379e-12 3.726080e-01
1.820000e+02 2.146284e+07 7.114455e-14 2.856321e-12 3.726188e-01
1.822500e+02 2.146346e+07 7.113858e-14 2.856264e-12 3.726295e-01
1.825000e+02 2.146408e+07 7.113262e-14 2.856206e-12 3.726403e-01
1.827500e+02 2.146470e+07 7.112665e-14 2.856148e-12 3.726510e-01
1.830000e+02 2.146532e+07 7.112069e-14 2.856090e-12 3.726617e-01
1.832500e+02 2.146593e+07 7.111473e-14 2.856033e-12 3.726725e-01
1.835000e+02 2.146655e+07 7.110876e-14 2.855975e-12 3.726832e-01
1.837500e+02 2.146717e+07 7.110280e-14 2.855917e-12 3.726940e-01
1.840000e+02 2.146779e+07 7.109684e-14 2.855860e-12 3.727047e-01
1.842500e+02 2.146841e+07 7.109088e-14 2.855802e-12 3.727154e-01
1.845000e+02 2.146903e+07 7.108492e-14 2.855744e-12 3.727262e-01
1.847500e+02 2.146965e+07 7.107895e-14 2.855686e-12 3.727369e-01
1.850000e+02 2.147027e+07 7.107299e-14 2.855629e-12 3.727477e-01
1.852500e+02 2.147089e+07 7.106703e-14 2.855571e-12 3.727584e-01
1.855000e+02 2.147150e+07 7.106107e-14 2.855513e-12 3.727692e-01
1.857500e+02 2.147212e+07 7.105511e-14 2.855455e-12 3.727799e-01
1.860000e+02 2.147274e+07 7.104916e-14 2.855398e-12 3.727907e-01
1.862500e+02 2.147336e+07 7.104320e-14 2.855340e-12 3.728014e-01
1.865000e+02 2.147398e+07 7.103724e-14 2.855282e-12 3.728122e-01
1.867500e+02 2.147460e+07 7.103128e-14 2.855224e-12 3.728229e-01
1.870000e+02 2.147522e+07 7.102533e-14 2.855167e-12 3.728337e-01
1.872500e+02 2.147584e+07 7.101937e-14 2.855109e-12 3.728444e-01
1.875000e+02 2.147646e+07 7.101341e-14 2.855051e-12 3.728552e-01
1.877500e+02 2.147708e+07 7.100746e-14 2.854993e-12 3.728659e-01
1.880000e+02 2.147770e+07 7.100150e-14 2.854935e-12 3.728767e-01
1.882500e+02 2.147832e+07 7.099555e-14 2.854878e-12 3.728875e-01
1.885000e+02 2.147894e+07 7.098959e-14 2.854820e-12 3.728982e-01
1.887500e+02 2.147956e+07 7.098364e-14 2.854762e-12 3.729090e-01
1.890000e+02 2.148018e+07 7.097769e-14 2.854704e-12 3.729197e-01
1.892500e+02 2.148080e+07 7.097173e-14 2.854646e-12 3.729305e-01
1.895000e+02 2.148142e+07 7.096578e-14 2.854589e-12 3.729412e-01
1.897500e+02 2.148204e+07 7.095983e-14 2.854531e-12 3.729520e-01
1.900000e+02 2.148266e+07 7.095388e-14 2.854473e-12 3.729628e-01
1.902500e+02 2.148328e+07 7.094793e-14 2.854415e-12 3.729735e-01
1.905000e+02 2.148390e+07 7.094198e-14 2.854357e-12 3.729843e-01
1.907500e+02 2.148452e+07 7.093603e-14 2.854300e-12 3.729951e-01
1.910000e+02 2.148514e+07 7.093008e-14 2.854242e-12 3.730058e-01
1.912500e+02 2.148576e+07 7.092413e-14 2.854184e-12 3.730166e-01
1.915000e+02 2.148638e+07 7.091818e-14 2.854126e-12 3.730274e-01
1.917500e+02 2.148700e+07 7.091223e-14 2.854068e-12 3.730381e-01
1.920000e+02 2.148762e+07 7.090628e-14 2.854010e-12 3.730489e-01
1.922500e+02 2.148824e+07 7.090033e-14 2.853953e-12 3.730597e-01
1.925000e+02 2.148886e+07 7.089439e-14 2.853895e-12 3.730704e-01
1.927500e+02 2.148948e+07 7.088844e-14 2.853837e-12 3.730812e-01
1.930000e+02 2.149010e+07 7.088249e-14 2.853779e-12 3.730920e-01
1.932500e+02 2.149072e+07 7.087655e-14 2.853721e-12 3.731027e-01
1.935000e+02 2.149134e+07 7.087060e-14 2.853663e-12 3.731135e-01
1.937500e+02 2.149196e+07 7.086466e-14 2.853606e-12 3.731243e-01
1.940000e+02 2.149258e+07 7.085871e-14 2.853548e-12 3.731351e-01
1.942500e+02 2.149320e+07 7.085277e-14 2.853490e-12 3.731458e-01
1.945000e+02 2.149382e+07 7.084682e-14 2.853432e-12 3.731566e-01
1.947500e+02 2.149444e+07 7.084088e-14 2.853374e-12 3.731674e-01
1.950000e+02 2.149506e+07 7.083494e-14 2.853316e-12 3.731782e-01
1.952500e+02 2.149568e+07 7.082900e-14 2.853258e-12 3.731889e-01
1.955000e+02 2.149630e+07 7.082305e-14 2.853200e-12 3.731997e-01
1.957500e+02 2.149692e+07 7.081711e-14 2.853143e-12 3.732105e-01
1.960000e+02 2.149754e+07 7.081117e-14 2.853085e-12 3.732213e-01
1.962500e+02 2.149817e+07 7.080523e-14 2.853027e-12 3.732320e-01
1.965000e+02 2.149879e+07 7.079929e-14 2.852969e-12 3.732428e-01
1.967500e+02 2.149941e+07 7.079335e-14 2.852911e-12 3.732536e-01
1.970000e+02 2.150003e+07 7.078741e-14 2.852853e-12 3.732644e-01
1.972500e+02 2.150065e+07 7.078147e-14 2.852795e-12 3.732752e-01
1.975000e+02 2.150127e+07 7.077553e-14 2.852737e-12 3.732860e-01
1.977500e+02 2.150189e+07 7.076960e-14 2.852679e-12 3.732967e-01
1.980000e+02 2.150251e+07 7.076366e-14 2.852621e-12 3.733075e-01
1.982500e+02 2.150313e+07 7.075772e-14 2.852564e-12 3.733183e-01
1.985000e+02 2.150376e+07 7.075179e-14 2.852506e-12 3.733291e-01
1.987500e+02 2.150438e+07 7.074585e-14 2.852448e-12 3.733399e-01
1.990000e+02 2.150500e+07 7.073991e-14 2.852390e-12 3.733507e-01
1.992500e+02 2.150562e+07 7.073398e-14 2.852332e-12 3.733615e-01
1.995000e+02 2.150624e+07 7.072804e-14 2.852274e-12 3.733722e-01
1.997500e+02 2.150686e+07 7.072211e-14 2.852216e-12 3.733830e-01
2.000000e+02 2.150748e+07 7.071618e-14 2.852158e-12 3.733938e-01
2.002500e+02 2.150811e+07 7.071024e-14 2.852100e-12 3.734046e-01
2.005000e+02 2.150873e+07 7.070431e-14 2.852042e-12 3.734154e-01
2.007500e+02 2.150935e+07 7.069838e-14 2.851984e-12 3.734262e-01
2.010000e+02 2.150997e+07 7.069244e-14 2.851926e-12 3.734370e-01
2.012500e+02 2.151059e+07 7.068651e-14 2.851868e-12 3.734478e-01
2.015000e+02 2.151121e+07 7.068058e-14 2.851810e-12 3.734586e-01
2.017500e+02 2.151184e+07 7.067465e-14 2.851752e-12 3.734694e-01
2.020000e+02 2.151246e+07 7.066872e-14 2.851694e-12 3.734802e-01
2.022500e+02 2.151308e+07 7.066279e-14 2.851636e-12 3.734910e-01
2.025000e+02 2.151370e+07 7.065686e-14 2.851578e-12 3.735018e-01
2.027500e+02 2.151432e+07 7.065093e-14 2.851520e-12 3.735126e-01
2.030000e+02 2.151495e+07 7.064500e-14 2.851462e-12 3.735234e-01
2.032500e+02 2.151557e+07 7.063907e-14 2.851405e-12 3.735342e-01
2.035000e+02 2.151619e+07 7.063315e-14 2.851347e-12 3.735450e-01
2.037500e+02 2.151681e+07 7.062722e-14 2.851289e-12 3.735558e-01
2.040000e+02 2.151744e+07 7.062129e-14 2.851231e-12 3.735666e-01
2.042500e+02 2.151806e+07 7.061537e-14 2.851173e-12 3.735774e-01
2.045000e+02 2.151868e+07 7.060944e-14 2.851115e-12 3.735882e-01
2.047500e+02 2.151930e+07 7.060351e-14 2.851057e-12 3.735990e-01
2.050000e+02 2.151992e+07 7.059759e-14 2.850999e-12 3.736098e-01
2.052500e+02 2.152055e+07 7.059167e-14 2.850941e-12 3.736206e-01
2.055000e+02 2.152117e+07 7.058574e-14 2.850883e-12 3.736314e-01
2.057500e+02 2.152179e+07 7.057982e-14 2.850825e-12 3.736422e-01
2.060000e+02 2.152241e+07 7.057389e-14 2.850766e-12 3.736530e-01
2.062500e+02 2.152304e+07 7.056797e-14 2.850708e-12 3.736638e-01
2.065000e+02 2.152366e+07 7.056205e-14 2.850650e-12 3.736747e-01
2.067500e+02 2.152428e+07 7.055613e-14 2.850592e-12 3.736855e-01
2.070000e+02 2.152491e+07 7.055020e-14 2.850534e-12 3.736963e-01
2.072500e+02 2.152553e+07 7.054428e-14 2.850476e-12 3.737071e-01
2.075000e+02 2.152615e+07 7.053836e-14 2.850418e-12 3.737179e-01
2.077500e+02 2.152677e+07 7.053244e-14 2.850360e-12 3.737287e-01
2.080000e+02 2.152740e+07 7.052652e-14 2.850302e-12 3.737395e-01
2.082500e+02 2.152802e+07 7.052060e-14 2.850244e-12 3.737503e-01
2.085000e+02 2.152864e+07 7.051468e-14 2.850186e-12 3.737612e-01
2.087500e+02 2.152927e+07 7.050877e-14 2.850128e-12 3.737720e-01
2.090000e+02 2.152989e+07 7.050285e-14 2.850070e-12 3.737828e-01
2.092500e+02 2.153051e+07 7.049693e-14 2.850012e-12 3.737936e-01
2.095000e+02 2.153114e+07 7.049101e-14 2.849954e-12 3.738044e-01
2.097500e+02 2.153176e+07 7.048510e-14 2.849896e-12 3.738153e-01
2.100000e+02 2.153238e+07 7.047918e-14 2.849838e-12 3.738261e-01
2.102500e+02 2.153301e+07 7.047326e-14 2.849780e-12 3.738369e-01
2.105000e+02 2.153363e+07 7.046735e-14 2.849722e-12 3.738477e-01
2.107500e+02 2.153425e+07 7.046143e-14 2.849664e-12 3.738585e-01
2.110000e+02 2.153488e+07 7.045552e-14 2.849605e-12 3.738694e-01
2.112500e+02 2.153550e+07 7.044961e-14 2.849547e-12 3.738802e-01
2.115000e+02 2.153612e+07 7.044369e-14 2.849489e-12 3.738910e-01
2.117500e+02 2.153675e+07 7.043778e-14 2.849431e-12 3.739018e-01
2.120000e+02 2.153737e+07 7.043187e-14 2.849373e-12 3.739127e-01
2.122500e+02 2.153799e+07 7.042595e-14 2.849315e-12 3.739235e-01
2.125000e+02 2.153862e+07 7.042004e-14 2.849257e-12 3.739343e-01
2.127500e+02 2.153924e+07 7.041413e-14 2.849199e-12 3.739452e-01
2.130000e+02 2.153986e+07 7.040822e-14 2.849141e-12 3.739560e-01
2.132500e+02 2.154049e+07 7.040231e-14 2.849083e-12 3.739668e-01
2.135000e+02 2.154111e+07 7.039640e-14 2.849024e-12 3.739776e-01
2.137500e+02 2.154174e+07 7.039049e-14 2.848966e-12 3.739885e-01
2.140000e+02 2.154236e+07 7.038458e-14 2.848908e-12 3.739993e-01
2.142500e+02 2.154298e+07 7.037867e-14 2.848850e-12 3.740101e-01
2.145000e+02 2.154361e+07 7.037276e-14 2.848792e-12 3.740210e-01
2.147500e+02 2.154423e+07 7.036686e-14 2.848734e-12 3.740318e-01
2.150000e+02 2.154486e+07 7.036095e-14 2.848676e-12 3.740426e-01
2.152500e+02 2.154548e+07 7.035504e-14 2.848617e-12 3.740535e-01
2.155000e+02 2.154610e+07 7.034913e-14 2.848559e-12 3.740643e-01
2.157500e+02 2.154673e+07 7.034323e-14 2.848501e-12 3.740752e-01
2.160000e+02 2.154735e+07 7.033732e-14 2.848443e-12 3.740860e-01
2.162500e+02 2.154798e+07 7.033142e-14 2.848385e-12 3.740968e-01
2.165000e+02 2.154860e+07 7.032551e-14 2.848327e-12 3.741077e-01
2.167500e+02 2.154923e+07 7.031961e-14 2.848269e-12 3.741185e-01
2.170000e+02 2.154985e+07 7.031370e-14 2.848210e-12 3.741294e-01
2.172500e+02 2.155048e+07 7.030780e-14 2.848152e-12 3.741402e-01
2.175000e+02 2.155110e+07 7.030190e-14 2.848094e-12 3.741510e-01
2.177500e+02 2.155172e+07 7.029599e-14 2.848036e-12 3.741619e-01
2.180000e+02 2.155235e+07 7.029009e-14 2.847978e-12 3.741727e-01
2.182500e+02 2.155297e+07 7.028419e-14 2.847920e-12 3.741836e-01
2.185000e+02 2.155360e+07 7.027829e-14 2.847861e-12 3.741944e-01
2.187500e+02 2.155422e+07 7.027239e-14 2.847803e-12 3.742053e-01
2.190000e+02 2.155485e+07 7.026649e-14 2.847745e-12 3.742161e-01
2.192500e+02 2.155547e+07 7.026059e-14 2.847687e-12 3.742270e-01
2.195000e+02 2.155610e+07 7.025469e-14 2.847629e-12 3.742378e-01
2.197500e+02 2.155672e+07 7.024879e-14 2.847570e-12 3.742487e-01
2.200000e+02 2.155735e+07 7.024289e-14 2.847512e-12 3.742595e-01
2.202500e+02 2.155797e+07 7.023699e-14 2.847454e-12 3.742704e-01
2.205000e+02 2.155860e+07 7.023109e-14 2.847396e-12 3.742812e-01
2.207500e+02 2.155922e+07 7.022520e-14 2.847338e-12 3.742921e-01
2.210000e+02 2.155985e+07 7.021930e-14 2.847279e-12 3.743029e-01
2.212500e+02 2.156047e+07 7.021340e-14 2.847221e-12 3.743138e-01
2.215000e+02 2.156110e+07 7.020751e-14 2.847163e-12 3.743246e-01
2.217500e+02 2.156172e+07 7.020161e-14 2.847105e-12 3.743355e-01
2.220000e+02 2.156235e+07 7.019572e-14 2.847046e-12 3.743463e-01
2.222500e+02 2.156297e+07 7.018982e-14 2.846988e-12 3.743572e-01
2.225000e+02 2.156360e+07 7.018393e-14 2.846930e-12 3.743681e-01
2.227500e+02 2.156423e+07 7.017803e-14 2.846872e-12 3.743789e-01
2.230000e+02 2.156485e+07 7.017214e-14 2.846814e-12 3.743898e-01
2.232500e+02 2.156548e+07 7.016625e-14 2.846755e-12 3.744006e-01
2.235000e+02 2.156610e+07 7.016036e-14 2.846697e-12 3.744115e-01
2.237500e+02 2.156673e+07 7.015446e-14 2.846639e-12 3.744224e-01
2.240000e+02 2.156735e+07 7.014857e-14 2.846581e-12 3.744332e-01
2.242500e+02 2.156798e+07 7.014268e-14 2.846522e-12 3.744441e-01
2.245000e+02 2.156861e+07 7.013679e-14 2.846464e-12 3.744550e-01
2.247500e+02 2.156923e+07 7.013090e-14 2.846406e-12 3.744658e-01
2.250000e+02 2.156986e+07 7.012501e-14 2.846347e-12 3.744767e-01
2.252500e+02 2.157048e+07 7.011912e-14 2.846289e-12 3.744875e-01
2.255000e+02 2.157111e+07 7.011323e-14 2.846231e-12 3.744984e-01
2.257500e+02 2.157173e+07 7.010734e-14 2.846173e-12 3.745093e-01
2.260000e+02 2.157236e+07 7.010145e-14 2.846114e-12 3.745201e-01
2.262500e+02 2.157299e+07 7.009557e-14 2.846056e-12 3.745310e-01
2.265000e+02 2.157361e+07 7.008968e-14 2.845998e-12 3.745419e-01
2.267500e+02 2.157424e+07 7.008379e-14 2.845939e-12 3.745528e-01
2.270000e+02 2.157487e+07 7.007791e-14 2.845881e-12 3.745636e-01
2.272500e+02 2.157549e+07 7.007202e-14 2.845823e-12 3.745745e-01
2.275000e+02 2.157612e+07 7.006614e-14 2.845765e-12 3.745854e-01
2.277500e+02 2.157674e+07 7.006025e-14 2.845706e-12 3.745962e-01
2.280000e+02 2.157737e+07 7.005437e-14 2.845648e-12 3.746071e-01
2.282500e+02 2.157800e+07 7.004848e-14 2.845590e-12 3.746180e-01
2.285000e+02 2.157862e+07 7.004260e-14 2.845531e-12 3.746289e-01
2.287500e+02 2.157925e+07 7.003671e-14 2.845473e-12 3.746397e-01
2.290000e+02 2.157988e+07 7.003083e-14 2.845415e-12 3.746506e-01
2.292500e+02 2.158050e+07 7.002495e-14 2.845356e-12 3.746615e-01
2.295000e+02 2.158113e+07 7.001907e-14 2.845298e-12 3.746724e-01
2.297500e+02 2.158176e+07 7.001319e-14 2.845240e-12 3.746833e-01
2.300000e+02 2.158238e+07 7.000730e-14 2.845181e-12 3.746941e-01
2.302500e+02 2.158301e+07 7.000142e-14 2.845123e-12 3.747050e-01
2.305000e+02 2.158364e+07 6.999554e-14 2.845065e-12 3.747159e-01
2.307500e+02 2.158426e+07 6.998966e-14 2.845006e-12 3.747268e-01
2.310000e+02 2.158489e+07 6.998378e-14 2.844948e-12 3.747377e-01
2.312500e+02 2.158552e+07 6.997791e-14 2.844890e-12 3.747486e-01
2.315000e+02 2.158614e+07 6.997203e-14 2.844831e-12 3.747594e-01
2.317500e+02 2.158677e+07 6.996615e-14 2.844773e-12 3.747703e-01
2.320000e+02 2.158740e+07 6.996027e-14 2.844715e-12 3.747812e-01
2.322500e+02 2.158802e+07 6.995439e-14 2.844656e-12 3.747921e-01
2.325000e+02 2.158865e+07 6.994852e-14 2.844598e-12 3.748030e-01
2.327500e+02 2.158928e+07 6.994264e-14 2.844540e-12 3.748139e-01
2.330000e+02 2.158991e+07 6.993677e-14 2.844481e-12 3.748248e-01
2.332500e+02 2.159053e+07 6.993089e-14 2.844423e-12 3.748357e-01
2.335000e+02 2.159116e+07 6.992502e-14 2.844364e-12 3.748465e-01
2.337500e+02 2.159179e+07 6.991914e-14 2.844306e-12 3.748574e-01
2.340000e+02 2.159242e+07 6.991327e-14 2.844248e-12 3.748683e-01
2.342500e+02 2.159304e+07 6.990739e-14 2.844189e-12 3.748792e-01
2.345000e+02 2.159367e+07 6.990152e-14 2.844131e-12 3.748901e-01
2.347500e+02 2.159430e+07 6.989565e-14 2.844072e-12 3.749010e-01
2.350000e+02 2.159493e+07 6.988977e-14 2.844014e-12 3.749119e-01
2.352500e+02 2.159555e+07 6.988390e-14 2.843956e-12 3.749228e-01
2.355000e+02 2.159618e+07 6.987803e-14 2.843897e-12 3.749337e-01
2.357500e+02 2.159681e+07 6.987216e-14 2.843839e-12 3.749446e-01
2.360000e+02 2.159744e+07 6.986629e-14 2.843780e-12 3.749555e-01
2.362500e+02 2.159806e+07 6.986042e-14 2.843722e-12 3.749664e-01
2.365000e+02 2.159869e+07 6.985455e-14 2.843664e-12 3.749773e-01
2.367500e+02 2.159932e+07 6.984868e-14 2.843605e-12 3.749882e-01
2.370000e+02 2.159995e+07 6.984281e-14 2.843547e-12 3.749991e-01
2.372500e+02 2.160058e+07 6.983694e-14 2.843488e-12 3.750100e-01
2.375000e+02 2.160120e+07 6.983108e-14 2.843430e-12 3.750209e-01
2.377500e+02 2.160183e+07 6.982521e-14 2.843371e-12 3.750318e-01
2.380000e+02 2.160246e+07 6.981934e-14 2.843313e-12 3.750427e-01
2.382500e+02 2.160309e+07 6.981347e-14 2.843255e-12 3.750536e-01
2.385000e+02 2.160372e+07 6.980761e-14 2.843196e-12 3.750645e-01
2.387500e+02 2.160434e+07 6.980174e-14 2.843138e-12 3.750754e-01
2.390000e+02 2.160497e+07 6.979588e-14 2.843079e-12 3.750863e-01
2.392500e+02 2.160560e+07 6.979001e-14 2.843021e-12 3.750972e-01
2.395000e+02 2.160623e+07 6.978415e-14 2.842962e-12 3.751081e-01
2.397500e+02 2.160686e+07 6.977828e-14 2.842904e-12 3.751191e-01
2.400000e+02 2.160749e+07 6.977242e-14 2.842845e-12 3.751300e-01
2.402500e+02 2.160811e+07 6.976656e-14 2.842787e-12 3.751409e-01
2.405000e+02 2.160874e+07 6.976069e-14 2.842728e-12 3.751518e-01
2.407500e+02 2.160937e+07 6.975483e-14 2.842670e-12 3.751627e-01
2.410000e+02 2.161000e+07 6.974897e-14 2.842611e-12 3.751736e-01
2.412500e+02 2.161063e+07 6.974311e-14 2.842553e-12 3.751845e-01
2.415000e+02 2.161126e+07 6.973725e-14 2.842495e-12 3.751954e-01
2.417500e+02 2.161189e+07 6.973139e-14 2.842436e-12 3.752064e-01
2.420000e+02 2.161251e+07 6.972553e-14 2.842378e-12 3.752173e-01
2.422500e+02 2.161314e+07 6.971967e-14 2.842319e-12 3.752282e-01
2.425000e+02 2.161377e+07 6.971381e-14 2.842261e-12 3.752391e-01
2.427500e+02 2.161440e+07 6.970795e-14 2.842202e-12 3.752500e-01
2.430000e+02 2.161503e+07 6.970209e-14 2.842144e-12 3.752609e-01
2.432500e+02 2.161566e+07 6.969623e-14 2.842085e-12 3.752719e-01
2.435000e+02 2.161629e+07 6.969038e-14 2.842027e-12 3.752828e-01
2.437500e+02 2.161692e+07 6.968452e-14 2.841968e-12 3.752937e-01
2.440000e+02 2.161755e+07 6.967866e-14 2.841910e-12 3.753046e-01
2.442500e+02 2.161818e+07 6.967281e-14 2.841851e-12 3.753155e-01
2.445000e+02 2.161880e+07 6.966695e-14 2.841792e-12 3.753265e-01
2.447500e+02 2.161943e+07 6.966109e-14 2.841734e-12 3.753374e-01
2.450000e+02 2.162006e+07 6.965524e-14 2.841675e-12 3.753483e-01
2.452500e+02 2.162069e+07 6.964939e-14 2.841617e-12 3.753592e-01
2.455000e+02 2.162132e+07 6.964353e-14 2.841558e-12 3.753702e-01
2.457500e+02 2.162195e+07 6.963768e-14 2.841500e-12 3.753811e-01
2.460000e+02 2.162258e+07 6.963183e-14 2.841441e-12 3.753920e-01
2.462500e+02 2.162321e+07 6.962597e-14 2.841383e-12 3.754030e-01
2.465000e+02 2.162384e+07 6.962012e-14 2.841324e-12 3.754139e-01
2.467500e+02 2.162447e+07 6.961427e-14 2.841266e-12 3.754248e-01
2.470000e+02 2.162510e+07 6.960842e-14 2.841207e-12 3.754357e-01
2.472500e+02 2.162573e+07 6.960257e-14 2.841148e-12 3.754467e-01
2.475000e+02 2.162636e+07 6.959672e-14 2.841090e-12 3.754576e-01
2.477500e+02 2.162699e+07 6.959087e-14 2.841031e-12 3.754685e-01
2.480000e+02 2.162762e+07 6.958502e-14 2.840973e-12 3.754795e-01
2.482500e+02 2.162825e+07 6.957917e-14 2.840914e-12 3.754904e-01
2.485000e+02 2.162888e+07 6.957332e-14 2.840856e-12 3.755013e-01
2.487500e+02 2.162951e+07 6.956747e-14 2.840797e-12 3.755123e-01
2.490000e+02 2.163014e+07 6.956162e-14 2.840738e-12 3.755232e-01
2.492500e+02 2.163077e+07 6.955577e-14 2.840680e-12 3.755342e-01
2.495000e+02 2.163140e+07 6.954993e-14 2.840621e-12 3.755451e-01
2.497500e+02 2.163203e+07 6.954408e-14 2.840563e-12 3.755560e-01
2.500000e+02 2.163266e+07 6.953824e-14 2.840504e-12 3.755670e-01
2.502500e+02 2.163329e+07 6.953239e-14 2.840446e-12 3.755779e-01
2.505000e+02 2.163392e+07 6.952654e-14 2.840387e-12 3.755889e-01
2.507500e+02 2.163455e+07 6.952070e-14 2.840328e-12 3.755998e-01
2.510000e+02 2.163518e+07 6.951486e-14 2.840270e-12 3.756107e-01
2.512500e+02 2.163581e+07 6.950901e-14 2.840211e-12 3.756217e-01
2.515000e+02 2.163644e+07 6.950317e-14 2.840152e-12 3.756326e-01
2.517500e+02 2.163707e+07 6.949732e-14 2.840094e-12 3.756436e-01
2.520000e+02 2.163770e+07 6.949148e-14 2.840035e-12 3.756545e-01
2.522500e+02 2.163833e+07 6.948564e-14 2.839977e-12 3.756655e-01
2.525000e+02 2.163896e+07 6.947980e-14 2.839918e-12 3.756764e-01
2.527500e+02 2.163959e+07 6.947396e-14 2.839859e-12 3.756874e-01
2.530000e+02 2.164022e+07 6.946812e-14 2.839801e-12 3.756983e-01
2.532500e+02 2.164085e+07 6.946228e-14 2.839742e-12 3.757093e-01
2.535000e+02 2.164148e+07 6.945644e-14 2.839683e-12 3.757202e-01
2.537500e+02 2.164211e+07 6.945060e-14 2.839625e-12 3.757312e-01
2.540000e+02 2.164275e+07 6.944476e-14 2.839566e-12 3.757421e-01
2.542500e+02 2.164338e+07 6.943892e-14 2.839508e-12 3.757531e-01
2.545000e+02 2.164401e+07 6.943308e-14 2.839449e-12 3.757640e-01
2.547500e+02 2.164464e+07 6.942724e-14 2.839390e-12 3.757750e-01
2.550000e+02 2.164527e+07 6.942140e-14 2.839332e-12 3.757859e-01
2.552500e+02 2.164590e+07 6.941557e-14 2.839273e-12 3.757969e-01
2.555000e+02 2.164653e+07 6.940973e-14 2.839214e-12 3.758078e-01
2.557500e+02 2.164716e+07 6.940390e-14 2.839156e-12 3.758188e-01
2.560000e+02 2.164779e+07 6.939806e-14 2.839097e-12 3.758298e-01
2.562500e+02 2.164842e+07 6.939222e-14 2.839038e-12 3.758407e-01
2.565000e+02 2.164906e+07 6.938639e-14 2.838980e-12 3.758517e-01
2.567500e+02 2.164969e+07 6.938056e-14 2.838921e-12 3.758626e-01
2.570000e+02 2.165032e+07 6.937472e-14 2.838862e-12 3.758736e-01
2.572500e+02 2.165095e+07 6.936889e-14 2.838803e-12 3.758846e-01
2.575000e+02 2.165158e+07 6.936305e-14 2.838745e-12 3.758955e-01
2.577500e+02 2.165221e+07 6.935722e-14 2.838686e-12 3.759065e-01
2.580000e+02 2.165284e+07 6.935139e-14 2.838627e-12 3.759174e-01
2.582500e+02 2.165348e+07 6.934556e-14 2.838569e-12 3.759284e-01
2.585000e+02 2.165411e+07 6.933973e-14 2.838510e-12 3.759394e-01
2.587500e+02 2.165474e+07 6.933390e-14 2.838451e-12 3.759503e-01
2.590000e+02 2.165537e+07 6.932807e-14 2.838393e-12 3.759613e-01
2.592500e+02 2.165600e+07 6.932224e-14 2.838334e-12 3.759723e-01
2.595000e+02 2.165663e+07 6.931641e-14 2.838275e-12 3.759832e-01
2.597500e+02 2.165727e+07 6.931058e-14 2.838216e-12 3.759942e-01
2.600000e+02 2.165790e+07 6.930475e-14 2.838158e-12 3.760052e-01
2.602500e+02 2.165853e+07 6.929892e-14 2.838099e-12 3.760161e-01
2.605000e+02 2.165916e+07 6.929309e-14 2.838040e-12 3.760271e-01
2.607500e+02 2.165979e+07 6.928727e-14 2.837981e-12 3.760381e-01
2.610000e+02 2.166043e+07 6.928144e-14 2.837923e-12 3.760491e-01
2.612500e+02 2.166106e+07 6.927561e-14 2.837864e-12 3.760600e-01
2.615000e+02 2.166169e+07 6.926979e-14 2.837805e-12 3.760710e-01
2.617500e+02 2.166232e+07 6.926396e-14 2.837746e-12 3.760820e-01
2.620000e+02 2.166295e+07 6.925813e-14 2.837688e-12 3.760930e-01
2.622500e+02 2.166359e+07 6.925231e-14 2.837629e-12 3.761039e-01
2.625000e+02 2.166422e+07 6.924649e-14 2.837570e-12 3.761149e-01
2.627500e+02 2.166485e+07 6.924066e-14 2.837511e-12 3.761259e-01
2.630000e+02 2.166548e+07 6.923484e-14 2.837453e-12 3.761369e-01
2.632500e+02 2.166612e+07 6.922902e-14 2.837394e-12 3.761479e-01
2.635000e+02 2.166675e+07 6.922319e-14 2.837335e-12 3.761588e-01
2.637500e+02 2.166738e+07 6.921737e-14 2.837276e-12 3.761698e-01
2.640000e+02 2.166801e+07 6.921155e-14 2.837218e-12 3.761808e-01
2.642500e+02 2.166865e+07 6.920573e-14 2.837159e-12 3.761918e-01
2.645000e+02 2.166928e+07 6.919991e-14 2.837100e-12 3.762028e-01
2.647500e+02 2.166991e+07 6.919409e-14 2.837041e-12 3.762137e-01
2.650000e+02 2.167054e+07 6.918827e-14 2.836982e-12 3.762247e-01
2.652500e+02 2.167118e+07 6.918245e-14 2.836924e-12 3.762357e-01
2.655000e+02 2.167181e+07 6.917663e-14 2.836865e-12 3.762467e-01
2.657500e+02 2.167244e+07 6.917081e-14 2.836806e-12 3.762577e-01
2.660000e+02 2.167308e+07 6.916499e-14 2.836747e-12 3.762687e-01
2.662500e+02 2.167371e+07 6.915917e-14 2.836688e-12 3.762797e-01
2.665000e+02 2.167434e+07 6.915336e-14 2.836630e-12 3.762907e-01
2.667500e+02 2.167497e+07 6.914754e-14 2.836571e-12 3.763016e-01
2.670000e+02 2.167561e+07 6.914172e-14 2.836512e-12 3.763126e-01
2.672500e+02 2.167624e+07 6.913591e-14 2.836453e-12 3.763236e-01
2.675000e+02 2.167687e+07 6.913009e-14 2.836394e-12 3.763346e-01
2.677500e+02 2.167751e+07 6.912428e-14 2.836336e-12 3.763456e-01
2.680000e+02 2.167814e+07 6.911846e-14 2.836277e-12 3.763566e-01
2.682500e+02 2.167877e+07 6.911265e-14 2.836218e-12 3.763676e-01
2.685000e+02 2.167941e+07 6.910683e-14 2.836159e-12 3.763786e-01
2.687500e+02 2.168004e+07 6.910102e-14 2.836100e-12 3.763896e-01
2.690000e+02 2.168067e+07 6.909521e-14 2.836041e-12 3.764006e-01
2.692500e+02 2.168131e+07 6.908939e-14 2.835983e-12 3.764116e-01
2.695000e+02 2.168194e+07 6.908358e-14 2.835924e-12 3.764226e-01
2.697500e+02 2.168257e+07 6.907777e-14 2.835865e-12 3.764336e-01
2.700000e+02 2.168321e+07 6.907196e-14 2.835806e-12 3.764446e-01
