# # x,u
0.000000000000000000e+00 0.000000000000000000e+00 0.000000000000000000e+00
5.000000000000000278e-02 3.028763998169700100e-01 3.090169943749473958e-01
1.000000000000000056e-01 5.761051473558933544e-01 5.877852522924731371e-01
1.500000000000000222e-01 7.929407091110661776e-01 8.090169943749474513e-01
2.000000000000000111e-01 9.321577095158112281e-01 9.510565162951535312e-01
2.500000000000000000e-01 9.801286185885168534e-01 1.000000000000000000e+00
3.000000000000000444e-01 9.321577095160964443e-01 9.510565162951535312e-01
3.500000000000000333e-01 7.929407091116970063e-01 8.090169943749474513e-01
4.000000000000000222e-01 5.761051473567293524e-01 5.877852522924732481e-01
4.500000000000000111e-01 3.028763998178180539e-01 3.090169943749475068e-01
5.000000000000000000e-01 8.367750936599804845e-13 1.224646799147353207e-16
5.500000000000000444e-01 -3.028763998162481430e-01 -3.090169943749477288e-01
6.000000000000000888e-01 -5.761051473554505975e-01 -5.877852522924733591e-01
6.500000000000000222e-01 -7.929407091108796601e-01 -8.090169943749473402e-01
7.000000000000000666e-01 -9.321577095157498327e-01 -9.510565162951535312e-01
7.500000000000000000e-01 -9.801286185883775204e-01 -1.000000000000000000e+00
8.000000000000000444e-01 -9.321577095158802839e-01 -9.510565162951536422e-01
8.500000000000000888e-01 -7.929407091114046846e-01 -8.090169943749470072e-01
9.000000000000000222e-01 -5.761051473562566194e-01 -5.877852522924733591e-01
9.500000000000000666e-01 -3.028763998172308014e-01 -3.090169943749476178e-01
1.000000000000000000e+00 -2.449293598294706414e-16 -2.449293598294706414e-16
