# # x,u
0.000000000000000000e+00 0.000000000000000000e+00 0.000000000000000000e+00
5.000000000000000278e-02 2.903784441279928519e-01 3.090169943749473958e-01
1.000000000000000056e-01 5.523326229589795577e-01 5.877852522924731371e-01
1.500000000000000222e-01 7.602206363271910572e-01 8.090169943749474513e-01
2.000000000000000111e-01 8.936929570431118020e-01 9.510565162951535312e-01
2.500000000000000000e-01 9.396843843987097156e-01 1.000000000000000000e+00
3.000000000000000444e-01 8.936929570432945447e-01 9.510565162951535312e-01
3.500000000000000333e-01 7.602206363275847423e-01 8.090169943749474513e-01
4.000000000000000222e-01 5.523326229595688641e-01 5.877852522924732481e-01
4.500000000000000111e-01 2.903784441284936735e-01 3.090169943749475068e-01
5.000000000000000000e-01 5.025285743087692936e-13 1.224646799147353207e-16
5.500000000000000444e-01 -2.903784441275586992e-01 -3.090169943749477288e-01
6.000000000000000888e-01 -5.523326229587943725e-01 -5.877852522924733591e-01
6.500000000000000222e-01 -7.602206363272081546e-01 -8.090169943749473402e-01
7.000000000000000666e-01 -8.936929570433521652e-01 -9.510565162951535312e-01
7.500000000000000000e-01 -9.396843843990637657e-01 -1.000000000000000000e+00
8.000000000000000444e-01 -8.936929570435874215e-01 -9.510565162951536422e-01
8.500000000000000888e-01 -7.602206363276337031e-01 -8.090169943749470072e-01
9.000000000000000222e-01 -5.523326229593295000e-01 -5.877852522924733591e-01
9.500000000000000666e-01 -2.903784441280575779e-01 -3.090169943749476178e-01
1.000000000000000000e+00 -2.449293598294706414e-16 -2.449293598294706414e-16
