benchmark  0.0625 0.00022499274438117365 0.0014733131438844178 0.7776035100870662 4.97191858541135e-05 0.0
benchmark  0.0625 0.00022499284517830243 0.001473314753175508 0.7776035092920113 4.971710275863961e-05 0.0001
benchmark  0.0625 0.000224993752722972 0.001473329239905276 0.7776035021365384 4.969836395468663e-05 0.001
benchmark  0.0625 0.00022500286484611402 0.001473474413924423 0.7776034305838803 4.9511867468987614e-05 0.01
benchmark  0.0625 0.00022504416745956334 0.0014741263578427572 0.7776031126171993 4.870214289631747e-05 0.05
benchmark  0.0625 0.0002250976312522097 0.0014749566347627367 0.7776027152618311 4.7731938231543314e-05 0.1
benchmark  0.0625 0.00022533155587807434 0.0014784452275494883 0.7776011269659698 4.4260017734054635e-05 0.3
benchmark  0.0625 0.00022574109527775845 0.0014841640322972502 0.7775987478119069 4.00253791725258e-05 0.6
benchmark  0.0625 0.00022605212726731138 0.0014882872054397124 0.7775971638452388 3.769240616069425e-05 0.8
benchmark  0.0625 0.00022639283113119724 0.001492648869131847 0.7775955815526557 3.566187784020958e-05 1.0
benchmark  0.0625 0.00022852356751849572 0.001517763544242324 0.7775876944904335 2.8482160174370108e-05 2.0
benchmark  0.0625 0.00023132615737309067 0.001547766559646768 0.777579846817127 2.4104225921472988e-05 3.0
benchmark  0.0625 0.000234750643982122 0.0015819345490344589 0.7775720372728181 2.114261170382825e-05 4.0
benchmark  0.0625 0.0002387494617582621 0.001619665111439946 0.7775642648675279 1.8996953976224695e-05 5.0
benchmark  0.0625 0.00024327643163455308 0.0016604486221804902 0.777556528737655 1.736483282954726e-05 6.0
benchmark  0.0625 0.00026580204904123975 0.0018462558080025164 0.7775259319527481 1.343210000781525e-05 10.0
benchmark  0.0625 0.00034128825322946716 0.0023874343326423476 0.7774516591342652 9.518784242268374e-06 20.0
benchmark  0.0625 0.0005179585313943535 0.0034959156359254495 0.7773110947295265 6.8264629020653445e-06 40.0
benchmark  0.0625 0.0008237195022887911 0.005179776207671769 0.7770847788190846 5.05202125899995e-06 75.0
benchmark  0.0625 0.0010281763586111714 0.0061828966783622746 0.7769349392376109 4.383428039655968e-06 100.0
benchmark  0.0625 0.001750501347853465 0.009104031206218369 0.776404369860522 3.0432326238449825e-06 200.0
benchmark  0.0625 0.0029106795507050677 0.012426660722393878 0.7755543131239429 2.0126363246553147e-06 400.0
benchmark  0.0625 0.0033970211971431218 0.013514892337960082 0.7752006596206573 1.7391851939163594e-06 500.0
