3.605499e+03 -7.155103e+05 
1.727834e+03 -7.150428e+05 
8.938832e+03 -7.178363e+05 
7.061168e+03 -7.164311e+05 
1.427217e+04 -7.220354e+05 
1.239450e+04 -7.196840e+05 
1.960550e+04 -7.281342e+05 
1.772783e+04 -7.248223e+05 
2.493883e+04 -7.361717e+05 
2.306117e+04 -7.318792e+05 
3.027217e+04 -7.461999e+05 
2.839450e+04 -7.409002e+05 
3.560550e+04 -7.582847e+05 
3.372783e+04 -7.519448e+05 
4.093883e+04 -7.725069e+05 
3.906117e+04 -7.650866e+05 
4.627217e+04 -7.889632e+05 
4.439450e+04 -7.804150e+05 
5.160550e+04 -8.077686e+05 
4.972783e+04 -7.980364e+05 
5.693883e+04 -8.290572e+05 
5.506117e+04 -8.180764e+05 
6.227217e+04 -8.529853e+05 
6.039450e+04 -8.406815e+05 
6.760550e+04 -8.797334e+05 
6.572783e+04 -8.660217e+05 
7.293883e+04 -9.095093e+05 
7.106117e+04 -8.942939e+05 
7.827217e+04 -9.425517e+05 
7.639450e+04 -9.257243e+05 
8.360550e+04 -9.791332e+05 
8.172783e+04 -9.605733e+05 
8.893883e+04 -1.019565e+06 
8.706117e+04 -9.991391e+05 
9.427217e+04 -1.064202e+06 
9.239450e+04 -1.041762e+06 
9.960550e+04 -1.113443e+06 
9.772783e+04 -1.088831e+06 
1.049388e+05 -1.167740e+06 
1.030612e+05 -1.140785e+06 
1.102722e+05 -1.227598e+06 
1.083945e+05 -1.198122e+06 
1.156055e+05 -1.293576e+06 
1.137278e+05 -1.261397e+06 
1.209388e+05 -1.366285e+06 
1.190612e+05 -1.331227e+06 
1.262722e+05 -1.446384e+06 
1.243945e+05 -1.408283e+06 
1.316055e+05 -1.534560e+06 
1.297278e+05 -1.493280e+06 
1.369388e+05 -1.631509e+06 
1.350612e+05 -1.586960e+06 
1.422722e+05 -1.737892e+06 
1.403945e+05 -1.690050e+06 
1.476055e+05 -1.854283e+06 
1.457278e+05 -1.803207e+06 
1.529388e+05 -1.981088e+06 
1.510612e+05 -1.926943e+06 
1.582722e+05 -2.118447e+06 
1.563945e+05 -2.061512e+06 
1.636055e+05 -2.266118e+06 
1.617278e+05 -2.206787e+06 
1.689388e+05 -2.423354e+06 
1.670612e+05 -2.362119e+06 
1.742722e+05 -2.588795e+06 
1.723945e+05 -2.526218e+06 
1.796055e+05 -2.760407e+06 
1.777278e+05 -2.697086e+06 
1.849388e+05 -2.935496e+06 
1.830612e+05 -2.872048e+06 
1.902722e+05 -3.110837e+06 
1.883945e+05 -3.047892e+06 
1.956055e+05 -3.282902e+06 
1.937278e+05 -3.221123e+06 
2.009388e+05 -3.448169e+06 
1.990612e+05 -3.388277e+06 
2.062722e+05 -3.603430e+06 
2.043945e+05 -3.546214e+06 
2.116055e+05 -3.746038e+06 
2.097278e+05 -3.692333e+06 
2.169388e+05 -3.874031e+06 
2.150612e+05 -3.824670e+06 
2.222722e+05 -3.986130e+06 
2.203945e+05 -3.941892e+06 
2.276055e+05 -4.081638e+06 
2.257278e+05 -4.043199e+06 
2.329388e+05 -4.160297e+06 
2.310612e+05 -4.128204e+06 
2.382722e+05 -4.222129e+06 
2.363945e+05 -4.196797e+06 
2.436055e+05 -4.267302e+06 
2.417278e+05 -4.249023e+06 
2.489388e+05 -4.296026e+06 
2.470612e+05 -4.284989e+06 
2.542722e+05 -4.308484e+06 
2.523945e+05 -4.304794e+06 
2.596055e+05 -4.304794e+06 
2.577278e+05 -4.308484e+06 
2.649388e+05 -4.284989e+06 
2.630612e+05 -4.296026e+06 
2.702722e+05 -4.249023e+06 
2.683945e+05 -4.267302e+06 
2.756055e+05 -4.196797e+06 
2.737278e+05 -4.222129e+06 
2.809388e+05 -4.128204e+06 
2.790612e+05 -4.160297e+06 
2.862722e+05 -4.043199e+06 
2.843945e+05 -4.081638e+06 
2.916055e+05 -3.941892e+06 
2.897278e+05 -3.986130e+06 
2.969388e+05 -3.824670e+06 
2.950612e+05 -3.874031e+06 
3.022722e+05 -3.692333e+06 
3.003945e+05 -3.746038e+06 
3.076055e+05 -3.546214e+06 
3.057278e+05 -3.603430e+06 
3.129388e+05 -3.388277e+06 
3.110612e+05 -3.448169e+06 
3.182722e+05 -3.221123e+06 
3.163945e+05 -3.282902e+06 
3.236055e+05 -3.047892e+06 
3.217278e+05 -3.110837e+06 
3.289388e+05 -2.872048e+06 
3.270612e+05 -2.935496e+06 
3.342722e+05 -2.697086e+06 
3.323945e+05 -2.760407e+06 
3.396055e+05 -2.526218e+06 
3.377278e+05 -2.588795e+06 
3.449388e+05 -2.362119e+06 
3.430612e+05 -2.423354e+06 
3.502722e+05 -2.206787e+06 
3.483945e+05 -2.266118e+06 
3.556055e+05 -2.061512e+06 
3.537278e+05 -2.118447e+06 
3.609388e+05 -1.926943e+06 
3.590612e+05 -1.981088e+06 
3.662722e+05 -1.803207e+06 
3.643945e+05 -1.854283e+06 
3.716055e+05 -1.690050e+06 
3.697278e+05 -1.737892e+06 
3.769388e+05 -1.586960e+06 
3.750612e+05 -1.631509e+06 
3.822722e+05 -1.493280e+06 
3.803945e+05 -1.534560e+06 
3.876055e+05 -1.408283e+06 
3.857278e+05 -1.446384e+06 
3.929388e+05 -1.331227e+06 
3.910612e+05 -1.366285e+06 
3.982722e+05 -1.261397e+06 
3.963945e+05 -1.293576e+06 
4.036055e+05 -1.198122e+06 
4.017278e+05 -1.227598e+06 
4.089388e+05 -1.140785e+06 
4.070612e+05 -1.167740e+06 
4.142722e+05 -1.088831e+06 
4.123945e+05 -1.113443e+06 
4.196055e+05 -1.041762e+06 
4.177278e+05 -1.064202e+06 
4.249388e+05 -9.991391e+05 
4.230612e+05 -1.019565e+06 
4.302722e+05 -9.605733e+05 
4.283945e+05 -9.791332e+05 
4.356055e+05 -9.257243e+05 
4.337278e+05 -9.425517e+05 
4.409388e+05 -8.942939e+05 
4.390612e+05 -9.095093e+05 
4.462722e+05 -8.660217e+05 
4.443945e+05 -8.797334e+05 
4.516055e+05 -8.406815e+05 
4.497278e+05 -8.529853e+05 
4.569388e+05 -8.180764e+05 
4.550612e+05 -8.290572e+05 
4.622722e+05 -7.980364e+05 
4.603945e+05 -8.077686e+05 
4.676055e+05 -7.804150e+05 
4.657278e+05 -7.889632e+05 
4.729388e+05 -7.650866e+05 
4.710612e+05 -7.725069e+05 
4.782722e+05 -7.519448e+05 
4.763945e+05 -7.582847e+05 
4.836055e+05 -7.409002e+05 
4.817278e+05 -7.461999e+05 
4.889388e+05 -7.318792e+05 
4.870612e+05 -7.361717e+05 
4.942722e+05 -7.248223e+05 
4.923945e+05 -7.281342e+05 
4.996055e+05 -7.196840e+05 
4.977278e+05 -7.220354e+05 
5.049388e+05 -7.164311e+05 
5.030612e+05 -7.178363e+05 
5.102722e+05 -7.150428e+05 
5.083945e+05 -7.155103e+05 
