0.000000e+00 1.895436e-14 0.000000e+00
5.333333e+03 1.893053e-14 -3.722979e-13
1.066667e+04 1.890568e-14 -7.454877e-13
1.600000e+04 1.889638e-14 -1.120453e-12
2.133333e+04 1.890175e-14 -1.498087e-12
2.666667e+04 1.892142e-14 -1.879283e-12
3.200000e+04 1.895530e-14 -2.264942e-12
3.733333e+04 1.900337e-14 -2.655967e-12
4.266667e+04 1.906569e-14 -3.053269e-12
4.800000e+04 1.914238e-14 -3.457764e-12
5.333333e+04 1.923363e-14 -3.870379e-12
5.866667e+04 1.933967e-14 -4.292049e-12
6.400000e+04 1.946080e-14 -4.723717e-12
6.933333e+04 1.959736e-14 -5.166337e-12
7.466667e+04 1.974979e-14 -5.620875e-12
8.000000e+04 1.991854e-14 -6.088307e-12
8.533333e+04 2.010417e-14 -6.569620e-12
9.066667e+04 2.030728e-14 -7.065813e-12
9.600000e+04 2.052856e-14 -7.577895e-12
1.013333e+05 2.076875e-14 -8.106886e-12
1.066667e+05 2.102867e-14 -8.653817e-12
1.120000e+05 2.130922e-14 -9.219724e-12
1.173333e+05 2.161137e-14 -9.805653e-12
1.226667e+05 2.193616e-14 -1.041265e-11
1.280000e+05 2.228472e-14 -1.104177e-11
1.333333e+05 2.265825e-14 -1.169404e-11
1.386667e+05 2.305801e-14 -1.237052e-11
1.440000e+05 2.348531e-14 -1.307223e-11
1.493333e+05 2.394154e-14 -1.380016e-11
1.546667e+05 2.442809e-14 -1.455527e-11
1.600000e+05 2.494637e-14 -1.533851e-11
1.653333e+05 2.549775e-14 -1.615072e-11
1.706667e+05 2.608350e-14 -1.699269e-11
1.760000e+05 2.670478e-14 -1.786512e-11
1.813333e+05 2.736246e-14 -1.876855e-11
1.866667e+05 2.805704e-14 -1.970338e-11
1.920000e+05 2.878851e-14 -2.066981e-11
1.973333e+05 2.955603e-14 -2.166778e-11
2.026667e+05 3.035773e-14 -2.269691e-11
2.080000e+05 3.119023e-14 -2.375646e-11
2.133333e+05 3.204818e-14 -2.484517e-11
2.186667e+05 3.292352e-14 -2.596125e-11
2.240000e+05 3.380465e-14 -2.710217e-11
2.293333e+05 3.467525e-14 -2.826456e-11
2.346667e+05 3.551295e-14 -2.944401e-11
2.400000e+05 3.628753e-14 -3.063491e-11
2.453333e+05 3.695892e-14 -3.183024e-11
2.506667e+05 3.747485e-14 -3.302133e-11
2.560000e+05 3.776845e-14 -3.419771e-11
2.613333e+05 3.775589e-14 -3.534694e-11
2.666667e+05 3.733487e-14 -3.645464e-11
2.720000e+05 3.638438e-14 -3.750456e-11
2.773333e+05 3.476715e-14 -3.847912e-11
2.826667e+05 3.233582e-14 -3.936020e-11
2.880000e+05 2.894421e-14 -4.013046e-11
2.933333e+05 2.446476e-14 -4.077521e-11
2.986667e+05 1.881209e-14 -4.128469e-11
3.040000e+05 1.197143e-14 -4.165644e-11
3.093333e+05 4.026474e-15 -4.189733e-11
3.146667e+05 -4.825962e-15 -4.202456e-11
3.200000e+05 -1.469706e-14 -4.206508e-11
3.253333e+05 -1.831427e-14 -4.207334e-11
3.306667e+05 -2.192138e-14 -4.208001e-11
3.360000e+05 -2.552097e-14 -4.208521e-11
3.413333e+05 -2.911547e-14 -4.208908e-11
3.466667e+05 -3.270718e-14 -4.209180e-11
3.520000e+05 -3.629811e-14 -4.209356e-11
3.573333e+05 -3.988992e-14 -4.209453e-11
3.626667e+05 -4.348388e-14 -4.209488e-11
3.680000e+05 -4.708091e-14 -4.209476e-11
3.733333e+05 -5.068168e-14 -4.209425e-11
3.786667e+05 -5.428668e-14 -4.209342e-11
3.840000e+05 -5.789626e-14 -4.209229e-11
3.893333e+05 -6.151072e-14 -4.209081e-11
3.946667e+05 -6.513025e-14 -4.208891e-11
4.000000e+05 -6.875491e-14 -4.208644e-11
4.053333e+05 -7.238450e-14 -4.208321e-11
4.106667e+05 -7.601843e-14 -4.207897e-11
4.160000e+05 -7.965557e-14 -4.207342e-11
4.213333e+05 -8.329407e-14 -4.206622e-11
4.266667e+05 -8.693140e-14 -4.205703e-11
4.320000e+05 -9.056437e-14 -4.204555e-11
4.373333e+05 -9.418940e-14 -4.203151e-11
4.426667e+05 -9.780257e-14 -4.201479e-11
4.480000e+05 -1.013924e-13 -4.199540e-11
4.533333e+05 -7.080671e-14 -4.158278e-11
4.586667e+05 -4.873157e-14 -4.039332e-11
4.640000e+05 -2.861553e-14 -3.847690e-11
4.693333e+05 -1.059525e-14 -3.589143e-11
4.746667e+05 5.120207e-15 -3.270348e-11
4.800000e+05 1.845189e-14 -2.898728e-11
4.853333e+05 2.944827e-14 -2.482174e-11
4.906667e+05 3.824138e-14 -2.028719e-11
4.960000e+05 4.499703e-14 -1.546279e-11
5.013333e+05 4.987149e-14 -1.042499e-11
5.066667e+05 5.297875e-14 -5.247119e-12
5.120000e+05 5.408611e-14 0.000000e+00
2.666667e+03 1.896123e-14 -1.860632e-13
8.000000e+03 1.897022e-14 -5.586577e-13
1.333333e+04 1.899455e-14 -9.325777e-13
1.866667e+04 1.903223e-14 -1.308719e-12
2.400000e+04 1.908406e-14 -1.687976e-12
2.933333e+04 1.915022e-14 -2.071244e-12
3.466667e+04 1.923078e-14 -2.459425e-12
4.000000e+04 1.932584e-14 -2.853425e-12
4.533333e+04 1.943553e-14 -3.254159e-12
5.066667e+04 1.956003e-14 -3.662548e-12
5.600000e+04 1.969958e-14 -4.079521e-12
6.133333e+04 1.985448e-14 -4.506018e-12
6.666667e+04 2.002508e-14 -4.942987e-12
7.200000e+04 2.021178e-14 -5.391389e-12
7.733333e+04 2.041502e-14 -5.852193e-12
8.266667e+04 2.063533e-14 -6.326382e-12
8.800000e+04 2.087327e-14 -6.814947e-12
9.333333e+04 2.112946e-14 -7.318894e-12
9.866667e+04 2.140458e-14 -7.839236e-12
1.040000e+05 2.169936e-14 -8.376999e-12
1.093333e+05 2.201458e-14 -8.933215e-12
1.146667e+05 2.235108e-14 -9.508928e-12
1.200000e+05 2.270973e-14 -1.010518e-11
1.253333e+05 2.309145e-14 -1.072303e-11
1.306667e+05 2.349720e-14 -1.136351e-11
1.360000e+05 2.392793e-14 -1.202767e-11
1.413333e+05 2.438461e-14 -1.271654e-11
1.466667e+05 2.486817e-14 -1.343114e-11
1.520000e+05 2.537951e-14 -1.417245e-11
1.573333e+05 2.591941e-14 -1.494141e-11
1.626667e+05 2.648848e-14 -1.573892e-11
1.680000e+05 2.708712e-14 -1.656581e-11
1.733333e+05 2.771541e-14 -1.742282e-11
1.786667e+05 2.837296e-14 -1.831057e-11
1.840000e+05 2.905875e-14 -1.922954e-11
1.893333e+05 2.977096e-14 -2.018004e-11
1.946667e+05 3.050662e-14 -2.116214e-11
2.000000e+05 3.126134e-14 -2.217564e-11
2.053333e+05 3.202882e-14 -2.321998e-11
2.106667e+05 3.280027e-14 -2.429418e-11
2.160000e+05 3.356376e-14 -2.539674e-11
2.213333e+05 3.430333e-14 -2.652550e-11
2.266667e+05 3.499797e-14 -2.767755e-11
2.320000e+05 3.562042e-14 -2.884903e-11
2.373333e+05 3.613582e-14 -3.003497e-11
2.426667e+05 3.650033e-14 -3.122906e-11
2.480000e+05 3.665981e-14 -3.242352e-11
2.533333e+05 3.654892e-14 -3.360879e-11
2.586667e+05 3.609092e-14 -3.477346e-11
2.640000e+05 3.519879e-14 -3.590409e-11
2.693333e+05 3.377818e-14 -3.698536e-11
2.746667e+05 3.173267e-14 -3.800027e-11
2.800000e+05 2.897146e-14 -3.893082e-11
2.853333e+05 2.541887e-14 -3.975905e-11
2.906667e+05 2.102456e-14 -4.046866e-11
2.960000e+05 1.577302e-14 -4.104706e-11
3.013333e+05 9.691731e-15 -4.148780e-11
3.066667e+05 2.857895e-15 -4.179285e-11
3.120000e+05 -4.600010e-15 -4.197420e-11
3.173333e+05 -1.241658e-14 -4.205413e-11
3.226667e+05 -1.657586e-14 -4.206939e-11
3.280000e+05 -2.018267e-14 -4.207684e-11
3.333333e+05 -2.377982e-14 -4.208275e-11
3.386667e+05 -2.736961e-14 -4.208727e-11
3.440000e+05 -3.095472e-14 -4.209053e-11
3.493333e+05 -3.453784e-14 -4.209275e-11
3.546667e+05 -3.812145e-14 -4.209408e-11
3.600000e+05 -4.170756e-14 -4.209473e-11
3.653333e+05 -4.529771e-14 -4.209482e-11
3.706667e+05 -4.889301e-14 -4.209450e-11
3.760000e+05 -5.249424e-14 -4.209382e-11
3.813333e+05 -5.610201e-14 -4.209284e-11
3.866667e+05 -5.971680e-14 -4.209154e-11
3.920000e+05 -6.333897e-14 -4.208987e-11
3.973333e+05 -6.696876e-14 -4.208770e-11
4.026667e+05 -7.060606e-14 -4.208488e-11
4.080000e+05 -7.425026e-14 -4.208118e-11
4.133333e+05 -7.789994e-14 -4.207633e-11
4.186667e+05 -8.155266e-14 -4.207000e-11
4.240000e+05 -8.520489e-14 -4.206186e-11
4.293333e+05 -8.885211e-14 -4.205156e-11
4.346667e+05 -9.248934e-14 -4.203883e-11
4.400000e+05 -9.611181e-14 -4.202346e-11
4.453333e+05 -9.971754e-14 -4.200539e-11
4.506667e+05 -1.147506e-13 -4.189595e-11
4.560000e+05 -9.226131e-14 -4.108763e-11
4.613333e+05 -6.913574e-14 -3.952680e-11
4.666667e+05 -4.745034e-14 -3.726734e-11
4.720000e+05 -2.757713e-14 -3.437105e-11
4.773333e+05 -9.770914e-15 -3.090859e-11
4.826667e+05 5.833400e-15 -2.695702e-11
4.880000e+05 1.921157e-14 -2.259641e-11
4.933333e+05 3.042528e-14 -1.790678e-11
4.986667e+05 3.958558e-14 -1.296608e-11
5.040000e+05 4.680740e-14 -7.849137e-12
5.093333e+05 5.222949e-14 -2.627771e-12
