0 -4.630331e-02 2.223888e-01 
1 -4.827999e-02 1.539416e-02 
2 -2.578602e-02 6.132259e-03 
3 -1.512490e-02 3.071897e-03 
4 -3.324464e-02 6.022222e-03 
5 -2.304820e-03 8.972079e-03 
6 -1.092847e-02 3.763503e-03 
7 -8.309521e-03 1.874615e-02 
8 -3.043130e-02 1.835362e-02 
9 -5.409189e-02 5.972342e-02 
10 -1.318370e-01 1.397817e-01 
11 -4.048440e-01 3.545861e-01 
12 -1.054327e+00 1.091985e+00 
13 -3.180620e+00 3.168097e+00 
14 -9.662802e+00 9.185906e+00 
15 -2.737525e+01 2.904291e+01 
16 -8.723601e+01 8.190684e+01 
17 -2.456444e+02 2.617389e+02 
18 -7.851950e+02 7.368598e+02 
19 -2.210523e+03 2.355604e+03 
20 -7.066826e+03 6.631515e+03 
21 -1.989453e+04 2.120048e+04 
22 -6.360145e+04 5.968356e+04 
23 -1.790507e+05 1.908043e+05 
24 -5.724130e+05 5.371520e+05 
25 -1.611456e+06 1.717239e+06 
26 -5.151717e+06 4.834368e+06 
27 -1.450310e+07 1.545515e+07 
28 -4.636545e+07 4.350931e+07 
29 -1.305279e+08 1.390964e+08 
30 -4.172891e+08 3.915838e+08 
31 -1.174751e+09 1.251867e+09 
32 -3.755602e+09 3.524254e+09 
33 -1.057276e+10 1.126681e+10 
34 -3.380042e+10 3.171829e+10 
35 -9.515487e+10 1.014012e+11 
36 -3.042037e+11 2.854646e+11 
37 -8.563938e+11 9.126112e+11 
38 -2.737834e+12 2.569182e+12 
39 -7.707545e+12 8.213501e+12 
40 -2.464050e+13 2.312263e+13 
41 -6.936790e+13 7.392150e+13 
42 -2.217645e+14 2.081037e+14 
43 -6.243111e+14 6.652934e+14 
44 -1.995880e+15 1.872933e+15 
45 -5.618800e+15 5.987641e+15 
46 -1.796292e+16 1.685640e+16 
47 -5.056919e+16 5.388877e+16 
48 -1.616663e+17 1.517076e+17 
49 -4.551227e+17 4.849989e+17 
50 -1.454997e+18 1.365368e+18 
51 -4.096104e+18 4.364990e+18 
52 -1.309497e+19 1.228831e+19 
53 -3.686495e+19 3.928492e+19 
54 -1.178548e+20 1.105949e+20 
55 -3.317846e+20 3.535642e+20 
56 -1.064465e+21 9.985636e+20 
