0.000000e+00 1.000000e+00 -2.069412e-14 0.000000e+00 4.926002e-01
1.515152e-02 1.000000e+00 -2.044851e-14 -9.782741e-05 4.774834e-01
3.030303e-02 1.000000e+00 -2.030969e-14 -1.961172e-04 4.623667e-01
3.030303e-02 1.000000e+00 -2.030969e-14 -1.961172e-04 4.623667e-01
4.545455e-02 1.000000e+00 -1.988505e-14 -2.953293e-04 4.473212e-01
6.060606e-02 1.000000e+00 -1.879072e-14 -3.959325e-04 4.322756e-01
6.060606e-02 1.000000e+00 -1.879072e-14 -3.959325e-04 4.322756e-01
7.575758e-02 1.000000e+00 -1.723867e-14 -4.983883e-04 4.173062e-01
9.090909e-02 1.000000e+00 -1.545444e-14 -6.031758e-04 4.023368e-01
9.090909e-02 1.000000e+00 -1.545444e-14 -6.031758e-04 4.023368e-01
1.060606e-01 1.000000e+00 -1.331743e-14 -7.107609e-04 3.874521e-01
1.212121e-01 1.000000e+00 -1.058730e-14 -8.216369e-04 3.725674e-01
1.212121e-01 1.000000e+00 -1.058730e-14 -8.216369e-04 3.725674e-01
1.363636e-01 1.000000e+00 -7.320380e-15 -9.362756e-04 3.577805e-01
1.515152e-01 1.000000e+00 -3.904029e-15 -1.055187e-03 3.429935e-01
1.515152e-01 1.000000e+00 -3.904029e-15 -1.055187e-03 3.429935e-01
1.666667e-01 1.000000e+00 -1.894906e-17 -1.178847e-03 3.283228e-01
1.818182e-01 1.000000e+00 4.637881e-15 -1.307784e-03 3.136521e-01
1.818182e-01 1.000000e+00 4.637881e-15 -1.307784e-03 3.136521e-01
1.969697e-01 1.000000e+00 9.857391e-15 -1.442472e-03 2.991232e-01
2.121212e-01 1.000000e+00 1.507209e-14 -1.583451e-03 2.845942e-01
2.121212e-01 1.000000e+00 1.507209e-14 -1.583451e-03 2.845942e-01
2.272727e-01 1.000000e+00 2.080534e-14 -1.731183e-03 2.702426e-01
2.424242e-01 1.000000e+00 2.742289e-14 -1.886200e-03 2.558909e-01
2.424242e-01 1.000000e+00 2.742289e-14 -1.886200e-03 2.558909e-01
2.575758e-01 1.000000e+00 3.485347e-14 -2.048922e-03 2.417651e-01
2.727273e-01 1.000000e+00 4.293374e-14 -2.219845e-03 2.276393e-01
2.727273e-01 1.000000e+00 4.293374e-14 -2.219845e-03 2.276393e-01
2.878788e-01 1.000000e+00 5.153349e-14 -2.399273e-03 2.138109e-01
3.030303e-01 1.000000e+00 6.117063e-14 -2.587570e-03 1.999826e-01
3.030303e-01 1.000000e+00 6.117063e-14 -2.587570e-03 1.999826e-01
3.181818e-01 1.000000e+00 7.207997e-14 -2.784822e-03 1.865439e-01
3.333333e-01 1.000000e+00 8.428395e-14 -2.991129e-03 1.731053e-01
3.333333e-01 1.000000e+00 8.428395e-14 -2.991129e-03 1.731053e-01
3.484848e-01 1.000000e+00 9.764369e-14 -3.205940e-03 1.602371e-01
3.636364e-01 1.000000e+00 1.125663e-13 -3.428488e-03 1.473690e-01
3.636364e-01 1.000000e+00 1.125663e-13 -3.428488e-03 1.473690e-01
3.787879e-01 1.000000e+00 1.299790e-13 -3.657381e-03 1.351927e-01
3.939394e-01 1.000000e+00 1.495884e-13 -3.890600e-03 1.230164e-01
3.939394e-01 1.000000e+00 1.495884e-13 -3.890600e-03 1.230164e-01
4.090909e-01 1.000000e+00 1.715120e-13 -4.122628e-03 1.123289e-01
4.242424e-01 1.000000e+00 1.972406e-13 -4.344912e-03 1.016414e-01
4.242424e-01 1.000000e+00 1.972406e-13 -4.344912e-03 1.016414e-01
4.393939e-01 1.000000e+00 2.270951e-13 -4.550080e-03 9.150606e-02
4.545455e-01 1.000000e+00 2.620731e-13 -4.723918e-03 8.137073e-02
4.545455e-01 1.249688e+00 2.620731e-13 -4.723918e-03 8.137073e-02
4.696970e-01 1.249688e+00 2.943136e-13 -4.823626e-03 7.003024e-02
4.848485e-01 1.249688e+00 3.248462e-13 -4.847456e-03 5.868974e-02
4.848485e-01 1.000000e+03 3.248462e-13 -4.847456e-03 5.868974e-02
5.000000e-01 1.000000e+03 3.088885e-13 -4.847574e-03 -1.445079e-02
5.151515e-01 1.000000e+03 2.930038e-13 -4.848052e-03 -8.759132e-02
5.151515e-01 1.000000e+03 2.930038e-13 -4.848052e-03 -8.759132e-02
5.303030e-01 1.000000e+03 2.770100e-13 -4.848681e-03 -7.997649e-02
5.454545e-01 1.000000e+03 2.609258e-13 -4.849212e-03 -7.236166e-02
5.454545e-01 1.000000e+03 2.609258e-13 -4.849212e-03 -7.236166e-02
5.606061e-01 1.000000e+03 2.447948e-13 -4.849708e-03 -9.424699e-02
5.757576e-01 1.000000e+03 2.286516e-13 -4.850194e-03 -1.161323e-01
5.757576e-01 1.000000e+03 2.286516e-13 -4.850194e-03 -1.161323e-01
5.909091e-01 1.000000e+03 2.125082e-13 -4.850568e-03 -1.167161e-01
6.060606e-01 1.000000e+03 1.963629e-13 -4.850770e-03 -1.172998e-01
6.060606e-01 1.000000e+03 1.963629e-13 -4.850770e-03 -1.172998e-01
6.212121e-01 1.000000e+03 1.802122e-13 -4.850850e-03 -1.255859e-01
6.363636e-01 1.000000e+03 1.640574e-13 -4.850846e-03 -1.338721e-01
6.363636e-01 1.000000e+03 1.640574e-13 -4.850846e-03 -1.338721e-01
6.515152e-01 1.000000e+03 1.479034e-13 -4.850681e-03 -1.203468e-01
6.666667e-01 1.000000e+03 1.317561e-13 -4.850270e-03 -1.068216e-01
6.666667e-01 1.000000e+03 1.317561e-13 -4.850270e-03 -1.068216e-01
6.818182e-01 1.000000e+03 1.156208e-13 -4.849866e-03 -1.632096e-01
6.969697e-01 1.000000e+03 9.950771e-14 -4.849700e-03 -2.195976e-01
6.969697e-01 4.980080e+00 9.950771e-14 -4.849700e-03 -2.195976e-01
7.121212e-01 4.980080e+00 8.336957e-14 -4.838364e-03 -2.520219e-01
7.272727e-01 4.980080e+00 6.724076e-14 -4.835323e-03 -2.844462e-01
7.272727e-01 4.980080e-03 6.724076e-14 -4.835323e-03 -2.844462e-01
7.424242e-01 4.980080e-03 3.873253e-14 -5.196026e-03 -2.956745e-01
7.575758e-01 4.980080e-03 1.117590e-14 -4.130881e-03 -3.069028e-01
7.575758e-01 1.000000e-03 1.117590e-14 -4.130881e-03 -3.069028e-01
7.727273e-01 1.000000e-03 -5.741497e-14 -5.545497e-03 -3.088423e-01
7.878788e-01 1.000000e-03 -1.161420e-13 -3.276150e-03 -3.107818e-01
7.878788e-01 1.000000e-03 -1.161420e-13 -3.276150e-03 -3.107818e-01
8.030303e-01 1.000000e-03 -1.705432e-13 -4.557249e-03 -3.105718e-01
8.181818e-01 1.000000e-03 -2.217063e-13 -4.303998e-03 -3.103618e-01
8.181818e-01 1.000000e-03 -2.217063e-13 -4.303998e-03 -3.103618e-01
8.333333e-01 1.000000e-03 -2.674765e-13 -3.490172e-03 -3.104102e-01
8.484848e-01 1.000000e-03 -3.000766e-13 -3.091206e-03 -3.104585e-01
8.484848e-01 1.000000e-03 -3.000766e-13 -3.091206e-03 -3.104585e-01
8.636364e-01 1.000000e-03 -3.348640e-13 -2.852354e-03 -3.104410e-01
8.787879e-01 1.000000e-03 -3.711955e-13 -2.516356e-03 -3.104235e-01
8.787879e-01 1.000000e-03 -3.711955e-13 -2.516356e-03 -3.104235e-01
8.939394e-01 1.000000e-03 -4.006391e-13 -2.150454e-03 -3.104253e-01
9.090909e-01 1.000000e-03 -4.295706e-13 -1.823195e-03 -3.104272e-01
9.090909e-01 1.000000e-03 -4.295706e-13 -1.823195e-03 -3.104272e-01
9.242424e-01 1.000000e-03 -4.498733e-13 -1.514520e-03 -3.104249e-01
9.393939e-01 1.000000e-03 -4.694231e-13 -1.204727e-03 -3.104227e-01
9.393939e-01 1.000000e-03 -4.694231e-13 -1.204727e-03 -3.104227e-01
9.545455e-01 1.000000e-03 -4.801637e-13 -8.972250e-04 -3.104223e-01
9.696970e-01 1.000000e-03 -4.914595e-13 -5.957837e-04 -3.104219e-01
9.696970e-01 1.000000e-03 -4.914595e-13 -5.957837e-04 -3.104219e-01
9.848485e-01 1.000000e-03 -4.894420e-13 -2.975998e-04 -3.104216e-01
1.000000e+00 1.000000e-03 -4.802976e-13 0.000000e+00 -3.104213e-01
