# x y topography
200000 500009 8.5289
250000 500016 16.1776
250000 500016 16.1776
300000 500021 20.9868
300000 500021 20.9868
350000 500024 24.1222
350000 500024 24.1222
400000 500026 26.1046
400000 500026 26.1046
450000 500027 27.2128
450000 500027 27.2128
500000 500028 27.5675
150000 499996 -4.01649
175000 500003 3.2243
175000 500003 3.2243
200000 500009 8.5289
0 499931 -68.9878
12500 499932 -68.3926
12500 499932 -68.3926
25000 499932 -67.5448
25000 499932 -67.5448
37500 499935 -65.4874
37500 499935 -65.4874
50000 499937 -62.9069
50000 499937 -62.9069
62500 499940 -59.7077
62500 499940 -59.7077
75000 499946 -53.7029
75000 499946 -53.7029
87500 499952 -48.4034
87500 499952 -48.4034
100000 499965 -34.5615
100000 499965 -34.5615
112500 499979 -20.6293
112500 499979 -20.6293
125000 499985 -15.0585
125000 499985 -15.0585
137500 499991 -8.77905
137500 499991 -8.77905
150000 499996 -4.01649
