# x y topography
250000 500010 10.2354
300000 500013 12.8407
300000 500013 12.8407
350000 500014 14.3643
350000 500014 14.3643
400000 500015 15.3147
400000 500015 15.3147
450000 500016 15.8345
450000 500016 15.8345
500000 500016 15.9985
200000 500006 5.93961
225000 500008 8.0977
225000 500008 8.0977
250000 500010 10.2354
150000 499999 -1.18234
175000 500003 3.15601
175000 500003 3.15601
200000 500006 5.93961
0 499957 -42.7176
12500 499958 -42.2744
12500 499958 -42.2744
25000 499958 -41.8194
25000 499958 -41.8194
37500 499960 -40.5
37500 499960 -40.5
50000 499961 -38.9018
50000 499961 -38.9018
62500 499963 -37.1527
62500 499963 -37.1527
75000 499967 -32.9844
75000 499967 -32.9844
87500 499970 -30.074
87500 499970 -30.074
100000 499979 -20.6528
100000 499979 -20.6528
112500 499989 -11.2174
112500 499989 -11.2174
125000 499992 -8.20692
125000 499992 -8.20692
137500 499996 -4.06462
137500 499996 -4.06462
150000 499999 -1.18234
