# x y topography
250000 500018 17.5596
300000 500023 22.6413
300000 500023 22.6413
350000 500026 25.8853
350000 500026 25.8853
400000 500028 27.9346
400000 500028 27.9346
450000 500029 29.0749
450000 500029 29.0749
500000 500029 29.4391
200000 500009 9.45982
225000 500014 13.5166
225000 500014 13.5166
250000 500018 17.5596
150000 499996 -3.87592
175000 500004 3.88455
175000 500004 3.88455
200000 500009 9.45982
0 499925 -74.5957
12500 499926 -73.986
12500 499926 -73.986
25000 499927 -73.0369
25000 499927 -73.0369
37500 499929 -70.8677
37500 499929 -70.8677
50000 499932 -68.015
50000 499932 -68.015
62500 499935 -64.6135
62500 499935 -64.6135
75000 499942 -58.0116
75000 499942 -58.0116
87500 499948 -52.3539
87500 499948 -52.3539
100000 499963 -37.1176
100000 499963 -37.1176
112500 499978 -21.7933
112500 499978 -21.7933
125000 499984 -15.8303
125000 499984 -15.8303
137500 499991 -8.94643
137500 499991 -8.94643
150000 499996 -3.87592
