# # y,T,x
0.000000000000000000e+00 1.623000000000000000e+03 0.000000000000000000e+00
0.000000000000000000e+00 1.623000000000000000e+03 5.000000000000000000e+02
0.000000000000000000e+00 1.622999999999999773e+03 1.000000000000000000e+03
0.000000000000000000e+00 1.623000000000000000e+03 1.500000000000000000e+03
0.000000000000000000e+00 1.623000000000000000e+03 2.000000000000000000e+03
5.000000000000000000e+02 1.622999999999999091e+03 0.000000000000000000e+00
5.000000000000000000e+02 1.622999999999999773e+03 5.000000000000000000e+02
5.000000000000000000e+02 1.622999999999999773e+03 1.000000000000000000e+03
5.000000000000000000e+02 1.623000000000000000e+03 1.500000000000000000e+03
5.000000000000000000e+02 1.622999999999999773e+03 2.000000000000000000e+03
1.000000000000000000e+03 1.623000000000000000e+03 0.000000000000000000e+00
1.000000000000000000e+03 1.622999999999999091e+03 5.000000000000000000e+02
1.000000000000000000e+03 1.623000000000000455e+03 1.000000000000000000e+03
1.000000000000000000e+03 1.622999999999999545e+03 1.500000000000000000e+03
1.000000000000000000e+03 1.622999999999999545e+03 2.000000000000000000e+03
1.500000000000000000e+03 1.622999999999999773e+03 0.000000000000000000e+00
1.500000000000000000e+03 1.623000000000000000e+03 5.000000000000000000e+02
1.500000000000000000e+03 1.622999999999999773e+03 1.000000000000000000e+03
1.500000000000000000e+03 1.622999999999999318e+03 1.500000000000000000e+03
1.500000000000000000e+03 1.622999999999999545e+03 2.000000000000000000e+03
2.000000000000000000e+03 1.623000000000000227e+03 0.000000000000000000e+00
2.000000000000000000e+03 1.622999999999999545e+03 5.000000000000000000e+02
2.000000000000000000e+03 1.623000000000000000e+03 1.000000000000000000e+03
2.000000000000000000e+03 1.622999999999999773e+03 1.500000000000000000e+03
2.000000000000000000e+03 1.623000000000000227e+03 2.000000000000000000e+03
2.500000000000000000e+03 1.622999999999999545e+03 0.000000000000000000e+00
2.500000000000000000e+03 1.622999999999999545e+03 5.000000000000000000e+02
2.500000000000000000e+03 1.622999999999999773e+03 1.000000000000000000e+03
2.500000000000000000e+03 1.622999999999999773e+03 1.500000000000000000e+03
2.500000000000000000e+03 1.622999999999999545e+03 2.000000000000000000e+03
3.000000000000000000e+03 1.622999999999999773e+03 0.000000000000000000e+00
3.000000000000000000e+03 1.622999999999998863e+03 5.000000000000000000e+02
3.000000000000000000e+03 1.623000000000000227e+03 1.000000000000000000e+03
3.000000000000000000e+03 1.622999999999999545e+03 1.500000000000000000e+03
3.000000000000000000e+03 1.623000000000000227e+03 2.000000000000000000e+03
3.500000000000000000e+03 1.622999999999999091e+03 0.000000000000000000e+00
3.500000000000000000e+03 1.622999999999999545e+03 5.000000000000000000e+02
3.500000000000000000e+03 1.623000000000000000e+03 1.000000000000000000e+03
3.500000000000000000e+03 1.623000000000000000e+03 1.500000000000000000e+03
3.500000000000000000e+03 1.623000000000000000e+03 2.000000000000000000e+03
4.000000000000000000e+03 1.623000000000000227e+03 0.000000000000000000e+00
4.000000000000000000e+03 1.623000000000000000e+03 5.000000000000000000e+02
4.000000000000000000e+03 1.623000000000000682e+03 1.000000000000000000e+03
4.000000000000000000e+03 1.622999999999999545e+03 1.500000000000000000e+03
4.000000000000000000e+03 1.623000000000000000e+03 2.000000000000000000e+03
4.500000000000000000e+03 1.622999999999999318e+03 0.000000000000000000e+00
4.500000000000000000e+03 1.623000000000000227e+03 5.000000000000000000e+02
4.500000000000000000e+03 1.623000000000000000e+03 1.000000000000000000e+03
4.500000000000000000e+03 1.623000000000000000e+03 1.500000000000000000e+03
4.500000000000000000e+03 1.623000000000000455e+03 2.000000000000000000e+03
5.000000000000000000e+03 1.623000000000000227e+03 0.000000000000000000e+00
5.000000000000000000e+03 1.622999999999999545e+03 5.000000000000000000e+02
5.000000000000000000e+03 1.622999999999999545e+03 1.000000000000000000e+03
5.000000000000000000e+03 1.622999999999999545e+03 1.500000000000000000e+03
5.000000000000000000e+03 1.623000000000000455e+03 2.000000000000000000e+03
5.500000000000000000e+03 1.622999999999999773e+03 0.000000000000000000e+00
5.500000000000000000e+03 1.622999999999999773e+03 5.000000000000000000e+02
5.500000000000000000e+03 1.622999999999999091e+03 1.000000000000000000e+03
5.500000000000000000e+03 1.622999999999999773e+03 1.500000000000000000e+03
5.500000000000000000e+03 1.622999999999999545e+03 2.000000000000000000e+03
6.000000000000000000e+03 1.622999999999999318e+03 0.000000000000000000e+00
6.000000000000000000e+03 1.622999999999998636e+03 5.000000000000000000e+02
6.000000000000000000e+03 1.623000000000000227e+03 1.000000000000000000e+03
6.000000000000000000e+03 1.622999999999999318e+03 1.500000000000000000e+03
6.000000000000000000e+03 1.622999999999999773e+03 2.000000000000000000e+03
6.500000000000000000e+03 1.622999999999998636e+03 0.000000000000000000e+00
6.500000000000000000e+03 1.622999999999999091e+03 5.000000000000000000e+02
6.500000000000000000e+03 1.622999999999999773e+03 1.000000000000000000e+03
6.500000000000000000e+03 1.622999999999999773e+03 1.500000000000000000e+03
6.500000000000000000e+03 1.623000000000000000e+03 2.000000000000000000e+03
7.000000000000000000e+03 1.622999999999999545e+03 0.000000000000000000e+00
7.000000000000000000e+03 1.622999999999998863e+03 5.000000000000000000e+02
7.000000000000000000e+03 1.623000000000000000e+03 1.000000000000000000e+03
7.000000000000000000e+03 1.622999999999999545e+03 1.500000000000000000e+03
7.000000000000000000e+03 1.623000000000000455e+03 2.000000000000000000e+03
7.500000000000000000e+03 1.622999999999999091e+03 0.000000000000000000e+00
7.500000000000000000e+03 1.622999999999999545e+03 5.000000000000000000e+02
7.500000000000000000e+03 1.622999999999998863e+03 1.000000000000000000e+03
7.500000000000000000e+03 1.622999999999999545e+03 1.500000000000000000e+03
7.500000000000000000e+03 1.623000000000000227e+03 2.000000000000000000e+03
8.000000000000000000e+03 1.622999999999999545e+03 0.000000000000000000e+00
8.000000000000000000e+03 1.622999999999999318e+03 5.000000000000000000e+02
8.000000000000000000e+03 1.622999999999999091e+03 1.000000000000000000e+03
8.000000000000000000e+03 1.622999999999999318e+03 1.500000000000000000e+03
8.000000000000000000e+03 1.623000000000000455e+03 2.000000000000000000e+03
8.500000000000000000e+03 1.622999999999999545e+03 0.000000000000000000e+00
8.500000000000000000e+03 1.622999999999999773e+03 5.000000000000000000e+02
8.500000000000000000e+03 1.622999999999998863e+03 1.000000000000000000e+03
8.500000000000000000e+03 1.622999999999999773e+03 1.500000000000000000e+03
8.500000000000000000e+03 1.622999999999999091e+03 2.000000000000000000e+03
9.000000000000000000e+03 1.622999999999999773e+03 0.000000000000000000e+00
9.000000000000000000e+03 1.622999999999999091e+03 5.000000000000000000e+02
9.000000000000000000e+03 1.623000000000000227e+03 1.000000000000000000e+03
9.000000000000000000e+03 1.622999999999999773e+03 1.500000000000000000e+03
9.000000000000000000e+03 1.622999999999999318e+03 2.000000000000000000e+03
9.500000000000000000e+03 1.622999999999999545e+03 0.000000000000000000e+00
9.500000000000000000e+03 1.623000000000000000e+03 5.000000000000000000e+02
9.500000000000000000e+03 1.622999999999999545e+03 1.000000000000000000e+03
9.500000000000000000e+03 1.622999999999999545e+03 1.500000000000000000e+03
9.500000000000000000e+03 1.622999999999999318e+03 2.000000000000000000e+03
1.000000000000000000e+04 1.623000000000000000e+03 0.000000000000000000e+00
1.000000000000000000e+04 1.622999999999999545e+03 5.000000000000000000e+02
1.000000000000000000e+04 1.623000000000000682e+03 1.000000000000000000e+03
1.000000000000000000e+04 1.622999999999998636e+03 1.500000000000000000e+03
1.000000000000000000e+04 1.623000000000000000e+03 2.000000000000000000e+03
1.050000000000000000e+04 1.622999999999999545e+03 0.000000000000000000e+00
1.050000000000000000e+04 1.622999999999999773e+03 5.000000000000000000e+02
1.050000000000000000e+04 1.622999999999999773e+03 1.000000000000000000e+03
1.050000000000000000e+04 1.622999999999999091e+03 1.500000000000000000e+03
1.050000000000000000e+04 1.622999999999999091e+03 2.000000000000000000e+03
1.100000000000000000e+04 1.623000000000000227e+03 0.000000000000000000e+00
1.100000000000000000e+04 1.623000000000000227e+03 5.000000000000000000e+02
1.100000000000000000e+04 1.623000000000001137e+03 1.000000000000000000e+03
1.100000000000000000e+04 1.622999999999999318e+03 1.500000000000000000e+03
1.100000000000000000e+04 1.623000000000000000e+03 2.000000000000000000e+03
1.150000000000000000e+04 1.623000000000000000e+03 0.000000000000000000e+00
1.150000000000000000e+04 1.623000000000000227e+03 5.000000000000000000e+02
1.150000000000000000e+04 1.623000000000000227e+03 1.000000000000000000e+03
1.150000000000000000e+04 1.623000000000000227e+03 1.500000000000000000e+03
1.150000000000000000e+04 1.622999999999999773e+03 2.000000000000000000e+03
1.200000000000000000e+04 1.623000000000000682e+03 0.000000000000000000e+00
1.200000000000000000e+04 1.623000000000000227e+03 5.000000000000000000e+02
1.200000000000000000e+04 1.623000000000000909e+03 1.000000000000000000e+03
1.200000000000000000e+04 1.622999999999999318e+03 1.500000000000000000e+03
1.200000000000000000e+04 1.623000000000000455e+03 2.000000000000000000e+03
1.250000000000000000e+04 1.622999999999998863e+03 0.000000000000000000e+00
1.250000000000000000e+04 1.622999999999999545e+03 5.000000000000000000e+02
1.250000000000000000e+04 1.622999999999999091e+03 1.000000000000000000e+03
1.250000000000000000e+04 1.622999999999999545e+03 1.500000000000000000e+03
1.250000000000000000e+04 1.622999999999999091e+03 2.000000000000000000e+03
1.300000000000000000e+04 1.622999999999999545e+03 0.000000000000000000e+00
1.300000000000000000e+04 1.622999999999998636e+03 5.000000000000000000e+02
1.300000000000000000e+04 1.622999999999999318e+03 1.000000000000000000e+03
1.300000000000000000e+04 1.622999999999999545e+03 1.500000000000000000e+03
1.300000000000000000e+04 1.623000000000000000e+03 2.000000000000000000e+03
1.350000000000000000e+04 1.622999999999999318e+03 0.000000000000000000e+00
1.350000000000000000e+04 1.623000000000000000e+03 5.000000000000000000e+02
1.350000000000000000e+04 1.622999999999999318e+03 1.000000000000000000e+03
1.350000000000000000e+04 1.622999999999999545e+03 1.500000000000000000e+03
1.350000000000000000e+04 1.622999999999999773e+03 2.000000000000000000e+03
1.400000000000000000e+04 1.622999999999999773e+03 0.000000000000000000e+00
1.400000000000000000e+04 1.622999999999999091e+03 5.000000000000000000e+02
1.400000000000000000e+04 1.623000000000000909e+03 1.000000000000000000e+03
1.400000000000000000e+04 1.622999999999999545e+03 1.500000000000000000e+03
1.400000000000000000e+04 1.623000000000000909e+03 2.000000000000000000e+03
1.450000000000000000e+04 1.622999999999999545e+03 0.000000000000000000e+00
1.450000000000000000e+04 1.622999999999999773e+03 5.000000000000000000e+02
1.450000000000000000e+04 1.623000000000000000e+03 1.000000000000000000e+03
1.450000000000000000e+04 1.622999999999999773e+03 1.500000000000000000e+03
1.450000000000000000e+04 1.622999999999999773e+03 2.000000000000000000e+03
1.500000000000000000e+04 1.623000000000000455e+03 0.000000000000000000e+00
1.500000000000000000e+04 1.622999999999999773e+03 5.000000000000000000e+02
1.500000000000000000e+04 1.623000000000000455e+03 1.000000000000000000e+03
1.500000000000000000e+04 1.622999999999999545e+03 1.500000000000000000e+03
1.500000000000000000e+04 1.623000000000000227e+03 2.000000000000000000e+03
1.550000000000000000e+04 1.622999999999999773e+03 0.000000000000000000e+00
1.550000000000000000e+04 1.622999999999999773e+03 5.000000000000000000e+02
1.550000000000000000e+04 1.622999999999999545e+03 1.000000000000000000e+03
1.550000000000000000e+04 1.622999999999999545e+03 1.500000000000000000e+03
1.550000000000000000e+04 1.622999999999999545e+03 2.000000000000000000e+03
1.600000000000000000e+04 1.622999999999999773e+03 0.000000000000000000e+00
1.600000000000000000e+04 1.622999999999999545e+03 5.000000000000000000e+02
1.600000000000000000e+04 1.623000000000000000e+03 1.000000000000000000e+03
1.600000000000000000e+04 1.623000000000000000e+03 1.500000000000000000e+03
1.600000000000000000e+04 1.623000000000000455e+03 2.000000000000000000e+03
1.650000000000000000e+04 1.622999999999999545e+03 0.000000000000000000e+00
1.650000000000000000e+04 1.622999999999999545e+03 5.000000000000000000e+02
1.650000000000000000e+04 1.622999999999999773e+03 1.000000000000000000e+03
1.650000000000000000e+04 1.622999999999999773e+03 1.500000000000000000e+03
1.650000000000000000e+04 1.623000000000000227e+03 2.000000000000000000e+03
1.700000000000000000e+04 1.623000000000000455e+03 0.000000000000000000e+00
1.700000000000000000e+04 1.623000000000000000e+03 5.000000000000000000e+02
1.700000000000000000e+04 1.623000000000000455e+03 1.000000000000000000e+03
1.700000000000000000e+04 1.622999999999999545e+03 1.500000000000000000e+03
1.700000000000000000e+04 1.622999999999999773e+03 2.000000000000000000e+03
1.750000000000000000e+04 1.623000000000000000e+03 0.000000000000000000e+00
1.750000000000000000e+04 1.623000000000000227e+03 5.000000000000000000e+02
1.750000000000000000e+04 1.622999999999999545e+03 1.000000000000000000e+03
1.750000000000000000e+04 1.622999999999999773e+03 1.500000000000000000e+03
1.750000000000000000e+04 1.622999999999999545e+03 2.000000000000000000e+03
1.800000000000000000e+04 1.623000000000000227e+03 0.000000000000000000e+00
1.800000000000000000e+04 1.622999999999999545e+03 5.000000000000000000e+02
1.800000000000000000e+04 1.622999999999999773e+03 1.000000000000000000e+03
1.800000000000000000e+04 1.622999999999998863e+03 1.500000000000000000e+03
1.800000000000000000e+04 1.622999999999999318e+03 2.000000000000000000e+03
1.850000000000000000e+04 1.622999999999999318e+03 0.000000000000000000e+00
1.850000000000000000e+04 1.622999999999999773e+03 5.000000000000000000e+02
1.850000000000000000e+04 1.622999999999999091e+03 1.000000000000000000e+03
1.850000000000000000e+04 1.622999999999999545e+03 1.500000000000000000e+03
1.850000000000000000e+04 1.622999999999999318e+03 2.000000000000000000e+03
1.900000000000000000e+04 1.623000000000000455e+03 0.000000000000000000e+00
1.900000000000000000e+04 1.622999999999999545e+03 5.000000000000000000e+02
1.900000000000000000e+04 1.623000000000000000e+03 1.000000000000000000e+03
1.900000000000000000e+04 1.622999999999999773e+03 1.500000000000000000e+03
1.900000000000000000e+04 1.623000000000000455e+03 2.000000000000000000e+03
1.950000000000000000e+04 1.622999999999999545e+03 0.000000000000000000e+00
1.950000000000000000e+04 1.623000000000000000e+03 5.000000000000000000e+02
1.950000000000000000e+04 1.623000000000000455e+03 1.000000000000000000e+03
1.950000000000000000e+04 1.623000000000000000e+03 1.500000000000000000e+03
1.950000000000000000e+04 1.622999999999999545e+03 2.000000000000000000e+03
2.000000000000000000e+04 1.622999999999999091e+03 0.000000000000000000e+00
2.000000000000000000e+04 1.622999999999999091e+03 5.000000000000000000e+02
2.000000000000000000e+04 1.623000000000000682e+03 1.000000000000000000e+03
2.000000000000000000e+04 1.622999999999999318e+03 1.500000000000000000e+03
2.000000000000000000e+04 1.623000000000000000e+03 2.000000000000000000e+03
2.050000000000000000e+04 1.622999999999998636e+03 0.000000000000000000e+00
2.050000000000000000e+04 1.622999999999998863e+03 5.000000000000000000e+02
2.050000000000000000e+04 1.622999999999999091e+03 1.000000000000000000e+03
2.050000000000000000e+04 1.622999999999999318e+03 1.500000000000000000e+03
2.050000000000000000e+04 1.622999999999999545e+03 2.000000000000000000e+03
2.100000000000000000e+04 1.622999999999999545e+03 0.000000000000000000e+00
2.100000000000000000e+04 1.622999999999999545e+03 5.000000000000000000e+02
2.100000000000000000e+04 1.623000000000000000e+03 1.000000000000000000e+03
2.100000000000000000e+04 1.622999999999999091e+03 1.500000000000000000e+03
2.100000000000000000e+04 1.622999999999999773e+03 2.000000000000000000e+03
2.150000000000000000e+04 1.623000000000000000e+03 0.000000000000000000e+00
2.150000000000000000e+04 1.623000000000000227e+03 5.000000000000000000e+02
2.150000000000000000e+04 1.622999999999999318e+03 1.000000000000000000e+03
2.150000000000000000e+04 1.622999999999999773e+03 1.500000000000000000e+03
2.150000000000000000e+04 1.622999999999999091e+03 2.000000000000000000e+03
2.200000000000000000e+04 1.623000000000000909e+03 0.000000000000000000e+00
2.200000000000000000e+04 1.622999999999999773e+03 5.000000000000000000e+02
2.200000000000000000e+04 1.622999999999999773e+03 1.000000000000000000e+03
2.200000000000000000e+04 1.622999999999999318e+03 1.500000000000000000e+03
2.200000000000000000e+04 1.623000000000000000e+03 2.000000000000000000e+03
2.250000000000000000e+04 1.622999999999999773e+03 0.000000000000000000e+00
2.250000000000000000e+04 1.623000000000000455e+03 5.000000000000000000e+02
2.250000000000000000e+04 1.622999999999999545e+03 1.000000000000000000e+03
2.250000000000000000e+04 1.622999999999999318e+03 1.500000000000000000e+03
2.250000000000000000e+04 1.622999999999999318e+03 2.000000000000000000e+03
2.300000000000000000e+04 1.623000000000000000e+03 0.000000000000000000e+00
2.300000000000000000e+04 1.622999999999999545e+03 5.000000000000000000e+02
2.300000000000000000e+04 1.623000000000000000e+03 1.000000000000000000e+03
2.300000000000000000e+04 1.622999999999999091e+03 1.500000000000000000e+03
2.300000000000000000e+04 1.622999999999999545e+03 2.000000000000000000e+03
2.350000000000000000e+04 1.622999999999999545e+03 0.000000000000000000e+00
2.350000000000000000e+04 1.622999999999999545e+03 5.000000000000000000e+02
2.350000000000000000e+04 1.622999999999999545e+03 1.000000000000000000e+03
2.350000000000000000e+04 1.622999999999999773e+03 1.500000000000000000e+03
2.350000000000000000e+04 1.622999999999999318e+03 2.000000000000000000e+03
2.400000000000000000e+04 1.623000000000000682e+03 0.000000000000000000e+00
2.400000000000000000e+04 1.622999999999999318e+03 5.000000000000000000e+02
2.400000000000000000e+04 1.622999999999999773e+03 1.000000000000000000e+03
2.400000000000000000e+04 1.622999999999999091e+03 1.500000000000000000e+03
2.400000000000000000e+04 1.622999999999999545e+03 2.000000000000000000e+03
2.450000000000000000e+04 1.623000000000000000e+03 0.000000000000000000e+00
2.450000000000000000e+04 1.622999999999999773e+03 5.000000000000000000e+02
2.450000000000000000e+04 1.622999999999999091e+03 1.000000000000000000e+03
2.450000000000000000e+04 1.622999999999999545e+03 1.500000000000000000e+03
2.450000000000000000e+04 1.622999999999999545e+03 2.000000000000000000e+03
2.500000000000000000e+04 1.622999999999999318e+03 0.000000000000000000e+00
2.500000000000000000e+04 1.622999999999999545e+03 5.000000000000000000e+02
2.500000000000000000e+04 1.622999999999999773e+03 1.000000000000000000e+03
2.500000000000000000e+04 1.622999999999999318e+03 1.500000000000000000e+03
2.500000000000000000e+04 1.623000000000000000e+03 2.000000000000000000e+03
2.550000000000000000e+04 1.622999999999999318e+03 0.000000000000000000e+00
2.550000000000000000e+04 1.622999999999999545e+03 5.000000000000000000e+02
2.550000000000000000e+04 1.622999999999999091e+03 1.000000000000000000e+03
2.550000000000000000e+04 1.622999999999999773e+03 1.500000000000000000e+03
2.550000000000000000e+04 1.622999999999999773e+03 2.000000000000000000e+03
2.600000000000000000e+04 1.623000000000000000e+03 0.000000000000000000e+00
2.600000000000000000e+04 1.622999999999999091e+03 5.000000000000000000e+02
2.600000000000000000e+04 1.622999999999999773e+03 1.000000000000000000e+03
2.600000000000000000e+04 1.622999999999999773e+03 1.500000000000000000e+03
2.600000000000000000e+04 1.623000000000000227e+03 2.000000000000000000e+03
2.650000000000000000e+04 1.622999999999999773e+03 0.000000000000000000e+00
2.650000000000000000e+04 1.622999999999999545e+03 5.000000000000000000e+02
2.650000000000000000e+04 1.622999999999999545e+03 1.000000000000000000e+03
2.650000000000000000e+04 1.622999999999999318e+03 1.500000000000000000e+03
2.650000000000000000e+04 1.622999999999999318e+03 2.000000000000000000e+03
2.700000000000000000e+04 1.622999999999999545e+03 0.000000000000000000e+00
2.700000000000000000e+04 1.622999999999999545e+03 5.000000000000000000e+02
2.700000000000000000e+04 1.623000000000000000e+03 1.000000000000000000e+03
2.700000000000000000e+04 1.622999999999999318e+03 1.500000000000000000e+03
2.700000000000000000e+04 1.622999999999999545e+03 2.000000000000000000e+03
2.750000000000000000e+04 1.622999999999999545e+03 0.000000000000000000e+00
2.750000000000000000e+04 1.622999999999999545e+03 5.000000000000000000e+02
2.750000000000000000e+04 1.622999999999999545e+03 1.000000000000000000e+03
2.750000000000000000e+04 1.622999999999999545e+03 1.500000000000000000e+03
2.750000000000000000e+04 1.622999999999999318e+03 2.000000000000000000e+03
2.800000000000000000e+04 1.622999999999998863e+03 0.000000000000000000e+00
2.800000000000000000e+04 1.622999999999998636e+03 5.000000000000000000e+02
2.800000000000000000e+04 1.622999999999999773e+03 1.000000000000000000e+03
2.800000000000000000e+04 1.622999999999999091e+03 1.500000000000000000e+03
2.800000000000000000e+04 1.623000000000000000e+03 2.000000000000000000e+03
2.850000000000000000e+04 1.622999999999999773e+03 0.000000000000000000e+00
2.850000000000000000e+04 1.622999999999999091e+03 5.000000000000000000e+02
2.850000000000000000e+04 1.622999999999999545e+03 1.000000000000000000e+03
2.850000000000000000e+04 1.622999999999999091e+03 1.500000000000000000e+03
2.850000000000000000e+04 1.622999999999999318e+03 2.000000000000000000e+03
2.900000000000000000e+04 1.623000000000000000e+03 0.000000000000000000e+00
2.900000000000000000e+04 1.622999999999999545e+03 5.000000000000000000e+02
2.900000000000000000e+04 1.623000000000000455e+03 1.000000000000000000e+03
2.900000000000000000e+04 1.622999999999999318e+03 1.500000000000000000e+03
2.900000000000000000e+04 1.622999999999999545e+03 2.000000000000000000e+03
2.950000000000000000e+04 1.622999999999999773e+03 0.000000000000000000e+00
2.950000000000000000e+04 1.623000000000000227e+03 5.000000000000000000e+02
2.950000000000000000e+04 1.623000000000000227e+03 1.000000000000000000e+03
2.950000000000000000e+04 1.622999999999999773e+03 1.500000000000000000e+03
2.950000000000000000e+04 1.622999999999999545e+03 2.000000000000000000e+03
3.000000000000000000e+04 1.622999999999998863e+03 0.000000000000000000e+00
3.000000000000000000e+04 1.622999999999999091e+03 5.000000000000000000e+02
3.000000000000000000e+04 1.622999999999999773e+03 1.000000000000000000e+03
3.000000000000000000e+04 1.622999999999999091e+03 1.500000000000000000e+03
3.000000000000000000e+04 1.622999999999999545e+03 2.000000000000000000e+03
3.050000000000000000e+04 1.622999999999999318e+03 0.000000000000000000e+00
3.050000000000000000e+04 1.622999999999999091e+03 5.000000000000000000e+02
3.050000000000000000e+04 1.622999999999999545e+03 1.000000000000000000e+03
3.050000000000000000e+04 1.622999999999999318e+03 1.500000000000000000e+03
3.050000000000000000e+04 1.622999999999999545e+03 2.000000000000000000e+03
3.100000000000000000e+04 1.622999999999999545e+03 0.000000000000000000e+00
3.100000000000000000e+04 1.622999999999999545e+03 5.000000000000000000e+02
3.100000000000000000e+04 1.622999999999999318e+03 1.000000000000000000e+03
3.100000000000000000e+04 1.622999999999999545e+03 1.500000000000000000e+03
3.100000000000000000e+04 1.622999999999999545e+03 2.000000000000000000e+03
3.150000000000000000e+04 1.622999999999998863e+03 0.000000000000000000e+00
3.150000000000000000e+04 1.622999999999999318e+03 5.000000000000000000e+02
3.150000000000000000e+04 1.622999999999999318e+03 1.000000000000000000e+03
3.150000000000000000e+04 1.623000000000000000e+03 1.500000000000000000e+03
3.150000000000000000e+04 1.623000000000000227e+03 2.000000000000000000e+03
3.200000000000000000e+04 1.623000000000000227e+03 0.000000000000000000e+00
3.200000000000000000e+04 1.622999999999999773e+03 5.000000000000000000e+02
3.200000000000000000e+04 1.622999999999999773e+03 1.000000000000000000e+03
3.200000000000000000e+04 1.622999999999999545e+03 1.500000000000000000e+03
3.200000000000000000e+04 1.623000000000000227e+03 2.000000000000000000e+03
3.250000000000000000e+04 1.622999999999999091e+03 0.000000000000000000e+00
3.250000000000000000e+04 1.622999999999999318e+03 5.000000000000000000e+02
3.250000000000000000e+04 1.622999999999999091e+03 1.000000000000000000e+03
3.250000000000000000e+04 1.623000000000000000e+03 1.500000000000000000e+03
3.250000000000000000e+04 1.622999999999999773e+03 2.000000000000000000e+03
3.300000000000000000e+04 1.622999999999999318e+03 0.000000000000000000e+00
3.300000000000000000e+04 1.622999999999998863e+03 5.000000000000000000e+02
3.300000000000000000e+04 1.622999999999999545e+03 1.000000000000000000e+03
3.300000000000000000e+04 1.622999999999999091e+03 1.500000000000000000e+03
3.300000000000000000e+04 1.623000000000000227e+03 2.000000000000000000e+03
3.350000000000000000e+04 1.622999999999999091e+03 0.000000000000000000e+00
3.350000000000000000e+04 1.622999999999999091e+03 5.000000000000000000e+02
3.350000000000000000e+04 1.622999999999999545e+03 1.000000000000000000e+03
3.350000000000000000e+04 1.622999999999999318e+03 1.500000000000000000e+03
3.350000000000000000e+04 1.622999999999999545e+03 2.000000000000000000e+03
3.400000000000000000e+04 1.622999999999999773e+03 0.000000000000000000e+00
3.400000000000000000e+04 1.622999999999998863e+03 5.000000000000000000e+02
3.400000000000000000e+04 1.622999999999999318e+03 1.000000000000000000e+03
3.400000000000000000e+04 1.622999999999999545e+03 1.500000000000000000e+03
3.400000000000000000e+04 1.623000000000000227e+03 2.000000000000000000e+03
3.450000000000000000e+04 1.623000000000000000e+03 0.000000000000000000e+00
3.450000000000000000e+04 1.623000000000000000e+03 5.000000000000000000e+02
3.450000000000000000e+04 1.622999999999999318e+03 1.000000000000000000e+03
3.450000000000000000e+04 1.622999999999999545e+03 1.500000000000000000e+03
3.450000000000000000e+04 1.622999999999999091e+03 2.000000000000000000e+03
3.500000000000000000e+04 1.623000000000000000e+03 0.000000000000000000e+00
3.500000000000000000e+04 1.622999999999999318e+03 5.000000000000000000e+02
3.500000000000000000e+04 1.622999999999999773e+03 1.000000000000000000e+03
3.500000000000000000e+04 1.622999999999998863e+03 1.500000000000000000e+03
3.500000000000000000e+04 1.622999999999999318e+03 2.000000000000000000e+03
3.550000000000000000e+04 1.622999999999999318e+03 0.000000000000000000e+00
3.550000000000000000e+04 1.622999999999999091e+03 5.000000000000000000e+02
3.550000000000000000e+04 1.622999999999999318e+03 1.000000000000000000e+03
3.550000000000000000e+04 1.622999999999999091e+03 1.500000000000000000e+03
3.550000000000000000e+04 1.622999999999998636e+03 2.000000000000000000e+03
3.600000000000000000e+04 1.622999999999999545e+03 0.000000000000000000e+00
3.600000000000000000e+04 1.622999999999999091e+03 5.000000000000000000e+02
3.600000000000000000e+04 1.622999999999999545e+03 1.000000000000000000e+03
3.600000000000000000e+04 1.622999999999999773e+03 1.500000000000000000e+03
3.600000000000000000e+04 1.622999999999999318e+03 2.000000000000000000e+03
3.650000000000000000e+04 1.622999999999999773e+03 0.000000000000000000e+00
3.650000000000000000e+04 1.622999999999999773e+03 5.000000000000000000e+02
3.650000000000000000e+04 1.622999999999999773e+03 1.000000000000000000e+03
3.650000000000000000e+04 1.622999999999999773e+03 1.500000000000000000e+03
3.650000000000000000e+04 1.622999999999999545e+03 2.000000000000000000e+03
3.700000000000000000e+04 1.623000000000000227e+03 0.000000000000000000e+00
3.700000000000000000e+04 1.622999999999999545e+03 5.000000000000000000e+02
3.700000000000000000e+04 1.623000000000000227e+03 1.000000000000000000e+03
3.700000000000000000e+04 1.622999999999999773e+03 1.500000000000000000e+03
3.700000000000000000e+04 1.623000000000000227e+03 2.000000000000000000e+03
3.750000000000000000e+04 1.622999999999999545e+03 0.000000000000000000e+00
3.750000000000000000e+04 1.623000000000000227e+03 5.000000000000000000e+02
3.750000000000000000e+04 1.622999999999999318e+03 1.000000000000000000e+03
3.750000000000000000e+04 1.622999999999999545e+03 1.500000000000000000e+03
3.750000000000000000e+04 1.622999999999999545e+03 2.000000000000000000e+03
3.800000000000000000e+04 1.623000000000000227e+03 0.000000000000000000e+00
3.800000000000000000e+04 1.622999999999999318e+03 5.000000000000000000e+02
3.800000000000000000e+04 1.623000000000001137e+03 1.000000000000000000e+03
3.800000000000000000e+04 1.622999999999999545e+03 1.500000000000000000e+03
3.800000000000000000e+04 1.623000000000000227e+03 2.000000000000000000e+03
3.850000000000000000e+04 1.622999999999999773e+03 0.000000000000000000e+00
3.850000000000000000e+04 1.622999999999999773e+03 5.000000000000000000e+02
3.850000000000000000e+04 1.622999999999999773e+03 1.000000000000000000e+03
3.850000000000000000e+04 1.622999999999999545e+03 1.500000000000000000e+03
3.850000000000000000e+04 1.622999999999999318e+03 2.000000000000000000e+03
3.900000000000000000e+04 1.622999999999999545e+03 0.000000000000000000e+00
3.900000000000000000e+04 1.622999999999999318e+03 5.000000000000000000e+02
3.900000000000000000e+04 1.622999999999999773e+03 1.000000000000000000e+03
3.900000000000000000e+04 1.622999999999999773e+03 1.500000000000000000e+03
3.900000000000000000e+04 1.622999999999999545e+03 2.000000000000000000e+03
3.950000000000000000e+04 1.622999999999999773e+03 0.000000000000000000e+00
3.950000000000000000e+04 1.623000000000000000e+03 5.000000000000000000e+02
3.950000000000000000e+04 1.622999999999999091e+03 1.000000000000000000e+03
3.950000000000000000e+04 1.622999999999999773e+03 1.500000000000000000e+03
3.950000000000000000e+04 1.622999999999999091e+03 2.000000000000000000e+03
4.000000000000000000e+04 1.622999999999999318e+03 0.000000000000000000e+00
4.000000000000000000e+04 1.622999999999999091e+03 5.000000000000000000e+02
4.000000000000000000e+04 1.622999999999999545e+03 1.000000000000000000e+03
4.000000000000000000e+04 1.622999999999999318e+03 1.500000000000000000e+03
4.000000000000000000e+04 1.622999999999999545e+03 2.000000000000000000e+03
4.050000000000000000e+04 1.622999999999999545e+03 0.000000000000000000e+00
4.050000000000000000e+04 1.622999999999999545e+03 5.000000000000000000e+02
4.050000000000000000e+04 1.622999999999998863e+03 1.000000000000000000e+03
4.050000000000000000e+04 1.622999999999999091e+03 1.500000000000000000e+03
4.050000000000000000e+04 1.622999999999999091e+03 2.000000000000000000e+03
4.100000000000000000e+04 1.622999999999999318e+03 0.000000000000000000e+00
4.100000000000000000e+04 1.622999999999999318e+03 5.000000000000000000e+02
4.100000000000000000e+04 1.622999999999999318e+03 1.000000000000000000e+03
4.100000000000000000e+04 1.622999999999999318e+03 1.500000000000000000e+03
4.100000000000000000e+04 1.622999999999999773e+03 2.000000000000000000e+03
4.150000000000000000e+04 1.623000000000000000e+03 0.000000000000000000e+00
4.150000000000000000e+04 1.622999999999999545e+03 5.000000000000000000e+02
4.150000000000000000e+04 1.622999999999998863e+03 1.000000000000000000e+03
4.150000000000000000e+04 1.622999999999999545e+03 1.500000000000000000e+03
4.150000000000000000e+04 1.622999999999999091e+03 2.000000000000000000e+03
4.200000000000000000e+04 1.622999999999999318e+03 0.000000000000000000e+00
4.200000000000000000e+04 1.622999999999999091e+03 5.000000000000000000e+02
4.200000000000000000e+04 1.622999999999999318e+03 1.000000000000000000e+03
4.200000000000000000e+04 1.622999999999999318e+03 1.500000000000000000e+03
4.200000000000000000e+04 1.622999999999999773e+03 2.000000000000000000e+03
4.250000000000000000e+04 1.622999999999999318e+03 0.000000000000000000e+00
4.250000000000000000e+04 1.622999999999999318e+03 5.000000000000000000e+02
4.250000000000000000e+04 1.622999999999999091e+03 1.000000000000000000e+03
4.250000000000000000e+04 1.622999999999999091e+03 1.500000000000000000e+03
4.250000000000000000e+04 1.622999999999999545e+03 2.000000000000000000e+03
4.300000000000000000e+04 1.623000000000000000e+03 0.000000000000000000e+00
4.300000000000000000e+04 1.622999999999999545e+03 5.000000000000000000e+02
4.300000000000000000e+04 1.623000000000000227e+03 1.000000000000000000e+03
4.300000000000000000e+04 1.622999999999999545e+03 1.500000000000000000e+03
4.300000000000000000e+04 1.623000000000000227e+03 2.000000000000000000e+03
4.350000000000000000e+04 1.623000000000000000e+03 0.000000000000000000e+00
4.350000000000000000e+04 1.623000000000000227e+03 5.000000000000000000e+02
4.350000000000000000e+04 1.622999999999999773e+03 1.000000000000000000e+03
4.350000000000000000e+04 1.622999999999999773e+03 1.500000000000000000e+03
4.350000000000000000e+04 1.623000000000000000e+03 2.000000000000000000e+03
4.400000000000000000e+04 1.623000000000000227e+03 0.000000000000000000e+00
4.400000000000000000e+04 1.622999999999999545e+03 5.000000000000000000e+02
4.400000000000000000e+04 1.623000000000000227e+03 1.000000000000000000e+03
4.400000000000000000e+04 1.622999999999999773e+03 1.500000000000000000e+03
4.400000000000000000e+04 1.623000000000000455e+03 2.000000000000000000e+03
4.450000000000000000e+04 1.622999999999999318e+03 0.000000000000000000e+00
4.450000000000000000e+04 1.622999999999999773e+03 5.000000000000000000e+02
4.450000000000000000e+04 1.622999999999999091e+03 1.000000000000000000e+03
4.450000000000000000e+04 1.622999999999999545e+03 1.500000000000000000e+03
4.450000000000000000e+04 1.622999999999999318e+03 2.000000000000000000e+03
4.500000000000000000e+04 1.623000000000000455e+03 0.000000000000000000e+00
4.500000000000000000e+04 1.622999999999999318e+03 5.000000000000000000e+02
4.500000000000000000e+04 1.623000000000000455e+03 1.000000000000000000e+03
4.500000000000000000e+04 1.622999999999999773e+03 1.500000000000000000e+03
4.500000000000000000e+04 1.623000000000000000e+03 2.000000000000000000e+03
4.550000000000000000e+04 1.623000000000000682e+03 0.000000000000000000e+00
4.550000000000000000e+04 1.622999999999999773e+03 5.000000000000000000e+02
4.550000000000000000e+04 1.622999999999999545e+03 1.000000000000000000e+03
4.550000000000000000e+04 1.622999999999999773e+03 1.500000000000000000e+03
4.550000000000000000e+04 1.623000000000000000e+03 2.000000000000000000e+03
4.600000000000000000e+04 1.623000000000000227e+03 0.000000000000000000e+00
4.600000000000000000e+04 1.622999999999999545e+03 5.000000000000000000e+02
4.600000000000000000e+04 1.623000000000000227e+03 1.000000000000000000e+03
4.600000000000000000e+04 1.622999999999999318e+03 1.500000000000000000e+03
4.600000000000000000e+04 1.623000000000000000e+03 2.000000000000000000e+03
4.650000000000000000e+04 1.622999999999999091e+03 0.000000000000000000e+00
4.650000000000000000e+04 1.623000000000000000e+03 5.000000000000000000e+02
4.650000000000000000e+04 1.622999999999998863e+03 1.000000000000000000e+03
4.650000000000000000e+04 1.622999999999999318e+03 1.500000000000000000e+03
4.650000000000000000e+04 1.622999999999998863e+03 2.000000000000000000e+03
4.700000000000000000e+04 1.622999999999999773e+03 0.000000000000000000e+00
4.700000000000000000e+04 1.622999999999999091e+03 5.000000000000000000e+02
4.700000000000000000e+04 1.622999999999999773e+03 1.000000000000000000e+03
4.700000000000000000e+04 1.622999999999999318e+03 1.500000000000000000e+03
4.700000000000000000e+04 1.622999999999999318e+03 2.000000000000000000e+03
4.750000000000000000e+04 1.623000000000000000e+03 0.000000000000000000e+00
4.750000000000000000e+04 1.623000000000000227e+03 5.000000000000000000e+02
4.750000000000000000e+04 1.622999999999999318e+03 1.000000000000000000e+03
4.750000000000000000e+04 1.622999999999999318e+03 1.500000000000000000e+03
4.750000000000000000e+04 1.622999999999999318e+03 2.000000000000000000e+03
4.800000000000000000e+04 1.623000000000000227e+03 0.000000000000000000e+00
4.800000000000000000e+04 1.622999999999999091e+03 5.000000000000000000e+02
4.800000000000000000e+04 1.622999999999999773e+03 1.000000000000000000e+03
4.800000000000000000e+04 1.622999999999999545e+03 1.500000000000000000e+03
4.800000000000000000e+04 1.622999999999999545e+03 2.000000000000000000e+03
4.850000000000000000e+04 1.622999999999999545e+03 0.000000000000000000e+00
4.850000000000000000e+04 1.622999999999999773e+03 5.000000000000000000e+02
4.850000000000000000e+04 1.622999999999999545e+03 1.000000000000000000e+03
4.850000000000000000e+04 1.622999999999999091e+03 1.500000000000000000e+03
4.850000000000000000e+04 1.622999999999999545e+03 2.000000000000000000e+03
4.900000000000000000e+04 1.623000000000000000e+03 0.000000000000000000e+00
4.900000000000000000e+04 1.622999999999999318e+03 5.000000000000000000e+02
4.900000000000000000e+04 1.622999999999999318e+03 1.000000000000000000e+03
4.900000000000000000e+04 1.622999999999998863e+03 1.500000000000000000e+03
4.900000000000000000e+04 1.622999999999999318e+03 2.000000000000000000e+03
4.950000000000000000e+04 1.622999999999999318e+03 0.000000000000000000e+00
4.950000000000000000e+04 1.623000000000000000e+03 5.000000000000000000e+02
4.950000000000000000e+04 1.622999999999999091e+03 1.000000000000000000e+03
4.950000000000000000e+04 1.622999999999999545e+03 1.500000000000000000e+03
4.950000000000000000e+04 1.622999999999999545e+03 2.000000000000000000e+03
5.000000000000000000e+04 1.623000000000000227e+03 0.000000000000000000e+00
5.000000000000000000e+04 1.622999999999999545e+03 5.000000000000000000e+02
5.000000000000000000e+04 1.622999999999999773e+03 1.000000000000000000e+03
5.000000000000000000e+04 1.622999999999999091e+03 1.500000000000000000e+03
5.000000000000000000e+04 1.623000000000000000e+03 2.000000000000000000e+03
5.050000000000000000e+04 1.623000000000000227e+03 0.000000000000000000e+00
5.050000000000000000e+04 1.623000000000000455e+03 5.000000000000000000e+02
5.050000000000000000e+04 1.622999999999999773e+03 1.000000000000000000e+03
5.050000000000000000e+04 1.622999999999999545e+03 1.500000000000000000e+03
5.050000000000000000e+04 1.622999999999999545e+03 2.000000000000000000e+03
5.100000000000000000e+04 1.623000000000000227e+03 0.000000000000000000e+00
5.100000000000000000e+04 1.622999999999999545e+03 5.000000000000000000e+02
5.100000000000000000e+04 1.622999999999999545e+03 1.000000000000000000e+03
5.100000000000000000e+04 1.622999999999999773e+03 1.500000000000000000e+03
5.100000000000000000e+04 1.623000000000000227e+03 2.000000000000000000e+03
5.150000000000000000e+04 1.622999999999999773e+03 0.000000000000000000e+00
5.150000000000000000e+04 1.623000000000000000e+03 5.000000000000000000e+02
5.150000000000000000e+04 1.622999999999999318e+03 1.000000000000000000e+03
5.150000000000000000e+04 1.622999999999999545e+03 1.500000000000000000e+03
5.150000000000000000e+04 1.622999999999999773e+03 2.000000000000000000e+03
5.200000000000000000e+04 1.623000000000000682e+03 0.000000000000000000e+00
5.200000000000000000e+04 1.623000000000000000e+03 5.000000000000000000e+02
5.200000000000000000e+04 1.622999999999999773e+03 1.000000000000000000e+03
5.200000000000000000e+04 1.622999999999999091e+03 1.500000000000000000e+03
5.200000000000000000e+04 1.623000000000000000e+03 2.000000000000000000e+03
5.250000000000000000e+04 1.623000000000000000e+03 0.000000000000000000e+00
5.250000000000000000e+04 1.622999999999999773e+03 5.000000000000000000e+02
5.250000000000000000e+04 1.622999999999998636e+03 1.000000000000000000e+03
5.250000000000000000e+04 1.622999999999998863e+03 1.500000000000000000e+03
5.250000000000000000e+04 1.622999999999999091e+03 2.000000000000000000e+03
5.300000000000000000e+04 1.623000000000000227e+03 0.000000000000000000e+00
5.300000000000000000e+04 1.622999999999999773e+03 5.000000000000000000e+02
5.300000000000000000e+04 1.623000000000000227e+03 1.000000000000000000e+03
5.300000000000000000e+04 1.622999999999999545e+03 1.500000000000000000e+03
5.300000000000000000e+04 1.623000000000000227e+03 2.000000000000000000e+03
5.350000000000000000e+04 1.622999999999999773e+03 0.000000000000000000e+00
5.350000000000000000e+04 1.622999999999999773e+03 5.000000000000000000e+02
5.350000000000000000e+04 1.622999999999999545e+03 1.000000000000000000e+03
5.350000000000000000e+04 1.622999999999999773e+03 1.500000000000000000e+03
5.350000000000000000e+04 1.623000000000000227e+03 2.000000000000000000e+03
5.400000000000000000e+04 1.623000000000000455e+03 0.000000000000000000e+00
5.400000000000000000e+04 1.622999999999999318e+03 5.000000000000000000e+02
5.400000000000000000e+04 1.623000000000000455e+03 1.000000000000000000e+03
5.400000000000000000e+04 1.622999999999998863e+03 1.500000000000000000e+03
5.400000000000000000e+04 1.623000000000000909e+03 2.000000000000000000e+03
5.450000000000000000e+04 1.622999999999999318e+03 0.000000000000000000e+00
5.450000000000000000e+04 1.622999999999999773e+03 5.000000000000000000e+02
5.450000000000000000e+04 1.622999999999998636e+03 1.000000000000000000e+03
5.450000000000000000e+04 1.622999999999999545e+03 1.500000000000000000e+03
5.450000000000000000e+04 1.622999999999999318e+03 2.000000000000000000e+03
5.500000000000000000e+04 1.623000000000000000e+03 0.000000000000000000e+00
5.500000000000000000e+04 1.622999999999999545e+03 5.000000000000000000e+02
5.500000000000000000e+04 1.623000000000000000e+03 1.000000000000000000e+03
5.500000000000000000e+04 1.622999999999999318e+03 1.500000000000000000e+03
5.500000000000000000e+04 1.623000000000000000e+03 2.000000000000000000e+03
5.550000000000000000e+04 1.622999999999999091e+03 0.000000000000000000e+00
5.550000000000000000e+04 1.622999999999999773e+03 5.000000000000000000e+02
5.550000000000000000e+04 1.622999999999999545e+03 1.000000000000000000e+03
5.550000000000000000e+04 1.622999999999999091e+03 1.500000000000000000e+03
5.550000000000000000e+04 1.622999999999999091e+03 2.000000000000000000e+03
5.600000000000000000e+04 1.622999999999999091e+03 0.000000000000000000e+00
5.600000000000000000e+04 1.622999999999998863e+03 5.000000000000000000e+02
5.600000000000000000e+04 1.622999999999999545e+03 1.000000000000000000e+03
5.600000000000000000e+04 1.622999999999999091e+03 1.500000000000000000e+03
5.600000000000000000e+04 1.623000000000000000e+03 2.000000000000000000e+03
5.650000000000000000e+04 1.622999999999998863e+03 0.000000000000000000e+00
5.650000000000000000e+04 1.622999999999999318e+03 5.000000000000000000e+02
5.650000000000000000e+04 1.622999999999999773e+03 1.000000000000000000e+03
5.650000000000000000e+04 1.622999999999999773e+03 1.500000000000000000e+03
5.650000000000000000e+04 1.622999999999999545e+03 2.000000000000000000e+03
5.700000000000000000e+04 1.622999999999999545e+03 0.000000000000000000e+00
5.700000000000000000e+04 1.622999999999999318e+03 5.000000000000000000e+02
5.700000000000000000e+04 1.622999999999999773e+03 1.000000000000000000e+03
5.700000000000000000e+04 1.622999999999999545e+03 1.500000000000000000e+03
5.700000000000000000e+04 1.623000000000000455e+03 2.000000000000000000e+03
5.750000000000000000e+04 1.623000000000000000e+03 0.000000000000000000e+00
5.750000000000000000e+04 1.622999999999999318e+03 5.000000000000000000e+02
5.750000000000000000e+04 1.622999999999999545e+03 1.000000000000000000e+03
5.750000000000000000e+04 1.622999999999999545e+03 1.500000000000000000e+03
5.750000000000000000e+04 1.622999999999999545e+03 2.000000000000000000e+03
5.800000000000000000e+04 1.622999999999999773e+03 0.000000000000000000e+00
5.800000000000000000e+04 1.622999999999999773e+03 5.000000000000000000e+02
5.800000000000000000e+04 1.622999999999999091e+03 1.000000000000000000e+03
5.800000000000000000e+04 1.622999999999999318e+03 1.500000000000000000e+03
5.800000000000000000e+04 1.623000000000000000e+03 2.000000000000000000e+03
5.850000000000000000e+04 1.622999999999999773e+03 0.000000000000000000e+00
5.850000000000000000e+04 1.622999999999999545e+03 5.000000000000000000e+02
5.850000000000000000e+04 1.622999999999999545e+03 1.000000000000000000e+03
5.850000000000000000e+04 1.622999999999999545e+03 1.500000000000000000e+03
5.850000000000000000e+04 1.622999999999999318e+03 2.000000000000000000e+03
5.900000000000000000e+04 1.622999999999999545e+03 0.000000000000000000e+00
5.900000000000000000e+04 1.622999999999999545e+03 5.000000000000000000e+02
5.900000000000000000e+04 1.622999999999999091e+03 1.000000000000000000e+03
5.900000000000000000e+04 1.622999999999999773e+03 1.500000000000000000e+03
5.900000000000000000e+04 1.623000000000000455e+03 2.000000000000000000e+03
5.950000000000000000e+04 1.622999999999999545e+03 0.000000000000000000e+00
5.950000000000000000e+04 1.622999999999999773e+03 5.000000000000000000e+02
5.950000000000000000e+04 1.622999999999999773e+03 1.000000000000000000e+03
5.950000000000000000e+04 1.623000000000000000e+03 1.500000000000000000e+03
5.950000000000000000e+04 1.622999999999999773e+03 2.000000000000000000e+03
6.000000000000000000e+04 1.622999999999999545e+03 0.000000000000000000e+00
6.000000000000000000e+04 1.622999999999999318e+03 5.000000000000000000e+02
6.000000000000000000e+04 1.623000000000000000e+03 1.000000000000000000e+03
6.000000000000000000e+04 1.622999999999999773e+03 1.500000000000000000e+03
6.000000000000000000e+04 1.623000000000000227e+03 2.000000000000000000e+03
6.050000000000000000e+04 1.622999999999999091e+03 0.000000000000000000e+00
6.050000000000000000e+04 1.622999999999999545e+03 5.000000000000000000e+02
6.050000000000000000e+04 1.622999999999999318e+03 1.000000000000000000e+03
6.050000000000000000e+04 1.622999999999999773e+03 1.500000000000000000e+03
6.050000000000000000e+04 1.622999999999999545e+03 2.000000000000000000e+03
6.100000000000000000e+04 1.622999999999999545e+03 0.000000000000000000e+00
6.100000000000000000e+04 1.622999999999999545e+03 5.000000000000000000e+02
6.100000000000000000e+04 1.623000000000000000e+03 1.000000000000000000e+03
6.100000000000000000e+04 1.622999999999999545e+03 1.500000000000000000e+03
6.100000000000000000e+04 1.622999999999999545e+03 2.000000000000000000e+03
6.150000000000000000e+04 1.623000000000000227e+03 0.000000000000000000e+00
6.150000000000000000e+04 1.623000000000000455e+03 5.000000000000000000e+02
6.150000000000000000e+04 1.622999999999999773e+03 1.000000000000000000e+03
6.150000000000000000e+04 1.622999999999999773e+03 1.500000000000000000e+03
6.150000000000000000e+04 1.622999999999999545e+03 2.000000000000000000e+03
6.200000000000000000e+04 1.623000000000000455e+03 0.000000000000000000e+00
6.200000000000000000e+04 1.622999999999999773e+03 5.000000000000000000e+02
6.200000000000000000e+04 1.623000000000000000e+03 1.000000000000000000e+03
6.200000000000000000e+04 1.622999999999999773e+03 1.500000000000000000e+03
6.200000000000000000e+04 1.622999999999999545e+03 2.000000000000000000e+03
6.250000000000000000e+04 1.622999999999999545e+03 0.000000000000000000e+00
6.250000000000000000e+04 1.622999999999999545e+03 5.000000000000000000e+02
6.250000000000000000e+04 1.622999999999999318e+03 1.000000000000000000e+03
6.250000000000000000e+04 1.622999999999999318e+03 1.500000000000000000e+03
6.250000000000000000e+04 1.622999999999999545e+03 2.000000000000000000e+03
6.300000000000000000e+04 1.623000000000000000e+03 0.000000000000000000e+00
6.300000000000000000e+04 1.622999999999999545e+03 5.000000000000000000e+02
6.300000000000000000e+04 1.623000000000000455e+03 1.000000000000000000e+03
6.300000000000000000e+04 1.622999999999999318e+03 1.500000000000000000e+03
6.300000000000000000e+04 1.622999999999999318e+03 2.000000000000000000e+03
6.350000000000000000e+04 1.622999999999999773e+03 0.000000000000000000e+00
6.350000000000000000e+04 1.623000000000000000e+03 5.000000000000000000e+02
6.350000000000000000e+04 1.622999999999999773e+03 1.000000000000000000e+03
6.350000000000000000e+04 1.622999999999999773e+03 1.500000000000000000e+03
6.350000000000000000e+04 1.622999999999999773e+03 2.000000000000000000e+03
6.400000000000000000e+04 1.623000000000000455e+03 0.000000000000000000e+00
6.400000000000000000e+04 1.623000000000000000e+03 5.000000000000000000e+02
6.400000000000000000e+04 1.623000000000000000e+03 1.000000000000000000e+03
6.400000000000000000e+04 1.622999999999999545e+03 1.500000000000000000e+03
6.400000000000000000e+04 1.622999999999999773e+03 2.000000000000000000e+03
6.450000000000000000e+04 1.622999999999999773e+03 0.000000000000000000e+00
6.450000000000000000e+04 1.622999999999999545e+03 5.000000000000000000e+02
6.450000000000000000e+04 1.622999999999999545e+03 1.000000000000000000e+03
6.450000000000000000e+04 1.623000000000000000e+03 1.500000000000000000e+03
6.450000000000000000e+04 1.622999999999999773e+03 2.000000000000000000e+03
6.500000000000000000e+04 1.623000000000000000e+03 0.000000000000000000e+00
6.500000000000000000e+04 1.622999999999999545e+03 5.000000000000000000e+02
6.500000000000000000e+04 1.622999999999999773e+03 1.000000000000000000e+03
6.500000000000000000e+04 1.623000000000000000e+03 1.500000000000000000e+03
6.500000000000000000e+04 1.623000000000000000e+03 2.000000000000000000e+03
6.550000000000000000e+04 1.622999999999998863e+03 0.000000000000000000e+00
6.550000000000000000e+04 1.622999999999999545e+03 5.000000000000000000e+02
6.550000000000000000e+04 1.622999999999999545e+03 1.000000000000000000e+03
6.550000000000000000e+04 1.622999999999999318e+03 1.500000000000000000e+03
6.550000000000000000e+04 1.622999999999999773e+03 2.000000000000000000e+03
6.600000000000000000e+04 1.622999999999999773e+03 0.000000000000000000e+00
6.600000000000000000e+04 1.622999999999999318e+03 5.000000000000000000e+02
6.600000000000000000e+04 1.622999999999999773e+03 1.000000000000000000e+03
6.600000000000000000e+04 1.622999999999999318e+03 1.500000000000000000e+03
6.600000000000000000e+04 1.623000000000000227e+03 2.000000000000000000e+03
6.650000000000000000e+04 1.622999999999999773e+03 0.000000000000000000e+00
6.650000000000000000e+04 1.622999999999999773e+03 5.000000000000000000e+02
6.650000000000000000e+04 1.623000000000000000e+03 1.000000000000000000e+03
6.650000000000000000e+04 1.623000000000000000e+03 1.500000000000000000e+03
6.650000000000000000e+04 1.622999999999999545e+03 2.000000000000000000e+03
6.700000000000000000e+04 1.623000000000000000e+03 0.000000000000000000e+00
6.700000000000000000e+04 1.623000000000000000e+03 5.000000000000000000e+02
6.700000000000000000e+04 1.623000000000000227e+03 1.000000000000000000e+03
6.700000000000000000e+04 1.622999999999999318e+03 1.500000000000000000e+03
6.700000000000000000e+04 1.623000000000000227e+03 2.000000000000000000e+03
6.750000000000000000e+04 1.622999999999999545e+03 0.000000000000000000e+00
6.750000000000000000e+04 1.622999999999999318e+03 5.000000000000000000e+02
6.750000000000000000e+04 1.622999999999999773e+03 1.000000000000000000e+03
6.750000000000000000e+04 1.622999999999999318e+03 1.500000000000000000e+03
6.750000000000000000e+04 1.622999999999999773e+03 2.000000000000000000e+03
6.800000000000000000e+04 1.622999999999999545e+03 0.000000000000000000e+00
6.800000000000000000e+04 1.622999999999998863e+03 5.000000000000000000e+02
6.800000000000000000e+04 1.623000000000000000e+03 1.000000000000000000e+03
6.800000000000000000e+04 1.622999999999999318e+03 1.500000000000000000e+03
6.800000000000000000e+04 1.623000000000000909e+03 2.000000000000000000e+03
6.850000000000000000e+04 1.622999999999999318e+03 0.000000000000000000e+00
6.850000000000000000e+04 1.622999999999999318e+03 5.000000000000000000e+02
6.850000000000000000e+04 1.622999999999999091e+03 1.000000000000000000e+03
6.850000000000000000e+04 1.623000000000000000e+03 1.500000000000000000e+03
6.850000000000000000e+04 1.622999999999999773e+03 2.000000000000000000e+03
6.900000000000000000e+04 1.622999999999999773e+03 0.000000000000000000e+00
6.900000000000000000e+04 1.622999999999999091e+03 5.000000000000000000e+02
6.900000000000000000e+04 1.622999999999999318e+03 1.000000000000000000e+03
6.900000000000000000e+04 1.622999999999999545e+03 1.500000000000000000e+03
6.900000000000000000e+04 1.622999999999999773e+03 2.000000000000000000e+03
6.950000000000000000e+04 1.622999999999999091e+03 0.000000000000000000e+00
6.950000000000000000e+04 1.622999999999999545e+03 5.000000000000000000e+02
6.950000000000000000e+04 1.622999999999999318e+03 1.000000000000000000e+03
6.950000000000000000e+04 1.622999999999999773e+03 1.500000000000000000e+03
6.950000000000000000e+04 1.622999999999999318e+03 2.000000000000000000e+03
7.000000000000000000e+04 1.623000000000000000e+03 0.000000000000000000e+00
7.000000000000000000e+04 1.623000000000000000e+03 5.000000000000000000e+02
7.000000000000000000e+04 1.623000000000000455e+03 1.000000000000000000e+03
7.000000000000000000e+04 1.622999999999999091e+03 1.500000000000000000e+03
7.000000000000000000e+04 1.623000000000000000e+03 2.000000000000000000e+03
7.050000000000000000e+04 1.622999999999999545e+03 0.000000000000000000e+00
7.050000000000000000e+04 1.622999999999999318e+03 5.000000000000000000e+02
7.050000000000000000e+04 1.622999999999999318e+03 1.000000000000000000e+03
7.050000000000000000e+04 1.622999999999999545e+03 1.500000000000000000e+03
7.050000000000000000e+04 1.622999999999999545e+03 2.000000000000000000e+03
7.100000000000000000e+04 1.622999999999999773e+03 0.000000000000000000e+00
7.100000000000000000e+04 1.622999999999999091e+03 5.000000000000000000e+02
7.100000000000000000e+04 1.622999999999999773e+03 1.000000000000000000e+03
7.100000000000000000e+04 1.622999999999999545e+03 1.500000000000000000e+03
7.100000000000000000e+04 1.623000000000000000e+03 2.000000000000000000e+03
7.150000000000000000e+04 1.622999999999999773e+03 0.000000000000000000e+00
7.150000000000000000e+04 1.622999999999999545e+03 5.000000000000000000e+02
7.150000000000000000e+04 1.622999999999999318e+03 1.000000000000000000e+03
7.150000000000000000e+04 1.622999999999999545e+03 1.500000000000000000e+03
7.150000000000000000e+04 1.622999999999999318e+03 2.000000000000000000e+03
7.200000000000000000e+04 1.622999999999999773e+03 0.000000000000000000e+00
7.200000000000000000e+04 1.622999999999999091e+03 5.000000000000000000e+02
7.200000000000000000e+04 1.622999999999999545e+03 1.000000000000000000e+03
7.200000000000000000e+04 1.622999999999999091e+03 1.500000000000000000e+03
7.200000000000000000e+04 1.623000000000000000e+03 2.000000000000000000e+03
7.250000000000000000e+04 1.622999999999998863e+03 0.000000000000000000e+00
7.250000000000000000e+04 1.622999999999999091e+03 5.000000000000000000e+02
7.250000000000000000e+04 1.622999999999999318e+03 1.000000000000000000e+03
7.250000000000000000e+04 1.622999999999999318e+03 1.500000000000000000e+03
7.250000000000000000e+04 1.622999999999999773e+03 2.000000000000000000e+03
7.300000000000000000e+04 1.622999999999999545e+03 0.000000000000000000e+00
7.300000000000000000e+04 1.622999999999999091e+03 5.000000000000000000e+02
7.300000000000000000e+04 1.623000000000000000e+03 1.000000000000000000e+03
7.300000000000000000e+04 1.622999999999999545e+03 1.500000000000000000e+03
7.300000000000000000e+04 1.623000000000000227e+03 2.000000000000000000e+03
7.350000000000000000e+04 1.622999999999999091e+03 0.000000000000000000e+00
7.350000000000000000e+04 1.622999999999999318e+03 5.000000000000000000e+02
7.350000000000000000e+04 1.622999999999999773e+03 1.000000000000000000e+03
7.350000000000000000e+04 1.622999999999999545e+03 1.500000000000000000e+03
7.350000000000000000e+04 1.622999999999999773e+03 2.000000000000000000e+03
7.400000000000000000e+04 1.623000000000000227e+03 0.000000000000000000e+00
7.400000000000000000e+04 1.622999999999999545e+03 5.000000000000000000e+02
7.400000000000000000e+04 1.623000000000000227e+03 1.000000000000000000e+03
7.400000000000000000e+04 1.622999999999999545e+03 1.500000000000000000e+03
7.400000000000000000e+04 1.623000000000000000e+03 2.000000000000000000e+03
7.450000000000000000e+04 1.622999999999999318e+03 0.000000000000000000e+00
7.450000000000000000e+04 1.622999999999999773e+03 5.000000000000000000e+02
7.450000000000000000e+04 1.622999999999999091e+03 1.000000000000000000e+03
7.450000000000000000e+04 1.622999999999999773e+03 1.500000000000000000e+03
7.450000000000000000e+04 1.622999999999999773e+03 2.000000000000000000e+03
7.500000000000000000e+04 1.622999999999999545e+03 0.000000000000000000e+00
7.500000000000000000e+04 1.622999999999998863e+03 5.000000000000000000e+02
7.500000000000000000e+04 1.622999999999999545e+03 1.000000000000000000e+03
7.500000000000000000e+04 1.622999999999999773e+03 1.500000000000000000e+03
7.500000000000000000e+04 1.622999999999999545e+03 2.000000000000000000e+03
7.550000000000000000e+04 1.622999999999998636e+03 0.000000000000000000e+00
7.550000000000000000e+04 1.622999999999998636e+03 5.000000000000000000e+02
7.550000000000000000e+04 1.622999999999999318e+03 1.000000000000000000e+03
7.550000000000000000e+04 1.622999999999998863e+03 1.500000000000000000e+03
7.550000000000000000e+04 1.622999999999999091e+03 2.000000000000000000e+03
7.600000000000000000e+04 1.622999999999999091e+03 0.000000000000000000e+00
7.600000000000000000e+04 1.622999999999999318e+03 5.000000000000000000e+02
7.600000000000000000e+04 1.622999999999999318e+03 1.000000000000000000e+03
7.600000000000000000e+04 1.622999999999998863e+03 1.500000000000000000e+03
7.600000000000000000e+04 1.622999999999998863e+03 2.000000000000000000e+03
7.650000000000000000e+04 1.622999999999999091e+03 0.000000000000000000e+00
7.650000000000000000e+04 1.622999999999999773e+03 5.000000000000000000e+02
7.650000000000000000e+04 1.622999999999999773e+03 1.000000000000000000e+03
7.650000000000000000e+04 1.622999999999999545e+03 1.500000000000000000e+03
7.650000000000000000e+04 1.622999999999999545e+03 2.000000000000000000e+03
7.700000000000000000e+04 1.622999999999999545e+03 0.000000000000000000e+00
7.700000000000000000e+04 1.622999999999999545e+03 5.000000000000000000e+02
7.700000000000000000e+04 1.623000000000000455e+03 1.000000000000000000e+03
7.700000000000000000e+04 1.622999999999999773e+03 1.500000000000000000e+03
7.700000000000000000e+04 1.622999999999999545e+03 2.000000000000000000e+03
7.750000000000000000e+04 1.622999999999999773e+03 0.000000000000000000e+00
7.750000000000000000e+04 1.623000000000000000e+03 5.000000000000000000e+02
7.750000000000000000e+04 1.622999999999999318e+03 1.000000000000000000e+03
7.750000000000000000e+04 1.622999999999999318e+03 1.500000000000000000e+03
7.750000000000000000e+04 1.622999999999999318e+03 2.000000000000000000e+03
7.800000000000000000e+04 1.622999999999999773e+03 0.000000000000000000e+00
7.800000000000000000e+04 1.622999999999999091e+03 5.000000000000000000e+02
7.800000000000000000e+04 1.623000000000000000e+03 1.000000000000000000e+03
7.800000000000000000e+04 1.622999999999999091e+03 1.500000000000000000e+03
7.800000000000000000e+04 1.622999999999999545e+03 2.000000000000000000e+03
7.850000000000000000e+04 1.622999999999999091e+03 0.000000000000000000e+00
7.850000000000000000e+04 1.622999999999999545e+03 5.000000000000000000e+02
7.850000000000000000e+04 1.622999999999999773e+03 1.000000000000000000e+03
7.850000000000000000e+04 1.622999999999999318e+03 1.500000000000000000e+03
7.850000000000000000e+04 1.622999999999999545e+03 2.000000000000000000e+03
7.900000000000000000e+04 1.623000000000000455e+03 0.000000000000000000e+00
7.900000000000000000e+04 1.623000000000000000e+03 5.000000000000000000e+02
7.900000000000000000e+04 1.623000000000000455e+03 1.000000000000000000e+03
7.900000000000000000e+04 1.622999999999999318e+03 1.500000000000000000e+03
7.900000000000000000e+04 1.623000000000000000e+03 2.000000000000000000e+03
7.950000000000000000e+04 1.623000000000000682e+03 0.000000000000000000e+00
7.950000000000000000e+04 1.623000000000000000e+03 5.000000000000000000e+02
7.950000000000000000e+04 1.622999999999999091e+03 1.000000000000000000e+03
7.950000000000000000e+04 1.622999999999999773e+03 1.500000000000000000e+03
7.950000000000000000e+04 1.622999999999999545e+03 2.000000000000000000e+03
8.000000000000000000e+04 1.623000000000000227e+03 0.000000000000000000e+00
8.000000000000000000e+04 1.623000000000000000e+03 5.000000000000000000e+02
8.000000000000000000e+04 1.622999999999999545e+03 1.000000000000000000e+03
8.000000000000000000e+04 1.623000000000000227e+03 1.500000000000000000e+03
8.000000000000000000e+04 1.623000000000000682e+03 2.000000000000000000e+03
8.050000000000000000e+04 1.622999999999999545e+03 0.000000000000000000e+00
8.050000000000000000e+04 1.622999999999999318e+03 5.000000000000000000e+02
8.050000000000000000e+04 1.622999999999999091e+03 1.000000000000000000e+03
8.050000000000000000e+04 1.623000000000000227e+03 1.500000000000000000e+03
8.050000000000000000e+04 1.623000000000000455e+03 2.000000000000000000e+03
8.100000000000000000e+04 1.622999999999999773e+03 0.000000000000000000e+00
8.100000000000000000e+04 1.622999999999999773e+03 5.000000000000000000e+02
8.100000000000000000e+04 1.623000000000000227e+03 1.000000000000000000e+03
8.100000000000000000e+04 1.623000000000000455e+03 1.500000000000000000e+03
8.100000000000000000e+04 1.623000000000001137e+03 2.000000000000000000e+03
8.150000000000000000e+04 1.623000000000000000e+03 0.000000000000000000e+00
8.150000000000000000e+04 1.623000000000000000e+03 5.000000000000000000e+02
8.150000000000000000e+04 1.622999999999999773e+03 1.000000000000000000e+03
8.150000000000000000e+04 1.623000000000000682e+03 1.500000000000000000e+03
8.150000000000000000e+04 1.623000000000000000e+03 2.000000000000000000e+03
8.200000000000000000e+04 1.623000000000000000e+03 0.000000000000000000e+00
8.200000000000000000e+04 1.622999999999999545e+03 5.000000000000000000e+02
8.200000000000000000e+04 1.622999999999999545e+03 1.000000000000000000e+03
8.200000000000000000e+04 1.622999999999999545e+03 1.500000000000000000e+03
8.200000000000000000e+04 1.623000000000000000e+03 2.000000000000000000e+03
8.250000000000000000e+04 1.622999999999999545e+03 0.000000000000000000e+00
8.250000000000000000e+04 1.622999999999999545e+03 5.000000000000000000e+02
8.250000000000000000e+04 1.622999999999999545e+03 1.000000000000000000e+03
8.250000000000000000e+04 1.622999999999999773e+03 1.500000000000000000e+03
8.250000000000000000e+04 1.622999999999999545e+03 2.000000000000000000e+03
8.300000000000000000e+04 1.623000000000000000e+03 0.000000000000000000e+00
8.300000000000000000e+04 1.622999999999999091e+03 5.000000000000000000e+02
8.300000000000000000e+04 1.622999999999999773e+03 1.000000000000000000e+03
8.300000000000000000e+04 1.622999999999999318e+03 1.500000000000000000e+03
8.300000000000000000e+04 1.623000000000000000e+03 2.000000000000000000e+03
8.350000000000000000e+04 1.622999999999999545e+03 0.000000000000000000e+00
8.350000000000000000e+04 1.622999999999999318e+03 5.000000000000000000e+02
8.350000000000000000e+04 1.622999999999998863e+03 1.000000000000000000e+03
8.350000000000000000e+04 1.622999999999999091e+03 1.500000000000000000e+03
8.350000000000000000e+04 1.622999999999998863e+03 2.000000000000000000e+03
8.400000000000000000e+04 1.622999999999999545e+03 0.000000000000000000e+00
8.400000000000000000e+04 1.622999999999999091e+03 5.000000000000000000e+02
8.400000000000000000e+04 1.622999999999999091e+03 1.000000000000000000e+03
8.400000000000000000e+04 1.622999999999999091e+03 1.500000000000000000e+03
8.400000000000000000e+04 1.622999999999999773e+03 2.000000000000000000e+03
8.450000000000000000e+04 1.622999999999999773e+03 0.000000000000000000e+00
8.450000000000000000e+04 1.622999999999999318e+03 5.000000000000000000e+02
8.450000000000000000e+04 1.622999999999999545e+03 1.000000000000000000e+03
8.450000000000000000e+04 1.622999999999999545e+03 1.500000000000000000e+03
8.450000000000000000e+04 1.622999999999999773e+03 2.000000000000000000e+03
8.500000000000000000e+04 1.623000000000000227e+03 0.000000000000000000e+00
8.500000000000000000e+04 1.623000000000000455e+03 5.000000000000000000e+02
8.500000000000000000e+04 1.622999999999999091e+03 1.000000000000000000e+03
8.500000000000000000e+04 1.623000000000000227e+03 1.500000000000000000e+03
8.500000000000000000e+04 1.622999999999999773e+03 2.000000000000000000e+03
8.550000000000000000e+04 1.623000000000000227e+03 0.000000000000000000e+00
8.550000000000000000e+04 1.623000000000000000e+03 5.000000000000000000e+02
8.550000000000000000e+04 1.622999999999999545e+03 1.000000000000000000e+03
8.550000000000000000e+04 1.622999999999999545e+03 1.500000000000000000e+03
8.550000000000000000e+04 1.622999999999999545e+03 2.000000000000000000e+03
8.600000000000000000e+04 1.623000000000000227e+03 0.000000000000000000e+00
8.600000000000000000e+04 1.622999999999999773e+03 5.000000000000000000e+02
8.600000000000000000e+04 1.622999999999999773e+03 1.000000000000000000e+03
8.600000000000000000e+04 1.622999999999999091e+03 1.500000000000000000e+03
8.600000000000000000e+04 1.623000000000000455e+03 2.000000000000000000e+03
8.650000000000000000e+04 1.622999999999999773e+03 0.000000000000000000e+00
8.650000000000000000e+04 1.622999999999999773e+03 5.000000000000000000e+02
8.650000000000000000e+04 1.622999999999999545e+03 1.000000000000000000e+03
8.650000000000000000e+04 1.622999999999999545e+03 1.500000000000000000e+03
8.650000000000000000e+04 1.622999999999999545e+03 2.000000000000000000e+03
8.700000000000000000e+04 1.623000000000000455e+03 0.000000000000000000e+00
8.700000000000000000e+04 1.622999999999999773e+03 5.000000000000000000e+02
8.700000000000000000e+04 1.623000000000000000e+03 1.000000000000000000e+03
8.700000000000000000e+04 1.623000000000000000e+03 1.500000000000000000e+03
8.700000000000000000e+04 1.623000000000000000e+03 2.000000000000000000e+03
8.750000000000000000e+04 1.622999999999999318e+03 0.000000000000000000e+00
8.750000000000000000e+04 1.622999999999999545e+03 5.000000000000000000e+02
8.750000000000000000e+04 1.622999999999999545e+03 1.000000000000000000e+03
8.750000000000000000e+04 1.623000000000000227e+03 1.500000000000000000e+03
8.750000000000000000e+04 1.623000000000000227e+03 2.000000000000000000e+03
8.800000000000000000e+04 1.622999999999999773e+03 0.000000000000000000e+00
8.800000000000000000e+04 1.622999999999999773e+03 5.000000000000000000e+02
8.800000000000000000e+04 1.623000000000000227e+03 1.000000000000000000e+03
8.800000000000000000e+04 1.622999999999999545e+03 1.500000000000000000e+03
8.800000000000000000e+04 1.623000000000000455e+03 2.000000000000000000e+03
8.850000000000000000e+04 1.622999999999999318e+03 0.000000000000000000e+00
8.850000000000000000e+04 1.623000000000000000e+03 5.000000000000000000e+02
8.850000000000000000e+04 1.622999999999999318e+03 1.000000000000000000e+03
8.850000000000000000e+04 1.622999999999999545e+03 1.500000000000000000e+03
8.850000000000000000e+04 1.622999999999999773e+03 2.000000000000000000e+03
8.900000000000000000e+04 1.622999999999999545e+03 0.000000000000000000e+00
8.900000000000000000e+04 1.622999999999999545e+03 5.000000000000000000e+02
8.900000000000000000e+04 1.623000000000000455e+03 1.000000000000000000e+03
8.900000000000000000e+04 1.623000000000000000e+03 1.500000000000000000e+03
8.900000000000000000e+04 1.623000000000000455e+03 2.000000000000000000e+03
8.950000000000000000e+04 1.622999999999999318e+03 0.000000000000000000e+00
8.950000000000000000e+04 1.622999999999999773e+03 5.000000000000000000e+02
8.950000000000000000e+04 1.622999999999999545e+03 1.000000000000000000e+03
8.950000000000000000e+04 1.623000000000000000e+03 1.500000000000000000e+03
8.950000000000000000e+04 1.622999999999999773e+03 2.000000000000000000e+03
9.000000000000000000e+04 1.623000000000000000e+03 0.000000000000000000e+00
9.000000000000000000e+04 1.622999999999999773e+03 5.000000000000000000e+02
9.000000000000000000e+04 1.623000000000000682e+03 1.000000000000000000e+03
9.000000000000000000e+04 1.622999999999999091e+03 1.500000000000000000e+03
9.000000000000000000e+04 1.623000000000000455e+03 2.000000000000000000e+03
9.050000000000000000e+04 1.622999999999999318e+03 0.000000000000000000e+00
9.050000000000000000e+04 1.623000000000000227e+03 5.000000000000000000e+02
9.050000000000000000e+04 1.622999999999999318e+03 1.000000000000000000e+03
9.050000000000000000e+04 1.622999999999999773e+03 1.500000000000000000e+03
9.050000000000000000e+04 1.622999999999999545e+03 2.000000000000000000e+03
9.100000000000000000e+04 1.622999999999999773e+03 0.000000000000000000e+00
9.100000000000000000e+04 1.622999999999999545e+03 5.000000000000000000e+02
9.100000000000000000e+04 1.623000000000000227e+03 1.000000000000000000e+03
9.100000000000000000e+04 1.622999999999999545e+03 1.500000000000000000e+03
9.100000000000000000e+04 1.623000000000000227e+03 2.000000000000000000e+03
9.150000000000000000e+04 1.622999999999999773e+03 0.000000000000000000e+00
9.150000000000000000e+04 1.623000000000000000e+03 5.000000000000000000e+02
9.150000000000000000e+04 1.623000000000000227e+03 1.000000000000000000e+03
9.150000000000000000e+04 1.622999999999999773e+03 1.500000000000000000e+03
9.150000000000000000e+04 1.622999999999999545e+03 2.000000000000000000e+03
9.200000000000000000e+04 1.623000000000000455e+03 0.000000000000000000e+00
9.200000000000000000e+04 1.623000000000000000e+03 5.000000000000000000e+02
9.200000000000000000e+04 1.623000000000000455e+03 1.000000000000000000e+03
9.200000000000000000e+04 1.623000000000000000e+03 1.500000000000000000e+03
9.200000000000000000e+04 1.623000000000000227e+03 2.000000000000000000e+03
9.250000000000000000e+04 1.622999999999999545e+03 0.000000000000000000e+00
9.250000000000000000e+04 1.623000000000000000e+03 5.000000000000000000e+02
9.250000000000000000e+04 1.623000000000000000e+03 1.000000000000000000e+03
9.250000000000000000e+04 1.622999999999999773e+03 1.500000000000000000e+03
9.250000000000000000e+04 1.622999999999999545e+03 2.000000000000000000e+03
9.300000000000000000e+04 1.623000000000000000e+03 0.000000000000000000e+00
9.300000000000000000e+04 1.622999999999999545e+03 5.000000000000000000e+02
9.300000000000000000e+04 1.623000000000000227e+03 1.000000000000000000e+03
9.300000000000000000e+04 1.623000000000000000e+03 1.500000000000000000e+03
9.300000000000000000e+04 1.623000000000000682e+03 2.000000000000000000e+03
9.350000000000000000e+04 1.622999999999998863e+03 0.000000000000000000e+00
9.350000000000000000e+04 1.622999999999999091e+03 5.000000000000000000e+02
9.350000000000000000e+04 1.622999999999999318e+03 1.000000000000000000e+03
9.350000000000000000e+04 1.622999999999999545e+03 1.500000000000000000e+03
9.350000000000000000e+04 1.622999999999999318e+03 2.000000000000000000e+03
9.400000000000000000e+04 1.623000000000000000e+03 0.000000000000000000e+00
9.400000000000000000e+04 1.622999999999999318e+03 5.000000000000000000e+02
9.400000000000000000e+04 1.623000000000000000e+03 1.000000000000000000e+03
9.400000000000000000e+04 1.622999999999999773e+03 1.500000000000000000e+03
9.400000000000000000e+04 1.622999999999999545e+03 2.000000000000000000e+03
9.450000000000000000e+04 1.622999999999999091e+03 0.000000000000000000e+00
9.450000000000000000e+04 1.622999999999999318e+03 5.000000000000000000e+02
9.450000000000000000e+04 1.622999999999999318e+03 1.000000000000000000e+03
9.450000000000000000e+04 1.622999999999999545e+03 1.500000000000000000e+03
9.450000000000000000e+04 1.622999999999999773e+03 2.000000000000000000e+03
9.500000000000000000e+04 1.622999999999999318e+03 0.000000000000000000e+00
9.500000000000000000e+04 1.622999999999999318e+03 5.000000000000000000e+02
9.500000000000000000e+04 1.623000000000000000e+03 1.000000000000000000e+03
9.500000000000000000e+04 1.622999999999999091e+03 1.500000000000000000e+03
9.500000000000000000e+04 1.622999999999999545e+03 2.000000000000000000e+03
9.550000000000000000e+04 1.622999999999999545e+03 0.000000000000000000e+00
9.550000000000000000e+04 1.623000000000000000e+03 5.000000000000000000e+02
9.550000000000000000e+04 1.622999999999999545e+03 1.000000000000000000e+03
9.550000000000000000e+04 1.623000000000000000e+03 1.500000000000000000e+03
9.550000000000000000e+04 1.622999999999999091e+03 2.000000000000000000e+03
9.600000000000000000e+04 1.622999999999999545e+03 0.000000000000000000e+00
9.600000000000000000e+04 1.622999999999999318e+03 5.000000000000000000e+02
9.600000000000000000e+04 1.622999999999999773e+03 1.000000000000000000e+03
9.600000000000000000e+04 1.622999999999999545e+03 1.500000000000000000e+03
9.600000000000000000e+04 1.623000000000000227e+03 2.000000000000000000e+03
9.650000000000000000e+04 1.623000000000000000e+03 0.000000000000000000e+00
9.650000000000000000e+04 1.622999999999999773e+03 5.000000000000000000e+02
9.650000000000000000e+04 1.622999999999999545e+03 1.000000000000000000e+03
9.650000000000000000e+04 1.622999999999999545e+03 1.500000000000000000e+03
9.650000000000000000e+04 1.622999999999999545e+03 2.000000000000000000e+03
9.700000000000000000e+04 1.623000000000000227e+03 0.000000000000000000e+00
9.700000000000000000e+04 1.622999999999999773e+03 5.000000000000000000e+02
9.700000000000000000e+04 1.622999999999999773e+03 1.000000000000000000e+03
9.700000000000000000e+04 1.622999999999999318e+03 1.500000000000000000e+03
9.700000000000000000e+04 1.623000000000000455e+03 2.000000000000000000e+03
9.750000000000000000e+04 1.622999999999999545e+03 0.000000000000000000e+00
9.750000000000000000e+04 1.622999999999999318e+03 5.000000000000000000e+02
9.750000000000000000e+04 1.623000000000000000e+03 1.000000000000000000e+03
9.750000000000000000e+04 1.622999999999999545e+03 1.500000000000000000e+03
9.750000000000000000e+04 1.623000000000000000e+03 2.000000000000000000e+03
9.800000000000000000e+04 1.622999999999999545e+03 0.000000000000000000e+00
9.800000000000000000e+04 1.622999999999999545e+03 5.000000000000000000e+02
9.800000000000000000e+04 1.623000000000000000e+03 1.000000000000000000e+03
9.800000000000000000e+04 1.622999999999999091e+03 1.500000000000000000e+03
9.800000000000000000e+04 1.622999999999999545e+03 2.000000000000000000e+03
9.850000000000000000e+04 1.622999999999999318e+03 0.000000000000000000e+00
9.850000000000000000e+04 1.622999999999999545e+03 5.000000000000000000e+02
9.850000000000000000e+04 1.622999999999999773e+03 1.000000000000000000e+03
9.850000000000000000e+04 1.622999999999999545e+03 1.500000000000000000e+03
9.850000000000000000e+04 1.622999999999999545e+03 2.000000000000000000e+03
9.900000000000000000e+04 1.623000000000000000e+03 0.000000000000000000e+00
9.900000000000000000e+04 1.622999999999999318e+03 5.000000000000000000e+02
9.900000000000000000e+04 1.622999999999999091e+03 1.000000000000000000e+03
9.900000000000000000e+04 1.622999999999999545e+03 1.500000000000000000e+03
9.900000000000000000e+04 1.622999999999999773e+03 2.000000000000000000e+03
9.950000000000000000e+04 1.622999999999999091e+03 0.000000000000000000e+00
9.950000000000000000e+04 1.622999999999998863e+03 5.000000000000000000e+02
9.950000000000000000e+04 1.622999999999998863e+03 1.000000000000000000e+03
9.950000000000000000e+04 1.622999999999998863e+03 1.500000000000000000e+03
9.950000000000000000e+04 1.622999999999998863e+03 2.000000000000000000e+03
1.000000000000000000e+05 1.622999999999999545e+03 0.000000000000000000e+00
1.000000000000000000e+05 1.622999999999999091e+03 5.000000000000000000e+02
1.000000000000000000e+05 1.622999999999999773e+03 1.000000000000000000e+03
1.000000000000000000e+05 1.622999999999999545e+03 1.500000000000000000e+03
1.000000000000000000e+05 1.623000000000000227e+03 2.000000000000000000e+03
1.005000000000000000e+05 1.622999999999999773e+03 0.000000000000000000e+00
1.005000000000000000e+05 1.623000000000000000e+03 5.000000000000000000e+02
1.005000000000000000e+05 1.623000000000000000e+03 1.000000000000000000e+03
1.005000000000000000e+05 1.623000000000000000e+03 1.500000000000000000e+03
1.005000000000000000e+05 1.622999999999999773e+03 2.000000000000000000e+03
1.010000000000000000e+05 1.623000000000000455e+03 0.000000000000000000e+00
1.010000000000000000e+05 1.622999999999999545e+03 5.000000000000000000e+02
1.010000000000000000e+05 1.623000000000000000e+03 1.000000000000000000e+03
1.010000000000000000e+05 1.622999999999999091e+03 1.500000000000000000e+03
1.010000000000000000e+05 1.622999999999999318e+03 2.000000000000000000e+03
1.015000000000000000e+05 1.623000000000000227e+03 0.000000000000000000e+00
1.015000000000000000e+05 1.623000000000000000e+03 5.000000000000000000e+02
1.015000000000000000e+05 1.622999999999999318e+03 1.000000000000000000e+03
1.015000000000000000e+05 1.622999999999999091e+03 1.500000000000000000e+03
1.015000000000000000e+05 1.622999999999998863e+03 2.000000000000000000e+03
1.020000000000000000e+05 1.623000000000000000e+03 0.000000000000000000e+00
1.020000000000000000e+05 1.623000000000000000e+03 5.000000000000000000e+02
1.020000000000000000e+05 1.623000000000000909e+03 1.000000000000000000e+03
1.020000000000000000e+05 1.622999999999999091e+03 1.500000000000000000e+03
1.020000000000000000e+05 1.623000000000000000e+03 2.000000000000000000e+03
1.025000000000000000e+05 1.622999999999999318e+03 0.000000000000000000e+00
1.025000000000000000e+05 1.622999999999999318e+03 5.000000000000000000e+02
1.025000000000000000e+05 1.622999999999999545e+03 1.000000000000000000e+03
1.025000000000000000e+05 1.622999999999999545e+03 1.500000000000000000e+03
1.025000000000000000e+05 1.622999999999999545e+03 2.000000000000000000e+03
1.030000000000000000e+05 1.623000000000000227e+03 0.000000000000000000e+00
1.030000000000000000e+05 1.622999999999999091e+03 5.000000000000000000e+02
1.030000000000000000e+05 1.622999999999999545e+03 1.000000000000000000e+03
1.030000000000000000e+05 1.623000000000000227e+03 1.500000000000000000e+03
1.030000000000000000e+05 1.623000000000000227e+03 2.000000000000000000e+03
1.035000000000000000e+05 1.622999999999998863e+03 0.000000000000000000e+00
1.035000000000000000e+05 1.622999999999999091e+03 5.000000000000000000e+02
1.035000000000000000e+05 1.622999999999999545e+03 1.000000000000000000e+03
1.035000000000000000e+05 1.622999999999999091e+03 1.500000000000000000e+03
1.035000000000000000e+05 1.622999999999999091e+03 2.000000000000000000e+03
1.040000000000000000e+05 1.622999999999999545e+03 0.000000000000000000e+00
1.040000000000000000e+05 1.622999999999998636e+03 5.000000000000000000e+02
1.040000000000000000e+05 1.623000000000000000e+03 1.000000000000000000e+03
1.040000000000000000e+05 1.622999999999998863e+03 1.500000000000000000e+03
1.040000000000000000e+05 1.622999999999999773e+03 2.000000000000000000e+03
1.045000000000000000e+05 1.622999999999999545e+03 0.000000000000000000e+00
1.045000000000000000e+05 1.622999999999999091e+03 5.000000000000000000e+02
1.045000000000000000e+05 1.622999999999999318e+03 1.000000000000000000e+03
1.045000000000000000e+05 1.622999999999999318e+03 1.500000000000000000e+03
1.045000000000000000e+05 1.622999999999999091e+03 2.000000000000000000e+03
1.050000000000000000e+05 1.622999999999999318e+03 0.000000000000000000e+00
1.050000000000000000e+05 1.622999999999999091e+03 5.000000000000000000e+02
1.050000000000000000e+05 1.622999999999999773e+03 1.000000000000000000e+03
1.050000000000000000e+05 1.622999999999999091e+03 1.500000000000000000e+03
1.050000000000000000e+05 1.622999999999999545e+03 2.000000000000000000e+03
1.055000000000000000e+05 1.622999999999999318e+03 0.000000000000000000e+00
1.055000000000000000e+05 1.623000000000000000e+03 5.000000000000000000e+02
1.055000000000000000e+05 1.622999999999999545e+03 1.000000000000000000e+03
1.055000000000000000e+05 1.622999999999999545e+03 1.500000000000000000e+03
1.055000000000000000e+05 1.622999999999999318e+03 2.000000000000000000e+03
1.060000000000000000e+05 1.623000000000000000e+03 0.000000000000000000e+00
1.060000000000000000e+05 1.623000000000000000e+03 5.000000000000000000e+02
1.060000000000000000e+05 1.623000000000000455e+03 1.000000000000000000e+03
1.060000000000000000e+05 1.622999999999999091e+03 1.500000000000000000e+03
1.060000000000000000e+05 1.623000000000000455e+03 2.000000000000000000e+03
1.065000000000000000e+05 1.622999999999999318e+03 0.000000000000000000e+00
1.065000000000000000e+05 1.623000000000000000e+03 5.000000000000000000e+02
1.065000000000000000e+05 1.622999999999999545e+03 1.000000000000000000e+03
1.065000000000000000e+05 1.623000000000000227e+03 1.500000000000000000e+03
1.065000000000000000e+05 1.623000000000000682e+03 2.000000000000000000e+03
1.070000000000000000e+05 1.623000000000000000e+03 0.000000000000000000e+00
1.070000000000000000e+05 1.622999999999999091e+03 5.000000000000000000e+02
1.070000000000000000e+05 1.623000000000000227e+03 1.000000000000000000e+03
1.070000000000000000e+05 1.622999999999999318e+03 1.500000000000000000e+03
1.070000000000000000e+05 1.622999999999999318e+03 2.000000000000000000e+03
1.075000000000000000e+05 1.622999999999999091e+03 0.000000000000000000e+00
1.075000000000000000e+05 1.622999999999999773e+03 5.000000000000000000e+02
1.075000000000000000e+05 1.622999999999999091e+03 1.000000000000000000e+03
1.075000000000000000e+05 1.622999999999999545e+03 1.500000000000000000e+03
1.075000000000000000e+05 1.622999999999999318e+03 2.000000000000000000e+03
1.080000000000000000e+05 1.622999999999999773e+03 0.000000000000000000e+00
1.080000000000000000e+05 1.622999999999998636e+03 5.000000000000000000e+02
1.080000000000000000e+05 1.623000000000000000e+03 1.000000000000000000e+03
1.080000000000000000e+05 1.622999999999999773e+03 1.500000000000000000e+03
1.080000000000000000e+05 1.623000000000000455e+03 2.000000000000000000e+03
1.085000000000000000e+05 1.622999999999999318e+03 0.000000000000000000e+00
1.085000000000000000e+05 1.622999999999999318e+03 5.000000000000000000e+02
1.085000000000000000e+05 1.622999999999999318e+03 1.000000000000000000e+03
1.085000000000000000e+05 1.622999999999999318e+03 1.500000000000000000e+03
1.085000000000000000e+05 1.622999999999999773e+03 2.000000000000000000e+03
1.090000000000000000e+05 1.623000000000000455e+03 0.000000000000000000e+00
1.090000000000000000e+05 1.622999999999999545e+03 5.000000000000000000e+02
1.090000000000000000e+05 1.622999999999999545e+03 1.000000000000000000e+03
1.090000000000000000e+05 1.622999999999999773e+03 1.500000000000000000e+03
1.090000000000000000e+05 1.623000000000000455e+03 2.000000000000000000e+03
1.095000000000000000e+05 1.622999999999999318e+03 0.000000000000000000e+00
1.095000000000000000e+05 1.622999999999999545e+03 5.000000000000000000e+02
1.095000000000000000e+05 1.622999999999999545e+03 1.000000000000000000e+03
1.095000000000000000e+05 1.622999999999999091e+03 1.500000000000000000e+03
1.095000000000000000e+05 1.622999999999999091e+03 2.000000000000000000e+03
1.100000000000000000e+05 1.622999999999999773e+03 0.000000000000000000e+00
1.100000000000000000e+05 1.622999999999999773e+03 5.000000000000000000e+02
1.100000000000000000e+05 1.622999999999999318e+03 1.000000000000000000e+03
1.100000000000000000e+05 1.622999999999999091e+03 1.500000000000000000e+03
1.100000000000000000e+05 1.623000000000000000e+03 2.000000000000000000e+03
1.105000000000000000e+05 1.623000000000000000e+03 0.000000000000000000e+00
1.105000000000000000e+05 1.623000000000000227e+03 5.000000000000000000e+02
1.105000000000000000e+05 1.622999999999999773e+03 1.000000000000000000e+03
1.105000000000000000e+05 1.623000000000000000e+03 1.500000000000000000e+03
1.105000000000000000e+05 1.622999999999999545e+03 2.000000000000000000e+03
1.110000000000000000e+05 1.623000000000000227e+03 0.000000000000000000e+00
1.110000000000000000e+05 1.622999999999999773e+03 5.000000000000000000e+02
1.110000000000000000e+05 1.622999999999999545e+03 1.000000000000000000e+03
1.110000000000000000e+05 1.622999999999999091e+03 1.500000000000000000e+03
1.110000000000000000e+05 1.623000000000000227e+03 2.000000000000000000e+03
1.115000000000000000e+05 1.622999999999999318e+03 0.000000000000000000e+00
1.115000000000000000e+05 1.622999999999999545e+03 5.000000000000000000e+02
1.115000000000000000e+05 1.622999999999998863e+03 1.000000000000000000e+03
1.115000000000000000e+05 1.622999999999999091e+03 1.500000000000000000e+03
1.115000000000000000e+05 1.622999999999999091e+03 2.000000000000000000e+03
1.120000000000000000e+05 1.622999999999998408e+03 0.000000000000000000e+00
1.120000000000000000e+05 1.622999999999998181e+03 5.000000000000000000e+02
1.120000000000000000e+05 1.622999999999998408e+03 1.000000000000000000e+03
1.120000000000000000e+05 1.622999999999997499e+03 1.500000000000000000e+03
1.120000000000000000e+05 1.622999999999998636e+03 2.000000000000000000e+03
1.125000000000000000e+05 1.622999999999994543e+03 0.000000000000000000e+00
1.125000000000000000e+05 1.622999999999994088e+03 5.000000000000000000e+02
1.125000000000000000e+05 1.622999999999994088e+03 1.000000000000000000e+03
1.125000000000000000e+05 1.622999999999993634e+03 1.500000000000000000e+03
1.125000000000000000e+05 1.622999999999993634e+03 2.000000000000000000e+03
1.130000000000000000e+05 1.622999999999977263e+03 0.000000000000000000e+00
1.130000000000000000e+05 1.622999999999976581e+03 5.000000000000000000e+02
1.130000000000000000e+05 1.622999999999977263e+03 1.000000000000000000e+03
1.130000000000000000e+05 1.622999999999976353e+03 1.500000000000000000e+03
1.130000000000000000e+05 1.622999999999977490e+03 2.000000000000000000e+03
1.135000000000000000e+05 1.622999999999924739e+03 0.000000000000000000e+00
1.135000000000000000e+05 1.622999999999924285e+03 5.000000000000000000e+02
1.135000000000000000e+05 1.622999999999924967e+03 1.000000000000000000e+03
1.135000000000000000e+05 1.622999999999924739e+03 1.500000000000000000e+03
1.135000000000000000e+05 1.622999999999924285e+03 2.000000000000000000e+03
1.140000000000000000e+05 1.622999999999689635e+03 0.000000000000000000e+00
1.140000000000000000e+05 1.622999999999688953e+03 5.000000000000000000e+02
1.140000000000000000e+05 1.622999999999689635e+03 1.000000000000000000e+03
1.140000000000000000e+05 1.622999999999688725e+03 1.500000000000000000e+03
1.140000000000000000e+05 1.622999999999689635e+03 2.000000000000000000e+03
1.145000000000000000e+05 1.622999999998948397e+03 0.000000000000000000e+00
1.145000000000000000e+05 1.622999999998948624e+03 5.000000000000000000e+02
1.145000000000000000e+05 1.622999999998948397e+03 1.000000000000000000e+03
1.145000000000000000e+05 1.622999999998948397e+03 1.500000000000000000e+03
1.145000000000000000e+05 1.622999999998948397e+03 2.000000000000000000e+03
1.150000000000000000e+05 1.622999999995629196e+03 0.000000000000000000e+00
1.150000000000000000e+05 1.622999999995629423e+03 5.000000000000000000e+02
1.150000000000000000e+05 1.622999999995628968e+03 1.000000000000000000e+03
1.150000000000000000e+05 1.622999999995628741e+03 1.500000000000000000e+03
1.150000000000000000e+05 1.622999999995629423e+03 2.000000000000000000e+03
1.155000000000000000e+05 1.622999999985193426e+03 0.000000000000000000e+00
1.155000000000000000e+05 1.622999999985193654e+03 5.000000000000000000e+02
1.155000000000000000e+05 1.622999999985193654e+03 1.000000000000000000e+03
1.155000000000000000e+05 1.622999999985194108e+03 1.500000000000000000e+03
1.155000000000000000e+05 1.622999999985193426e+03 2.000000000000000000e+03
1.160000000000000000e+05 1.622999999938409928e+03 0.000000000000000000e+00
1.160000000000000000e+05 1.622999999938409246e+03 5.000000000000000000e+02
1.160000000000000000e+05 1.622999999938409928e+03 1.000000000000000000e+03
1.160000000000000000e+05 1.622999999938410156e+03 1.500000000000000000e+03
1.160000000000000000e+05 1.622999999938410610e+03 2.000000000000000000e+03
1.165000000000000000e+05 1.622999999791348728e+03 0.000000000000000000e+00
1.165000000000000000e+05 1.622999999791348728e+03 5.000000000000000000e+02
1.165000000000000000e+05 1.622999999791348728e+03 1.000000000000000000e+03
1.165000000000000000e+05 1.622999999791349410e+03 1.500000000000000000e+03
1.165000000000000000e+05 1.622999999791348955e+03 2.000000000000000000e+03
1.170000000000000000e+05 1.622999999132056018e+03 0.000000000000000000e+00
1.170000000000000000e+05 1.622999999132055564e+03 5.000000000000000000e+02
1.170000000000000000e+05 1.622999999132056246e+03 1.000000000000000000e+03
1.170000000000000000e+05 1.622999999132056018e+03 1.500000000000000000e+03
1.170000000000000000e+05 1.622999999132056928e+03 2.000000000000000000e+03
1.175000000000000000e+05 1.622999997059642055e+03 0.000000000000000000e+00
1.175000000000000000e+05 1.622999997059642737e+03 5.000000000000000000e+02
1.175000000000000000e+05 1.622999997059643647e+03 1.000000000000000000e+03
1.175000000000000000e+05 1.622999997059643420e+03 1.500000000000000000e+03
1.175000000000000000e+05 1.622999997059643420e+03 2.000000000000000000e+03
1.180000000000000000e+05 1.622999987768723940e+03 0.000000000000000000e+00
1.180000000000000000e+05 1.622999987768723258e+03 5.000000000000000000e+02
1.180000000000000000e+05 1.622999987768725077e+03 1.000000000000000000e+03
1.180000000000000000e+05 1.622999987768724395e+03 1.500000000000000000e+03
1.180000000000000000e+05 1.622999987768725077e+03 2.000000000000000000e+03
1.185000000000000000e+05 1.622999958563763812e+03 0.000000000000000000e+00
1.185000000000000000e+05 1.622999958563763812e+03 5.000000000000000000e+02
1.185000000000000000e+05 1.622999958563764494e+03 1.000000000000000000e+03
1.185000000000000000e+05 1.622999958563764949e+03 1.500000000000000000e+03
1.185000000000000000e+05 1.622999958563765176e+03 2.000000000000000000e+03
1.190000000000000000e+05 1.622999827633831956e+03 0.000000000000000000e+00
1.190000000000000000e+05 1.622999827633832183e+03 5.000000000000000000e+02
1.190000000000000000e+05 1.622999827633833320e+03 1.000000000000000000e+03
1.190000000000000000e+05 1.622999827633833092e+03 1.500000000000000000e+03
1.190000000000000000e+05 1.622999827633833092e+03 2.000000000000000000e+03
1.195000000000000000e+05 1.622999416070291318e+03 0.000000000000000000e+00
1.195000000000000000e+05 1.622999416070291772e+03 5.000000000000000000e+02
1.195000000000000000e+05 1.622999416070291772e+03 1.000000000000000000e+03
1.195000000000000000e+05 1.622999416070292455e+03 1.500000000000000000e+03
1.195000000000000000e+05 1.622999416070292227e+03 2.000000000000000000e+03
1.200000000000000000e+05 1.622997570973157735e+03 0.000000000000000000e+00
1.200000000000000000e+05 1.622997570973157053e+03 5.000000000000000000e+02
1.200000000000000000e+05 1.622997570973158190e+03 1.000000000000000000e+03
1.200000000000000000e+05 1.622997570973157281e+03 1.500000000000000000e+03
1.200000000000000000e+05 1.622997570973158645e+03 2.000000000000000000e+03
1.205000000000000000e+05 1.622991771117496000e+03 0.000000000000000000e+00
1.205000000000000000e+05 1.622991771117496228e+03 5.000000000000000000e+02
1.205000000000000000e+05 1.622991771117496455e+03 1.000000000000000000e+03
1.205000000000000000e+05 1.622991771117496910e+03 1.500000000000000000e+03
1.205000000000000000e+05 1.622991771117496683e+03 2.000000000000000000e+03
1.210000000000000000e+05 1.622965769550287860e+03 0.000000000000000000e+00
1.210000000000000000e+05 1.622965769550288087e+03 5.000000000000000000e+02
1.210000000000000000e+05 1.622965769550288087e+03 1.000000000000000000e+03
1.210000000000000000e+05 1.622965769550288087e+03 1.500000000000000000e+03
1.210000000000000000e+05 1.622965769550288314e+03 2.000000000000000000e+03
1.215000000000000000e+05 1.622884036543407092e+03 0.000000000000000000e+00
1.215000000000000000e+05 1.622884036543406637e+03 5.000000000000000000e+02
1.215000000000000000e+05 1.622884036543406864e+03 1.000000000000000000e+03
1.215000000000000000e+05 1.622884036543407319e+03 1.500000000000000000e+03
1.215000000000000000e+05 1.622884036543406410e+03 2.000000000000000000e+03
1.220000000000000000e+05 1.622517615998539213e+03 0.000000000000000000e+00
1.220000000000000000e+05 1.622517615998539668e+03 5.000000000000000000e+02
1.220000000000000000e+05 1.622517615998540577e+03 1.000000000000000000e+03
1.220000000000000000e+05 1.622517615998539441e+03 1.500000000000000000e+03
1.220000000000000000e+05 1.622517615998539668e+03 2.000000000000000000e+03
1.225000000000000000e+05 1.621365814160022410e+03 0.000000000000000000e+00
1.225000000000000000e+05 1.621365814160022637e+03 5.000000000000000000e+02
1.225000000000000000e+05 1.621365814160022637e+03 1.000000000000000000e+03
1.225000000000000000e+05 1.621365814160022865e+03 1.500000000000000000e+03
1.225000000000000000e+05 1.621365814160022637e+03 2.000000000000000000e+03
1.230000000000000000e+05 1.616202124809147790e+03 0.000000000000000000e+00
1.230000000000000000e+05 1.616202124809146653e+03 5.000000000000000000e+02
1.230000000000000000e+05 1.616202124809148017e+03 1.000000000000000000e+03
1.230000000000000000e+05 1.616202124809146653e+03 1.500000000000000000e+03
1.230000000000000000e+05 1.616202124809147335e+03 2.000000000000000000e+03
1.235000000000000000e+05 1.599970647150013292e+03 0.000000000000000000e+00
1.235000000000000000e+05 1.599970647150013747e+03 5.000000000000000000e+02
1.235000000000000000e+05 1.599970647150013974e+03 1.000000000000000000e+03
1.235000000000000000e+05 1.599970647150013519e+03 1.500000000000000000e+03
1.235000000000000000e+05 1.599970647150014884e+03 2.000000000000000000e+03
1.240000000000000000e+05 1.527202653963426883e+03 0.000000000000000000e+00
1.240000000000000000e+05 1.527202653963427110e+03 5.000000000000000000e+02
1.240000000000000000e+05 1.527202653963426656e+03 1.000000000000000000e+03
1.240000000000000000e+05 1.527202653963427110e+03 1.500000000000000000e+03
1.240000000000000000e+05 1.527202653963425746e+03 2.000000000000000000e+03
1.245000000000000000e+05 1.298464638283282511e+03 0.000000000000000000e+00
1.245000000000000000e+05 1.298464638283283421e+03 5.000000000000000000e+02
1.245000000000000000e+05 1.298464638283286376e+03 1.000000000000000000e+03
1.245000000000000000e+05 1.298464638283283193e+03 1.500000000000000000e+03
1.245000000000000000e+05 1.298464638283289105e+03 2.000000000000000000e+03
1.250000000000000000e+05 2.730000000000000000e+02 0.000000000000000000e+00
1.250000000000000000e+05 2.730000000000000000e+02 5.000000000000000000e+02
1.250000000000000000e+05 2.730000000000000000e+02 1.000000000000000000e+03
1.250000000000000000e+05 2.730000000000000000e+02 1.500000000000000000e+03
1.250000000000000000e+05 2.730000000000000000e+02 2.000000000000000000e+03
