# # y,T,x
0.000000000000000000e+00 1.623000000000000000e+03 0.000000000000000000e+00
0.000000000000000000e+00 1.623000000000000000e+03 5.000000000000000000e+02
0.000000000000000000e+00 1.622999999999999773e+03 1.000000000000000000e+03
0.000000000000000000e+00 1.623000000000000000e+03 1.500000000000000000e+03
0.000000000000000000e+00 1.623000000000000000e+03 2.000000000000000000e+03
5.000000000000000000e+02 1.622984643728128731e+03 0.000000000000000000e+00
5.000000000000000000e+02 1.622984643728129413e+03 5.000000000000000000e+02
5.000000000000000000e+02 1.622984643728129186e+03 1.000000000000000000e+03
5.000000000000000000e+02 1.622984643728129640e+03 1.500000000000000000e+03
5.000000000000000000e+02 1.622984643728129640e+03 2.000000000000000000e+03
1.000000000000000000e+03 1.622969233000464556e+03 0.000000000000000000e+00
1.000000000000000000e+03 1.622969233000463191e+03 5.000000000000000000e+02
1.000000000000000000e+03 1.622969233000464783e+03 1.000000000000000000e+03
1.000000000000000000e+03 1.622969233000463873e+03 1.500000000000000000e+03
1.000000000000000000e+03 1.622969233000464328e+03 2.000000000000000000e+03
1.500000000000000000e+03 1.622953713232854852e+03 0.000000000000000000e+00
1.500000000000000000e+03 1.622953713232855307e+03 5.000000000000000000e+02
1.500000000000000000e+03 1.622953713232855534e+03 1.000000000000000000e+03
1.500000000000000000e+03 1.622953713232855080e+03 1.500000000000000000e+03
1.500000000000000000e+03 1.622953713232855080e+03 2.000000000000000000e+03
2.000000000000000000e+03 1.622938029547506176e+03 0.000000000000000000e+00
2.000000000000000000e+03 1.622938029547505948e+03 5.000000000000000000e+02
2.000000000000000000e+03 1.622938029547506403e+03 1.000000000000000000e+03
2.000000000000000000e+03 1.622938029547506403e+03 1.500000000000000000e+03
2.000000000000000000e+03 1.622938029547507085e+03 2.000000000000000000e+03
2.500000000000000000e+03 1.622922126680901556e+03 0.000000000000000000e+00
2.500000000000000000e+03 1.622922126680901556e+03 5.000000000000000000e+02
2.500000000000000000e+03 1.622922126680901556e+03 1.000000000000000000e+03
2.500000000000000000e+03 1.622922126680902466e+03 1.500000000000000000e+03
2.500000000000000000e+03 1.622922126680902693e+03 2.000000000000000000e+03
3.000000000000000000e+03 1.622905948780722156e+03 0.000000000000000000e+00
3.000000000000000000e+03 1.622905948780721474e+03 5.000000000000000000e+02
3.000000000000000000e+03 1.622905948780722838e+03 1.000000000000000000e+03
3.000000000000000000e+03 1.622905948780721701e+03 1.500000000000000000e+03
3.000000000000000000e+03 1.622905948780723065e+03 2.000000000000000000e+03
3.500000000000000000e+03 1.622889439349580925e+03 0.000000000000000000e+00
3.500000000000000000e+03 1.622889439349581835e+03 5.000000000000000000e+02
3.500000000000000000e+03 1.622889439349582062e+03 1.000000000000000000e+03
3.500000000000000000e+03 1.622889439349581608e+03 1.500000000000000000e+03
3.500000000000000000e+03 1.622889439349581380e+03 2.000000000000000000e+03
4.000000000000000000e+03 1.622872541003123160e+03 0.000000000000000000e+00
4.000000000000000000e+03 1.622872541003122933e+03 5.000000000000000000e+02
4.000000000000000000e+03 1.622872541003123160e+03 1.000000000000000000e+03
4.000000000000000000e+03 1.622872541003123388e+03 1.500000000000000000e+03
4.000000000000000000e+03 1.622872541003122933e+03 2.000000000000000000e+03
4.500000000000000000e+03 1.622855195449287748e+03 0.000000000000000000e+00
4.500000000000000000e+03 1.622855195449288658e+03 5.000000000000000000e+02
4.500000000000000000e+03 1.622855195449288431e+03 1.000000000000000000e+03
4.500000000000000000e+03 1.622855195449289113e+03 1.500000000000000000e+03
4.500000000000000000e+03 1.622855195449288885e+03 2.000000000000000000e+03
5.000000000000000000e+03 1.622837343206374271e+03 0.000000000000000000e+00
5.000000000000000000e+03 1.622837343206373816e+03 5.000000000000000000e+02
5.000000000000000000e+03 1.622837343206374271e+03 1.000000000000000000e+03
5.000000000000000000e+03 1.622837343206373816e+03 1.500000000000000000e+03
5.000000000000000000e+03 1.622837343206374726e+03 2.000000000000000000e+03
5.500000000000000000e+03 1.622818923617748169e+03 0.000000000000000000e+00
5.500000000000000000e+03 1.622818923617748396e+03 5.000000000000000000e+02
5.500000000000000000e+03 1.622818923617748396e+03 1.000000000000000000e+03
5.500000000000000000e+03 1.622818923617748624e+03 1.500000000000000000e+03
5.500000000000000000e+03 1.622818923617748169e+03 2.000000000000000000e+03
6.000000000000000000e+03 1.622799874528478767e+03 0.000000000000000000e+00
6.000000000000000000e+03 1.622799874528478085e+03 5.000000000000000000e+02
6.000000000000000000e+03 1.622799874528479450e+03 1.000000000000000000e+03
6.000000000000000000e+03 1.622799874528478313e+03 1.500000000000000000e+03
6.000000000000000000e+03 1.622799874528478540e+03 2.000000000000000000e+03
6.500000000000000000e+03 1.622780132335597955e+03 0.000000000000000000e+00
6.500000000000000000e+03 1.622780132335598410e+03 5.000000000000000000e+02
6.500000000000000000e+03 1.622780132335598864e+03 1.000000000000000000e+03
6.500000000000000000e+03 1.622780132335598637e+03 1.500000000000000000e+03
6.500000000000000000e+03 1.622780132335599319e+03 2.000000000000000000e+03
7.000000000000000000e+03 1.622759631621743438e+03 0.000000000000000000e+00
7.000000000000000000e+03 1.622759631621743438e+03 5.000000000000000000e+02
7.000000000000000000e+03 1.622759631621744120e+03 1.000000000000000000e+03
7.000000000000000000e+03 1.622759631621744347e+03 1.500000000000000000e+03
7.000000000000000000e+03 1.622759631621744575e+03 2.000000000000000000e+03
7.500000000000000000e+03 1.622738305241274020e+03 0.000000000000000000e+00
7.500000000000000000e+03 1.622738305241274020e+03 5.000000000000000000e+02
7.500000000000000000e+03 1.622738305241273792e+03 1.000000000000000000e+03
7.500000000000000000e+03 1.622738305241274475e+03 1.500000000000000000e+03
7.500000000000000000e+03 1.622738305241274702e+03 2.000000000000000000e+03
8.000000000000000000e+03 1.622716083909181862e+03 0.000000000000000000e+00
8.000000000000000000e+03 1.622716083909181634e+03 5.000000000000000000e+02
8.000000000000000000e+03 1.622716083909181634e+03 1.000000000000000000e+03
8.000000000000000000e+03 1.622716083909181634e+03 1.500000000000000000e+03
8.000000000000000000e+03 1.622716083909182544e+03 2.000000000000000000e+03
8.500000000000000000e+03 1.622692896323558671e+03 0.000000000000000000e+00
8.500000000000000000e+03 1.622692896323558898e+03 5.000000000000000000e+02
8.500000000000000000e+03 1.622692896323558671e+03 1.000000000000000000e+03
8.500000000000000000e+03 1.622692896323558898e+03 1.500000000000000000e+03
8.500000000000000000e+03 1.622692896323558671e+03 2.000000000000000000e+03
9.000000000000000000e+03 1.622668668707890902e+03 0.000000000000000000e+00
9.000000000000000000e+03 1.622668668707891356e+03 5.000000000000000000e+02
9.000000000000000000e+03 1.622668668707892039e+03 1.000000000000000000e+03
9.000000000000000000e+03 1.622668668707892039e+03 1.500000000000000000e+03
9.000000000000000000e+03 1.622668668707892039e+03 2.000000000000000000e+03
9.500000000000000000e+03 1.622643324970556478e+03 0.000000000000000000e+00
9.500000000000000000e+03 1.622643324970556478e+03 5.000000000000000000e+02
9.500000000000000000e+03 1.622643324970556705e+03 1.000000000000000000e+03
9.500000000000000000e+03 1.622643324970556932e+03 1.500000000000000000e+03
9.500000000000000000e+03 1.622643324970556932e+03 2.000000000000000000e+03
1.000000000000000000e+04 1.622616786198460659e+03 0.000000000000000000e+00
1.000000000000000000e+04 1.622616786198460204e+03 5.000000000000000000e+02
1.000000000000000000e+04 1.622616786198461114e+03 1.000000000000000000e+03
1.000000000000000000e+04 1.622616786198459295e+03 1.500000000000000000e+03
1.000000000000000000e+04 1.622616786198459977e+03 2.000000000000000000e+03
1.050000000000000000e+04 1.622588970854428680e+03 0.000000000000000000e+00
1.050000000000000000e+04 1.622588970854428680e+03 5.000000000000000000e+02
1.050000000000000000e+04 1.622588970854429135e+03 1.000000000000000000e+03
1.050000000000000000e+04 1.622588970854428226e+03 1.500000000000000000e+03
1.050000000000000000e+04 1.622588970854428453e+03 2.000000000000000000e+03
1.100000000000000000e+04 1.622559794220012463e+03 0.000000000000000000e+00
1.100000000000000000e+04 1.622559794220012463e+03 5.000000000000000000e+02
1.100000000000000000e+04 1.622559794220012918e+03 1.000000000000000000e+03
1.100000000000000000e+04 1.622559794220012236e+03 1.500000000000000000e+03
1.100000000000000000e+04 1.622559794220012463e+03 2.000000000000000000e+03
1.150000000000000000e+04 1.622529168631830089e+03 0.000000000000000000e+00
1.150000000000000000e+04 1.622529168631830089e+03 5.000000000000000000e+02
1.150000000000000000e+04 1.622529168631829634e+03 1.000000000000000000e+03
1.150000000000000000e+04 1.622529168631829407e+03 1.500000000000000000e+03
1.150000000000000000e+04 1.622529168631829180e+03 2.000000000000000000e+03
1.200000000000000000e+04 1.622497002871215273e+03 0.000000000000000000e+00
1.200000000000000000e+04 1.622497002871215045e+03 5.000000000000000000e+02
1.200000000000000000e+04 1.622497002871215045e+03 1.000000000000000000e+03
1.200000000000000000e+04 1.622497002871214363e+03 1.500000000000000000e+03
1.200000000000000000e+04 1.622497002871215500e+03 2.000000000000000000e+03
1.250000000000000000e+04 1.622463202440759460e+03 0.000000000000000000e+00
1.250000000000000000e+04 1.622463202440759687e+03 5.000000000000000000e+02
1.250000000000000000e+04 1.622463202440759687e+03 1.000000000000000000e+03
1.250000000000000000e+04 1.622463202440760142e+03 1.500000000000000000e+03
1.250000000000000000e+04 1.622463202440759915e+03 2.000000000000000000e+03
1.300000000000000000e+04 1.622427668898364800e+03 0.000000000000000000e+00
1.300000000000000000e+04 1.622427668898364118e+03 5.000000000000000000e+02
1.300000000000000000e+04 1.622427668898365027e+03 1.000000000000000000e+03
1.300000000000000000e+04 1.622427668898364800e+03 1.500000000000000000e+03
1.300000000000000000e+04 1.622427668898365937e+03 2.000000000000000000e+03
1.350000000000000000e+04 1.622390300175396305e+03 0.000000000000000000e+00
1.350000000000000000e+04 1.622390300175396987e+03 5.000000000000000000e+02
1.350000000000000000e+04 1.622390300175396760e+03 1.000000000000000000e+03
1.350000000000000000e+04 1.622390300175396987e+03 1.500000000000000000e+03
1.350000000000000000e+04 1.622390300175397215e+03 2.000000000000000000e+03
1.400000000000000000e+04 1.622350989852597877e+03 0.000000000000000000e+00
1.400000000000000000e+04 1.622350989852597195e+03 5.000000000000000000e+02
1.400000000000000000e+04 1.622350989852598104e+03 1.000000000000000000e+03
1.400000000000000000e+04 1.622350989852597650e+03 1.500000000000000000e+03
1.400000000000000000e+04 1.622350989852599241e+03 2.000000000000000000e+03
1.450000000000000000e+04 1.622309627521453649e+03 0.000000000000000000e+00
1.450000000000000000e+04 1.622309627521454331e+03 5.000000000000000000e+02
1.450000000000000000e+04 1.622309627521454786e+03 1.000000000000000000e+03
1.450000000000000000e+04 1.622309627521455241e+03 1.500000000000000000e+03
1.450000000000000000e+04 1.622309627521454331e+03 2.000000000000000000e+03
1.500000000000000000e+04 1.622266097999320436e+03 0.000000000000000000e+00
1.500000000000000000e+04 1.622266097999320664e+03 5.000000000000000000e+02
1.500000000000000000e+04 1.622266097999320891e+03 1.000000000000000000e+03
1.500000000000000000e+04 1.622266097999320891e+03 1.500000000000000000e+03
1.500000000000000000e+04 1.622266097999322028e+03 2.000000000000000000e+03
1.550000000000000000e+04 1.622220281735760409e+03 0.000000000000000000e+00
1.550000000000000000e+04 1.622220281735760636e+03 5.000000000000000000e+02
1.550000000000000000e+04 1.622220281735761091e+03 1.000000000000000000e+03
1.550000000000000000e+04 1.622220281735761318e+03 1.500000000000000000e+03
1.550000000000000000e+04 1.622220281735761546e+03 2.000000000000000000e+03
1.600000000000000000e+04 1.622172053964164888e+03 0.000000000000000000e+00
1.600000000000000000e+04 1.622172053964165116e+03 5.000000000000000000e+02
1.600000000000000000e+04 1.622172053964165116e+03 1.000000000000000000e+03
1.600000000000000000e+04 1.622172053964165571e+03 1.500000000000000000e+03
1.600000000000000000e+04 1.622172053964166253e+03 2.000000000000000000e+03
1.650000000000000000e+04 1.622121285154989891e+03 0.000000000000000000e+00
1.650000000000000000e+04 1.622121285154990119e+03 5.000000000000000000e+02
1.650000000000000000e+04 1.622121285154990346e+03 1.000000000000000000e+03
1.650000000000000000e+04 1.622121285154990346e+03 1.500000000000000000e+03
1.650000000000000000e+04 1.622121285154990801e+03 2.000000000000000000e+03
1.700000000000000000e+04 1.622067840101086404e+03 0.000000000000000000e+00
1.700000000000000000e+04 1.622067840101085949e+03 5.000000000000000000e+02
1.700000000000000000e+04 1.622067840101086631e+03 1.000000000000000000e+03
1.700000000000000000e+04 1.622067840101086404e+03 1.500000000000000000e+03
1.700000000000000000e+04 1.622067840101087313e+03 2.000000000000000000e+03
1.750000000000000000e+04 1.622011578419912212e+03 0.000000000000000000e+00
1.750000000000000000e+04 1.622011578419911757e+03 5.000000000000000000e+02
1.750000000000000000e+04 1.622011578419911984e+03 1.000000000000000000e+03
1.750000000000000000e+04 1.622011578419911757e+03 1.500000000000000000e+03
1.750000000000000000e+04 1.622011578419911757e+03 2.000000000000000000e+03
1.800000000000000000e+04 1.621952353569749221e+03 0.000000000000000000e+00
1.800000000000000000e+04 1.621952353569748539e+03 5.000000000000000000e+02
1.800000000000000000e+04 1.621952353569748311e+03 1.000000000000000000e+03
1.800000000000000000e+04 1.621952353569747856e+03 1.500000000000000000e+03
1.800000000000000000e+04 1.621952353569748539e+03 2.000000000000000000e+03
1.850000000000000000e+04 1.621890013403110515e+03 0.000000000000000000e+00
1.850000000000000000e+04 1.621890013403110970e+03 5.000000000000000000e+02
1.850000000000000000e+04 1.621890013403111197e+03 1.000000000000000000e+03
1.850000000000000000e+04 1.621890013403110970e+03 1.500000000000000000e+03
1.850000000000000000e+04 1.621890013403110743e+03 2.000000000000000000e+03
1.900000000000000000e+04 1.621824399111003459e+03 0.000000000000000000e+00
1.900000000000000000e+04 1.621824399111002549e+03 5.000000000000000000e+02
1.900000000000000000e+04 1.621824399111002776e+03 1.000000000000000000e+03
1.900000000000000000e+04 1.621824399111002549e+03 1.500000000000000000e+03
1.900000000000000000e+04 1.621824399111003004e+03 2.000000000000000000e+03
1.950000000000000000e+04 1.621755345829881890e+03 0.000000000000000000e+00
1.950000000000000000e+04 1.621755345829882572e+03 5.000000000000000000e+02
1.950000000000000000e+04 1.621755345829882799e+03 1.000000000000000000e+03
1.950000000000000000e+04 1.621755345829882344e+03 1.500000000000000000e+03
1.950000000000000000e+04 1.621755345829882344e+03 2.000000000000000000e+03
2.000000000000000000e+04 1.621682681511106694e+03 0.000000000000000000e+00
2.000000000000000000e+04 1.621682681511106921e+03 5.000000000000000000e+02
2.000000000000000000e+04 1.621682681511107376e+03 1.000000000000000000e+03
2.000000000000000000e+04 1.621682681511107376e+03 1.500000000000000000e+03
2.000000000000000000e+04 1.621682681511107830e+03 2.000000000000000000e+03
2.050000000000000000e+04 1.621606227583943109e+03 0.000000000000000000e+00
2.050000000000000000e+04 1.621606227583943564e+03 5.000000000000000000e+02
2.050000000000000000e+04 1.621606227583944019e+03 1.000000000000000000e+03
2.050000000000000000e+04 1.621606227583944928e+03 1.500000000000000000e+03
2.050000000000000000e+04 1.621606227583944246e+03 2.000000000000000000e+03
2.100000000000000000e+04 1.621525797747372962e+03 0.000000000000000000e+00
2.100000000000000000e+04 1.621525797747373190e+03 5.000000000000000000e+02
2.100000000000000000e+04 1.621525797747372962e+03 1.000000000000000000e+03
2.100000000000000000e+04 1.621525797747373190e+03 1.500000000000000000e+03
2.100000000000000000e+04 1.621525797747373872e+03 2.000000000000000000e+03
2.150000000000000000e+04 1.621441198691737782e+03 0.000000000000000000e+00
2.150000000000000000e+04 1.621441198691737782e+03 5.000000000000000000e+02
2.150000000000000000e+04 1.621441198691738236e+03 1.000000000000000000e+03
2.150000000000000000e+04 1.621441198691738236e+03 1.500000000000000000e+03
2.150000000000000000e+04 1.621441198691737554e+03 2.000000000000000000e+03
2.200000000000000000e+04 1.621352228810140332e+03 0.000000000000000000e+00
2.200000000000000000e+04 1.621352228810139422e+03 5.000000000000000000e+02
2.200000000000000000e+04 1.621352228810139422e+03 1.000000000000000000e+03
2.200000000000000000e+04 1.621352228810139422e+03 1.500000000000000000e+03
2.200000000000000000e+04 1.621352228810140105e+03 2.000000000000000000e+03
2.250000000000000000e+04 1.621258678981416551e+03 0.000000000000000000e+00
2.250000000000000000e+04 1.621258678981417006e+03 5.000000000000000000e+02
2.250000000000000000e+04 1.621258678981417006e+03 1.000000000000000000e+03
2.250000000000000000e+04 1.621258678981417006e+03 1.500000000000000000e+03
2.250000000000000000e+04 1.621258678981417006e+03 2.000000000000000000e+03
2.300000000000000000e+04 1.621160331198435870e+03 0.000000000000000000e+00
2.300000000000000000e+04 1.621160331198435870e+03 5.000000000000000000e+02
2.300000000000000000e+04 1.621160331198435415e+03 1.000000000000000000e+03
2.300000000000000000e+04 1.621160331198435642e+03 1.500000000000000000e+03
2.300000000000000000e+04 1.621160331198434960e+03 2.000000000000000000e+03
2.350000000000000000e+04 1.621056959415170240e+03 0.000000000000000000e+00
2.350000000000000000e+04 1.621056959415170923e+03 5.000000000000000000e+02
2.350000000000000000e+04 1.621056959415170468e+03 1.000000000000000000e+03
2.350000000000000000e+04 1.621056959415170240e+03 1.500000000000000000e+03
2.350000000000000000e+04 1.621056959415170240e+03 2.000000000000000000e+03
2.400000000000000000e+04 1.620948328089304141e+03 0.000000000000000000e+00
2.400000000000000000e+04 1.620948328089303459e+03 5.000000000000000000e+02
2.400000000000000000e+04 1.620948328089302549e+03 1.000000000000000000e+03
2.400000000000000000e+04 1.620948328089303004e+03 1.500000000000000000e+03
2.400000000000000000e+04 1.620948328089302777e+03 2.000000000000000000e+03
2.450000000000000000e+04 1.620834193096246054e+03 0.000000000000000000e+00
2.450000000000000000e+04 1.620834193096246281e+03 5.000000000000000000e+02
2.450000000000000000e+04 1.620834193096245599e+03 1.000000000000000000e+03
2.450000000000000000e+04 1.620834193096245826e+03 1.500000000000000000e+03
2.450000000000000000e+04 1.620834193096245372e+03 2.000000000000000000e+03
2.500000000000000000e+04 1.620714300183605019e+03 0.000000000000000000e+00
2.500000000000000000e+04 1.620714300183604792e+03 5.000000000000000000e+02
2.500000000000000000e+04 1.620714300183605019e+03 1.000000000000000000e+03
2.500000000000000000e+04 1.620714300183605019e+03 1.500000000000000000e+03
2.500000000000000000e+04 1.620714300183605246e+03 2.000000000000000000e+03
2.550000000000000000e+04 1.620588385955022659e+03 0.000000000000000000e+00
2.550000000000000000e+04 1.620588385955022886e+03 5.000000000000000000e+02
2.550000000000000000e+04 1.620588385955023341e+03 1.000000000000000000e+03
2.550000000000000000e+04 1.620588385955024023e+03 1.500000000000000000e+03
2.550000000000000000e+04 1.620588385955024705e+03 2.000000000000000000e+03
2.600000000000000000e+04 1.620456176234242776e+03 0.000000000000000000e+00
2.600000000000000000e+04 1.620456176234242093e+03 5.000000000000000000e+02
2.600000000000000000e+04 1.620456176234243003e+03 1.000000000000000000e+03
2.600000000000000000e+04 1.620456176234242321e+03 1.500000000000000000e+03
2.600000000000000000e+04 1.620456176234243912e+03 2.000000000000000000e+03
2.650000000000000000e+04 1.620317387121668162e+03 0.000000000000000000e+00
2.650000000000000000e+04 1.620317387121668162e+03 5.000000000000000000e+02
2.650000000000000000e+04 1.620317387121667934e+03 1.000000000000000000e+03
2.650000000000000000e+04 1.620317387121668617e+03 1.500000000000000000e+03
2.650000000000000000e+04 1.620317387121668162e+03 2.000000000000000000e+03
2.700000000000000000e+04 1.620171723265969149e+03 0.000000000000000000e+00
2.700000000000000000e+04 1.620171723265969604e+03 5.000000000000000000e+02
2.700000000000000000e+04 1.620171723265969149e+03 1.000000000000000000e+03
2.700000000000000000e+04 1.620171723265969831e+03 1.500000000000000000e+03
2.700000000000000000e+04 1.620171723265969604e+03 2.000000000000000000e+03
2.750000000000000000e+04 1.620018878996278545e+03 0.000000000000000000e+00
2.750000000000000000e+04 1.620018878996278318e+03 5.000000000000000000e+02
2.750000000000000000e+04 1.620018878996278090e+03 1.000000000000000000e+03
2.750000000000000000e+04 1.620018878996278545e+03 1.500000000000000000e+03
2.750000000000000000e+04 1.620018878996278772e+03 2.000000000000000000e+03
2.800000000000000000e+04 1.619858536499511956e+03 0.000000000000000000e+00
2.800000000000000000e+04 1.619858536499512866e+03 5.000000000000000000e+02
2.800000000000000000e+04 1.619858536499512866e+03 1.000000000000000000e+03
2.800000000000000000e+04 1.619858536499513320e+03 1.500000000000000000e+03
2.800000000000000000e+04 1.619858536499513548e+03 2.000000000000000000e+03
2.850000000000000000e+04 1.619690367031090773e+03 0.000000000000000000e+00
2.850000000000000000e+04 1.619690367031090318e+03 5.000000000000000000e+02
2.850000000000000000e+04 1.619690367031090773e+03 1.000000000000000000e+03
2.850000000000000000e+04 1.619690367031090545e+03 1.500000000000000000e+03
2.850000000000000000e+04 1.619690367031090545e+03 2.000000000000000000e+03
2.900000000000000000e+04 1.619514028996451771e+03 0.000000000000000000e+00
2.900000000000000000e+04 1.619514028996451543e+03 5.000000000000000000e+02
2.900000000000000000e+04 1.619514028996451998e+03 1.000000000000000000e+03
2.900000000000000000e+04 1.619514028996450634e+03 1.500000000000000000e+03
2.900000000000000000e+04 1.619514028996451771e+03 2.000000000000000000e+03
2.950000000000000000e+04 1.619329169243117349e+03 0.000000000000000000e+00
2.950000000000000000e+04 1.619329169243117576e+03 5.000000000000000000e+02
2.950000000000000000e+04 1.619329169243117576e+03 1.000000000000000000e+03
2.950000000000000000e+04 1.619329169243117576e+03 1.500000000000000000e+03
2.950000000000000000e+04 1.619329169243117121e+03 2.000000000000000000e+03
3.000000000000000000e+04 1.619135421045220028e+03 0.000000000000000000e+00
3.000000000000000000e+04 1.619135421045220482e+03 5.000000000000000000e+02
3.000000000000000000e+04 1.619135421045220482e+03 1.000000000000000000e+03
3.000000000000000000e+04 1.619135421045220482e+03 1.500000000000000000e+03
3.000000000000000000e+04 1.619135421045221165e+03 2.000000000000000000e+03
3.050000000000000000e+04 1.618932405479658200e+03 0.000000000000000000e+00
3.050000000000000000e+04 1.618932405479658883e+03 5.000000000000000000e+02
3.050000000000000000e+04 1.618932405479658428e+03 1.000000000000000000e+03
3.050000000000000000e+04 1.618932405479658883e+03 1.500000000000000000e+03
3.050000000000000000e+04 1.618932405479659565e+03 2.000000000000000000e+03
3.100000000000000000e+04 1.618719729312799018e+03 0.000000000000000000e+00
3.100000000000000000e+04 1.618719729312798790e+03 5.000000000000000000e+02
3.100000000000000000e+04 1.618719729312799245e+03 1.000000000000000000e+03
3.100000000000000000e+04 1.618719729312799473e+03 1.500000000000000000e+03
3.100000000000000000e+04 1.618719729312799700e+03 2.000000000000000000e+03
3.150000000000000000e+04 1.618496986463372195e+03 0.000000000000000000e+00
3.150000000000000000e+04 1.618496986463372878e+03 5.000000000000000000e+02
3.150000000000000000e+04 1.618496986463372878e+03 1.000000000000000000e+03
3.150000000000000000e+04 1.618496986463373787e+03 1.500000000000000000e+03
3.150000000000000000e+04 1.618496986463374242e+03 2.000000000000000000e+03
3.200000000000000000e+04 1.618263755790940650e+03 0.000000000000000000e+00
3.200000000000000000e+04 1.618263755790940650e+03 5.000000000000000000e+02
3.200000000000000000e+04 1.618263755790941786e+03 1.000000000000000000e+03
3.200000000000000000e+04 1.618263755790940650e+03 1.500000000000000000e+03
3.200000000000000000e+04 1.618263755790941559e+03 2.000000000000000000e+03
3.250000000000000000e+04 1.618019602648023692e+03 0.000000000000000000e+00
3.250000000000000000e+04 1.618019602648024147e+03 5.000000000000000000e+02
3.250000000000000000e+04 1.618019602648024375e+03 1.000000000000000000e+03
3.250000000000000000e+04 1.618019602648024375e+03 1.500000000000000000e+03
3.250000000000000000e+04 1.618019602648025057e+03 2.000000000000000000e+03
3.300000000000000000e+04 1.617764076570374527e+03 0.000000000000000000e+00
3.300000000000000000e+04 1.617764076570374982e+03 5.000000000000000000e+02
3.300000000000000000e+04 1.617764076570375209e+03 1.000000000000000000e+03
3.300000000000000000e+04 1.617764076570374982e+03 1.500000000000000000e+03
3.300000000000000000e+04 1.617764076570375664e+03 2.000000000000000000e+03
3.350000000000000000e+04 1.617496712920664777e+03 0.000000000000000000e+00
3.350000000000000000e+04 1.617496712920665004e+03 5.000000000000000000e+02
3.350000000000000000e+04 1.617496712920665686e+03 1.000000000000000000e+03
3.350000000000000000e+04 1.617496712920665459e+03 1.500000000000000000e+03
3.350000000000000000e+04 1.617496712920666369e+03 2.000000000000000000e+03
3.400000000000000000e+04 1.617217030481098845e+03 0.000000000000000000e+00
3.400000000000000000e+04 1.617217030481098845e+03 5.000000000000000000e+02
3.400000000000000000e+04 1.617217030481098845e+03 1.000000000000000000e+03
3.400000000000000000e+04 1.617217030481098845e+03 1.500000000000000000e+03
3.400000000000000000e+04 1.617217030481099528e+03 2.000000000000000000e+03
3.450000000000000000e+04 1.616924533190770035e+03 0.000000000000000000e+00
3.450000000000000000e+04 1.616924533190770262e+03 5.000000000000000000e+02
3.450000000000000000e+04 1.616924533190768898e+03 1.000000000000000000e+03
3.450000000000000000e+04 1.616924533190770035e+03 1.500000000000000000e+03
3.450000000000000000e+04 1.616924533190769125e+03 2.000000000000000000e+03
3.500000000000000000e+04 1.616618707641706351e+03 0.000000000000000000e+00
3.500000000000000000e+04 1.616618707641705669e+03 5.000000000000000000e+02
3.500000000000000000e+04 1.616618707641705896e+03 1.000000000000000000e+03
3.500000000000000000e+04 1.616618707641705669e+03 1.500000000000000000e+03
3.500000000000000000e+04 1.616618707641705441e+03 2.000000000000000000e+03
3.550000000000000000e+04 1.616299024911748802e+03 0.000000000000000000e+00
3.550000000000000000e+04 1.616299024911749711e+03 5.000000000000000000e+02
3.550000000000000000e+04 1.616299024911749484e+03 1.000000000000000000e+03
3.550000000000000000e+04 1.616299024911749257e+03 1.500000000000000000e+03
3.550000000000000000e+04 1.616299024911748802e+03 2.000000000000000000e+03
3.600000000000000000e+04 1.615964937965710078e+03 0.000000000000000000e+00
3.600000000000000000e+04 1.615964937965708941e+03 5.000000000000000000e+02
3.600000000000000000e+04 1.615964937965709623e+03 1.000000000000000000e+03
3.600000000000000000e+04 1.615964937965709623e+03 1.500000000000000000e+03
3.600000000000000000e+04 1.615964937965709623e+03 2.000000000000000000e+03
3.650000000000000000e+04 1.615615883585328675e+03 0.000000000000000000e+00
3.650000000000000000e+04 1.615615883585328675e+03 5.000000000000000000e+02
3.650000000000000000e+04 1.615615883585327992e+03 1.000000000000000000e+03
3.650000000000000000e+04 1.615615883585328220e+03 1.500000000000000000e+03
3.650000000000000000e+04 1.615615883585328675e+03 2.000000000000000000e+03
3.700000000000000000e+04 1.615251279677858065e+03 0.000000000000000000e+00
3.700000000000000000e+04 1.615251279677857383e+03 5.000000000000000000e+02
3.700000000000000000e+04 1.615251279677857838e+03 1.000000000000000000e+03
3.700000000000000000e+04 1.615251279677857383e+03 1.500000000000000000e+03
3.700000000000000000e+04 1.615251279677857838e+03 2.000000000000000000e+03
3.750000000000000000e+04 1.614870527304340840e+03 0.000000000000000000e+00
3.750000000000000000e+04 1.614870527304341294e+03 5.000000000000000000e+02
3.750000000000000000e+04 1.614870527304340612e+03 1.000000000000000000e+03
3.750000000000000000e+04 1.614870527304340612e+03 1.500000000000000000e+03
3.750000000000000000e+04 1.614870527304340612e+03 2.000000000000000000e+03
3.800000000000000000e+04 1.614473007898604237e+03 0.000000000000000000e+00
3.800000000000000000e+04 1.614473007898604237e+03 5.000000000000000000e+02
3.800000000000000000e+04 1.614473007898604692e+03 1.000000000000000000e+03
3.800000000000000000e+04 1.614473007898604919e+03 1.500000000000000000e+03
3.800000000000000000e+04 1.614473007898604237e+03 2.000000000000000000e+03
3.850000000000000000e+04 1.614058085394710361e+03 0.000000000000000000e+00
3.850000000000000000e+04 1.614058085394710133e+03 5.000000000000000000e+02
3.850000000000000000e+04 1.614058085394710361e+03 1.000000000000000000e+03
3.850000000000000000e+04 1.614058085394710588e+03 1.500000000000000000e+03
3.850000000000000000e+04 1.614058085394710588e+03 2.000000000000000000e+03
3.900000000000000000e+04 1.613625103360078583e+03 0.000000000000000000e+00
3.900000000000000000e+04 1.613625103360077901e+03 5.000000000000000000e+02
3.900000000000000000e+04 1.613625103360078811e+03 1.000000000000000000e+03
3.900000000000000000e+04 1.613625103360078811e+03 1.500000000000000000e+03
3.900000000000000000e+04 1.613625103360079493e+03 2.000000000000000000e+03
3.950000000000000000e+04 1.613173387222538622e+03 0.000000000000000000e+00
3.950000000000000000e+04 1.613173387222538622e+03 5.000000000000000000e+02
3.950000000000000000e+04 1.613173387222538167e+03 1.000000000000000000e+03
3.950000000000000000e+04 1.613173387222538622e+03 1.500000000000000000e+03
3.950000000000000000e+04 1.613173387222538395e+03 2.000000000000000000e+03
4.000000000000000000e+04 1.612702241322062264e+03 0.000000000000000000e+00
4.000000000000000000e+04 1.612702241322061582e+03 5.000000000000000000e+02
4.000000000000000000e+04 1.612702241322062036e+03 1.000000000000000000e+03
4.000000000000000000e+04 1.612702241322061354e+03 1.500000000000000000e+03
4.000000000000000000e+04 1.612702241322061582e+03 2.000000000000000000e+03
4.050000000000000000e+04 1.612210951237385871e+03 0.000000000000000000e+00
4.050000000000000000e+04 1.612210951237386325e+03 5.000000000000000000e+02
4.050000000000000000e+04 1.612210951237385643e+03 1.000000000000000000e+03
4.050000000000000000e+04 1.612210951237385643e+03 1.500000000000000000e+03
4.050000000000000000e+04 1.612210951237385643e+03 2.000000000000000000e+03
4.100000000000000000e+04 1.611698780761633998e+03 0.000000000000000000e+00
4.100000000000000000e+04 1.611698780761633770e+03 5.000000000000000000e+02
4.100000000000000000e+04 1.611698780761633998e+03 1.000000000000000000e+03
4.100000000000000000e+04 1.611698780761633998e+03 1.500000000000000000e+03
4.100000000000000000e+04 1.611698780761635135e+03 2.000000000000000000e+03
4.150000000000000000e+04 1.611164974327965410e+03 0.000000000000000000e+00
4.150000000000000000e+04 1.611164974327965183e+03 5.000000000000000000e+02
4.150000000000000000e+04 1.611164974327965183e+03 1.000000000000000000e+03
4.150000000000000000e+04 1.611164974327965410e+03 1.500000000000000000e+03
4.150000000000000000e+04 1.611164974327965410e+03 2.000000000000000000e+03
4.200000000000000000e+04 1.610608753915203579e+03 0.000000000000000000e+00
4.200000000000000000e+04 1.610608753915204488e+03 5.000000000000000000e+02
4.200000000000000000e+04 1.610608753915203806e+03 1.000000000000000000e+03
4.200000000000000000e+04 1.610608753915204488e+03 1.500000000000000000e+03
4.200000000000000000e+04 1.610608753915205170e+03 2.000000000000000000e+03
4.250000000000000000e+04 1.610029321571418677e+03 0.000000000000000000e+00
4.250000000000000000e+04 1.610029321571418450e+03 5.000000000000000000e+02
4.250000000000000000e+04 1.610029321571418450e+03 1.000000000000000000e+03
4.250000000000000000e+04 1.610029321571418905e+03 1.500000000000000000e+03
4.250000000000000000e+04 1.610029321571418677e+03 2.000000000000000000e+03
4.300000000000000000e+04 1.609425856256551015e+03 0.000000000000000000e+00
4.300000000000000000e+04 1.609425856256550560e+03 5.000000000000000000e+02
4.300000000000000000e+04 1.609425856256550560e+03 1.000000000000000000e+03
4.300000000000000000e+04 1.609425856256550787e+03 1.500000000000000000e+03
4.300000000000000000e+04 1.609425856256551015e+03 2.000000000000000000e+03
4.350000000000000000e+04 1.608797516462218027e+03 0.000000000000000000e+00
4.350000000000000000e+04 1.608797516462218255e+03 5.000000000000000000e+02
4.350000000000000000e+04 1.608797516462218027e+03 1.000000000000000000e+03
4.350000000000000000e+04 1.608797516462218255e+03 1.500000000000000000e+03
4.350000000000000000e+04 1.608797516462218255e+03 2.000000000000000000e+03
4.400000000000000000e+04 1.608143436999244386e+03 0.000000000000000000e+00
4.400000000000000000e+04 1.608143436999244614e+03 5.000000000000000000e+02
4.400000000000000000e+04 1.608143436999244841e+03 1.000000000000000000e+03
4.400000000000000000e+04 1.608143436999244386e+03 1.500000000000000000e+03
4.400000000000000000e+04 1.608143436999245068e+03 2.000000000000000000e+03
4.450000000000000000e+04 1.607462731711334982e+03 0.000000000000000000e+00
4.450000000000000000e+04 1.607462731711334754e+03 5.000000000000000000e+02
4.450000000000000000e+04 1.607462731711334754e+03 1.000000000000000000e+03
4.450000000000000000e+04 1.607462731711334982e+03 1.500000000000000000e+03
4.450000000000000000e+04 1.607462731711334527e+03 2.000000000000000000e+03
4.500000000000000000e+04 1.606754490216327213e+03 0.000000000000000000e+00
4.500000000000000000e+04 1.606754490216326076e+03 5.000000000000000000e+02
4.500000000000000000e+04 1.606754490216326531e+03 1.000000000000000000e+03
4.500000000000000000e+04 1.606754490216326076e+03 1.500000000000000000e+03
4.500000000000000000e+04 1.606754490216326531e+03 2.000000000000000000e+03
4.550000000000000000e+04 1.606017780710695433e+03 0.000000000000000000e+00
4.550000000000000000e+04 1.606017780710694524e+03 5.000000000000000000e+02
4.550000000000000000e+04 1.606017780710694524e+03 1.000000000000000000e+03
4.550000000000000000e+04 1.606017780710693614e+03 1.500000000000000000e+03
4.550000000000000000e+04 1.606017780710694524e+03 2.000000000000000000e+03
4.600000000000000000e+04 1.605251646674303174e+03 0.000000000000000000e+00
4.600000000000000000e+04 1.605251646674302719e+03 5.000000000000000000e+02
4.600000000000000000e+04 1.605251646674303174e+03 1.000000000000000000e+03
4.600000000000000000e+04 1.605251646674302265e+03 1.500000000000000000e+03
4.600000000000000000e+04 1.605251646674303402e+03 2.000000000000000000e+03
4.650000000000000000e+04 1.604455109761960330e+03 0.000000000000000000e+00
4.650000000000000000e+04 1.604455109761960557e+03 5.000000000000000000e+02
4.650000000000000000e+04 1.604455109761959420e+03 1.000000000000000000e+03
4.650000000000000000e+04 1.604455109761960557e+03 1.500000000000000000e+03
4.650000000000000000e+04 1.604455109761959875e+03 2.000000000000000000e+03
4.700000000000000000e+04 1.603627166482407802e+03 0.000000000000000000e+00
4.700000000000000000e+04 1.603627166482407119e+03 5.000000000000000000e+02
4.700000000000000000e+04 1.603627166482408029e+03 1.000000000000000000e+03
4.700000000000000000e+04 1.603627166482406665e+03 1.500000000000000000e+03
4.700000000000000000e+04 1.603627166482408029e+03 2.000000000000000000e+03
4.750000000000000000e+04 1.602766791172369722e+03 0.000000000000000000e+00
4.750000000000000000e+04 1.602766791172369267e+03 5.000000000000000000e+02
4.750000000000000000e+04 1.602766791172369494e+03 1.000000000000000000e+03
4.750000000000000000e+04 1.602766791172368585e+03 1.500000000000000000e+03
4.750000000000000000e+04 1.602766791172369949e+03 2.000000000000000000e+03
4.800000000000000000e+04 1.601872932661493905e+03 0.000000000000000000e+00
4.800000000000000000e+04 1.601872932661492996e+03 5.000000000000000000e+02
4.800000000000000000e+04 1.601872932661493451e+03 1.000000000000000000e+03
4.800000000000000000e+04 1.601872932661492996e+03 1.500000000000000000e+03
4.800000000000000000e+04 1.601872932661492769e+03 2.000000000000000000e+03
4.850000000000000000e+04 1.600944517323526952e+03 0.000000000000000000e+00
4.850000000000000000e+04 1.600944517323526952e+03 5.000000000000000000e+02
4.850000000000000000e+04 1.600944517323526952e+03 1.000000000000000000e+03
4.850000000000000000e+04 1.600944517323526497e+03 1.500000000000000000e+03
4.850000000000000000e+04 1.600944517323526725e+03 2.000000000000000000e+03
4.900000000000000000e+04 1.599980445739903416e+03 0.000000000000000000e+00
4.900000000000000000e+04 1.599980445739902962e+03 5.000000000000000000e+02
4.900000000000000000e+04 1.599980445739903189e+03 1.000000000000000000e+03
4.900000000000000000e+04 1.599980445739903416e+03 1.500000000000000000e+03
4.900000000000000000e+04 1.599980445739902962e+03 2.000000000000000000e+03
4.950000000000000000e+04 1.598979595821810790e+03 0.000000000000000000e+00
4.950000000000000000e+04 1.598979595821811017e+03 5.000000000000000000e+02
4.950000000000000000e+04 1.598979595821811017e+03 1.000000000000000000e+03
4.950000000000000000e+04 1.598979595821811017e+03 1.500000000000000000e+03
4.950000000000000000e+04 1.598979595821811472e+03 2.000000000000000000e+03
5.000000000000000000e+04 1.597940819486108921e+03 0.000000000000000000e+00
5.000000000000000000e+04 1.597940819486108239e+03 5.000000000000000000e+02
5.000000000000000000e+04 1.597940819486108694e+03 1.000000000000000000e+03
5.000000000000000000e+04 1.597940819486108467e+03 1.500000000000000000e+03
5.000000000000000000e+04 1.597940819486108694e+03 2.000000000000000000e+03
5.050000000000000000e+04 1.596862945841163537e+03 0.000000000000000000e+00
5.050000000000000000e+04 1.596862945841163082e+03 5.000000000000000000e+02
5.050000000000000000e+04 1.596862945841163082e+03 1.000000000000000000e+03
5.050000000000000000e+04 1.596862945841163082e+03 1.500000000000000000e+03
5.050000000000000000e+04 1.596862945841162855e+03 2.000000000000000000e+03
5.100000000000000000e+04 1.595744777889737634e+03 0.000000000000000000e+00
5.100000000000000000e+04 1.595744777889737634e+03 5.000000000000000000e+02
5.100000000000000000e+04 1.595744777889737179e+03 1.000000000000000000e+03
5.100000000000000000e+04 1.595744777889737406e+03 1.500000000000000000e+03
5.100000000000000000e+04 1.595744777889737179e+03 2.000000000000000000e+03
5.150000000000000000e+04 1.594585095770564521e+03 0.000000000000000000e+00
5.150000000000000000e+04 1.594585095770564067e+03 5.000000000000000000e+02
5.150000000000000000e+04 1.594585095770563839e+03 1.000000000000000000e+03
5.150000000000000000e+04 1.594585095770563612e+03 1.500000000000000000e+03
5.150000000000000000e+04 1.594585095770563385e+03 2.000000000000000000e+03
5.200000000000000000e+04 1.593382653503794927e+03 0.000000000000000000e+00
5.200000000000000000e+04 1.593382653503794700e+03 5.000000000000000000e+02
5.200000000000000000e+04 1.593382653503794018e+03 1.000000000000000000e+03
5.200000000000000000e+04 1.593382653503793563e+03 1.500000000000000000e+03
5.200000000000000000e+04 1.593382653503794018e+03 2.000000000000000000e+03
5.250000000000000000e+04 1.592136182279326249e+03 0.000000000000000000e+00
5.250000000000000000e+04 1.592136182279325340e+03 5.000000000000000000e+02
5.250000000000000000e+04 1.592136182279325112e+03 1.000000000000000000e+03
5.250000000000000000e+04 1.592136182279325112e+03 1.500000000000000000e+03
5.250000000000000000e+04 1.592136182279325567e+03 2.000000000000000000e+03
5.300000000000000000e+04 1.590844387261334532e+03 0.000000000000000000e+00
5.300000000000000000e+04 1.590844387261333623e+03 5.000000000000000000e+02
5.300000000000000000e+04 1.590844387261334532e+03 1.000000000000000000e+03
5.300000000000000000e+04 1.590844387261333623e+03 1.500000000000000000e+03
5.300000000000000000e+04 1.590844387261334305e+03 2.000000000000000000e+03
5.350000000000000000e+04 1.589505950913401193e+03 0.000000000000000000e+00
5.350000000000000000e+04 1.589505950913400966e+03 5.000000000000000000e+02
5.350000000000000000e+04 1.589505950913400739e+03 1.000000000000000000e+03
5.350000000000000000e+04 1.589505950913400966e+03 1.500000000000000000e+03
5.350000000000000000e+04 1.589505950913400966e+03 2.000000000000000000e+03
5.400000000000000000e+04 1.588119529879539414e+03 0.000000000000000000e+00
5.400000000000000000e+04 1.588119529879538277e+03 5.000000000000000000e+02
5.400000000000000000e+04 1.588119529879538959e+03 1.000000000000000000e+03
5.400000000000000000e+04 1.588119529879538504e+03 1.500000000000000000e+03
5.400000000000000000e+04 1.588119529879538959e+03 2.000000000000000000e+03
5.450000000000000000e+04 1.586683758335186667e+03 0.000000000000000000e+00
5.450000000000000000e+04 1.586683758335187122e+03 5.000000000000000000e+02
5.450000000000000000e+04 1.586683758335186440e+03 1.000000000000000000e+03
5.450000000000000000e+04 1.586683758335186667e+03 1.500000000000000000e+03
5.450000000000000000e+04 1.586683758335186894e+03 2.000000000000000000e+03
5.500000000000000000e+04 1.585197244962984541e+03 0.000000000000000000e+00
5.500000000000000000e+04 1.585197244962984314e+03 5.000000000000000000e+02
5.500000000000000000e+04 1.585197244962984769e+03 1.000000000000000000e+03
5.500000000000000000e+04 1.585197244962984541e+03 1.500000000000000000e+03
5.500000000000000000e+04 1.585197244962984541e+03 2.000000000000000000e+03
5.550000000000000000e+04 1.583658576317708821e+03 0.000000000000000000e+00
5.550000000000000000e+04 1.583658576317709503e+03 5.000000000000000000e+02
5.550000000000000000e+04 1.583658576317709503e+03 1.000000000000000000e+03
5.550000000000000000e+04 1.583658576317709958e+03 1.500000000000000000e+03
5.550000000000000000e+04 1.583658576317709503e+03 2.000000000000000000e+03
5.600000000000000000e+04 1.582066313915846195e+03 0.000000000000000000e+00
5.600000000000000000e+04 1.582066313915846195e+03 5.000000000000000000e+02
5.600000000000000000e+04 1.582066313915847104e+03 1.000000000000000000e+03
5.600000000000000000e+04 1.582066313915846877e+03 1.500000000000000000e+03
5.600000000000000000e+04 1.582066313915847331e+03 2.000000000000000000e+03
5.650000000000000000e+04 1.580418997601551609e+03 0.000000000000000000e+00
5.650000000000000000e+04 1.580418997601552519e+03 5.000000000000000000e+02
5.650000000000000000e+04 1.580418997601552974e+03 1.000000000000000000e+03
5.650000000000000000e+04 1.580418997601553428e+03 1.500000000000000000e+03
5.650000000000000000e+04 1.580418997601553656e+03 2.000000000000000000e+03
5.700000000000000000e+04 1.578715142769797012e+03 0.000000000000000000e+00
5.700000000000000000e+04 1.578715142769796785e+03 5.000000000000000000e+02
5.700000000000000000e+04 1.578715142769797922e+03 1.000000000000000000e+03
5.700000000000000000e+04 1.578715142769797467e+03 1.500000000000000000e+03
5.700000000000000000e+04 1.578715142769798149e+03 2.000000000000000000e+03
5.750000000000000000e+04 1.576953243719444345e+03 0.000000000000000000e+00
5.750000000000000000e+04 1.576953243719444345e+03 5.000000000000000000e+02
5.750000000000000000e+04 1.576953243719444345e+03 1.000000000000000000e+03
5.750000000000000000e+04 1.576953243719445027e+03 1.500000000000000000e+03
5.750000000000000000e+04 1.576953243719445027e+03 2.000000000000000000e+03
5.800000000000000000e+04 1.575131771030405162e+03 0.000000000000000000e+00
5.800000000000000000e+04 1.575131771030404934e+03 5.000000000000000000e+02
5.800000000000000000e+04 1.575131771030406071e+03 1.000000000000000000e+03
5.800000000000000000e+04 1.575131771030405616e+03 1.500000000000000000e+03
5.800000000000000000e+04 1.575131771030406981e+03 2.000000000000000000e+03
5.850000000000000000e+04 1.573249174888941070e+03 0.000000000000000000e+00
5.850000000000000000e+04 1.573249174888941525e+03 5.000000000000000000e+02
5.850000000000000000e+04 1.573249174888941070e+03 1.000000000000000000e+03
5.850000000000000000e+04 1.573249174888941297e+03 1.500000000000000000e+03
5.850000000000000000e+04 1.573249174888941297e+03 2.000000000000000000e+03
5.900000000000000000e+04 1.571303882639846051e+03 0.000000000000000000e+00
5.900000000000000000e+04 1.571303882639846051e+03 5.000000000000000000e+02
5.900000000000000000e+04 1.571303882639846279e+03 1.000000000000000000e+03
5.900000000000000000e+04 1.571303882639846961e+03 1.500000000000000000e+03
5.900000000000000000e+04 1.571303882639847188e+03 2.000000000000000000e+03
5.950000000000000000e+04 1.569294302068121624e+03 0.000000000000000000e+00
5.950000000000000000e+04 1.569294302068121624e+03 5.000000000000000000e+02
5.950000000000000000e+04 1.569294302068121851e+03 1.000000000000000000e+03
5.950000000000000000e+04 1.569294302068122533e+03 1.500000000000000000e+03
5.950000000000000000e+04 1.569294302068122079e+03 2.000000000000000000e+03
6.000000000000000000e+04 1.567218819147692784e+03 0.000000000000000000e+00
6.000000000000000000e+04 1.567218819147693011e+03 5.000000000000000000e+02
6.000000000000000000e+04 1.567218819147693466e+03 1.000000000000000000e+03
6.000000000000000000e+04 1.567218819147693466e+03 1.500000000000000000e+03
6.000000000000000000e+04 1.567218819147693921e+03 2.000000000000000000e+03
6.050000000000000000e+04 1.565075801262660889e+03 0.000000000000000000e+00
6.050000000000000000e+04 1.565075801262661571e+03 5.000000000000000000e+02
6.050000000000000000e+04 1.565075801262661571e+03 1.000000000000000000e+03
6.050000000000000000e+04 1.565075801262662253e+03 1.500000000000000000e+03
6.050000000000000000e+04 1.565075801262662253e+03 2.000000000000000000e+03
6.100000000000000000e+04 1.562863595174454304e+03 0.000000000000000000e+00
6.100000000000000000e+04 1.562863595174454076e+03 5.000000000000000000e+02
6.100000000000000000e+04 1.562863595174454986e+03 1.000000000000000000e+03
6.100000000000000000e+04 1.562863595174454304e+03 1.500000000000000000e+03
6.100000000000000000e+04 1.562863595174454986e+03 2.000000000000000000e+03
6.150000000000000000e+04 1.560580530164965694e+03 0.000000000000000000e+00
6.150000000000000000e+04 1.560580530164965012e+03 5.000000000000000000e+02
6.150000000000000000e+04 1.560580530164965239e+03 1.000000000000000000e+03
6.150000000000000000e+04 1.560580530164965239e+03 1.500000000000000000e+03
6.150000000000000000e+04 1.560580530164965239e+03 2.000000000000000000e+03
6.200000000000000000e+04 1.558224916244304268e+03 0.000000000000000000e+00
6.200000000000000000e+04 1.558224916244303586e+03 5.000000000000000000e+02
6.200000000000000000e+04 1.558224916244304268e+03 1.000000000000000000e+03
6.200000000000000000e+04 1.558224916244303586e+03 1.500000000000000000e+03
6.200000000000000000e+04 1.558224916244303813e+03 2.000000000000000000e+03
6.250000000000000000e+04 1.555795047197291979e+03 0.000000000000000000e+00
6.250000000000000000e+04 1.555795047197292206e+03 5.000000000000000000e+02
6.250000000000000000e+04 1.555795047197291751e+03 1.000000000000000000e+03
6.250000000000000000e+04 1.555795047197291751e+03 1.500000000000000000e+03
6.250000000000000000e+04 1.555795047197291979e+03 2.000000000000000000e+03
6.300000000000000000e+04 1.553289199054140454e+03 0.000000000000000000e+00
6.300000000000000000e+04 1.553289199054139544e+03 5.000000000000000000e+02
6.300000000000000000e+04 1.553289199054140909e+03 1.000000000000000000e+03
6.300000000000000000e+04 1.553289199054139772e+03 1.500000000000000000e+03
6.300000000000000000e+04 1.553289199054139772e+03 2.000000000000000000e+03
6.350000000000000000e+04 1.550705633020955702e+03 0.000000000000000000e+00
6.350000000000000000e+04 1.550705633020955702e+03 5.000000000000000000e+02
6.350000000000000000e+04 1.550705633020955929e+03 1.000000000000000000e+03
6.350000000000000000e+04 1.550705633020955702e+03 1.500000000000000000e+03
6.350000000000000000e+04 1.550705633020956157e+03 2.000000000000000000e+03
6.400000000000000000e+04 1.548042594235710339e+03 0.000000000000000000e+00
6.400000000000000000e+04 1.548042594235710112e+03 5.000000000000000000e+02
6.400000000000000000e+04 1.548042594235710112e+03 1.000000000000000000e+03
6.400000000000000000e+04 1.548042594235710794e+03 1.500000000000000000e+03
6.400000000000000000e+04 1.548042594235710339e+03 2.000000000000000000e+03
6.450000000000000000e+04 1.545298314562692440e+03 0.000000000000000000e+00
6.450000000000000000e+04 1.545298314562692440e+03 5.000000000000000000e+02
6.450000000000000000e+04 1.545298314562692894e+03 1.000000000000000000e+03
6.450000000000000000e+04 1.545298314562693122e+03 1.500000000000000000e+03
6.450000000000000000e+04 1.545298314562693577e+03 2.000000000000000000e+03
6.500000000000000000e+04 1.542471011656019300e+03 0.000000000000000000e+00
6.500000000000000000e+04 1.542471011656019527e+03 5.000000000000000000e+02
6.500000000000000000e+04 1.542471011656019300e+03 1.000000000000000000e+03
6.500000000000000000e+04 1.542471011656019300e+03 1.500000000000000000e+03
6.500000000000000000e+04 1.542471011656020210e+03 2.000000000000000000e+03
6.550000000000000000e+04 1.539558891597301454e+03 0.000000000000000000e+00
6.550000000000000000e+04 1.539558891597301681e+03 5.000000000000000000e+02
6.550000000000000000e+04 1.539558891597301908e+03 1.000000000000000000e+03
6.550000000000000000e+04 1.539558891597302363e+03 1.500000000000000000e+03
6.550000000000000000e+04 1.539558891597302591e+03 2.000000000000000000e+03
6.600000000000000000e+04 1.536560148288709343e+03 0.000000000000000000e+00
6.600000000000000000e+04 1.536560148288709115e+03 5.000000000000000000e+02
6.600000000000000000e+04 1.536560148288709343e+03 1.000000000000000000e+03
6.600000000000000000e+04 1.536560148288709343e+03 1.500000000000000000e+03
6.600000000000000000e+04 1.536560148288709797e+03 2.000000000000000000e+03
6.650000000000000000e+04 1.533472965912544396e+03 0.000000000000000000e+00
6.650000000000000000e+04 1.533472965912544169e+03 5.000000000000000000e+02
6.650000000000000000e+04 1.533472965912544169e+03 1.000000000000000000e+03
6.650000000000000000e+04 1.533472965912544396e+03 1.500000000000000000e+03
6.650000000000000000e+04 1.533472965912544851e+03 2.000000000000000000e+03
6.700000000000000000e+04 1.530295518675469793e+03 0.000000000000000000e+00
6.700000000000000000e+04 1.530295518675469793e+03 5.000000000000000000e+02
6.700000000000000000e+04 1.530295518675469566e+03 1.000000000000000000e+03
6.700000000000000000e+04 1.530295518675469566e+03 1.500000000000000000e+03
6.700000000000000000e+04 1.530295518675469793e+03 2.000000000000000000e+03
6.750000000000000000e+04 1.527025973068209169e+03 0.000000000000000000e+00
6.750000000000000000e+04 1.527025973068208941e+03 5.000000000000000000e+02
6.750000000000000000e+04 1.527025973068210078e+03 1.000000000000000000e+03
6.750000000000000000e+04 1.527025973068209169e+03 1.500000000000000000e+03
6.750000000000000000e+04 1.527025973068210305e+03 2.000000000000000000e+03
6.800000000000000000e+04 1.523662487981994673e+03 0.000000000000000000e+00
6.800000000000000000e+04 1.523662487981993536e+03 5.000000000000000000e+02
6.800000000000000000e+04 1.523662487981994900e+03 1.000000000000000000e+03
6.800000000000000000e+04 1.523662487981994900e+03 1.500000000000000000e+03
6.800000000000000000e+04 1.523662487981995127e+03 2.000000000000000000e+03
6.850000000000000000e+04 1.520203216746223006e+03 0.000000000000000000e+00
6.850000000000000000e+04 1.520203216746223006e+03 5.000000000000000000e+02
6.850000000000000000e+04 1.520203216746223916e+03 1.000000000000000000e+03
6.850000000000000000e+04 1.520203216746223916e+03 1.500000000000000000e+03
6.850000000000000000e+04 1.520203216746224143e+03 2.000000000000000000e+03
6.900000000000000000e+04 1.516646307637476866e+03 0.000000000000000000e+00
6.900000000000000000e+04 1.516646307637476184e+03 5.000000000000000000e+02
6.900000000000000000e+04 1.516646307637476411e+03 1.000000000000000000e+03
6.900000000000000000e+04 1.516646307637476866e+03 1.500000000000000000e+03
6.900000000000000000e+04 1.516646307637477094e+03 2.000000000000000000e+03
6.950000000000000000e+04 1.512989905672702207e+03 0.000000000000000000e+00
6.950000000000000000e+04 1.512989905672703571e+03 5.000000000000000000e+02
6.950000000000000000e+04 1.512989905672703117e+03 1.000000000000000000e+03
6.950000000000000000e+04 1.512989905672703571e+03 1.500000000000000000e+03
6.950000000000000000e+04 1.512989905672703344e+03 2.000000000000000000e+03
7.000000000000000000e+04 1.509232153530271944e+03 0.000000000000000000e+00
7.000000000000000000e+04 1.509232153530271489e+03 5.000000000000000000e+02
7.000000000000000000e+04 1.509232153530272853e+03 1.000000000000000000e+03
7.000000000000000000e+04 1.509232153530271034e+03 1.500000000000000000e+03
7.000000000000000000e+04 1.509232153530271944e+03 2.000000000000000000e+03
7.050000000000000000e+04 1.505371193076114878e+03 0.000000000000000000e+00
7.050000000000000000e+04 1.505371193076114423e+03 5.000000000000000000e+02
7.050000000000000000e+04 1.505371193076114650e+03 1.000000000000000000e+03
7.050000000000000000e+04 1.505371193076114423e+03 1.500000000000000000e+03
7.050000000000000000e+04 1.505371193076114650e+03 2.000000000000000000e+03
7.100000000000000000e+04 1.501405166715234145e+03 0.000000000000000000e+00
7.100000000000000000e+04 1.501405166715233690e+03 5.000000000000000000e+02
7.100000000000000000e+04 1.501405166715234145e+03 1.000000000000000000e+03
7.100000000000000000e+04 1.501405166715233236e+03 1.500000000000000000e+03
7.100000000000000000e+04 1.501405166715234373e+03 2.000000000000000000e+03
7.150000000000000000e+04 1.497332218628215742e+03 0.000000000000000000e+00
7.150000000000000000e+04 1.497332218628215742e+03 5.000000000000000000e+02
7.150000000000000000e+04 1.497332218628215969e+03 1.000000000000000000e+03
7.150000000000000000e+04 1.497332218628215969e+03 1.500000000000000000e+03
7.150000000000000000e+04 1.497332218628216197e+03 2.000000000000000000e+03
7.200000000000000000e+04 1.493150496570398673e+03 0.000000000000000000e+00
7.200000000000000000e+04 1.493150496570398445e+03 5.000000000000000000e+02
7.200000000000000000e+04 1.493150496570398900e+03 1.000000000000000000e+03
7.200000000000000000e+04 1.493150496570398673e+03 1.500000000000000000e+03
7.200000000000000000e+04 1.493150496570399127e+03 2.000000000000000000e+03
7.250000000000000000e+04 1.488858152796301056e+03 0.000000000000000000e+00
7.250000000000000000e+04 1.488858152796300828e+03 5.000000000000000000e+02
7.250000000000000000e+04 1.488858152796301056e+03 1.000000000000000000e+03
7.250000000000000000e+04 1.488858152796301511e+03 1.500000000000000000e+03
7.250000000000000000e+04 1.488858152796301511e+03 2.000000000000000000e+03
7.300000000000000000e+04 1.484453346322274683e+03 0.000000000000000000e+00
7.300000000000000000e+04 1.484453346322275138e+03 5.000000000000000000e+02
7.300000000000000000e+04 1.484453346322276047e+03 1.000000000000000000e+03
7.300000000000000000e+04 1.484453346322275365e+03 1.500000000000000000e+03
7.300000000000000000e+04 1.484453346322276730e+03 2.000000000000000000e+03
7.350000000000000000e+04 1.479934243516656579e+03 0.000000000000000000e+00
7.350000000000000000e+04 1.479934243516656579e+03 5.000000000000000000e+02
7.350000000000000000e+04 1.479934243516657261e+03 1.000000000000000000e+03
7.350000000000000000e+04 1.479934243516657261e+03 1.500000000000000000e+03
7.350000000000000000e+04 1.479934243516657943e+03 2.000000000000000000e+03
7.400000000000000000e+04 1.475299020840173398e+03 0.000000000000000000e+00
7.400000000000000000e+04 1.475299020840173398e+03 5.000000000000000000e+02
7.400000000000000000e+04 1.475299020840174080e+03 1.000000000000000000e+03
7.400000000000000000e+04 1.475299020840173853e+03 1.500000000000000000e+03
7.400000000000000000e+04 1.475299020840174762e+03 2.000000000000000000e+03
7.450000000000000000e+04 1.470545865080059230e+03 0.000000000000000000e+00
7.450000000000000000e+04 1.470545865080059684e+03 5.000000000000000000e+02
7.450000000000000000e+04 1.470545865080059912e+03 1.000000000000000000e+03
7.450000000000000000e+04 1.470545865080060139e+03 1.500000000000000000e+03
7.450000000000000000e+04 1.470545865080060366e+03 2.000000000000000000e+03
7.500000000000000000e+04 1.465672976580765862e+03 0.000000000000000000e+00
7.500000000000000000e+04 1.465672976580764953e+03 5.000000000000000000e+02
7.500000000000000000e+04 1.465672976580766317e+03 1.000000000000000000e+03
7.500000000000000000e+04 1.465672976580765635e+03 1.500000000000000000e+03
7.500000000000000000e+04 1.465672976580766090e+03 2.000000000000000000e+03
7.550000000000000000e+04 1.460678569100858113e+03 0.000000000000000000e+00
7.550000000000000000e+04 1.460678569100858113e+03 5.000000000000000000e+02
7.550000000000000000e+04 1.460678569100858567e+03 1.000000000000000000e+03
7.550000000000000000e+04 1.460678569100858795e+03 1.500000000000000000e+03
7.550000000000000000e+04 1.460678569100858795e+03 2.000000000000000000e+03
7.600000000000000000e+04 1.455560873544704464e+03 0.000000000000000000e+00
7.600000000000000000e+04 1.455560873544704464e+03 5.000000000000000000e+02
7.600000000000000000e+04 1.455560873544704691e+03 1.000000000000000000e+03
7.600000000000000000e+04 1.455560873544704464e+03 1.500000000000000000e+03
7.600000000000000000e+04 1.455560873544704691e+03 2.000000000000000000e+03
7.650000000000000000e+04 1.450318137421721985e+03 0.000000000000000000e+00
7.650000000000000000e+04 1.450318137421722213e+03 5.000000000000000000e+02
7.650000000000000000e+04 1.450318137421722440e+03 1.000000000000000000e+03
7.650000000000000000e+04 1.450318137421721985e+03 1.500000000000000000e+03
7.650000000000000000e+04 1.450318137421721985e+03 2.000000000000000000e+03
7.700000000000000000e+04 1.444948629087665722e+03 0.000000000000000000e+00
7.700000000000000000e+04 1.444948629087665267e+03 5.000000000000000000e+02
7.700000000000000000e+04 1.444948629087665495e+03 1.000000000000000000e+03
7.700000000000000000e+04 1.444948629087664813e+03 1.500000000000000000e+03
7.700000000000000000e+04 1.444948629087665267e+03 2.000000000000000000e+03
7.750000000000000000e+04 1.439450636786716359e+03 0.000000000000000000e+00
7.750000000000000000e+04 1.439450636786716132e+03 5.000000000000000000e+02
7.750000000000000000e+04 1.439450636786716359e+03 1.000000000000000000e+03
7.750000000000000000e+04 1.439450636786715904e+03 1.500000000000000000e+03
7.750000000000000000e+04 1.439450636786715677e+03 2.000000000000000000e+03
7.800000000000000000e+04 1.433822473408815540e+03 0.000000000000000000e+00
7.800000000000000000e+04 1.433822473408815313e+03 5.000000000000000000e+02
7.800000000000000000e+04 1.433822473408815540e+03 1.000000000000000000e+03
7.800000000000000000e+04 1.433822473408815085e+03 1.500000000000000000e+03
7.800000000000000000e+04 1.433822473408814858e+03 2.000000000000000000e+03
7.850000000000000000e+04 1.428062475096153548e+03 0.000000000000000000e+00
7.850000000000000000e+04 1.428062475096153548e+03 5.000000000000000000e+02
7.850000000000000000e+04 1.428062475096153776e+03 1.000000000000000000e+03
7.850000000000000000e+04 1.428062475096153321e+03 1.500000000000000000e+03
7.850000000000000000e+04 1.428062475096153548e+03 2.000000000000000000e+03
7.900000000000000000e+04 1.422169006520667836e+03 0.000000000000000000e+00
7.900000000000000000e+04 1.422169006520666926e+03 5.000000000000000000e+02
7.900000000000000000e+04 1.422169006520667836e+03 1.000000000000000000e+03
7.900000000000000000e+04 1.422169006520666699e+03 1.500000000000000000e+03
7.900000000000000000e+04 1.422169006520667153e+03 2.000000000000000000e+03
7.950000000000000000e+04 1.416140459037751953e+03 0.000000000000000000e+00
7.950000000000000000e+04 1.416140459037751270e+03 5.000000000000000000e+02
7.950000000000000000e+04 1.416140459037750816e+03 1.000000000000000000e+03
7.950000000000000000e+04 1.416140459037751953e+03 1.500000000000000000e+03
7.950000000000000000e+04 1.416140459037751270e+03 2.000000000000000000e+03
8.000000000000000000e+04 1.409975256485575756e+03 0.000000000000000000e+00
8.000000000000000000e+04 1.409975256485575073e+03 5.000000000000000000e+02
8.000000000000000000e+04 1.409975256485575528e+03 1.000000000000000000e+03
8.000000000000000000e+04 1.409975256485575073e+03 1.500000000000000000e+03
8.000000000000000000e+04 1.409975256485576210e+03 2.000000000000000000e+03
8.050000000000000000e+04 1.403671852870265184e+03 0.000000000000000000e+00
8.050000000000000000e+04 1.403671852870265184e+03 5.000000000000000000e+02
8.050000000000000000e+04 1.403671852870265411e+03 1.000000000000000000e+03
8.050000000000000000e+04 1.403671852870266548e+03 1.500000000000000000e+03
8.050000000000000000e+04 1.403671852870265866e+03 2.000000000000000000e+03
8.100000000000000000e+04 1.397228738686115548e+03 0.000000000000000000e+00
8.100000000000000000e+04 1.397228738686115094e+03 5.000000000000000000e+02
8.100000000000000000e+04 1.397228738686116230e+03 1.000000000000000000e+03
8.100000000000000000e+04 1.397228738686116003e+03 1.500000000000000000e+03
8.100000000000000000e+04 1.397228738686116685e+03 2.000000000000000000e+03
8.150000000000000000e+04 1.390644438118088146e+03 0.000000000000000000e+00
8.150000000000000000e+04 1.390644438118088146e+03 5.000000000000000000e+02
8.150000000000000000e+04 1.390644438118088146e+03 1.000000000000000000e+03
8.150000000000000000e+04 1.390644438118088829e+03 1.500000000000000000e+03
8.150000000000000000e+04 1.390644438118088601e+03 2.000000000000000000e+03
8.200000000000000000e+04 1.383917515879301845e+03 0.000000000000000000e+00
8.200000000000000000e+04 1.383917515879301391e+03 5.000000000000000000e+02
8.200000000000000000e+04 1.383917515879301845e+03 1.000000000000000000e+03
8.200000000000000000e+04 1.383917515879301163e+03 1.500000000000000000e+03
8.200000000000000000e+04 1.383917515879302073e+03 2.000000000000000000e+03
8.250000000000000000e+04 1.377046573918466947e+03 0.000000000000000000e+00
8.250000000000000000e+04 1.377046573918467175e+03 5.000000000000000000e+02
8.250000000000000000e+04 1.377046573918467629e+03 1.000000000000000000e+03
8.250000000000000000e+04 1.377046573918467629e+03 1.500000000000000000e+03
8.250000000000000000e+04 1.377046573918467402e+03 2.000000000000000000e+03
8.300000000000000000e+04 1.370030258768262911e+03 0.000000000000000000e+00
8.300000000000000000e+04 1.370030258768262229e+03 5.000000000000000000e+02
8.300000000000000000e+04 1.370030258768263138e+03 1.000000000000000000e+03
8.300000000000000000e+04 1.370030258768262684e+03 1.500000000000000000e+03
8.300000000000000000e+04 1.370030258768263138e+03 2.000000000000000000e+03
8.350000000000000000e+04 1.362867257747238455e+03 0.000000000000000000e+00
8.350000000000000000e+04 1.362867257747238909e+03 5.000000000000000000e+02
8.350000000000000000e+04 1.362867257747238909e+03 1.000000000000000000e+03
8.350000000000000000e+04 1.362867257747239364e+03 1.500000000000000000e+03
8.350000000000000000e+04 1.362867257747239364e+03 2.000000000000000000e+03
8.400000000000000000e+04 1.355556306809836542e+03 0.000000000000000000e+00
8.400000000000000000e+04 1.355556306809835860e+03 5.000000000000000000e+02
8.400000000000000000e+04 1.355556306809836542e+03 1.000000000000000000e+03
8.400000000000000000e+04 1.355556306809836769e+03 1.500000000000000000e+03
8.400000000000000000e+04 1.355556306809837452e+03 2.000000000000000000e+03
8.450000000000000000e+04 1.348096186234385641e+03 0.000000000000000000e+00
8.450000000000000000e+04 1.348096186234385868e+03 5.000000000000000000e+02
8.450000000000000000e+04 1.348096186234385868e+03 1.000000000000000000e+03
8.450000000000000000e+04 1.348096186234386550e+03 1.500000000000000000e+03
8.450000000000000000e+04 1.348096186234386550e+03 2.000000000000000000e+03
8.500000000000000000e+04 1.340485728962609528e+03 0.000000000000000000e+00
8.500000000000000000e+04 1.340485728962609528e+03 5.000000000000000000e+02
8.500000000000000000e+04 1.340485728962609983e+03 1.000000000000000000e+03
8.500000000000000000e+04 1.340485728962609755e+03 1.500000000000000000e+03
8.500000000000000000e+04 1.340485728962609755e+03 2.000000000000000000e+03
8.550000000000000000e+04 1.332723815767571978e+03 0.000000000000000000e+00
8.550000000000000000e+04 1.332723815767571750e+03 5.000000000000000000e+02
8.550000000000000000e+04 1.332723815767571523e+03 1.000000000000000000e+03
8.550000000000000000e+04 1.332723815767571523e+03 1.500000000000000000e+03
8.550000000000000000e+04 1.332723815767571523e+03 2.000000000000000000e+03
8.600000000000000000e+04 1.324809384067552173e+03 0.000000000000000000e+00
8.600000000000000000e+04 1.324809384067551946e+03 5.000000000000000000e+02
8.600000000000000000e+04 1.324809384067552401e+03 1.000000000000000000e+03
8.600000000000000000e+04 1.324809384067551719e+03 1.500000000000000000e+03
8.600000000000000000e+04 1.324809384067552855e+03 2.000000000000000000e+03
8.650000000000000000e+04 1.316741422570179338e+03 0.000000000000000000e+00
8.650000000000000000e+04 1.316741422570178884e+03 5.000000000000000000e+02
8.650000000000000000e+04 1.316741422570179111e+03 1.000000000000000000e+03
8.650000000000000000e+04 1.316741422570179566e+03 1.500000000000000000e+03
8.650000000000000000e+04 1.316741422570179338e+03 2.000000000000000000e+03
8.700000000000000000e+04 1.308518980542585950e+03 0.000000000000000000e+00
8.700000000000000000e+04 1.308518980542585950e+03 5.000000000000000000e+02
8.700000000000000000e+04 1.308518980542585950e+03 1.000000000000000000e+03
8.700000000000000000e+04 1.308518980542586405e+03 1.500000000000000000e+03
8.700000000000000000e+04 1.308518980542585950e+03 2.000000000000000000e+03
8.750000000000000000e+04 1.300141161930461521e+03 0.000000000000000000e+00
8.750000000000000000e+04 1.300141161930461749e+03 5.000000000000000000e+02
8.750000000000000000e+04 1.300141161930461976e+03 1.000000000000000000e+03
8.750000000000000000e+04 1.300141161930462431e+03 1.500000000000000000e+03
8.750000000000000000e+04 1.300141161930462431e+03 2.000000000000000000e+03
8.800000000000000000e+04 1.291607135063430405e+03 0.000000000000000000e+00
8.800000000000000000e+04 1.291607135063430178e+03 5.000000000000000000e+02
8.800000000000000000e+04 1.291607135063430178e+03 1.000000000000000000e+03
8.800000000000000000e+04 1.291607135063430633e+03 1.500000000000000000e+03
8.800000000000000000e+04 1.291607135063430633e+03 2.000000000000000000e+03
8.850000000000000000e+04 1.282916126250376692e+03 0.000000000000000000e+00
8.850000000000000000e+04 1.282916126250377147e+03 5.000000000000000000e+02
8.850000000000000000e+04 1.282916126250376919e+03 1.000000000000000000e+03
8.850000000000000000e+04 1.282916126250377374e+03 1.500000000000000000e+03
8.850000000000000000e+04 1.282916126250377374e+03 2.000000000000000000e+03
8.900000000000000000e+04 1.274067429896027306e+03 0.000000000000000000e+00
8.900000000000000000e+04 1.274067429896027079e+03 5.000000000000000000e+02
8.900000000000000000e+04 1.274067429896027534e+03 1.000000000000000000e+03
8.900000000000000000e+04 1.274067429896027534e+03 1.500000000000000000e+03
8.900000000000000000e+04 1.274067429896027988e+03 2.000000000000000000e+03
8.950000000000000000e+04 1.265060401576639379e+03 0.000000000000000000e+00
8.950000000000000000e+04 1.265060401576639379e+03 5.000000000000000000e+02
8.950000000000000000e+04 1.265060401576639379e+03 1.000000000000000000e+03
8.950000000000000000e+04 1.265060401576639606e+03 1.500000000000000000e+03
8.950000000000000000e+04 1.265060401576639379e+03 2.000000000000000000e+03
9.000000000000000000e+04 1.255894468540847583e+03 0.000000000000000000e+00
9.000000000000000000e+04 1.255894468540847583e+03 5.000000000000000000e+02
9.000000000000000000e+04 1.255894468540848038e+03 1.000000000000000000e+03
9.000000000000000000e+04 1.255894468540847129e+03 1.500000000000000000e+03
9.000000000000000000e+04 1.255894468540848038e+03 2.000000000000000000e+03
9.050000000000000000e+04 1.246569122272621598e+03 0.000000000000000000e+00
9.050000000000000000e+04 1.246569122272620916e+03 5.000000000000000000e+02
9.050000000000000000e+04 1.246569122272621371e+03 1.000000000000000000e+03
9.050000000000000000e+04 1.246569122272621144e+03 1.500000000000000000e+03
9.050000000000000000e+04 1.246569122272621371e+03 2.000000000000000000e+03
9.100000000000000000e+04 1.237083929346590367e+03 0.000000000000000000e+00
9.100000000000000000e+04 1.237083929346589912e+03 5.000000000000000000e+02
9.100000000000000000e+04 1.237083929346590594e+03 1.000000000000000000e+03
9.100000000000000000e+04 1.237083929346590139e+03 1.500000000000000000e+03
9.100000000000000000e+04 1.237083929346590367e+03 2.000000000000000000e+03
9.150000000000000000e+04 1.227438523488064448e+03 0.000000000000000000e+00
9.150000000000000000e+04 1.227438523488064220e+03 5.000000000000000000e+02
9.150000000000000000e+04 1.227438523488064220e+03 1.000000000000000000e+03
9.150000000000000000e+04 1.227438523488064675e+03 1.500000000000000000e+03
9.150000000000000000e+04 1.227438523488064448e+03 2.000000000000000000e+03
9.200000000000000000e+04 1.217632616750290708e+03 0.000000000000000000e+00
9.200000000000000000e+04 1.217632616750290708e+03 5.000000000000000000e+02
9.200000000000000000e+04 1.217632616750290936e+03 1.000000000000000000e+03
9.200000000000000000e+04 1.217632616750290708e+03 1.500000000000000000e+03
9.200000000000000000e+04 1.217632616750291163e+03 2.000000000000000000e+03
9.250000000000000000e+04 1.207665991084272036e+03 0.000000000000000000e+00
9.250000000000000000e+04 1.207665991084271582e+03 5.000000000000000000e+02
9.250000000000000000e+04 1.207665991084272036e+03 1.000000000000000000e+03
9.250000000000000000e+04 1.207665991084271809e+03 1.500000000000000000e+03
9.250000000000000000e+04 1.207665991084272264e+03 2.000000000000000000e+03
9.300000000000000000e+04 1.197538509802747512e+03 0.000000000000000000e+00
9.300000000000000000e+04 1.197538509802747285e+03 5.000000000000000000e+02
9.300000000000000000e+04 1.197538509802747740e+03 1.000000000000000000e+03
9.300000000000000000e+04 1.197538509802747967e+03 1.500000000000000000e+03
9.300000000000000000e+04 1.197538509802748194e+03 2.000000000000000000e+03
9.350000000000000000e+04 1.187250108675537831e+03 0.000000000000000000e+00
9.350000000000000000e+04 1.187250108675537604e+03 5.000000000000000000e+02
9.350000000000000000e+04 1.187250108675537831e+03 1.000000000000000000e+03
9.350000000000000000e+04 1.187250108675538286e+03 1.500000000000000000e+03
9.350000000000000000e+04 1.187250108675538286e+03 2.000000000000000000e+03
9.400000000000000000e+04 1.176800807642516020e+03 0.000000000000000000e+00
9.400000000000000000e+04 1.176800807642515338e+03 5.000000000000000000e+02
9.400000000000000000e+04 1.176800807642516247e+03 1.000000000000000000e+03
9.400000000000000000e+04 1.176800807642516247e+03 1.500000000000000000e+03
9.400000000000000000e+04 1.176800807642516475e+03 2.000000000000000000e+03
9.450000000000000000e+04 1.166190701453190968e+03 0.000000000000000000e+00
9.450000000000000000e+04 1.166190701453190968e+03 5.000000000000000000e+02
9.450000000000000000e+04 1.166190701453191423e+03 1.000000000000000000e+03
9.450000000000000000e+04 1.166190701453191423e+03 1.500000000000000000e+03
9.450000000000000000e+04 1.166190701453191650e+03 2.000000000000000000e+03
9.500000000000000000e+04 1.155419971588576573e+03 0.000000000000000000e+00
9.500000000000000000e+04 1.155419971588577255e+03 5.000000000000000000e+02
9.500000000000000000e+04 1.155419971588577482e+03 1.000000000000000000e+03
9.500000000000000000e+04 1.155419971588577027e+03 1.500000000000000000e+03
9.500000000000000000e+04 1.155419971588577937e+03 2.000000000000000000e+03
9.550000000000000000e+04 1.144488876466729835e+03 0.000000000000000000e+00
9.550000000000000000e+04 1.144488876466729607e+03 5.000000000000000000e+02
9.550000000000000000e+04 1.144488876466729835e+03 1.000000000000000000e+03
9.550000000000000000e+04 1.144488876466730062e+03 1.500000000000000000e+03
9.550000000000000000e+04 1.144488876466729607e+03 2.000000000000000000e+03
9.600000000000000000e+04 1.133397763531205101e+03 0.000000000000000000e+00
9.600000000000000000e+04 1.133397763531204873e+03 5.000000000000000000e+02
9.600000000000000000e+04 1.133397763531205101e+03 1.000000000000000000e+03
9.600000000000000000e+04 1.133397763531204646e+03 1.500000000000000000e+03
9.600000000000000000e+04 1.133397763531205328e+03 2.000000000000000000e+03
9.650000000000000000e+04 1.122147059047236780e+03 0.000000000000000000e+00
9.650000000000000000e+04 1.122147059047236326e+03 5.000000000000000000e+02
9.650000000000000000e+04 1.122147059047236098e+03 1.000000000000000000e+03
9.650000000000000000e+04 1.122147059047236553e+03 1.500000000000000000e+03
9.650000000000000000e+04 1.122147059047236326e+03 2.000000000000000000e+03
9.700000000000000000e+04 1.110737280312481516e+03 0.000000000000000000e+00
9.700000000000000000e+04 1.110737280312481289e+03 5.000000000000000000e+02
9.700000000000000000e+04 1.110737280312481744e+03 1.000000000000000000e+03
9.700000000000000000e+04 1.110737280312481516e+03 1.500000000000000000e+03
9.700000000000000000e+04 1.110737280312481744e+03 2.000000000000000000e+03
9.750000000000000000e+04 1.099169025071441865e+03 0.000000000000000000e+00
9.750000000000000000e+04 1.099169025071441638e+03 5.000000000000000000e+02
9.750000000000000000e+04 1.099169025071442320e+03 1.000000000000000000e+03
9.750000000000000000e+04 1.099169025071441638e+03 1.500000000000000000e+03
9.750000000000000000e+04 1.099169025071442320e+03 2.000000000000000000e+03
9.800000000000000000e+04 1.087442983802405706e+03 0.000000000000000000e+00
9.800000000000000000e+04 1.087442983802405251e+03 5.000000000000000000e+02
9.800000000000000000e+04 1.087442983802405934e+03 1.000000000000000000e+03
9.800000000000000000e+04 1.087442983802405479e+03 1.500000000000000000e+03
9.800000000000000000e+04 1.087442983802405479e+03 2.000000000000000000e+03
9.850000000000000000e+04 1.075559928780565997e+03 0.000000000000000000e+00
9.850000000000000000e+04 1.075559928780566224e+03 5.000000000000000000e+02
9.850000000000000000e+04 1.075559928780566452e+03 1.000000000000000000e+03
9.850000000000000000e+04 1.075559928780566224e+03 1.500000000000000000e+03
9.850000000000000000e+04 1.075559928780566679e+03 2.000000000000000000e+03
9.900000000000000000e+04 1.063520726393511723e+03 0.000000000000000000e+00
9.900000000000000000e+04 1.063520726393510813e+03 5.000000000000000000e+02
9.900000000000000000e+04 1.063520726393511268e+03 1.000000000000000000e+03
9.900000000000000000e+04 1.063520726393511268e+03 1.500000000000000000e+03
9.900000000000000000e+04 1.063520726393512177e+03 2.000000000000000000e+03
9.950000000000000000e+04 1.051326325886260747e+03 0.000000000000000000e+00
9.950000000000000000e+04 1.051326325886260520e+03 5.000000000000000000e+02
9.950000000000000000e+04 1.051326325886260975e+03 1.000000000000000000e+03
9.950000000000000000e+04 1.051326325886260975e+03 1.500000000000000000e+03
9.950000000000000000e+04 1.051326325886261202e+03 2.000000000000000000e+03
1.000000000000000000e+05 1.038977771656337154e+03 0.000000000000000000e+00
1.000000000000000000e+05 1.038977771656337154e+03 5.000000000000000000e+02
1.000000000000000000e+05 1.038977771656337609e+03 1.000000000000000000e+03
1.000000000000000000e+05 1.038977771656337609e+03 1.500000000000000000e+03
1.000000000000000000e+05 1.038977771656338064e+03 2.000000000000000000e+03
1.005000000000000000e+05 1.026476191716591529e+03 0.000000000000000000e+00
1.005000000000000000e+05 1.026476191716591529e+03 5.000000000000000000e+02
1.005000000000000000e+05 1.026476191716591757e+03 1.000000000000000000e+03
1.005000000000000000e+05 1.026476191716592211e+03 1.500000000000000000e+03
1.005000000000000000e+05 1.026476191716591757e+03 2.000000000000000000e+03
1.010000000000000000e+05 1.013822809919850670e+03 0.000000000000000000e+00
1.010000000000000000e+05 1.013822809919850329e+03 5.000000000000000000e+02
1.010000000000000000e+05 1.013822809919850783e+03 1.000000000000000000e+03
1.010000000000000000e+05 1.013822809919849988e+03 1.500000000000000000e+03
1.010000000000000000e+05 1.013822809919851011e+03 2.000000000000000000e+03
1.015000000000000000e+05 1.001018934177900519e+03 0.000000000000000000e+00
1.015000000000000000e+05 1.001018934177900405e+03 5.000000000000000000e+02
1.015000000000000000e+05 1.001018934177900405e+03 1.000000000000000000e+03
1.015000000000000000e+05 1.001018934177900292e+03 1.500000000000000000e+03
1.015000000000000000e+05 1.001018934177899837e+03 2.000000000000000000e+03
1.020000000000000000e+05 9.880659685649477524e+02 0.000000000000000000e+00
1.020000000000000000e+05 9.880659685649470703e+02 5.000000000000000000e+02
1.020000000000000000e+05 9.880659685649478661e+02 1.000000000000000000e+03
1.020000000000000000e+05 9.880659685649466155e+02 1.500000000000000000e+03
1.020000000000000000e+05 9.880659685649475250e+02 2.000000000000000000e+03
1.025000000000000000e+05 9.749654013334786669e+02 0.000000000000000000e+00
1.025000000000000000e+05 9.749654013334784395e+02 5.000000000000000000e+02
1.025000000000000000e+05 9.749654013334786669e+02 1.000000000000000000e+03
1.025000000000000000e+05 9.749654013334784395e+02 1.500000000000000000e+03
1.025000000000000000e+05 9.749654013334785532e+02 2.000000000000000000e+03
1.030000000000000000e+05 9.617188168452876198e+02 0.000000000000000000e+00
1.030000000000000000e+05 9.617188168452870514e+02 5.000000000000000000e+02
1.030000000000000000e+05 9.617188168452870514e+02 1.000000000000000000e+03
1.030000000000000000e+05 9.617188168452871651e+02 1.500000000000000000e+03
1.030000000000000000e+05 9.617188168452872787e+02 2.000000000000000000e+03
1.035000000000000000e+05 9.483278834271079631e+02 0.000000000000000000e+00
1.035000000000000000e+05 9.483278834271078495e+02 5.000000000000000000e+02
1.035000000000000000e+05 9.483278834271080768e+02 1.000000000000000000e+03
1.035000000000000000e+05 9.483278834271080768e+02 1.500000000000000000e+03
1.035000000000000000e+05 9.483278834271083042e+02 2.000000000000000000e+03
1.040000000000000000e+05 9.347943650777809808e+02 0.000000000000000000e+00
1.040000000000000000e+05 9.347943650777805260e+02 5.000000000000000000e+02
1.040000000000000000e+05 9.347943650777816629e+02 1.000000000000000000e+03
1.040000000000000000e+05 9.347943650777808671e+02 1.500000000000000000e+03
1.040000000000000000e+05 9.347943650777815492e+02 2.000000000000000000e+03
1.045000000000000000e+05 9.211201092085257187e+02 0.000000000000000000e+00
1.045000000000000000e+05 9.211201092085251503e+02 5.000000000000000000e+02
1.045000000000000000e+05 9.211201092085257187e+02 1.000000000000000000e+03
1.045000000000000000e+05 9.211201092085257187e+02 1.500000000000000000e+03
1.045000000000000000e+05 9.211201092085260598e+02 2.000000000000000000e+03
1.050000000000000000e+05 9.073070580749507599e+02 0.000000000000000000e+00
1.050000000000000000e+05 9.073070580749503051e+02 5.000000000000000000e+02
1.050000000000000000e+05 9.073070580749509872e+02 1.000000000000000000e+03
1.050000000000000000e+05 9.073070580749503051e+02 1.500000000000000000e+03
1.050000000000000000e+05 9.073070580749511009e+02 2.000000000000000000e+03
1.055000000000000000e+05 8.933572364485740991e+02 0.000000000000000000e+00
1.055000000000000000e+05 8.933572364485738717e+02 5.000000000000000000e+02
1.055000000000000000e+05 8.933572364485744401e+02 1.000000000000000000e+03
1.055000000000000000e+05 8.933572364485743265e+02 1.500000000000000000e+03
1.055000000000000000e+05 8.933572364485746675e+02 2.000000000000000000e+03
1.060000000000000000e+05 8.792727627228322262e+02 0.000000000000000000e+00
1.060000000000000000e+05 8.792727627228316578e+02 5.000000000000000000e+02
1.060000000000000000e+05 8.792727627228326810e+02 1.000000000000000000e+03
1.060000000000000000e+05 8.792727627228316578e+02 1.500000000000000000e+03
1.060000000000000000e+05 8.792727627228321126e+02 2.000000000000000000e+03
1.065000000000000000e+05 8.650558365639643625e+02 0.000000000000000000e+00
1.065000000000000000e+05 8.650558365639645899e+02 5.000000000000000000e+02
1.065000000000000000e+05 8.650558365639645899e+02 1.000000000000000000e+03
1.065000000000000000e+05 8.650558365639647036e+02 1.500000000000000000e+03
1.065000000000000000e+05 8.650558365639647036e+02 2.000000000000000000e+03
1.070000000000000000e+05 8.507087496409272944e+02 0.000000000000000000e+00
1.070000000000000000e+05 8.507087496409267260e+02 5.000000000000000000e+02
1.070000000000000000e+05 8.507087496409277492e+02 1.000000000000000000e+03
1.070000000000000000e+05 8.507087496409269534e+02 1.500000000000000000e+03
1.070000000000000000e+05 8.507087496409272944e+02 2.000000000000000000e+03
1.075000000000000000e+05 8.362338733050243036e+02 0.000000000000000000e+00
1.075000000000000000e+05 8.362338733050239625e+02 5.000000000000000000e+02
1.075000000000000000e+05 8.362338733050240762e+02 1.000000000000000000e+03
1.075000000000000000e+05 8.362338733050239625e+02 1.500000000000000000e+03
1.075000000000000000e+05 8.362338733050246447e+02 2.000000000000000000e+03
1.080000000000000000e+05 8.216336688946970526e+02 0.000000000000000000e+00
1.080000000000000000e+05 8.216336688946964841e+02 5.000000000000000000e+02
1.080000000000000000e+05 8.216336688946971663e+02 1.000000000000000000e+03
1.080000000000000000e+05 8.216336688946968252e+02 1.500000000000000000e+03
1.080000000000000000e+05 8.216336688946973936e+02 2.000000000000000000e+03
1.085000000000000000e+05 8.069106754942681619e+02 0.000000000000000000e+00
1.085000000000000000e+05 8.069106754942681619e+02 5.000000000000000000e+02
1.085000000000000000e+05 8.069106754942681619e+02 1.000000000000000000e+03
1.085000000000000000e+05 8.069106754942685029e+02 1.500000000000000000e+03
1.085000000000000000e+05 8.069106754942686166e+02 2.000000000000000000e+03
1.090000000000000000e+05 7.920675197659659261e+02 0.000000000000000000e+00
1.090000000000000000e+05 7.920675197659659261e+02 5.000000000000000000e+02
1.090000000000000000e+05 7.920675197659655851e+02 1.000000000000000000e+03
1.090000000000000000e+05 7.920675197659661535e+02 1.500000000000000000e+03
1.090000000000000000e+05 7.920675197659664946e+02 2.000000000000000000e+03
1.095000000000000000e+05 7.771069038388530998e+02 0.000000000000000000e+00
1.095000000000000000e+05 7.771069038388526451e+02 5.000000000000000000e+02
1.095000000000000000e+05 7.771069038388527588e+02 1.000000000000000000e+03
1.095000000000000000e+05 7.771069038388528725e+02 1.500000000000000000e+03
1.095000000000000000e+05 7.771069038388530998e+02 2.000000000000000000e+03
1.100000000000000000e+05 7.620316146221307463e+02 0.000000000000000000e+00
1.100000000000000000e+05 7.620316146221305189e+02 5.000000000000000000e+02
1.100000000000000000e+05 7.620316146221305189e+02 1.000000000000000000e+03
1.100000000000000000e+05 7.620316146221299505e+02 1.500000000000000000e+03
1.100000000000000000e+05 7.620316146221306326e+02 2.000000000000000000e+03
1.105000000000000000e+05 7.468445118757324508e+02 0.000000000000000000e+00
1.105000000000000000e+05 7.468445118757324508e+02 5.000000000000000000e+02
1.105000000000000000e+05 7.468445118757324508e+02 1.000000000000000000e+03
1.105000000000000000e+05 7.468445118757322234e+02 1.500000000000000000e+03
1.105000000000000000e+05 7.468445118757324508e+02 2.000000000000000000e+03
1.110000000000000000e+05 7.315485369609514237e+02 0.000000000000000000e+00
1.110000000000000000e+05 7.315485369609505142e+02 5.000000000000000000e+02
1.110000000000000000e+05 7.315485369609507416e+02 1.000000000000000000e+03
1.110000000000000000e+05 7.315485369609500594e+02 1.500000000000000000e+03
1.110000000000000000e+05 7.315485369609508552e+02 2.000000000000000000e+03
1.115000000000000000e+05 7.161467011442814510e+02 0.000000000000000000e+00
1.115000000000000000e+05 7.161467011442816784e+02 5.000000000000000000e+02
1.115000000000000000e+05 7.161467011442811099e+02 1.000000000000000000e+03
1.115000000000000000e+05 7.161467011442814510e+02 1.500000000000000000e+03
1.115000000000000000e+05 7.161467011442807689e+02 2.000000000000000000e+03
1.120000000000000000e+05 7.006420937436859049e+02 0.000000000000000000e+00
1.120000000000000000e+05 7.006420937436855638e+02 5.000000000000000000e+02
1.120000000000000000e+05 7.006420937436857912e+02 1.000000000000000000e+03
1.120000000000000000e+05 7.006420937436852228e+02 1.500000000000000000e+03
1.120000000000000000e+05 7.006420937436854501e+02 2.000000000000000000e+03
1.125000000000000000e+05 6.850378707170825692e+02 0.000000000000000000e+00
1.125000000000000000e+05 6.850378707170821144e+02 5.000000000000000000e+02
1.125000000000000000e+05 6.850378707170827965e+02 1.000000000000000000e+03
1.125000000000000000e+05 6.850378707170820007e+02 1.500000000000000000e+03
1.125000000000000000e+05 6.850378707170827965e+02 2.000000000000000000e+03
1.130000000000000000e+05 6.693372621651130885e+02 0.000000000000000000e+00
1.130000000000000000e+05 6.693372621651135432e+02 5.000000000000000000e+02
1.130000000000000000e+05 6.693372621651133159e+02 1.000000000000000000e+03
1.130000000000000000e+05 6.693372621651133159e+02 1.500000000000000000e+03
1.130000000000000000e+05 6.693372621651130885e+02 2.000000000000000000e+03
1.135000000000000000e+05 6.535435612551542590e+02 0.000000000000000000e+00
1.135000000000000000e+05 6.535435612551540316e+02 5.000000000000000000e+02
1.135000000000000000e+05 6.535435612551543727e+02 1.000000000000000000e+03
1.135000000000000000e+05 6.535435612551541453e+02 1.500000000000000000e+03
1.135000000000000000e+05 6.535435612551541453e+02 2.000000000000000000e+03
1.140000000000000000e+05 6.376601310442820250e+02 0.000000000000000000e+00
1.140000000000000000e+05 6.376601310442815702e+02 5.000000000000000000e+02
1.140000000000000000e+05 6.376601310442822523e+02 1.000000000000000000e+03
1.140000000000000000e+05 6.376601310442812292e+02 1.500000000000000000e+03
1.140000000000000000e+05 6.376601310442822523e+02 2.000000000000000000e+03
1.145000000000000000e+05 6.216903937888412202e+02 0.000000000000000000e+00
1.145000000000000000e+05 6.216903937888413338e+02 5.000000000000000000e+02
1.145000000000000000e+05 6.216903937888413338e+02 1.000000000000000000e+03
1.145000000000000000e+05 6.216903937888414475e+02 1.500000000000000000e+03
1.145000000000000000e+05 6.216903937888414475e+02 2.000000000000000000e+03
1.150000000000000000e+05 6.056378370543772007e+02 0.000000000000000000e+00
1.150000000000000000e+05 6.056378370543770870e+02 5.000000000000000000e+02
1.150000000000000000e+05 6.056378370543772007e+02 1.000000000000000000e+03
1.150000000000000000e+05 6.056378370543768597e+02 1.500000000000000000e+03
1.150000000000000000e+05 6.056378370543776555e+02 2.000000000000000000e+03
1.155000000000000000e+05 5.895060034596504011e+02 0.000000000000000000e+00
1.155000000000000000e+05 5.895060034596501737e+02 5.000000000000000000e+02
1.155000000000000000e+05 5.895060034596502874e+02 1.000000000000000000e+03
1.155000000000000000e+05 5.895060034596501737e+02 1.500000000000000000e+03
1.155000000000000000e+05 5.895060034596504011e+02 2.000000000000000000e+03
1.160000000000000000e+05 5.732984960435786661e+02 0.000000000000000000e+00
1.160000000000000000e+05 5.732984960435782114e+02 5.000000000000000000e+02
1.160000000000000000e+05 5.732984960435787798e+02 1.000000000000000000e+03
1.160000000000000000e+05 5.732984960435780977e+02 1.500000000000000000e+03
1.160000000000000000e+05 5.732984960435787798e+02 2.000000000000000000e+03
1.165000000000000000e+05 5.570189684911498489e+02 0.000000000000000000e+00
1.165000000000000000e+05 5.570189684911504173e+02 5.000000000000000000e+02
1.165000000000000000e+05 5.570189684911499626e+02 1.000000000000000000e+03
1.165000000000000000e+05 5.570189684911505310e+02 1.500000000000000000e+03
1.165000000000000000e+05 5.570189684911498489e+02 2.000000000000000000e+03
1.170000000000000000e+05 5.406711297309155952e+02 0.000000000000000000e+00
1.170000000000000000e+05 5.406711297309151405e+02 5.000000000000000000e+02
1.170000000000000000e+05 5.406711297309158226e+02 1.000000000000000000e+03
1.170000000000000000e+05 5.406711297309154816e+02 1.500000000000000000e+03
1.170000000000000000e+05 5.406711297309158226e+02 2.000000000000000000e+03
1.175000000000000000e+05 5.242587346884681665e+02 0.000000000000000000e+00
1.175000000000000000e+05 5.242587346884678254e+02 5.000000000000000000e+02
1.175000000000000000e+05 5.242587346884686212e+02 1.000000000000000000e+03
1.175000000000000000e+05 5.242587346884681665e+02 1.500000000000000000e+03
1.175000000000000000e+05 5.242587346884688486e+02 2.000000000000000000e+03
1.180000000000000000e+05 5.077855880917138620e+02 0.000000000000000000e+00
1.180000000000000000e+05 5.077855880917130662e+02 5.000000000000000000e+02
1.180000000000000000e+05 5.077855880917139189e+02 1.000000000000000000e+03
1.180000000000000000e+05 5.077855880917133504e+02 1.500000000000000000e+03
1.180000000000000000e+05 5.077855880917140894e+02 2.000000000000000000e+03
1.185000000000000000e+05 4.912555357955282034e+02 0.000000000000000000e+00
1.185000000000000000e+05 4.912555357955282602e+02 5.000000000000000000e+02
1.185000000000000000e+05 4.912555357955287150e+02 1.000000000000000000e+03
1.185000000000000000e+05 4.912555357955287150e+02 1.500000000000000000e+03
1.185000000000000000e+05 4.912555357955290560e+02 2.000000000000000000e+03
1.190000000000000000e+05 4.746724677758733151e+02 0.000000000000000000e+00
1.190000000000000000e+05 4.746724677758726330e+02 5.000000000000000000e+02
1.190000000000000000e+05 4.746724677758738835e+02 1.000000000000000000e+03
1.190000000000000000e+05 4.746724677758732582e+02 1.500000000000000000e+03
1.190000000000000000e+05 4.746724677758741109e+02 2.000000000000000000e+03
1.195000000000000000e+05 4.580403100668843877e+02 0.000000000000000000e+00
1.195000000000000000e+05 4.580403100668845582e+02 5.000000000000000000e+02
1.195000000000000000e+05 4.580403100668849561e+02 1.000000000000000000e+03
1.195000000000000000e+05 4.580403100668850129e+02 1.500000000000000000e+03
1.195000000000000000e+05 4.580403100668852403e+02 2.000000000000000000e+03
1.200000000000000000e+05 4.413630269288596537e+02 0.000000000000000000e+00
1.200000000000000000e+05 4.413630269288593126e+02 5.000000000000000000e+02
1.200000000000000000e+05 4.413630269288600516e+02 1.000000000000000000e+03
1.200000000000000000e+05 4.413630269288597106e+02 1.500000000000000000e+03
1.200000000000000000e+05 4.413630269288605632e+02 2.000000000000000000e+03
1.205000000000000000e+05 4.246446134364221621e+02 0.000000000000000000e+00
1.205000000000000000e+05 4.246446134364222189e+02 5.000000000000000000e+02
1.205000000000000000e+05 4.246446134364225031e+02 1.000000000000000000e+03
1.205000000000000000e+05 4.246446134364225600e+02 1.500000000000000000e+03
1.205000000000000000e+05 4.246446134364229010e+02 2.000000000000000000e+03
1.210000000000000000e+05 4.078890968094805771e+02 0.000000000000000000e+00
1.210000000000000000e+05 4.078890968094802929e+02 5.000000000000000000e+02
1.210000000000000000e+05 4.078890968094808045e+02 1.000000000000000000e+03
1.210000000000000000e+05 4.078890968094804634e+02 1.500000000000000000e+03
1.210000000000000000e+05 4.078890968094811456e+02 2.000000000000000000e+03
1.215000000000000000e+05 3.911005296882174207e+02 0.000000000000000000e+00
1.215000000000000000e+05 3.911005296882178754e+02 5.000000000000000000e+02
1.215000000000000000e+05 3.911005296882174775e+02 1.000000000000000000e+03
1.215000000000000000e+05 3.911005296882180460e+02 1.500000000000000000e+03
1.215000000000000000e+05 3.911005296882176481e+02 2.000000000000000000e+03
1.220000000000000000e+05 3.742829906202759389e+02 0.000000000000000000e+00
1.220000000000000000e+05 3.742829906202756547e+02 5.000000000000000000e+02
1.220000000000000000e+05 3.742829906202763368e+02 1.000000000000000000e+03
1.220000000000000000e+05 3.742829906202755978e+02 1.500000000000000000e+03
1.220000000000000000e+05 3.742829906202762231e+02 2.000000000000000000e+03
1.225000000000000000e+05 3.574405780551994667e+02 0.000000000000000000e+00
1.225000000000000000e+05 3.574405780551989551e+02 5.000000000000000000e+02
1.225000000000000000e+05 3.574405780551995804e+02 1.000000000000000000e+03
1.225000000000000000e+05 3.574405780551990119e+02 1.500000000000000000e+03
1.225000000000000000e+05 3.574405780551996372e+02 2.000000000000000000e+03
1.230000000000000000e+05 3.405774099852968106e+02 0.000000000000000000e+00
1.230000000000000000e+05 3.405774099852961854e+02 5.000000000000000000e+02
1.230000000000000000e+05 3.405774099852969812e+02 1.000000000000000000e+03
1.230000000000000000e+05 3.405774099852962422e+02 1.500000000000000000e+03
1.230000000000000000e+05 3.405774099852968675e+02 2.000000000000000000e+03
1.235000000000000000e+05 3.236976186888080633e+02 0.000000000000000000e+00
1.235000000000000000e+05 3.236976186888079496e+02 5.000000000000000000e+02
1.235000000000000000e+05 3.236976186888081770e+02 1.000000000000000000e+03
1.235000000000000000e+05 3.236976186888078928e+02 1.500000000000000000e+03
1.235000000000000000e+05 3.236976186888082339e+02 2.000000000000000000e+03
1.240000000000000000e+05 3.068053495261217449e+02 0.000000000000000000e+00
1.240000000000000000e+05 3.068053495261212333e+02 5.000000000000000000e+02
1.240000000000000000e+05 3.068053495261218586e+02 1.000000000000000000e+03
1.240000000000000000e+05 3.068053495261213470e+02 1.500000000000000000e+03
1.240000000000000000e+05 3.068053495261216881e+02 2.000000000000000000e+03
1.245000000000000000e+05 2.899047564573959903e+02 0.000000000000000000e+00
1.245000000000000000e+05 2.899047564573961608e+02 5.000000000000000000e+02
1.245000000000000000e+05 2.899047564573959903e+02 1.000000000000000000e+03
1.245000000000000000e+05 2.899047564573959903e+02 1.500000000000000000e+03
1.245000000000000000e+05 2.899047564573958766e+02 2.000000000000000000e+03
1.250000000000000000e+05 2.730000000000000000e+02 0.000000000000000000e+00
1.250000000000000000e+05 2.730000000000000000e+02 5.000000000000000000e+02
1.250000000000000000e+05 2.730000000000000000e+02 1.000000000000000000e+03
1.250000000000000000e+05 2.730000000000000000e+02 1.500000000000000000e+03
1.250000000000000000e+05 2.730000000000000000e+02 2.000000000000000000e+03
