3.155760e+09 -3.668213e-09 5.019659e-09 
6.311520e+09 -7.675303e-09 4.996034e-09 
9.467280e+09 -5.895988e-09 6.340130e-09 
1.262304e+10 -7.197555e-09 5.277668e-09 
1.577880e+10 -7.652762e-09 6.421638e-09 
1.893456e+10 -7.625223e-09 8.859079e-09 
2.209032e+10 -6.263346e-09 5.932665e-09 
2.524608e+10 -7.136320e-09 7.348676e-09 
2.840184e+10 -1.019211e-08 5.963089e-09 
3.155760e+10 -7.831592e-09 6.580242e-09 
3.471336e+10 -8.558185e-09 5.640328e-09 
3.786912e+10 -6.677583e-09 5.366412e-09 
4.102488e+10 -8.313935e-09 6.878893e-09 
4.418064e+10 -7.296727e-09 7.136405e-09 
4.733640e+10 -6.346709e-09 8.367451e-09 
5.049216e+10 -9.133483e-09 1.223343e-08 
5.364792e+10 -7.497953e-09 1.182625e-08 
5.680368e+10 -1.245684e-08 9.798589e-09 
5.995944e+10 -1.199265e-08 8.378278e-09 
6.311520e+10 -1.093142e-08 1.111446e-08 
6.627096e+10 -9.209434e-09 1.049630e-08 
6.942672e+10 -7.769314e-09 7.857483e-09 
7.258248e+10 -8.915355e-09 9.572790e-09 
7.573824e+10 -9.221807e-09 9.962583e-09 
7.889400e+10 -1.048420e-08 1.274683e-08 
8.204976e+10 -9.697215e-09 8.430151e-09 
8.520552e+10 -1.577166e-08 1.192732e-08 
8.836128e+10 -1.349814e-08 8.755652e-09 
9.151704e+10 -9.075511e-09 1.215601e-08 
9.467280e+10 -9.117273e-09 1.519439e-08 
9.782856e+10 -9.279851e-09 8.525557e-09 
1.009843e+11 -7.700477e-09 1.123312e-08 
1.041401e+11 -1.102315e-08 1.185479e-08 
1.072958e+11 -1.026749e-08 1.303664e-08 
1.104516e+11 -8.474068e-09 1.218917e-08 
1.136074e+11 -1.151655e-08 1.132316e-08 
1.167631e+11 -1.000585e-08 1.180826e-08 
1.199189e+11 -1.565084e-08 1.511523e-08 
1.230746e+11 -1.020503e-08 1.418152e-08 
1.262304e+11 -1.167990e-08 1.005504e-08 
1.293862e+11 -1.314245e-08 1.322616e-08 
1.325419e+11 -1.038712e-08 1.457168e-08 
1.356977e+11 -1.041913e-08 1.471223e-08 
1.388534e+11 -1.032035e-08 8.847718e-09 
1.420092e+11 -1.425203e-08 1.525404e-08 
1.451650e+11 -1.263779e-08 1.033727e-08 
1.483207e+11 -2.058398e-08 1.252352e-08 
1.514765e+11 -1.243864e-08 1.426753e-08 
1.546322e+11 -9.085934e-09 1.342421e-08 
1.577880e+11 -1.120408e-08 1.224128e-08 
1.609438e+11 -1.279196e-08 1.255392e-08 
1.640995e+11 -1.136209e-08 1.327524e-08 
1.672553e+11 -2.067586e-08 8.815876e-09 
1.704110e+11 -1.425143e-08 1.214199e-08 
1.735668e+11 -1.651834e-08 1.127327e-08 
1.767226e+11 -1.345989e-08 1.347729e-08 
1.798783e+11 -1.187964e-08 1.319950e-08 
1.830341e+11 -1.457849e-08 1.295952e-08 
1.861898e+11 -1.918343e-08 9.354192e-09 
1.893456e+11 -1.674193e-08 9.920774e-09 
1.925014e+11 -1.673121e-08 1.458147e-08 
1.956571e+11 -1.709797e-08 1.341234e-08 
1.988129e+11 -1.734716e-08 1.443317e-08 
2.019686e+11 -1.830095e-08 1.430483e-08 
2.051244e+11 -1.313577e-08 1.642460e-08 
2.082802e+11 -1.079450e-08 1.096529e-08 
2.114359e+11 -1.292663e-08 1.388812e-08 
2.145917e+11 -1.674546e-08 1.384945e-08 
2.177474e+11 -1.970833e-08 1.192101e-08 
2.209032e+11 -2.147838e-08 1.631145e-08 
2.240590e+11 -1.265083e-08 1.340334e-08 
2.272147e+11 -1.506578e-08 1.801296e-08 
2.303705e+11 -1.924394e-08 1.421032e-08 
2.335262e+11 -1.494902e-08 1.160065e-08 
2.366820e+11 -2.341401e-08 1.108070e-08 
2.398378e+11 -1.843871e-08 1.439084e-08 
2.429935e+11 -1.739750e-08 1.478078e-08 
2.461493e+11 -1.898714e-08 1.143503e-08 
2.493050e+11 -1.468938e-08 1.224359e-08 
2.524608e+11 -1.419548e-08 9.379766e-09 
2.556166e+11 -1.087742e-08 1.129203e-08 
2.587723e+11 -1.514532e-08 1.566744e-08 
2.619281e+11 -1.441941e-08 1.888048e-08 
2.650838e+11 -2.161869e-08 1.628916e-08 
2.682396e+11 -2.583075e-08 1.183133e-08 
2.713954e+11 -1.717993e-08 1.141734e-08 
2.745511e+11 -1.377003e-08 1.165128e-08 
2.777069e+11 -1.775222e-08 1.441845e-08 
2.808626e+11 -1.605076e-08 1.304100e-08 
2.840184e+11 -1.548477e-08 1.524456e-08 
2.871742e+11 -1.187409e-08 1.361449e-08 
2.903299e+11 -1.341499e-08 1.344072e-08 
2.934857e+11 -1.348398e-08 1.360037e-08 
2.966414e+11 -1.004433e-08 1.654167e-08 
2.997972e+11 -1.224688e-08 1.351852e-08 
3.029530e+11 -1.542978e-08 1.795275e-08 
3.061087e+11 -1.309581e-08 1.479242e-08 
3.092645e+11 -1.049501e-08 1.263525e-08 
3.124202e+11 -1.596586e-08 1.115340e-08 
3.155760e+11 -1.705136e-08 1.184503e-08 
3.187318e+11 -1.730198e-08 1.309547e-08 
3.218875e+11 -1.393097e-08 1.037808e-08 
3.250433e+11 -1.094068e-08 1.251132e-08 
3.281990e+11 -1.149740e-08 1.870728e-08 
3.313548e+11 -1.575775e-08 1.282573e-08 
3.345106e+11 -1.669147e-08 1.258375e-08 
3.376663e+11 -1.303565e-08 1.318266e-08 
3.408221e+11 -1.780827e-08 1.456057e-08 
3.439778e+11 -1.718528e-08 1.688910e-08 
3.471336e+11 -1.785030e-08 1.667146e-08 
3.502894e+11 -1.990248e-08 1.630923e-08 
3.534451e+11 -1.557094e-08 1.595586e-08 
3.566009e+11 -1.626499e-08 1.418671e-08 
3.597566e+11 -1.634660e-08 1.613817e-08 
3.629124e+11 -1.653804e-08 1.476224e-08 
3.660682e+11 -1.219714e-08 1.357278e-08 
3.692239e+11 -1.140850e-08 1.238748e-08 
3.723797e+11 -1.185420e-08 1.788783e-08 
3.755354e+11 -1.094561e-08 2.453223e-08 
3.786912e+11 -1.289148e-08 2.211656e-08 
3.818470e+11 -1.191205e-08 1.596178e-08 
3.850027e+11 -1.212860e-08 1.356697e-08 
3.881585e+11 -1.658415e-08 1.285451e-08 
3.913142e+11 -1.359379e-08 1.557601e-08 
3.944700e+11 -1.240151e-08 1.311125e-08 
3.976258e+11 -9.319375e-09 1.063364e-08 
4.007815e+11 -1.024269e-08 1.264238e-08 
4.039373e+11 -2.049465e-08 1.333740e-08 
4.070930e+11 -1.288401e-08 1.674188e-08 
4.102488e+11 -1.439080e-08 1.376872e-08 
4.134046e+11 -1.331711e-08 1.506409e-08 
4.165603e+11 -1.771658e-08 1.279902e-08 
4.197161e+11 -1.180935e-08 1.257593e-08 
4.228718e+11 -1.304901e-08 1.556010e-08 
4.260276e+11 -1.728335e-08 1.667843e-08 
4.291834e+11 -1.705721e-08 1.430225e-08 
4.323391e+11 -1.151120e-08 1.207698e-08 
4.354949e+11 -1.165984e-08 1.222909e-08 
4.386506e+11 -1.516442e-08 1.440601e-08 
4.418064e+11 -1.491388e-08 1.755012e-08 
4.449622e+11 -1.760277e-08 9.848251e-09 
4.481179e+11 -1.169455e-08 1.416274e-08 
4.512737e+11 -1.793709e-08 1.545141e-08 
4.544294e+11 -1.717739e-08 1.220032e-08 
4.575852e+11 -1.673618e-08 1.231432e-08 
4.607410e+11 -1.862639e-08 1.742698e-08 
4.638967e+11 -1.298671e-08 1.293569e-08 
4.670525e+11 -1.189687e-08 1.139074e-08 
4.702082e+11 -1.591656e-08 1.487904e-08 
4.733640e+11 -2.023133e-08 1.367344e-08 
4.765198e+11 -1.326202e-08 2.133452e-08 
4.796755e+11 -1.485485e-08 1.610403e-08 
4.828313e+11 -1.373780e-08 1.574459e-08 
4.859870e+11 -1.449649e-08 1.718597e-08 
4.891428e+11 -1.417472e-08 1.395732e-08 
4.922986e+11 -1.335496e-08 1.078398e-08 
4.954543e+11 -1.225792e-08 1.508796e-08 
4.986101e+11 -1.376485e-08 1.313411e-08 
5.017658e+11 -1.361320e-08 1.290427e-08 
5.049216e+11 -1.579031e-08 1.721907e-08 
5.080774e+11 -1.723788e-08 1.333435e-08 
5.112331e+11 -1.610682e-08 1.732815e-08 
5.143889e+11 -1.221537e-08 1.687484e-08 
5.175446e+11 -1.067659e-08 1.732328e-08 
5.207004e+11 -1.233082e-08 1.716498e-08 
5.238562e+11 -1.489635e-08 1.904258e-08 
5.270119e+11 -1.631158e-08 1.763380e-08 
5.301677e+11 -1.233743e-08 1.535677e-08 
5.333234e+11 -1.289429e-08 1.188052e-08 
5.364792e+11 -1.161242e-08 1.863354e-08 
5.396350e+11 -1.231620e-08 1.661553e-08 
5.427907e+11 -1.899850e-08 1.977543e-08 
5.459465e+11 -1.306092e-08 1.608144e-08 
5.491022e+11 -1.585400e-08 2.019376e-08 
5.522580e+11 -1.332215e-08 1.387176e-08 
5.554138e+11 -1.262277e-08 2.549200e-08 
5.585695e+11 -1.503118e-08 2.374682e-08 
5.617253e+11 -1.471624e-08 2.475094e-08 
5.648810e+11 -1.658280e-08 2.374932e-08 
5.680368e+11 -1.568937e-08 1.542015e-08 
5.711926e+11 -1.356167e-08 2.780096e-08 
5.743483e+11 -1.454694e-08 1.442459e-08 
5.775041e+11 -1.613024e-08 1.262998e-08 
5.806598e+11 -1.265156e-08 1.771913e-08 
5.838156e+11 -1.367540e-08 1.786345e-08 
5.869714e+11 -1.668381e-08 2.685097e-08 
5.901271e+11 -1.192368e-08 1.505399e-08 
5.932829e+11 -1.237451e-08 1.383435e-08 
5.964386e+11 -1.425587e-08 1.612013e-08 
5.995944e+11 -1.584693e-08 1.740531e-08 
6.027502e+11 -1.182397e-08 1.378383e-08 
6.059059e+11 -1.640054e-08 1.121615e-08 
6.090617e+11 -1.721698e-08 1.145628e-08 
6.122174e+11 -1.822519e-08 1.604951e-08 
6.153732e+11 -1.515646e-08 1.327058e-08 
6.185290e+11 -1.640856e-08 1.524294e-08 
6.216847e+11 -1.252029e-08 1.215195e-08 
6.248405e+11 -2.023184e-08 1.492971e-08 
6.279962e+11 -2.125991e-08 1.711177e-08 
