0 -4.877329e+06 5.953239e+07 
1 -3.076013e+00 2.150731e+01 
2 -1.499537e+00 1.708038e+01 
3 -6.240733e-01 1.500892e+01 
4 6.694538e-02 1.412480e+01 
5 3.852618e-01 1.370797e+01 
6 5.247412e-01 1.349203e+01 
7 5.757736e-01 1.337804e+01 
8 5.871451e-01 1.331884e+01 
9 5.819172e-01 1.328938e+01 
10 5.702582e-01 1.327606e+01 
11 5.566856e-01 1.327148e+01 
12 5.432692e-01 1.327155e+01 
13 5.309594e-01 1.327400e+01 
14 5.201512e-01 1.327757e+01 
15 5.109448e-01 1.328160e+01 
16 5.032803e-01 1.328570e+01 
17 4.970138e-01 1.328969e+01 
18 4.919641e-01 1.329348e+01 
19 4.879422e-01 1.329703e+01 
20 4.847682e-01 1.330032e+01 
21 4.822809e-01 1.330338e+01 
22 4.803416e-01 1.330621e+01 
23 4.788346e-01 1.330882e+01 
24 4.776651e-01 1.331125e+01 
25 4.767573e-01 1.331350e+01 
26 4.760509e-01 1.331560e+01 
27 4.754990e-01 1.331755e+01 
28 4.750651e-01 1.331937e+01 
29 4.747211e-01 1.332107e+01 
30 4.744454e-01 1.332266e+01 
31 4.742218e-01 1.332415e+01 
32 4.740378e-01 1.332555e+01 
33 4.738841e-01 1.332686e+01 
34 4.737535e-01 1.332810e+01 
35 4.736407e-01 1.332926e+01 
36 4.735418e-01 1.333036e+01 
37 4.734537e-01 1.333140e+01 
38 4.733743e-01 1.333237e+01 
39 4.733018e-01 1.333330e+01 
40 4.732349e-01 1.333417e+01 
41 4.731728e-01 1.333500e+01 
42 4.731146e-01 1.333578e+01 
43 4.730598e-01 1.333652e+01 
44 4.730080e-01 1.333723e+01 
45 4.729589e-01 1.333790e+01 
46 4.729122e-01 1.333853e+01 
47 4.728676e-01 1.333913e+01 
48 4.728251e-01 1.333971e+01 
49 4.727844e-01 1.334025e+01 
