0 -1.814862e-11 2.197643e-14 
1 -1.836544e-11 1.359622e-15 
2 -1.875428e-11 1.474787e-16 
3 -1.904141e-11 2.435779e-17 
4 -1.924008e-11 6.246588e-18 
5 -1.937975e-11 3.365508e-18 
6 -1.948067e-11 2.988038e-18 
7 -1.955545e-11 2.915245e-18 
8 -1.961199e-11 2.890997e-18 
9 -1.965540e-11 2.881761e-18 
10 -1.968911e-11 2.878819e-18 
11 -1.971551e-11 2.878747e-18 
12 -1.973629e-11 2.880013e-18 
13 -1.975273e-11 2.881852e-18 
14 -1.976577e-11 2.883844e-18 
15 -1.977613e-11 2.885760e-18 
16 -1.978437e-11 2.887488e-18 
17 -1.979093e-11 2.888985e-18 
18 -1.979615e-11 2.890248e-18 
19 -1.980031e-11 2.891298e-18 
20 -1.980362e-11 2.892158e-18 
21 -1.980626e-11 2.892859e-18 
22 -1.980835e-11 2.893426e-18 
23 -1.981002e-11 2.893882e-18 
24 -1.981135e-11 2.894249e-18 
25 -1.981240e-11 2.894543e-18 
26 -1.981324e-11 2.894779e-18 
27 -1.981391e-11 2.894967e-18 
28 -1.981444e-11 2.895117e-18 
29 -1.981486e-11 2.895236e-18 
30 -1.981519e-11 2.895332e-18 
31 -1.981546e-11 2.895408e-18 
32 -1.981567e-11 2.895468e-18 
33 -1.981583e-11 2.895516e-18 
34 -1.981596e-11 2.895555e-18 
35 -1.981607e-11 2.895585e-18 
36 -1.981615e-11 2.895609e-18 
37 -1.981622e-11 2.895628e-18 
38 -1.981627e-11 2.895643e-18 
39 -1.981631e-11 2.895655e-18 
40 -1.981634e-11 2.895665e-18 
41 -1.981637e-11 2.895673e-18 
42 -1.981639e-11 2.895679e-18 
43 -1.981641e-11 2.895683e-18 
44 -1.981642e-11 2.895687e-18 
45 -1.981643e-11 2.895690e-18 
46 -1.981644e-11 2.895692e-18 
47 -1.981644e-11 2.895694e-18 
48 -1.981645e-11 2.895696e-18 
49 -1.981645e-11 2.895697e-18 
