  0 1.596845e-11
  1 1.654745e-11
  2 1.685879e-11
  3 1.705853e-11
  4 1.719636e-11
  5 1.729542e-11
  6 1.736853e-11
  7 1.742347e-11
  8 1.746531e-11
  9 1.749749e-11
 10 1.752242e-11
 11 1.754184e-11
 12 1.755703e-11
 13 1.756895e-11
 14 1.757834e-11
 15 1.758573e-11
 16 1.759157e-11
 17 1.759618e-11
 18 1.759983e-11
 19 1.760272e-11
 20 1.760500e-11
 21 1.760681e-11
 22 1.760825e-11
 23 1.760939e-11
 24 1.761029e-11
 25 1.761100e-11
 26 1.761157e-11
 27 1.761202e-11
 28 1.761237e-11
 29 1.761265e-11
 30 1.761288e-11
 31 1.761305e-11
 32 1.761319e-11
 33 1.761331e-11
 34 1.761339e-11
 35 1.761346e-11
 36 1.761352e-11
 37 1.761356e-11
 38 1.761360e-11
 39 1.761363e-11
 40 1.761365e-11
 41 1.761366e-11
 42 1.761368e-11
 43 1.761369e-11
 44 1.761370e-11
 45 1.761370e-11
 46 1.761371e-11
 47 1.761371e-11
 48 1.761372e-11
 49 1.761372e-11
