  0 1.000000e-05 1.000000e-05 
  1 1.038756e-05 9.648167e-01 
  2 1.555072e-05 9.714222e-01 
  3 1.001874e-05 9.884330e-01 
  4 1.003426e-05 9.864178e-01 
  5 1.004733e-05 9.700989e-01 
  6 1.015685e-05 9.583743e-01 
  7 1.123362e-05 9.514761e-01 
  8 1.305210e-05 9.460463e-01 
  9 1.540505e-05 9.419563e-01 
 10 1.811881e-05 9.389983e-01 
 11 2.101966e-05 9.369189e-01 
 12 2.394195e-05 9.354825e-01 
 13 2.674707e-05 9.344998e-01 
 14 2.933619e-05 9.338306e-01 
 15 3.165206e-05 9.333753e-01 
 16 3.367257e-05 9.330655e-01 
 17 3.540115e-05 9.328542e-01 
 18 3.685732e-05 9.327099e-01 
 19 3.806914e-05 9.326110e-01 
 20 3.906786e-05 9.325431e-01 
 21 3.988459e-05 9.324964e-01 
 22 4.054829e-05 9.324641e-01 
 23 4.108489e-05 9.324418e-01 
 24 4.151689e-05 9.324264e-01 
 25 4.186346e-05 9.324156e-01 
 26 4.214070e-05 9.324082e-01 
 27 4.236192e-05 9.324029e-01 
 28 4.253808e-05 9.323993e-01 
 29 4.267811e-05 9.323968e-01 
 30 4.278925e-05 9.323950e-01 
 31 4.287734e-05 9.323937e-01 
 32 4.294708e-05 9.323929e-01 
 33 4.300224e-05 9.323922e-01 
 34 4.304584e-05 9.323918e-01 
 35 4.308026e-05 9.323915e-01 
 36 4.310742e-05 9.323913e-01 
 37 4.312884e-05 9.323911e-01 
 38 4.314572e-05 9.323910e-01 
 39 4.315902e-05 9.323910e-01 
 40 4.316949e-05 9.323909e-01 
 41 4.317773e-05 9.323909e-01 
 42 4.318421e-05 9.323908e-01 
 43 4.318931e-05 9.323908e-01 
 44 4.319332e-05 9.323908e-01 
 45 4.319646e-05 9.323908e-01 
 46 4.319894e-05 9.323908e-01 
 47 4.320088e-05 9.323908e-01 
 48 4.320241e-05 9.323908e-01 
 49 4.320360e-05 9.323908e-01 
 50 4.320454e-05 9.323908e-01 
 51 4.320528e-05 9.323908e-01 
 52 4.320586e-05 9.323908e-01 
 53 4.320631e-05 9.323908e-01 
 54 4.320667e-05 9.323908e-01 
 55 4.320694e-05 9.323908e-01 
 56 4.320716e-05 9.323908e-01 
 57 4.320733e-05 9.323908e-01 
 58 4.320747e-05 9.323908e-01 
 59 4.320757e-05 9.323908e-01 
 60 4.320765e-05 9.323908e-01 
 61 4.320772e-05 9.323908e-01 
 62 4.320777e-05 9.323908e-01 
 63 4.320781e-05 9.323908e-01 
 64 4.320784e-05 9.323908e-01 
