3.155760e+09 -2.288326e-22 1.752056e-22 
6.311520e+09 -1.191157e-14 -1.191157e-14 
9.467280e+09 -3.500591e-14 -3.500591e-14 
1.262304e+10 -6.858766e-14 -6.858766e-14 
1.577880e+10 -1.119935e-13 -1.119935e-13 
1.893456e+10 -1.645911e-13 -1.645911e-13 
2.209032e+10 -2.257772e-13 -2.257772e-13 
2.524608e+10 -2.949772e-13 -2.949772e-13 
2.840184e+10 -3.716435e-13 -3.716435e-13 
3.155760e+10 -4.552546e-13 -4.552546e-13 
3.471336e+10 -5.453137e-13 -5.453137e-13 
3.786912e+10 -6.413481e-13 -6.413481e-13 
4.102488e+10 -7.429079e-13 -7.429079e-13 
4.418064e+10 -8.495653e-13 -8.495652e-13 
4.733640e+10 -9.609131e-13 -9.609131e-13 
5.049216e+10 -1.076565e-12 -1.076565e-12 
5.364792e+10 -1.196152e-12 -1.196152e-12 
5.680368e+10 -1.319327e-12 -1.319327e-12 
5.995944e+10 -1.445758e-12 -1.445758e-12 
6.311520e+10 -1.575130e-12 -1.575130e-12 
6.627096e+10 -1.707145e-12 -1.707145e-12 
6.942672e+10 -1.841520e-12 -1.841520e-12 
7.258248e+10 -1.977987e-12 -1.977987e-12 
7.573824e+10 -2.116293e-12 -2.116293e-12 
7.889400e+10 -2.256197e-12 -2.256197e-12 
8.204976e+10 -2.397472e-12 -2.397472e-12 
8.520552e+10 -2.539903e-12 -2.539903e-12 
8.836128e+10 -2.683288e-12 -2.683288e-12 
9.151704e+10 -2.827434e-12 -2.827434e-12 
9.467280e+10 -2.972161e-12 -2.972161e-12 
9.782856e+10 -3.117298e-12 -3.117298e-12 
1.009843e+11 -3.262685e-12 -3.262685e-12 
1.041401e+11 -3.408171e-12 -3.408171e-12 
1.072958e+11 -3.553614e-12 -3.553614e-12 
1.104516e+11 -3.698880e-12 -3.698880e-12 
1.136074e+11 -3.843843e-12 -3.843843e-12 
1.167631e+11 -3.988387e-12 -3.988387e-12 
1.199189e+11 -4.132401e-12 -4.132401e-12 
1.230746e+11 -4.275783e-12 -4.275783e-12 
1.262304e+11 -4.418436e-12 -4.418436e-12 
1.293862e+11 -4.560271e-12 -4.560271e-12 
1.325419e+11 -4.701204e-12 -4.701204e-12 
1.356977e+11 -4.841158e-12 -4.841158e-12 
1.388534e+11 -4.980061e-12 -4.980061e-12 
1.420092e+11 -5.117846e-12 -5.117846e-12 
1.451650e+11 -5.254452e-12 -5.254452e-12 
1.483207e+11 -5.389821e-12 -5.389821e-12 
1.514765e+11 -5.523902e-12 -5.523902e-12 
1.546322e+11 -5.656646e-12 -5.656646e-12 
1.577880e+11 -5.788011e-12 -5.788011e-12 
1.609438e+11 -5.917955e-12 -5.917955e-12 
1.640995e+11 -6.046444e-12 -6.046444e-12 
1.672553e+11 -6.173444e-12 -6.173444e-12 
1.704110e+11 -6.298927e-12 -6.298927e-12 
1.735668e+11 -6.422866e-12 -6.422866e-12 
1.767226e+11 -6.545239e-12 -6.545239e-12 
1.798783e+11 -6.666024e-12 -6.666024e-12 
1.830341e+11 -6.785206e-12 -6.785206e-12 
1.861898e+11 -6.902768e-12 -6.902768e-12 
1.893456e+11 -7.018699e-12 -7.018699e-12 
1.925014e+11 -7.132988e-12 -7.132988e-12 
1.956571e+11 -7.245627e-12 -7.245627e-12 
1.988129e+11 -7.356611e-12 -7.356611e-12 
2.019686e+11 -7.465934e-12 -7.465934e-12 
2.051244e+11 -7.573596e-12 -7.573596e-12 
2.082802e+11 -7.679594e-12 -7.679594e-12 
2.114359e+11 -7.783931e-12 -7.783931e-12 
2.145917e+11 -7.886608e-12 -7.886608e-12 
2.177474e+11 -7.987630e-12 -7.987630e-12 
2.209032e+11 -8.087001e-12 -8.087001e-12 
2.240590e+11 -8.184728e-12 -8.184728e-12 
2.272147e+11 -8.280820e-12 -8.280820e-12 
2.303705e+11 -8.375283e-12 -8.375283e-12 
2.335262e+11 -8.468129e-12 -8.468129e-12 
2.366820e+11 -8.559367e-12 -8.559367e-12 
2.398378e+11 -8.649009e-12 -8.649009e-12 
2.429935e+11 -8.737067e-12 -8.737067e-12 
2.461493e+11 -8.823555e-12 -8.823555e-12 
2.493050e+11 -8.908486e-12 -8.908486e-12 
2.524608e+11 -8.991874e-12 -8.991874e-12 
2.556166e+11 -9.073735e-12 -9.073735e-12 
2.587723e+11 -9.154083e-12 -9.154083e-12 
2.619281e+11 -9.232934e-12 -9.232934e-12 
2.650838e+11 -9.310306e-12 -9.310306e-12 
2.682396e+11 -9.386214e-12 -9.386214e-12 
2.713954e+11 -9.460676e-12 -9.460676e-12 
2.745511e+11 -9.533710e-12 -9.533710e-12 
2.777069e+11 -9.605332e-12 -9.605332e-12 
2.808626e+11 -9.675561e-12 -9.675561e-12 
2.840184e+11 -9.744416e-12 -9.744416e-12 
2.871742e+11 -9.811914e-12 -9.811914e-12 
2.903299e+11 -9.878074e-12 -9.878074e-12 
2.934857e+11 -9.942915e-12 -9.942915e-12 
2.966414e+11 -1.000646e-11 -1.000646e-11 
2.997972e+11 -1.006871e-11 -1.006871e-11 
3.029530e+11 -1.012971e-11 -1.012971e-11 
3.061087e+11 -1.018946e-11 -1.018946e-11 
3.092645e+11 -1.024799e-11 -1.024799e-11 
3.124202e+11 -1.030532e-11 -1.030532e-11 
3.155760e+11 -1.036145e-11 -1.036145e-11 
3.187318e+11 -1.041642e-11 -1.041642e-11 
3.218875e+11 -1.047024e-11 -1.047024e-11 
3.250433e+11 -1.052293e-11 -1.052293e-11 
3.281990e+11 -1.057451e-11 -1.057451e-11 
3.313548e+11 -1.062499e-11 -1.062499e-11 
3.345106e+11 -1.067441e-11 -1.067441e-11 
3.376663e+11 -1.072276e-11 -1.072276e-11 
3.408221e+11 -1.077008e-11 -1.077008e-11 
3.439778e+11 -1.081639e-11 -1.081639e-11 
3.471336e+11 -1.086169e-11 -1.086169e-11 
3.502894e+11 -1.090600e-11 -1.090600e-11 
3.534451e+11 -1.094935e-11 -1.094935e-11 
3.566009e+11 -1.099176e-11 -1.099176e-11 
3.597566e+11 -1.103323e-11 -1.103323e-11 
3.629124e+11 -1.107379e-11 -1.107379e-11 
3.660682e+11 -1.111346e-11 -1.111346e-11 
3.692239e+11 -1.115225e-11 -1.115225e-11 
3.723797e+11 -1.119017e-11 -1.119017e-11 
3.755354e+11 -1.122725e-11 -1.122725e-11 
3.786912e+11 -1.126349e-11 -1.126349e-11 
3.818470e+11 -1.129893e-11 -1.129893e-11 
3.850027e+11 -1.133357e-11 -1.133357e-11 
3.881585e+11 -1.136742e-11 -1.136742e-11 
3.913142e+11 -1.140051e-11 -1.140051e-11 
3.944700e+11 -1.143284e-11 -1.143284e-11 
3.976258e+11 -1.146444e-11 -1.146444e-11 
4.007815e+11 -1.149532e-11 -1.149532e-11 
4.039373e+11 -1.152549e-11 -1.152549e-11 
4.070930e+11 -1.155497e-11 -1.155497e-11 
4.102488e+11 -1.158377e-11 -1.158377e-11 
4.134046e+11 -1.161191e-11 -1.161191e-11 
4.165603e+11 -1.163939e-11 -1.163939e-11 
4.197161e+11 -1.166624e-11 -1.166624e-11 
4.228718e+11 -1.169246e-11 -1.169246e-11 
4.260276e+11 -1.171807e-11 -1.171807e-11 
4.291834e+11 -1.174309e-11 -1.174309e-11 
4.323391e+11 -1.176752e-11 -1.176752e-11 
4.354949e+11 -1.179137e-11 -1.179137e-11 
4.386506e+11 -1.181466e-11 -1.181466e-11 
4.418064e+11 -1.183741e-11 -1.183741e-11 
4.449622e+11 -1.185962e-11 -1.185962e-11 
4.481179e+11 -1.188130e-11 -1.188130e-11 
4.512737e+11 -1.190247e-11 -1.190247e-11 
4.544294e+11 -1.192313e-11 -1.192313e-11 
4.575852e+11 -1.194330e-11 -1.194330e-11 
4.607410e+11 -1.196300e-11 -1.196300e-11 
4.638967e+11 -1.198222e-11 -1.198222e-11 
4.670525e+11 -1.200098e-11 -1.200098e-11 
4.702082e+11 -1.201929e-11 -1.201929e-11 
4.733640e+11 -1.203716e-11 -1.203716e-11 
4.765198e+11 -1.205460e-11 -1.205460e-11 
4.796755e+11 -1.207161e-11 -1.207161e-11 
4.828313e+11 -1.208822e-11 -1.208822e-11 
4.859870e+11 -1.210443e-11 -1.210443e-11 
4.891428e+11 -1.212024e-11 -1.212024e-11 
4.922986e+11 -1.213567e-11 -1.213567e-11 
4.954543e+11 -1.215072e-11 -1.215072e-11 
4.986101e+11 -1.216540e-11 -1.216540e-11 
5.017658e+11 -1.217973e-11 -1.217973e-11 
5.049216e+11 -1.219371e-11 -1.219371e-11 
5.080774e+11 -1.220734e-11 -1.220734e-11 
5.112331e+11 -1.222064e-11 -1.222064e-11 
5.143889e+11 -1.223361e-11 -1.223361e-11 
5.175446e+11 -1.224627e-11 -1.224627e-11 
5.207004e+11 -1.225861e-11 -1.225861e-11 
5.238562e+11 -1.227065e-11 -1.227065e-11 
5.270119e+11 -1.228239e-11 -1.228239e-11 
5.301677e+11 -1.229383e-11 -1.229383e-11 
5.333234e+11 -1.230500e-11 -1.230500e-11 
5.364792e+11 -1.231589e-11 -1.231589e-11 
5.396350e+11 -1.232651e-11 -1.232651e-11 
5.427907e+11 -1.233686e-11 -1.233686e-11 
5.459465e+11 -1.234695e-11 -1.234695e-11 
5.491022e+11 -1.235680e-11 -1.235680e-11 
5.522580e+11 -1.236639e-11 -1.236639e-11 
5.554138e+11 -1.237575e-11 -1.237575e-11 
5.585695e+11 -1.238487e-11 -1.238487e-11 
5.617253e+11 -1.239377e-11 -1.239377e-11 
5.648810e+11 -1.240244e-11 -1.240244e-11 
5.680368e+11 -1.241089e-11 -1.241089e-11 
5.711926e+11 -1.241913e-11 -1.241913e-11 
5.743483e+11 -1.242716e-11 -1.242716e-11 
5.775041e+11 -1.243499e-11 -1.243499e-11 
5.806598e+11 -1.244262e-11 -1.244262e-11 
5.838156e+11 -1.245006e-11 -1.245006e-11 
5.869714e+11 -1.245731e-11 -1.245731e-11 
5.901271e+11 -1.246438e-11 -1.246438e-11 
5.932829e+11 -1.247126e-11 -1.247126e-11 
5.964386e+11 -1.247798e-11 -1.247798e-11 
5.995944e+11 -1.248452e-11 -1.248452e-11 
6.027502e+11 -1.249089e-11 -1.249089e-11 
6.059059e+11 -1.249710e-11 -1.249710e-11 
6.090617e+11 -1.250316e-11 -1.250316e-11 
6.122174e+11 -1.250906e-11 -1.250906e-11 
6.153732e+11 -1.251480e-11 -1.251480e-11 
6.185290e+11 -1.252041e-11 -1.252041e-11 
6.216847e+11 -1.252586e-11 -1.252586e-11 
6.248405e+11 -1.253118e-11 -1.253118e-11 
6.279962e+11 -1.253636e-11 -1.253636e-11 
6.311520e+11 -1.254141e-11 -1.254141e-11 
