  0 1.000000e-18 1.000000e-18 
  1 1.000000e-18 6.494559e-18 
  2 1.000000e-18 1.559786e-17 
  3 1.000000e-18 2.423580e-17 
  4 1.000000e-18 3.076338e-17 
  5 1.000000e-18 3.524511e-17 
  6 1.000000e-18 3.818958e-17 
  7 1.000000e-18 4.008181e-17 
  8 1.000000e-18 4.128426e-17 
  9 1.000000e-18 4.204440e-17 
 10 1.000000e-18 4.252403e-17 
 11 1.000000e-18 4.282659e-17 
 12 1.000000e-18 4.301756e-17 
 13 1.000000e-18 4.313819e-17 
 14 1.000000e-18 4.321447e-17 
 15 1.000000e-18 4.326276e-17 
 16 1.000000e-18 4.329336e-17 
 17 1.000000e-18 4.331278e-17 
 18 1.000000e-18 4.332510e-17 
 19 1.000000e-18 4.333294e-17 
 20 1.000000e-18 4.333792e-17 
 21 1.000000e-18 4.334109e-17 
 22 1.000000e-18 4.334312e-17 
 23 1.000000e-18 4.334440e-17 
 24 1.000000e-18 4.334523e-17 
 25 1.000000e-18 4.334575e-17 
 26 1.000000e-18 4.334609e-17 
 27 1.000000e-18 4.334630e-17 
 28 1.000000e-18 4.334644e-17 
 29 1.000000e-18 4.334653e-17 
 30 1.000000e-18 4.334658e-17 
 31 1.000000e-18 4.334662e-17 
 32 1.000000e-18 4.334664e-17 
 33 1.000000e-18 4.334666e-17 
 34 1.000000e-18 4.334667e-17 
 35 1.000000e-18 4.334667e-17 
 36 1.000000e-18 4.334668e-17 
 37 1.000000e-18 4.334668e-17 
 38 1.000000e-18 4.334668e-17 
 39 1.000000e-18 4.334668e-17 
 40 1.000000e-18 4.334668e-17 
