0 -8.814850e+07 1.889590e+10 
1 -2.018745e+07 1.846624e+07 
2 -1.212463e+07 1.033452e+07 
3 -8.774805e+06 6.407747e+06 
4 -6.105079e+06 4.150453e+06 
5 -4.054592e+06 2.669697e+06 
6 -2.632886e+06 1.699741e+06 
7 -1.686043e+06 1.073584e+06 
8 -1.070308e+06 6.750523e+05 
9 -6.760233e+05 4.237711e+05 
10 -4.258760e+05 2.660045e+05 
11 -2.679960e+05 1.670748e+05 
12 -1.686164e+05 1.050357e+05 
13 -1.061310e+05 6.645029e+04 
14 -6.685002e+04 4.241118e+04 
15 -4.214615e+04 2.707705e+04 
16 -2.659816e+04 1.729270e+04 
17 -1.680338e+04 1.104739e+04 
18 -1.062652e+04 7.059650e+03 
19 -6.727040e+03 4.512582e+03 
20 -4.262633e+03 2.885211e+03 
21 -2.703543e+03 1.845160e+03 
22 -1.716205e+03 1.180292e+03 
23 -1.090345e+03 7.551619e+02 
24 -6.932619e+02 4.832619e+02 
25 -4.411119e+02 3.093247e+02 
26 -2.808659e+02 1.980316e+02 
27 -1.789495e+02 1.268061e+02 
28 -1.140843e+02 8.121409e+01 
29 -7.277264e+01 5.202422e+01 
30 -4.644541e+01 3.333206e+01 
31 -2.965792e+01 2.135993e+01 
32 -1.894717e+01 1.369052e+01 
33 -1.210958e+01 8.776390e+00 
34 -7.743059e+00 5.627200e+00 
35 -4.952980e+00 3.608582e+00 
36 -3.169329e+00 2.314603e+00 
37 -2.028692e+00 1.484776e+00 
38 -1.299176e+00 9.526064e-01 
39 -8.321021e-01 6.113268e-01 
40 -5.332661e-01 3.923574e-01 
