0.000000e+00 4.8735555582e-01 
6.554842e+12 4.8735555667e-01 
1.310968e+13 4.8735555803e-01 
1.966453e+13 4.8735555966e-01 
2.621937e+13 4.8735556134e-01 
3.277421e+13 4.8735556294e-01 
3.932905e+13 4.8735556438e-01 
4.588389e+13 4.8735556564e-01 
5.243874e+13 4.8735556674e-01 
5.899358e+13 4.8735556770e-01 
6.554842e+13 4.8735556857e-01 
7.210326e+13 4.8735556939e-01 
7.865810e+13 4.8735557018e-01 
8.521295e+13 4.8735557098e-01 
9.176779e+13 4.8735557180e-01 
9.832263e+13 4.8735557266e-01 
1.048775e+14 4.8735557355e-01 
1.114323e+14 4.8735557448e-01 
1.179872e+14 4.8735557543e-01 
1.245420e+14 4.8735557641e-01 
1.310968e+14 4.8735557739e-01 
1.376517e+14 4.8735557838e-01 
1.442065e+14 4.8735557935e-01 
1.507614e+14 4.8735558030e-01 
1.573162e+14 4.8735558123e-01 
1.638710e+14 4.8735558213e-01 
1.704259e+14 4.8735558300e-01 
1.769807e+14 4.8735558383e-01 
1.835356e+14 4.8735558463e-01 
1.900904e+14 4.8735558541e-01 
1.966453e+14 4.8735558616e-01 
2.032001e+14 4.8735558689e-01 
2.097549e+14 4.8735558761e-01 
2.163098e+14 4.8735558832e-01 
2.228646e+14 4.8735558903e-01 
2.294195e+14 4.8735558974e-01 
2.359743e+14 4.8735559045e-01 
2.425292e+14 4.8735559117e-01 
2.490840e+14 4.8735559190e-01 
2.556388e+14 4.8735559264e-01 
2.621937e+14 4.8735559339e-01 
2.687485e+14 4.8735559415e-01 
2.753034e+14 4.8735559491e-01 
2.818582e+14 4.8735559567e-01 
2.884130e+14 4.8735559643e-01 
2.949679e+14 4.8735559719e-01 
3.015227e+14 4.8735559793e-01 
3.080776e+14 4.8735559866e-01 
3.146324e+14 4.8735559937e-01 
3.211873e+14 4.8735560006e-01 
3.277421e+14 4.8735560071e-01 
3.342969e+14 4.8735560133e-01 
3.408518e+14 4.8735560191e-01 
3.474066e+14 4.8735560246e-01 
3.539615e+14 4.8735560296e-01 
3.605163e+14 4.8735560342e-01 
3.670711e+14 4.8735560383e-01 
3.736260e+14 4.8735560420e-01 
3.801808e+14 4.8735560452e-01 
3.867357e+14 4.8735560481e-01 
3.932905e+14 4.8735560505e-01 
3.998454e+14 4.8735560525e-01 
4.064002e+14 4.8735560541e-01 
4.129550e+14 4.8735560554e-01 
4.195099e+14 4.8735560564e-01 
4.260647e+14 4.8735560571e-01 
4.326196e+14 4.8735560576e-01 
4.391744e+14 4.8735560579e-01 
4.457293e+14 4.8735560580e-01 
4.522841e+14 4.8735560580e-01 
4.588389e+14 4.8735560579e-01 
4.653938e+14 4.8735560577e-01 
4.719486e+14 4.8735560575e-01 
4.785035e+14 4.8735560573e-01 
4.850583e+14 4.8735560570e-01 
4.916131e+14 4.8735560568e-01 
4.981680e+14 4.8735560566e-01 
5.047228e+14 4.8735560564e-01 
5.112777e+14 4.8735560563e-01 
5.178325e+14 4.8735560562e-01 
5.243874e+14 4.8735560562e-01 
5.309422e+14 4.8735560562e-01 
5.374970e+14 4.8735560562e-01 
5.440519e+14 4.8735560563e-01 
5.506067e+14 4.8735560563e-01 
5.571616e+14 4.8735560564e-01 
5.637164e+14 4.8735560564e-01 
5.702712e+14 4.8735560564e-01 
5.768261e+14 4.8735560563e-01 
5.833809e+14 4.8735560561e-01 
5.899358e+14 4.8735560558e-01 
5.964906e+14 4.8735560554e-01 
6.030455e+14 4.8735560548e-01 
6.096003e+14 4.8735560541e-01 
6.161551e+14 4.8735560533e-01 
6.227100e+14 4.8735560522e-01 
6.292648e+14 4.8735560510e-01 
6.358197e+14 4.8735560496e-01 
6.423745e+14 4.8735560480e-01 
6.489294e+14 4.8735560462e-01 
6.554842e+14 4.8735560441e-01 
6.620390e+14 4.8735560419e-01 
6.685939e+14 4.8735560395e-01 
6.751487e+14 4.8735560369e-01 
6.817036e+14 4.8735560342e-01 
6.882584e+14 4.8735560313e-01 
6.948132e+14 4.8735560282e-01 
7.013681e+14 4.8735560250e-01 
7.079229e+14 4.8735560216e-01 
7.144778e+14 4.8735560182e-01 
7.210326e+14 4.8735560147e-01 
7.275875e+14 4.8735560111e-01 
7.341423e+14 4.8735560075e-01 
7.406971e+14 4.8735560039e-01 
7.472520e+14 4.8735560002e-01 
7.538068e+14 4.8735559966e-01 
7.603617e+14 4.8735559930e-01 
7.669165e+14 4.8735559895e-01 
7.734713e+14 4.8735559860e-01 
7.800262e+14 4.8735559826e-01 
7.865810e+14 4.8735559793e-01 
7.931359e+14 4.8735559762e-01 
7.996907e+14 4.8735559731e-01 
8.062456e+14 4.8735559702e-01 
8.128004e+14 4.8735559675e-01 
8.193552e+14 4.8735559649e-01 
8.259101e+14 4.8735559624e-01 
8.324649e+14 4.8735559601e-01 
8.390198e+14 4.8735559579e-01 
8.455746e+14 4.8735559559e-01 
8.521295e+14 4.8735559540e-01 
8.586843e+14 4.8735559523e-01 
8.652391e+14 4.8735559507e-01 
8.717940e+14 4.8735559492e-01 
8.783488e+14 4.8735559478e-01 
8.849037e+14 4.8735559465e-01 
8.914585e+14 4.8735559454e-01 
8.980133e+14 4.8735559442e-01 
9.045682e+14 4.8735559432e-01 
9.111230e+14 4.8735559422e-01 
9.176779e+14 4.8735559412e-01 
9.242327e+14 4.8735559402e-01 
9.307876e+14 4.8735559392e-01 
9.373424e+14 4.8735559382e-01 
