3.000000e+00 2.000000e+00 0.000000e+00 0 
2.980785e+00 1.804912e+00 -3.960217e-07 1 
2.923881e+00 1.617321e+00 -7.920432e-07 2 
2.831473e+00 1.444436e+00 -1.188065e-06 3 
2.707112e+00 1.292901e+00 -1.584086e-06 4 
2.555579e+00 1.168539e+00 -1.980107e-06 5 
2.382696e+00 1.076128e+00 -2.376128e-06 6 
2.195106e+00 1.019221e+00 -2.772148e-06 7 
2.000019e+00 1.000003e+00 -3.168169e-06 8 
1.804932e+00 1.019214e+00 -3.564189e-06 9 
1.617340e+00 1.076115e+00 -3.960210e-06 10 
1.444454e+00 1.168519e+00 -4.356230e-06 11 
1.292917e+00 1.292876e+00 -4.752250e-06 12 
1.168552e+00 1.444407e+00 -5.148269e-06 13 
1.076138e+00 1.617288e+00 -5.544289e-06 14 
1.019228e+00 1.804876e+00 -5.940309e-06 15 
1.000006e+00 1.999962e+00 -6.336328e-06 16 
1.019213e+00 2.195049e+00 -6.732347e-06 17 
1.076111e+00 2.382641e+00 -7.128366e-06 18 
1.168511e+00 2.555528e+00 -7.524385e-06 19 
1.292865e+00 2.707067e+00 -7.920404e-06 20 
1.444393e+00 2.831435e+00 -8.316422e-06 21 
1.617271e+00 2.923851e+00 -8.712440e-06 22 
1.804857e+00 2.980766e+00 -9.108459e-06 23 
1.999942e+00 2.999990e+00 -9.504477e-06 24 
2.195030e+00 2.980787e+00 -9.900495e-06 25 
2.382622e+00 2.923894e+00 -1.029651e-05 26 
2.555510e+00 2.831497e+00 -1.069253e-05 27 
2.707051e+00 2.707146e+00 -1.108855e-05 28 
2.831421e+00 2.555622e+00 -1.148456e-05 29 
2.923841e+00 2.382745e+00 -1.188058e-05 30 
2.980759e+00 2.195161e+00 -1.227660e-05 31 
2.999987e+00 2.000077e+00 -1.267262e-05 32 
