4.666667e+03 -7.118989e+05 
1.666667e+03 -7.114435e+05 
1.266667e+04 -7.165237e+05 
9.666667e+03 -7.139779e+05 
2.066667e+04 -7.254941e+05 
1.766667e+04 -7.209882e+05 
2.866667e+04 -7.388430e+05 
2.566667e+04 -7.323415e+05 
3.666667e+04 -7.567535e+05 
3.366667e+04 -7.481683e+05 
4.466667e+04 -7.794945e+05 
4.166667e+04 -7.686999e+05 
5.266667e+04 -8.074185e+05 
4.966667e+04 -7.942510e+05 
6.066667e+04 -8.409742e+05 
5.766667e+04 -8.252278e+05 
6.866667e+04 -8.807217e+05 
6.566667e+04 -8.621424e+05 
7.666667e+04 -9.273536e+05 
7.366667e+04 -9.056319e+05 
8.466667e+04 -9.817185e+05 
8.166667e+04 -9.564820e+05 
9.266667e+04 -1.044849e+06 
8.966667e+04 -1.015655e+06 
1.006667e+05 -1.117993e+06 
9.766667e+04 -1.084322e+06 
1.086667e+05 -1.202638e+06 
1.056667e+05 -1.163894e+06 
1.166667e+05 -1.300541e+06 
1.136667e+05 -1.256052e+06 
1.246667e+05 -1.413719e+06 
1.216667e+05 -1.362760e+06 
1.326667e+05 -1.544413e+06 
1.296667e+05 -1.486236e+06 
1.406667e+05 -1.694973e+06 
1.376667e+05 -1.628853e+06 
1.486667e+05 -1.867609e+06 
1.456667e+05 -1.792917e+06 
1.566667e+05 -2.063950e+06 
1.536667e+05 -1.980247e+06 
1.646667e+05 -2.284322e+06 
1.616667e+05 -2.191505e+06 
1.726667e+05 -2.526734e+06 
1.696667e+05 -2.425310e+06 
1.806667e+05 -2.785774e+06 
1.776667e+05 -2.677344e+06 
1.886667e+05 -3.052117e+06 
1.856667e+05 -2.939912e+06 
1.966667e+05 -3.313583e+06 
1.936667e+05 -3.202510e+06 
2.046667e+05 -3.557817e+06 
2.016667e+05 -3.453495e+06 
2.126667e+05 -3.774874e+06 
2.096667e+05 -3.682172e+06 
2.206667e+05 -3.958236e+06 
2.176667e+05 -3.880393e+06 
2.286667e+05 -4.104559e+06 
2.256667e+05 -4.043169e+06 
2.366667e+05 -4.212838e+06 
2.336667e+05 -4.168320e+06 
2.446667e+05 -4.283402e+06 
2.416667e+05 -4.255549e+06 
2.526667e+05 -4.317060e+06 
2.496667e+05 -4.305439e+06 
2.606667e+05 -4.314521e+06 
2.576667e+05 -4.318686e+06 
2.686667e+05 -4.276106e+06 
2.656667e+05 -4.295672e+06 
2.766667e+05 -4.201702e+06 
2.736667e+05 -4.236339e+06 
2.846667e+05 -4.090913e+06 
2.816667e+05 -4.140303e+06 
2.926667e+05 -3.943460e+06 
2.896667e+05 -4.007254e+06 
3.006667e+05 -3.759914e+06 
2.976667e+05 -3.837653e+06 
3.086667e+05 -3.542863e+06 
3.056667e+05 -3.633735e+06 
3.166667e+05 -3.298252e+06 
3.136667e+05 -3.400531e+06 
3.246667e+05 -3.035942e+06 
3.216667e+05 -3.146330e+06 
3.326667e+05 -2.768320e+06 
3.296667e+05 -2.881970e+06 
3.406667e+05 -2.507434e+06 
3.376667e+05 -2.619049e+06 
3.486667e+05 -2.262715e+06 
3.456667e+05 -2.367867e+06 
3.566667e+05 -2.040076e+06 
3.536667e+05 -2.135937e+06 
3.646667e+05 -1.842096e+06 
3.616667e+05 -1.927448e+06 
3.726667e+05 -1.668795e+06 
3.696667e+05 -1.743615e+06 
3.806667e+05 -1.518566e+06 
3.776667e+05 -1.583545e+06 
3.886667e+05 -1.389006e+06 
3.856667e+05 -1.445164e+06 
3.966667e+05 -1.277503e+06 
3.936667e+05 -1.325934e+06 
4.046667e+05 -1.181570e+06 
4.016667e+05 -1.223314e+06 
4.126667e+05 -1.099004e+06 
4.096667e+05 -1.134981e+06 
4.206667e+05 -1.027930e+06 
4.176667e+05 -1.058928e+06 
4.286667e+05 -9.667867e+05 
4.256667e+05 -9.934620e+05 
4.366667e+05 -9.142935e+05 
4.336667e+05 -9.371883e+05 
4.446667e+05 -8.694066e+05 
4.416667e+05 -8.889642e+05 
4.526667e+05 -8.312806e+05 
4.496667e+05 -8.478611e+05 
4.606667e+05 -7.992340e+05 
4.576667e+05 -8.131280e+05 
4.686667e+05 -7.727212e+05 
4.656667e+05 -7.841616e+05 
4.766667e+05 -7.513101e+05 
4.736667e+05 -7.604808e+05 
4.846667e+05 -7.346651e+05 
4.816667e+05 -7.417078e+05 
4.926667e+05 -7.225369e+05 
4.896667e+05 -7.275535e+05 
5.006667e+05 -7.147694e+05 
4.976667e+05 -7.178087e+05 
5.086667e+05 -7.113819e+05 
5.056667e+05 -7.123509e+05 
