0 9.956207e-01 
1 9.302177e-01 
2 7.370945e-01 
3 3.604013e-01 
4 1.680500e-01 
5 4.907327e-02 
6 1.640059e-02 
7 1.023593e-02 
8 1.027002e-02 
9 5.788082e-03 
10 5.750788e-03 
11 5.726767e-03 
12 2.938273e-03 
13 2.771670e-03 
14 1.208048e-03 
15 8.317433e-04 
16 7.464393e-04 
17 5.157249e-04 
18 1.784970e-04 
19 1.754691e-04 
20 1.729259e-04 
21 5.324738e-05 
22 4.209497e-05 
23 1.049514e-05 
24 2.651172e-06 
25 1.620892e-06 
26 4.628726e-07 
27 6.012128e-08 
28 4.918363e-08 
29 1.380707e-08 
30 1.752442e-09 
