0 7.391951e-01 
1 3.648253e-01 
2 3.364299e-01 
3 1.805471e-01 
4 1.616176e-01 
5 6.876348e-02 
6 4.223103e-02 
7 2.916249e-02 
8 2.130423e-02 
9 2.163429e-02 
10 1.764509e-02 
11 1.216831e-02 
12 9.891470e-03 
13 9.506717e-03 
14 8.647139e-03 
15 7.676565e-03 
16 6.028720e-03 
17 5.058865e-03 
18 4.017920e-03 
19 3.207731e-03 
20 1.704861e-03 
21 1.428567e-03 
22 1.022675e-03 
23 6.718618e-04 
24 6.831898e-04 
25 5.900911e-04 
26 4.877568e-04 
27 3.715264e-04 
28 3.077489e-04 
29 2.290664e-04 
30 2.046882e-04 
31 1.921480e-04 
32 1.889020e-04 
33 1.897804e-04 
34 1.711227e-04 
35 1.725752e-04 
36 1.524624e-04 
37 1.296267e-04 
38 1.395053e-04 
39 1.678950e-04 
40 1.640644e-04 
41 1.891859e-04 
42 1.820417e-04 
43 2.142513e-04 
44 2.226684e-04 
45 1.875336e-04 
46 1.618066e-04 
47 1.585238e-04 
48 1.684914e-04 
49 1.649122e-04 
50 1.136919e-04 
51 1.415315e-04 
52 1.423583e-04 
53 1.168633e-04 
54 1.048068e-04 
55 7.796155e-05 
56 7.777627e-05 
57 4.153063e-05 
58 2.664331e-05 
59 2.232880e-05 
60 1.877064e-05 
61 1.448435e-05 
62 1.122957e-05 
63 1.118953e-05 
64 1.037238e-05 
65 1.195508e-05 
66 1.312709e-05 
67 1.055662e-05 
68 6.823958e-06 
69 3.856531e-06 
70 3.595630e-06 
71 2.742730e-06 
72 1.484434e-06 
73 1.630945e-06 
74 9.309073e-07 
75 7.113626e-07 
76 5.940839e-07 
77 3.961638e-07 
78 3.425421e-07 
79 1.743136e-07 
80 1.766468e-07 
81 9.341249e-08 
82 7.522348e-08 
83 6.590147e-08 
84 3.338516e-08 
85 2.796829e-08 
86 1.627918e-08 
87 8.301207e-09 
