0 7.791623e-01 
1 3.745657e-01 
2 2.232119e-01 
3 8.021993e-02 
4 3.264546e-02 
5 1.158198e-02 
6 8.217917e-03 
7 5.852918e-03 
8 5.088302e-03 
9 4.726392e-03 
10 4.488504e-03 
11 4.086814e-03 
12 5.085442e-03 
13 5.751332e-03 
14 5.558550e-03 
15 4.809989e-03 
16 4.467680e-03 
17 3.849572e-03 
18 3.166037e-03 
19 2.910414e-03 
20 2.940964e-03 
21 2.902866e-03 
22 3.064994e-03 
23 3.287311e-03 
24 3.126508e-03 
25 3.289132e-03 
26 3.209652e-03 
27 3.231010e-03 
28 2.933578e-03 
29 2.872565e-03 
30 2.484200e-03 
31 2.286573e-03 
32 2.025822e-03 
33 1.906724e-03 
34 1.847652e-03 
35 1.810978e-03 
36 1.932730e-03 
37 1.775677e-03 
38 1.756032e-03 
39 1.562068e-03 
40 1.439701e-03 
41 1.270429e-03 
42 1.181354e-03 
43 1.030375e-03 
44 9.462529e-04 
45 8.140714e-04 
46 7.801117e-04 
47 6.900497e-04 
48 7.226607e-04 
49 6.981523e-04 
50 7.289742e-04 
51 7.120707e-04 
52 6.879153e-04 
53 6.543540e-04 
54 6.033490e-04 
55 5.723923e-04 
56 5.369918e-04 
57 4.761137e-04 
58 4.493922e-04 
59 3.920249e-04 
60 3.756646e-04 
61 3.508710e-04 
62 3.289037e-04 
63 3.108877e-04 
64 2.811237e-04 
65 2.518364e-04 
66 2.163745e-04 
67 1.846623e-04 
68 1.705329e-04 
69 1.522925e-04 
70 1.345946e-04 
71 1.120028e-04 
72 9.189461e-05 
73 7.950890e-05 
74 7.140023e-05 
75 6.367022e-05 
76 5.676741e-05 
77 4.950945e-05 
78 4.619591e-05 
79 4.335088e-05 
80 4.135811e-05 
81 3.962400e-05 
82 3.626225e-05 
83 3.395305e-05 
84 3.010608e-05 
85 2.802780e-05 
86 2.554913e-05 
87 2.391372e-05 
88 2.214669e-05 
89 2.078009e-05 
90 2.004114e-05 
91 1.863678e-05 
92 1.811739e-05 
93 1.681325e-05 
94 1.692978e-05 
95 1.618463e-05 
96 1.527443e-05 
97 1.442662e-05 
98 1.354775e-05 
99 1.237466e-05 
100 1.138283e-05 
101 1.077420e-05 
102 1.032195e-05 
103 1.016713e-05 
104 1.270292e-05 
105 1.046230e-05 
106 1.002861e-05 
107 9.941052e-06 
108 1.026918e-05 
109 1.309886e-05 
110 1.269785e-05 
111 1.140956e-05 
112 1.180006e-05 
113 1.192117e-05 
114 1.423110e-05 
115 1.242485e-05 
116 1.037998e-05 
117 9.183100e-06 
118 1.033129e-05 
119 7.864920e-06 
120 6.585751e-06 
121 6.663337e-06 
122 6.931963e-06 
123 5.326341e-06 
124 5.333730e-06 
125 6.284860e-06 
126 4.862168e-06 
127 4.956354e-06 
128 6.227744e-06 
129 4.927417e-06 
130 5.317246e-06 
131 6.105762e-06 
132 5.002525e-06 
133 5.823347e-06 
134 6.262261e-06 
135 5.302701e-06 
136 6.061856e-06 
137 5.750855e-06 
138 5.359029e-06 
139 6.327085e-06 
140 5.058478e-06 
141 5.145432e-06 
142 5.590187e-06 
143 4.445863e-06 
144 5.372680e-06 
145 4.775623e-06 
146 4.626554e-06 
147 5.813937e-06 
148 4.968508e-06 
149 5.480768e-06 
150 5.050971e-06 
151 4.715034e-06 
152 5.332490e-06 
153 4.243473e-06 
154 4.924363e-06 
155 4.335847e-06 
156 3.900576e-06 
157 4.287332e-06 
158 3.499299e-06 
159 3.767631e-06 
160 3.174770e-06 
161 3.327981e-06 
162 3.258513e-06 
163 2.860166e-06 
164 3.365165e-06 
165 2.894261e-06 
166 3.166979e-06 
167 3.048176e-06 
168 3.031237e-06 
169 3.141309e-06 
170 2.844434e-06 
171 3.175248e-06 
172 2.678063e-06 
173 3.018544e-06 
174 2.815721e-06 
175 2.810216e-06 
176 2.831798e-06 
177 2.387259e-06 
178 2.619637e-06 
179 2.169489e-06 
180 2.347414e-06 
181 2.294534e-06 
182 2.343459e-06 
183 2.473350e-06 
184 2.286611e-06 
185 2.542167e-06 
186 2.316475e-06 
187 2.669422e-06 
188 2.459232e-06 
189 2.680734e-06 
190 2.595025e-06 
191 2.633252e-06 
192 2.833354e-06 
193 2.540058e-06 
194 2.887724e-06 
195 2.665139e-06 
196 2.878336e-06 
197 2.585794e-06 
198 2.591828e-06 
199 2.369615e-06 
200 2.088635e-06 
201 2.172355e-06 
202 1.793143e-06 
203 1.779439e-06 
204 1.520116e-06 
205 1.557335e-06 
206 1.540959e-06 
207 1.513527e-06 
208 1.497653e-06 
209 1.385276e-06 
210 1.438599e-06 
211 1.348303e-06 
212 1.558056e-06 
213 1.305243e-06 
214 1.336771e-06 
215 1.433416e-06 
216 1.350048e-06 
217 1.355576e-06 
218 1.250369e-06 
219 1.360643e-06 
220 1.302517e-06 
221 1.396147e-06 
222 1.215623e-06 
223 1.317951e-06 
224 1.263582e-06 
225 1.245986e-06 
226 1.307317e-06 
227 1.252413e-06 
228 1.233756e-06 
229 1.136999e-06 
230 1.316665e-06 
231 1.281917e-06 
232 1.287584e-06 
233 1.185858e-06 
234 1.233543e-06 
235 1.193290e-06 
236 1.111500e-06 
237 1.264948e-06 
238 1.224300e-06 
239 1.218071e-06 
240 1.099506e-06 
241 1.253190e-06 
242 1.108718e-06 
243 1.035484e-06 
244 1.191273e-06 
245 1.119659e-06 
246 1.110115e-06 
247 1.043558e-06 
248 1.129150e-06 
249 9.354526e-07 
250 8.760016e-07 
251 9.801277e-07 
252 8.350008e-07 
253 8.655717e-07 
254 8.188853e-07 
255 8.274910e-07 
256 7.607239e-07 
257 7.512702e-07 
258 7.391732e-07 
259 7.704002e-07 
260 7.511175e-07 
261 7.375984e-07 
262 8.070949e-07 
263 7.077921e-07 
264 7.516119e-07 
265 6.523094e-07 
266 6.342908e-07 
267 6.176165e-07 
268 5.808892e-07 
269 6.575437e-07 
270 6.207322e-07 
271 6.399854e-07 
272 6.220133e-07 
273 6.207874e-07 
274 5.918880e-07 
275 6.448337e-07 
276 5.927834e-07 
277 6.527945e-07 
278 6.519521e-07 
279 6.268596e-07 
280 7.092699e-07 
281 6.286048e-07 
282 6.649777e-07 
283 6.650523e-07 
284 6.351871e-07 
285 6.925603e-07 
286 6.029960e-07 
287 5.898507e-07 
288 5.197563e-07 
289 5.153146e-07 
290 5.255914e-07 
291 5.403314e-07 
292 5.388218e-07 
293 5.907576e-07 
294 5.278584e-07 
295 5.170965e-07 
296 5.900230e-07 
297 5.340790e-07 
298 5.386435e-07 
299 5.658979e-07 
300 5.034815e-07 
301 5.740715e-07 
302 4.790611e-07 
303 4.578339e-07 
304 3.940265e-07 
305 3.405663e-07 
306 3.566090e-07 
307 3.299122e-07 
308 3.458042e-07 
309 3.129626e-07 
310 2.931642e-07 
311 2.836202e-07 
312 2.957215e-07 
313 2.953354e-07 
314 3.134232e-07 
315 3.568698e-07 
316 3.123301e-07 
317 3.068023e-07 
318 2.877664e-07 
319 3.005035e-07 
320 3.503047e-07 
321 3.753456e-07 
322 3.753594e-07 
323 3.313746e-07 
324 3.317711e-07 
325 3.748377e-07 
326 3.655702e-07 
327 3.451441e-07 
328 3.135841e-07 
329 3.538768e-07 
330 3.856652e-07 
331 2.889941e-07 
332 2.821609e-07 
333 3.182569e-07 
334 3.432182e-07 
335 2.838005e-07 
336 2.917827e-07 
337 3.359192e-07 
338 3.271951e-07 
339 2.807903e-07 
340 2.646369e-07 
341 3.093621e-07 
342 2.472273e-07 
343 2.351580e-07 
344 2.531087e-07 
345 2.689421e-07 
346 2.414922e-07 
347 2.217007e-07 
348 2.677122e-07 
349 2.101060e-07 
350 1.694975e-07 
351 2.024814e-07 
352 1.869615e-07 
353 1.742989e-07 
354 1.799075e-07 
355 2.025478e-07 
356 1.730853e-07 
357 1.670895e-07 
358 2.031012e-07 
359 1.662613e-07 
360 1.860611e-07 
361 2.039763e-07 
362 1.851725e-07 
363 2.013858e-07 
364 2.151157e-07 
365 2.051505e-07 
366 1.987614e-07 
367 2.205228e-07 
368 1.813642e-07 
369 1.810982e-07 
370 2.169244e-07 
371 1.920572e-07 
372 1.871073e-07 
373 2.129129e-07 
374 1.887752e-07 
375 1.722241e-07 
376 2.027032e-07 
377 1.712380e-07 
378 1.584527e-07 
379 1.922472e-07 
380 1.686247e-07 
381 1.649678e-07 
382 1.807647e-07 
383 1.572120e-07 
384 1.435093e-07 
385 1.558702e-07 
386 1.373392e-07 
387 1.396065e-07 
388 1.682818e-07 
389 1.334801e-07 
390 1.367710e-07 
391 1.493257e-07 
392 1.263508e-07 
393 1.350826e-07 
394 1.504179e-07 
395 1.278406e-07 
396 1.297635e-07 
397 1.451786e-07 
398 1.178461e-07 
399 1.338708e-07 
400 1.349535e-07 
401 1.281554e-07 
402 1.393907e-07 
403 1.319744e-07 
404 1.356889e-07 
405 1.509790e-07 
406 1.380780e-07 
407 1.458658e-07 
408 1.492818e-07 
409 1.238699e-07 
410 1.412621e-07 
411 1.267171e-07 
412 1.162269e-07 
413 1.119967e-07 
414 9.560568e-08 
415 1.092784e-07 
416 1.012200e-07 
417 1.065337e-07 
418 1.149370e-07 
419 1.001628e-07 
420 1.074289e-07 
421 1.208597e-07 
422 1.052703e-07 
423 1.096727e-07 
424 1.189828e-07 
425 1.003538e-07 
426 1.075558e-07 
427 1.048206e-07 
428 1.052719e-07 
429 1.054451e-07 
430 9.761351e-08 
431 1.050429e-07 
432 8.881590e-08 
433 9.115872e-08 
434 8.696018e-08 
435 7.874630e-08 
436 8.360846e-08 
437 8.274334e-08 
438 8.261092e-08 
439 8.543032e-08 
440 7.734012e-08 
441 8.364561e-08 
442 9.002239e-08 
443 8.314411e-08 
444 9.359534e-08 
445 8.784362e-08 
446 1.015084e-07 
447 9.790131e-08 
448 9.168192e-08 
449 1.071545e-07 
450 8.836254e-08 
451 9.469712e-08 
452 8.707374e-08 
453 8.228022e-08 
454 8.824596e-08 
455 8.170364e-08 
456 9.212327e-08 
457 8.294692e-08 
458 7.817502e-08 
459 7.442244e-08 
460 6.864218e-08 
461 7.252013e-08 
462 6.397677e-08 
463 6.418423e-08 
464 6.344490e-08 
465 6.172393e-08 
466 6.533435e-08 
467 5.775461e-08 
468 6.218608e-08 
469 5.426865e-08 
470 5.613223e-08 
471 5.430879e-08 
472 5.129504e-08 
473 5.874415e-08 
474 5.725407e-08 
475 5.571553e-08 
476 6.314764e-08 
477 5.880894e-08 
478 5.852364e-08 
479 6.723758e-08 
480 6.224057e-08 
481 6.302193e-08 
482 5.864525e-08 
483 6.188021e-08 
484 5.729489e-08 
485 4.959053e-08 
486 5.166366e-08 
487 5.497219e-08 
488 5.230065e-08 
489 5.828364e-08 
490 5.215464e-08 
491 5.854268e-08 
492 4.648389e-08 
493 4.452354e-08 
494 5.067483e-08 
495 4.677667e-08 
496 4.975661e-08 
497 4.573385e-08 
498 4.394049e-08 
499 4.772691e-08 
