0 7.436482e-01 
1 7.389422e-01 
2 3.646434e-01 
3 3.401613e-01 
4 3.294172e-01 
5 2.000438e-01 
6 1.621731e-01 
7 1.516867e-01 
8 8.171227e-02 
9 5.405463e-02 
10 5.008404e-02 
11 3.893275e-02 
12 1.870249e-02 
13 1.612189e-02 
14 1.008979e-02 
15 1.135129e-02 
16 1.033765e-02 
17 8.737552e-03 
18 5.295451e-03 
19 4.818015e-03 
20 3.737255e-03 
21 2.812143e-03 
22 2.017332e-03 
23 1.342574e-03 
24 1.718876e-03 
25 1.232663e-03 
26 1.232718e-03 
27 9.865578e-04 
28 9.316665e-04 
29 7.263299e-04 
30 5.620624e-04 
31 6.051103e-04 
32 4.340334e-04 
33 4.275621e-04 
34 4.228016e-04 
35 2.765510e-04 
36 3.440907e-04 
37 2.784721e-04 
38 2.750013e-04 
39 2.197462e-04 
40 2.443786e-04 
41 1.558937e-04 
42 1.879387e-04 
43 1.446820e-04 
44 1.531698e-04 
45 1.125103e-04 
46 1.021434e-04 
47 1.130318e-04 
48 1.179130e-04 
49 1.075606e-04 
50 8.892900e-05 
51 9.853079e-05 
52 9.987180e-05 
53 9.407666e-05 
54 6.970587e-05 
55 8.303979e-05 
56 8.561704e-05 
57 6.910928e-05 
58 8.134947e-05 
59 6.820550e-05 
60 6.122399e-05 
61 5.574915e-05 
62 5.597747e-05 
63 4.247522e-05 
64 4.615590e-05 
65 3.894160e-05 
66 3.836183e-05 
67 3.698864e-05 
68 4.064791e-05 
69 3.831564e-05 
70 3.227628e-05 
71 3.414711e-05 
72 3.300138e-05 
73 2.918549e-05 
74 2.286352e-05 
75 2.611798e-05 
76 2.481360e-05 
77 1.966902e-05 
78 2.040207e-05 
79 2.072933e-05 
80 2.035662e-05 
81 1.868248e-05 
82 1.928746e-05 
83 1.633117e-05 
84 1.588668e-05 
85 1.187669e-05 
86 1.169334e-05 
87 1.134049e-05 
88 1.065130e-05 
89 1.052132e-05 
90 8.324570e-06 
91 9.803449e-06 
92 7.954321e-06 
93 8.563751e-06 
94 8.323205e-06 
95 1.038587e-05 
96 1.009143e-05 
97 1.114656e-05 
98 1.246987e-05 
99 1.151112e-05 
100 1.141962e-05 
101 1.006279e-05 
102 9.106019e-06 
103 1.020973e-05 
104 9.505072e-06 
105 9.417407e-06 
106 8.317076e-06 
107 8.831843e-06 
108 7.587083e-06 
109 7.802056e-06 
110 7.216745e-06 
111 6.439257e-06 
112 6.155311e-06 
113 6.979292e-06 
114 6.009889e-06 
115 6.066752e-06 
116 5.500689e-06 
117 5.455057e-06 
118 4.734296e-06 
119 4.634420e-06 
120 4.093169e-06 
121 3.939353e-06 
122 2.695897e-06 
123 1.637555e-06 
124 1.787957e-06 
125 1.052493e-06 
126 1.136753e-06 
127 1.121352e-06 
128 8.573963e-07 
129 7.206263e-07 
130 6.018706e-07 
131 6.215204e-07 
132 4.451616e-07 
133 6.321892e-07 
134 6.003861e-07 
135 4.600990e-07 
136 4.665794e-07 
137 3.758719e-07 
138 3.965999e-07 
139 3.212092e-07 
140 3.188342e-07 
141 2.506176e-07 
142 2.019284e-07 
143 2.200666e-07 
144 2.267377e-07 
145 2.206655e-07 
146 1.199355e-07 
147 1.302663e-07 
148 7.300953e-08 
149 7.610873e-08 
150 5.212317e-08 
151 6.092596e-08 
152 6.389664e-08 
153 4.176968e-08 
154 3.600940e-08 
155 4.341428e-08 
156 3.014564e-08 
157 2.964223e-08 
158 2.366692e-08 
159 2.306312e-08 
160 2.470135e-08 
161 1.940995e-08 
162 1.967715e-08 
163 1.450201e-08 
164 1.733043e-08 
165 1.402311e-08 
166 1.116287e-08 
167 7.463228e-09 
