0 7.261028e-01 
1 3.562183e-01 
2 2.180189e-01 
3 7.116961e-02 
4 2.038615e-02 
5 6.191217e-03 
6 3.227247e-03 
7 1.909500e-03 
8 1.379419e-03 
9 6.994871e-04 
10 5.137936e-04 
11 4.430055e-04 
12 3.305079e-04 
13 2.757811e-04 
14 2.404888e-04 
15 1.866140e-04 
16 1.615185e-04 
17 1.196737e-04 
18 1.180645e-04 
19 1.339119e-04 
20 1.235060e-04 
21 1.332568e-04 
22 1.738519e-04 
23 1.933116e-04 
24 1.509963e-04 
25 1.074085e-04 
26 5.474510e-05 
27 3.463778e-05 
28 2.467029e-05 
29 1.519109e-05 
30 8.353206e-06 
31 4.060459e-06 
32 1.442908e-06 
33 5.483257e-07 
34 2.499592e-07 
35 1.492313e-07 
36 6.311553e-08 
37 1.731375e-08 
38 6.078088e-09 
