0 6.742540e-01 
1 5.338528e-01 
2 3.334074e-01 
3 1.809599e-01 
4 1.722680e-01 
5 8.402522e-02 
6 4.875920e-02 
7 4.440586e-02 
8 1.687663e-02 
9 6.729890e-03 
10 4.045786e-03 
11 2.486860e-03 
12 1.635659e-03 
13 1.137028e-03 
14 5.563412e-04 
15 3.259253e-04 
16 3.182781e-04 
17 2.757933e-04 
18 2.177108e-04 
19 2.991457e-04 
20 2.132686e-04 
21 1.361642e-04 
22 9.237804e-05 
23 4.571703e-05 
24 3.976253e-05 
25 2.255606e-05 
26 9.250511e-06 
27 4.459540e-06 
28 3.023060e-06 
29 1.161516e-06 
30 4.020687e-07 
31 2.596323e-07 
32 6.098972e-08 
33 1.649252e-08 
34 5.248130e-09 
