benchmark  0.125 0.009510344365670963 0.6506977128905655 0.9996032655200019 0.25729553326418186 1.4332955683008093 0.0
benchmark  0.0625 0.00042728895841443804 0.08316958649612083 0.9999720259026634 0.014338532228708947 0.7105947021484035 0.0
benchmark  0.041666666666666664 0.00010036675481197008 0.03257996242243857 0.9999944448802542 0.0027894289023066773 0.47431775722728287 0.0
benchmark  0.03125 3.9368837915544864e-05 0.01743041014603793 0.9999982396916965 0.0008925912119364675 0.35591104983331073 0.0
benchmark  0.020833333333333332 1.1141160986908062e-05 0.0074587607839256154 0.9999996519378354 0.00018440165643472114 0.23735806143381658 0.0
benchmark  0.017857142857142856 6.953623879076193e-06 0.005434609578536069 0.9999998120860952 0.00010201858102498652 0.2034651452330242 0.0
benchmark  0.015625 4.632252006883598e-06 0.004138290520316855 0.9999998898337639 6.12783963597972e-05 0.1780407447775636 0.0
benchmark  0.0125 2.3565007809710785e-06 0.002631450153529827 0.9999999548689579 2.630134341421047e-05 0.14244082664852245 0.0
benchmark  0.010416666666666666 1.359073833971149e-06 0.0018209384562279116 0.9999999782335396 1.324819070989144e-05 0.1187044164081389 0.0
benchmark  0.0078125 5.714547134525324e-07 0.0010206538362862053 0.9999999931122605 4.531342531440664e-06 0.08903109269836094 0.0
