0.000000e+00 0.000000e+00 0.000000e+00 0.000000e+00 0.000000e+00
7.812500e-03 3.732157e-16 -5.083034e-07 0.000000e+00 0.000000e+00
1.562500e-02 7.716493e-16 -6.353953e-07 0.000000e+00 0.000000e+00
2.343750e-02 9.895533e-16 -9.354831e-07 0.000000e+00 0.000000e+00
3.125000e-02 1.496119e-15 -1.185601e-06 0.000000e+00 0.000000e+00
3.906250e-02 1.665335e-15 -1.635793e-06 0.000000e+00 0.000000e+00
4.687500e-02 1.309553e-15 -2.028697e-06 0.000000e+00 0.000000e+00
5.468750e-02 1.766816e-15 -2.618099e-06 0.000000e+00 0.000000e+00
6.250000e-02 1.973675e-15 -3.138675e-06 0.000000e+00 0.000000e+00
7.031250e-02 1.942890e-15 -3.852235e-06 0.000000e+00 0.000000e+00
7.812500e-02 2.716058e-15 -4.488464e-06 0.000000e+00 0.000000e+00
8.593750e-02 2.386980e-15 -5.314835e-06 0.000000e+00 0.000000e+00
9.375000e-02 1.703498e-15 -6.058053e-06 0.000000e+00 0.000000e+00
1.015625e-01 2.679294e-16 -6.989137e-06 0.000000e+00 0.000000e+00
1.093750e-01 6.856473e-16 -7.833490e-06 0.000000e+00 0.000000e+00
1.171875e-01 3.627690e-16 -8.863894e-06 0.000000e+00 0.000000e+00
1.250000e-01 2.921052e-16 -9.805862e-06 0.000000e+00 0.000000e+00
1.328125e-01 3.625572e-16 -1.093243e-05 0.000000e+00 0.000000e+00
1.406250e-01 2.836790e-16 -1.197041e-05 0.000000e+00 0.000000e+00
1.484375e-01 6.192963e-16 -1.319181e-05 0.000000e+00 0.000000e+00
1.562500e-01 1.022261e-15 -1.432574e-05 0.000000e+00 0.000000e+00
1.640625e-01 8.946836e-16 -1.564210e-05 0.000000e+00 0.000000e+00
1.718750e-01 1.828751e-15 -1.687313e-05 0.000000e+00 0.000000e+00
1.796875e-01 1.616346e-15 -1.828569e-05 0.000000e+00 0.000000e+00
1.875000e-01 1.957904e-15 -1.961576e-05 0.000000e+00 0.000000e+00
1.953125e-01 2.181384e-15 -2.112650e-05 0.000000e+00 0.000000e+00
2.031250e-01 2.383176e-15 -2.255801e-05 0.000000e+00 0.000000e+00
2.109375e-01 2.536615e-15 -2.416922e-05 0.000000e+00 0.000000e+00
2.187500e-01 2.579112e-15 -2.570454e-05 0.000000e+00 0.000000e+00
2.265625e-01 2.676827e-15 -2.741837e-05 0.000000e+00 0.000000e+00
2.343750e-01 3.081577e-15 -2.905924e-05 0.000000e+00 0.000000e+00
2.421875e-01 3.162401e-15 -3.087707e-05 0.000000e+00 0.000000e+00
2.500000e-01 3.298360e-15 -3.262388e-05 0.000000e+00 0.000000e+00
2.578125e-01 3.343861e-15 -3.454555e-05 0.000000e+00 0.000000e+00
2.656250e-01 3.354689e-15 -3.639635e-05 0.000000e+00 0.000000e+00
2.734375e-01 3.260413e-15 -3.841915e-05 0.000000e+00 0.000000e+00
2.812500e-01 3.295324e-15 -4.036847e-05 0.000000e+00 0.000000e+00
2.890625e-01 3.088695e-15 -4.248586e-05 0.000000e+00 0.000000e+00
2.968750e-01 3.357885e-15 -4.452321e-05 0.000000e+00 0.000000e+00
3.046875e-01 3.266944e-15 -4.672336e-05 0.000000e+00 0.000000e+00
3.125000e-01 1.736458e-15 -4.883161e-05 0.000000e+00 0.000000e+00
3.203125e-01 1.994333e-15 -5.109580e-05 0.000000e+00 0.000000e+00
3.281250e-01 9.230138e-16 -5.324975e-05 0.000000e+00 0.000000e+00
3.359375e-01 6.663659e-16 -5.555101e-05 0.000000e+00 0.000000e+00
3.437500e-01 -8.326673e-17 -5.771654e-05 0.000000e+00 0.000000e+00
3.515625e-01 -5.039372e-16 -6.001902e-05 0.000000e+00 0.000000e+00
3.593750e-01 -6.246094e-16 -6.215363e-05 0.000000e+00 0.000000e+00
3.671875e-01 -1.029558e-15 -6.441372e-05 0.000000e+00 0.000000e+00
3.750000e-01 -7.003946e-16 -6.647210e-05 0.000000e+00 0.000000e+00
3.828125e-01 -5.277896e-16 -6.864478e-05 0.000000e+00 0.000000e+00
3.906250e-01 -5.956607e-16 -7.056598e-05 0.000000e+00 0.000000e+00
3.984375e-01 -3.280089e-16 -7.259032e-05 0.000000e+00 0.000000e+00
4.062500e-01 -2.645216e-16 -7.432857e-05 0.000000e+00 0.000000e+00
4.140625e-01 -1.444060e-16 -7.615864e-05 0.000000e+00 0.000000e+00
4.218750e-01 5.679102e-17 -7.766899e-05 0.000000e+00 0.000000e+00
4.296875e-01 1.266738e-16 -7.926104e-05 0.000000e+00 0.000000e+00
4.375000e-01 3.027631e-16 -8.050579e-05 0.000000e+00 0.000000e+00
4.453125e-01 3.382355e-16 -8.182403e-05 0.000000e+00 0.000000e+00
4.531250e-01 4.775368e-16 -8.277409e-05 0.000000e+00 0.000000e+00
4.609375e-01 5.545840e-16 -8.379142e-05 0.000000e+00 0.000000e+00
4.687500e-01 6.612901e-16 -8.442601e-05 0.000000e+00 0.000000e+00
4.765625e-01 7.454974e-16 -8.512357e-05 0.000000e+00 0.000000e+00
4.843750e-01 8.471330e-16 -8.542935e-05 0.000000e+00 0.000000e+00
4.921875e-01 9.400033e-16 -8.579561e-05 0.000000e+00 0.000000e+00
5.000000e-01 1.044835e-15 -8.576578e-05 0.000000e+00 0.000000e+00
5.078125e-01 1.160530e-15 -8.579561e-05 0.000000e+00 0.000000e+00
5.156250e-01 1.300175e-15 -8.542935e-05 0.000000e+00 0.000000e+00
5.234375e-01 1.441555e-15 -8.512357e-05 0.000000e+00 0.000000e+00
5.312500e-01 1.568190e-15 -8.442601e-05 0.000000e+00 0.000000e+00
5.390625e-01 1.578873e-15 -8.379142e-05 0.000000e+00 0.000000e+00
5.468750e-01 1.786111e-15 -8.277409e-05 0.000000e+00 0.000000e+00
5.546875e-01 1.908548e-15 -8.182403e-05 0.000000e+00 0.000000e+00
5.625000e-01 1.637189e-15 -8.050579e-05 0.000000e+00 0.000000e+00
5.703125e-01 1.835934e-15 -7.926104e-05 0.000000e+00 0.000000e+00
5.781250e-01 1.922182e-15 -7.766899e-05 0.000000e+00 0.000000e+00
5.859375e-01 2.227491e-15 -7.615864e-05 0.000000e+00 0.000000e+00
5.937500e-01 1.654370e-15 -7.432857e-05 0.000000e+00 0.000000e+00
6.015625e-01 2.698471e-15 -7.259032e-05 0.000000e+00 0.000000e+00
6.093750e-01 7.170255e-16 -7.056598e-05 0.000000e+00 0.000000e+00
6.171875e-01 9.832087e-16 -6.864478e-05 0.000000e+00 0.000000e+00
6.250000e-01 6.015221e-16 -6.647210e-05 0.000000e+00 0.000000e+00
6.328125e-01 7.160647e-16 -6.441372e-05 0.000000e+00 0.000000e+00
6.406250e-01 7.665635e-16 -6.215363e-05 0.000000e+00 0.000000e+00
6.484375e-01 7.831650e-16 -6.001902e-05 0.000000e+00 0.000000e+00
6.562500e-01 8.268397e-16 -5.771654e-05 0.000000e+00 0.000000e+00
6.640625e-01 7.999244e-16 -5.555101e-05 0.000000e+00 0.000000e+00
6.718750e-01 8.033938e-16 -5.324975e-05 0.000000e+00 0.000000e+00
6.796875e-01 7.598089e-16 -5.109580e-05 0.000000e+00 0.000000e+00
6.875000e-01 6.882515e-16 -4.883161e-05 0.000000e+00 0.000000e+00
6.953125e-01 6.934959e-16 -4.672336e-05 0.000000e+00 0.000000e+00
7.031250e-01 7.449297e-16 -4.452321e-05 0.000000e+00 0.000000e+00
7.109375e-01 7.450637e-16 -4.248586e-05 0.000000e+00 0.000000e+00
7.187500e-01 8.378043e-16 -4.036847e-05 0.000000e+00 0.000000e+00
7.265625e-01 7.538388e-16 -3.841915e-05 0.000000e+00 0.000000e+00
7.343750e-01 -2.729140e-18 -3.639635e-05 0.000000e+00 0.000000e+00
7.421875e-01 -6.557051e-17 -3.454555e-05 0.000000e+00 0.000000e+00
7.500000e-01 -1.550697e-16 -3.262388e-05 0.000000e+00 0.000000e+00
7.578125e-01 -2.138114e-16 -3.087707e-05 0.000000e+00 0.000000e+00
7.656250e-01 -3.049251e-16 -2.905924e-05 0.000000e+00 0.000000e+00
7.734375e-01 -3.224795e-16 -2.741837e-05 0.000000e+00 0.000000e+00
7.812500e-01 -4.076600e-16 -2.570454e-05 0.000000e+00 0.000000e+00
7.890625e-01 -4.850721e-16 -2.416922e-05 0.000000e+00 0.000000e+00
7.968750e-01 -1.743894e-15 -2.255801e-05 0.000000e+00 0.000000e+00
8.046875e-01 -2.526625e-15 -2.112650e-05 0.000000e+00 0.000000e+00
8.125000e-01 -2.346622e-15 -1.961576e-05 0.000000e+00 0.000000e+00
8.203125e-01 -1.722740e-15 -1.828569e-05 0.000000e+00 0.000000e+00
8.281250e-01 -2.072995e-15 -1.687313e-05 0.000000e+00 0.000000e+00
8.359375e-01 -1.980766e-15 -1.564210e-05 0.000000e+00 0.000000e+00
8.437500e-01 -3.001363e-15 -1.432574e-05 0.000000e+00 0.000000e+00
8.515625e-01 -2.693158e-15 -1.319181e-05 0.000000e+00 0.000000e+00
8.593750e-01 -2.982222e-15 -1.197041e-05 0.000000e+00 0.000000e+00
8.671875e-01 -2.255141e-15 -1.093243e-05 0.000000e+00 0.000000e+00
8.750000e-01 -2.025120e-15 -9.805862e-06 0.000000e+00 0.000000e+00
8.828125e-01 -1.760744e-15 -8.863894e-06 0.000000e+00 0.000000e+00
8.906250e-01 -2.029626e-15 -7.833490e-06 0.000000e+00 0.000000e+00
8.984375e-01 -1.458686e-15 -6.989137e-06 0.000000e+00 0.000000e+00
9.062500e-01 -1.458902e-15 -6.058053e-06 0.000000e+00 0.000000e+00
9.140625e-01 -1.446759e-15 -5.314835e-06 0.000000e+00 0.000000e+00
9.218750e-01 -1.300853e-15 -4.488464e-06 0.000000e+00 0.000000e+00
9.296875e-01 -1.154892e-15 -3.852235e-06 0.000000e+00 0.000000e+00
9.375000e-01 -1.094546e-15 -3.138675e-06 0.000000e+00 0.000000e+00
9.453125e-01 -9.567000e-16 -2.618099e-06 0.000000e+00 0.000000e+00
9.531250e-01 -8.073240e-16 -2.028697e-06 0.000000e+00 0.000000e+00
9.609375e-01 -6.301520e-16 -1.635793e-06 0.000000e+00 0.000000e+00
9.687500e-01 -7.230002e-16 -1.185601e-06 0.000000e+00 0.000000e+00
9.765625e-01 -4.406198e-16 -9.354831e-07 0.000000e+00 0.000000e+00
9.843750e-01 -2.808199e-16 -6.353953e-07 0.000000e+00 0.000000e+00
9.921875e-01 -1.468461e-16 -5.083034e-07 0.000000e+00 0.000000e+00
1.000000e+00 0.000000e+00 0.000000e+00 0.000000e+00 0.000000e+00
