# #y,T
0.000000000000000000e+00 9.999999999999982236e-01
1.562500000000000000e-02 6.993550213097395885e-01
3.125000000000000000e-02 5.381976083760953156e-01
4.687500000000000000e-02 4.767051216187833118e-01
6.250000000000000000e-02 4.623886330438592429e-01
7.812500000000000000e-02 4.653104924075322502e-01
9.375000000000000000e-02 4.750356015741615257e-01
1.093750000000000000e-01 4.843667519864326421e-01
1.250000000000000000e-01 4.915559233963484043e-01
1.406250000000000000e-01 4.959129866222173888e-01
1.562500000000000000e-01 4.982822065341170892e-01
1.718750000000000000e-01 4.992861113936467032e-01
1.875000000000000000e-01 4.996775367981693416e-01
2.031250000000000000e-01 4.997893440898233952e-01
2.187500000000000000e-01 4.998602345962175897e-01
2.343750000000000000e-01 4.999211746179502702e-01
2.500000000000000000e-01 5.000059720617273662e-01
2.656250000000000000e-01 5.000786487605204389e-01
2.812500000000000000e-01 5.001482990173219401e-01
2.968750000000000000e-01 5.001927589271635277e-01
3.125000000000000000e-01 5.002256742904995779e-01
3.281250000000000000e-01 5.002382686298062486e-01
3.437500000000000000e-01 5.002427446865420624e-01
3.593750000000000000e-01 5.002347686736872134e-01
3.750000000000000000e-01 5.002224627317313210e-01
3.906250000000000000e-01 5.002027981367345166e-01
4.062500000000000000e-01 5.001807932243244048e-01
4.218750000000000000e-01 5.001543178779195298e-01
4.375000000000000000e-01 5.001265005283435094e-01
4.531250000000000000e-01 5.000960715456210792e-01
4.687500000000000000e-01 5.000649309607887449e-01
4.843750000000000000e-01 5.000325811608178350e-01
5.000000000000000000e-01 5.000000082462406903e-01
5.156250000000000000e-01 4.999674353203479304e-01
5.312500000000000000e-01 4.999350855325914167e-01
5.468750000000000000e-01 4.999039449480132125e-01
5.625000000000000000e-01 4.998735159932904959e-01
5.781250000000000000e-01 4.998456986635731458e-01
5.937500000000000000e-01 4.998192233479464841e-01
6.093750000000000000e-01 4.997972184123887218e-01
6.250000000000000000e-01 4.997775538107170346e-01
6.406250000000000000e-01 4.997652478396165110e-01
6.562500000000000000e-01 4.997572718409195591e-01
6.718750000000000000e-01 4.997617479154528031e-01
6.875000000000000000e-01 4.997743422863139551e-01
7.031250000000000000e-01 4.998072576525377508e-01
7.187500000000000000e-01 4.998517175685825986e-01
7.343750000000000000e-01 4.999213678230202129e-01
7.500000000000000000e-01 4.999940445242143650e-01
7.656250000000000000e-01 5.000788419421525743e-01
7.812500000000000000e-01 5.001397819394463040e-01
7.968750000000000000e-01 5.002106724147779016e-01
8.125000000000000000e-01 5.003224796871826863e-01
8.281250000000000000e-01 5.007139050879202413e-01
8.437500000000000000e-01 5.017178100635539817e-01
8.593750000000000000e-01 5.040870302901223621e-01
8.750000000000000000e-01 5.084440941016178384e-01
8.906250000000000000e-01 5.156332663486596912e-01
9.062500000000000000e-01 5.249644178919710136e-01
9.218750000000000000e-01 5.346895283452677283e-01
9.375000000000000000e-01 5.376113888238107652e-01
9.531250000000000000e-01 5.232949000067745882e-01
9.687500000000000000e-01 4.618024097965079400e-01
9.843750000000000000e-01 3.006449885043369630e-01
1.000000000000000000e+00 0.000000000000000000e+00
