0.000000e+00 0.000000e+00 2.453262e-04 
5.713750e-03 -5.592586e-06 2.452699e-04 
1.142750e-02 -1.118336e-05 2.451067e-04 
1.714125e-02 -1.677170e-05 2.448311e-04 
2.285500e-02 -2.235461e-05 2.444489e-04 
2.856875e-02 -2.793262e-05 2.439546e-04 
3.428250e-02 -3.350159e-05 2.433543e-04 
3.999625e-02 -3.906319e-05 2.426427e-04 
4.571000e-02 -4.461212e-05 2.418260e-04 
5.142375e-02 -5.015120e-05 2.408989e-04 
5.713750e-02 -5.567397e-05 2.398678e-04 
6.285125e-02 -6.118438e-05 2.387277e-04 
6.856500e-02 -6.667481e-05 2.374850e-04 
7.427875e-02 -7.215035e-05 2.361349e-04 
7.999250e-02 -7.760224e-05 2.346837e-04 
8.570625e-02 -8.303667e-05 2.331270e-04 
9.142000e-02 -8.844374e-05 2.314712e-04 
9.713375e-02 -9.383075e-05 2.297120e-04 
1.028475e-01 -9.918666e-05 2.278559e-04 
1.085612e-01 -1.045199e-04 2.258986e-04 
1.142750e-01 -1.098182e-04 2.238469e-04 
1.199888e-01 -1.150912e-04 2.216967e-04 
1.257025e-01 -1.203256e-04 2.194547e-04 
1.314163e-01 -1.255318e-04 2.171171e-04 
1.371300e-01 -1.306956e-04 2.146905e-04 
1.428437e-01 -1.358285e-04 2.121713e-04 
1.485575e-01 -1.409152e-04 2.095663e-04 
1.542712e-01 -1.459681e-04 2.068720e-04 
1.599850e-01 -1.509708e-04 2.040951e-04 
1.656988e-01 -1.559370e-04 2.012324e-04 
1.714125e-01 -1.608492e-04 1.982907e-04 
1.771263e-01 -1.657218e-04 1.952667e-04 
1.828400e-01 -1.705366e-04 1.921674e-04 
1.885537e-01 -1.753089e-04 1.889897e-04 
1.942675e-01 -1.800193e-04 1.857404e-04 
1.999812e-01 -1.846843e-04 1.824167e-04 
2.056950e-01 -1.892835e-04 1.790254e-04 
2.114088e-01 -1.938342e-04 1.755639e-04 
2.171225e-01 -1.983152e-04 1.720388e-04 
2.228363e-01 -2.027446e-04 1.684478e-04 
2.285500e-01 -2.071004e-04 1.647973e-04 
2.342637e-01 -2.114016e-04 1.610853e-04 
2.399775e-01 -2.156252e-04 1.573182e-04 
2.456912e-01 -2.197910e-04 1.534940e-04 
2.514050e-01 -2.238754e-04 1.496190e-04 
2.571188e-01 -2.278988e-04 1.456915e-04 
2.628325e-01 -2.318370e-04 1.417177e-04 
2.685462e-01 -2.357111e-04 1.376960e-04 
2.742600e-01 -2.394961e-04 1.336323e-04 
2.799738e-01 -2.432138e-04 1.295255e-04 
2.856875e-01 -2.468387e-04 1.253812e-04 
2.914013e-01 -2.503933e-04 1.211984e-04 
2.971150e-01 -2.538512e-04 1.169828e-04 
3.028287e-01 -2.572357e-04 1.127333e-04 
3.085425e-01 -2.605200e-04 1.084555e-04 
3.142563e-01 -2.637277e-04 1.041486e-04 
3.199700e-01 -2.668317e-04 9.981776e-05 
3.256837e-01 -2.698561e-04 9.546258e-05 
3.313975e-01 -2.727733e-04 9.108797e-05 
3.371113e-01 -2.756080e-04 8.669365e-05 
3.428250e-01 -2.783320e-04 8.228432e-05 
3.485388e-01 -2.809707e-04 7.785990e-05 
3.542525e-01 -2.834955e-04 7.342484e-05 
3.599662e-01 -2.859321e-04 6.897924e-05 
3.656800e-01 -2.882517e-04 6.452730e-05 
3.713938e-01 -2.904806e-04 6.006928e-05 
3.771075e-01 -2.925894e-04 5.560915e-05 
3.828213e-01 -2.946048e-04 5.114733e-05 
3.885350e-01 -2.964973e-04 4.668750e-05 
3.942487e-01 -2.982940e-04 4.223028e-05 
3.999625e-01 -2.999653e-04 3.777907e-05 
4.056763e-01 -3.015383e-04 3.333464e-05 
4.113900e-01 -3.029834e-04 2.890010e-05 
4.171037e-01 -3.043281e-04 2.447641e-05 
4.228175e-01 -3.055426e-04 2.006638e-05 
4.285313e-01 -3.066547e-04 1.567112e-05 
4.342450e-01 -3.076345e-04 1.129314e-05 
4.399588e-01 -3.085100e-04 6.933735e-06 
4.456725e-01 -3.092514e-04 2.595079e-06 
4.513862e-01 -3.098869e-04 -1.721350e-06 
4.571000e-01 -3.103866e-04 -6.013704e-06 
4.628138e-01 -3.107789e-04 -1.028033e-05 
4.685275e-01 -3.110340e-04 -1.451972e-05 
4.742413e-01 -3.111804e-04 -1.873005e-05 
4.799550e-01 -3.111886e-04 -2.291012e-05 
4.856687e-01 -3.110869e-04 -2.705796e-05 
4.913825e-01 -3.108461e-04 -3.117271e-05 
4.970963e-01 -3.104945e-04 -3.525221e-05 
5.028100e-01 -3.100033e-04 -3.929595e-05 
5.085238e-01 -3.094006e-04 -4.330161e-05 
5.142375e-01 -3.086579e-04 -4.726900e-05 
5.199512e-01 -3.078032e-04 -5.119564e-05 
5.256650e-01 -3.068085e-04 -5.508168e-05 
5.313788e-01 -3.057018e-04 -5.892447e-05 
5.370925e-01 -3.044551e-04 -6.272451e-05 
5.428063e-01 -3.030963e-04 -6.647898e-05 
5.485200e-01 -3.015982e-04 -7.018870e-05 
5.542337e-01 -2.999882e-04 -7.385069e-05 
5.599475e-01 -2.982397e-04 -7.746612e-05 
5.656613e-01 -2.963798e-04 -8.103183e-05 
5.713750e-01 -2.943824e-04 -8.454932e-05 
5.770888e-01 -2.922744e-04 -8.801528e-05 
5.828025e-01 -2.900302e-04 -9.143153e-05 
5.885162e-01 -2.876765e-04 -9.479457e-05 
5.942300e-01 -2.851881e-04 -9.810658e-05 
5.999437e-01 -2.825914e-04 -1.013639e-04 
6.056575e-01 -2.798620e-04 -1.045690e-04 
6.113713e-01 -2.770258e-04 -1.077180e-04 
6.170850e-01 -2.740591e-04 -1.108137e-04 
6.227987e-01 -2.709872e-04 -1.138522e-04 
6.285125e-01 -2.677872e-04 -1.168366e-04 
6.342262e-01 -2.644841e-04 -1.197626e-04 
6.399400e-01 -2.610556e-04 -1.226337e-04 
6.456538e-01 -2.575261e-04 -1.254456e-04 
6.513675e-01 -2.538742e-04 -1.282018e-04 
6.570813e-01 -2.501237e-04 -1.308981e-04 
6.627950e-01 -2.462540e-04 -1.335382e-04 
6.685087e-01 -2.422885e-04 -1.361176e-04 
6.742225e-01 -2.382072e-04 -1.386405e-04 
6.799363e-01 -2.340328e-04 -1.411022e-04 
6.856500e-01 -2.297464e-04 -1.435069e-04 
6.913638e-01 -2.253700e-04 -1.458500e-04 
6.970775e-01 -2.208855e-04 -1.481359e-04 
7.027912e-01 -2.163142e-04 -1.503597e-04 
7.085050e-01 -2.116391e-04 -1.525264e-04 
7.142188e-01 -2.068806e-04 -1.546305e-04 
7.199325e-01 -2.020226e-04 -1.566775e-04 
7.256463e-01 -1.970848e-04 -1.586618e-04 
7.313600e-01 -1.920522e-04 -1.605888e-04 
7.370737e-01 -1.869436e-04 -1.624530e-04 
7.427875e-01 -1.817449e-04 -1.642600e-04 
7.485013e-01 -1.764742e-04 -1.660041e-04 
7.542150e-01 -1.711183e-04 -1.676911e-04 
7.599288e-01 -1.656945e-04 -1.693152e-04 
7.656425e-01 -1.601907e-04 -1.708823e-04 
7.713562e-01 -1.546232e-04 -1.723865e-04 
7.770700e-01 -1.489810e-04 -1.738338e-04 
7.827838e-01 -1.432796e-04 -1.752183e-04 
7.884975e-01 -1.375088e-04 -1.765462e-04 
7.942113e-01 -1.316832e-04 -1.778112e-04 
7.999250e-01 -1.257940e-04 -1.790199e-04 
8.056387e-01 -1.198546e-04 -1.801658e-04 
8.113525e-01 -1.138571e-04 -1.812554e-04 
8.170662e-01 -1.078142e-04 -1.822825e-04 
8.227800e-01 -1.017191e-04 -1.832535e-04 
8.284938e-01 -9.558343e-05 -1.841621e-04 
8.342075e-01 -8.940140e-05 -1.850148e-04 
8.399213e-01 -8.318367e-05 -1.858051e-04 
8.456350e-01 -7.692561e-05 -1.865398e-04 
8.513487e-01 -7.063681e-05 -1.872121e-04 
8.570625e-01 -6.431376e-05 -1.878291e-04 
8.627763e-01 -5.796500e-05 -1.883838e-04 
8.684900e-01 -5.158812e-05 -1.888832e-04 
8.742038e-01 -4.519062e-05 -1.893205e-04 
8.799175e-01 -3.877120e-05 -1.897026e-04 
8.856312e-01 -3.233627e-05 -1.900226e-04 
8.913450e-01 -2.588566e-05 -1.902876e-04 
8.970588e-01 -1.942469e-05 -1.904905e-04 
9.027725e-01 -1.295430e-05 -1.906385e-04 
9.084863e-01 -6.478719e-06 -1.907244e-04 
9.142000e-01 0.000000e+00 -1.907554e-04 
