0.000000e+00 0.000000e+00 2.452959e-04 
1.904583e-02 -1.865466e-05 2.444943e-04 
3.809167e-02 -3.713362e-05 2.428629e-04 
5.713750e-02 -5.573865e-05 2.396493e-04 
7.618333e-02 -7.381776e-05 2.356348e-04 
9.522917e-02 -9.214263e-05 2.300996e-04 
1.142750e-01 -1.095952e-04 2.238200e-04 
1.333208e-01 -1.274008e-04 2.161198e-04 
1.523667e-01 -1.439946e-04 2.077560e-04 
1.714125e-01 -1.610316e-04 1.981061e-04 
1.904583e-01 -1.765276e-04 1.878938e-04 
2.095042e-01 -1.925359e-04 1.765593e-04 
2.285500e-01 -2.066892e-04 1.647786e-04 
2.475958e-01 -2.214007e-04 1.520628e-04 
2.666417e-01 -2.339634e-04 1.390264e-04 
2.856875e-01 -2.471067e-04 1.252581e-04 
3.047333e-01 -2.578336e-04 1.112982e-04 
3.237792e-01 -2.691409e-04 9.681882e-05 
3.428250e-01 -2.777967e-04 8.227374e-05 
3.618708e-01 -2.870128e-04 6.742398e-05 
3.809167e-01 -2.933816e-04 5.262597e-05 
3.999625e-01 -3.002738e-04 3.773363e-05 
4.190083e-01 -3.041686e-04 2.299711e-05 
4.380542e-01 -3.085378e-04 8.366511e-06 
4.571000e-01 -3.098103e-04 -6.021410e-06 
4.761458e-01 -3.115006e-04 -2.011806e-05 
4.951917e-01 -3.100507e-04 -3.390491e-05 
5.142375e-01 -3.089584e-04 -4.723361e-05 
5.332833e-01 -3.047412e-04 -6.020632e-05 
5.523292e-01 -3.008219e-04 -7.257475e-05 
5.713750e-01 -2.938533e-04 -8.456166e-05 
5.904208e-01 -2.871264e-04 -9.581995e-05 
6.094667e-01 -2.774854e-04 -1.066903e-04 
6.285125e-01 -2.680357e-04 -1.167293e-04 
6.475583e-01 -2.558648e-04 -1.263902e-04 
6.666042e-01 -2.438417e-04 -1.351376e-04 
6.856500e-01 -2.293439e-04 -1.435294e-04 
7.046958e-01 -2.149575e-04 -1.509440e-04 
7.237417e-01 -1.983917e-04 -1.580341e-04 
7.427875e-01 -1.819078e-04 -1.640993e-04 
7.618333e-01 -1.635818e-04 -1.698748e-04 
7.808792e-01 -1.453142e-04 -1.745914e-04 
7.999250e-01 -1.255771e-04 -1.790524e-04 
8.189708e-01 -1.058797e-04 -1.824313e-04 
8.380167e-01 -8.511276e-05 -1.855841e-04 
8.570625e-01 -6.437037e-05 -1.876401e-04 
8.761083e-01 -4.297840e-05 -1.894917e-04 
8.951542e-01 -2.159812e-05 -1.902384e-04 
9.142000e-01 0.000000e+00 -1.907922e-04 
