0.000000e+00 1.147170e+06 5.034657e-19 3.192762e-17 1.493712e-02
5.000000e-01 5.746827e+06 2.046720e-18 1.541259e-16 7.482848e-02
1.000000e+00 1.141519e+07 3.039827e-18 2.951437e-16 1.486352e-01
1.500000e+00 1.254810e+07 2.490590e-18 3.171370e-16 1.633867e-01
2.000000e+00 1.138316e+07 2.432115e-18 2.902732e-16 1.482183e-01
2.500000e+00 1.186300e+07 2.729840e-18 3.030295e-16 1.544661e-01
3.000000e+00 1.191653e+07 2.469007e-18 3.021515e-16 1.551631e-01
3.500000e+00 1.168202e+07 2.595010e-18 2.980236e-16 1.521096e-01
4.000000e+00 1.192746e+07 2.596332e-18 3.030334e-16 1.553055e-01
4.500000e+00 1.178586e+07 2.521158e-18 2.995268e-16 1.534617e-01
5.000000e+00 1.185098e+07 2.620607e-18 3.014666e-16 1.543096e-01
5.500000e+00 1.186995e+07 2.534559e-18 3.011202e-16 1.545567e-01
6.000000e+00 1.183245e+07 2.592355e-18 3.007691e-16 1.540684e-01
6.500000e+00 1.189655e+07 2.567884e-18 3.016890e-16 1.549029e-01
7.000000e+00 1.185573e+07 2.566722e-18 3.008891e-16 1.543715e-01
7.500000e+00 1.189961e+07 2.586767e-18 3.017319e-16 1.549429e-01
8.000000e+00 1.188801e+07 2.559091e-18 3.012728e-16 1.547918e-01
8.500000e+00 1.190339e+07 2.589227e-18 3.016920e-16 1.549921e-01
9.000000e+00 1.191468e+07 2.563843e-18 3.016276e-16 1.551391e-01
9.500000e+00 1.191460e+07 2.583945e-18 3.017299e-16 1.551380e-01
1.000000e+01 1.193440e+07 2.572198e-18 3.018877e-16 1.553958e-01
1.050000e+01 1.193152e+07 2.578218e-18 3.018526e-16 1.553583e-01
1.100000e+01 1.195020e+07 2.578929e-18 3.020769e-16 1.556016e-01
1.150000e+01 1.195088e+07 2.575220e-18 3.020245e-16 1.556104e-01
1.200000e+01 1.196500e+07 2.582576e-18 3.022315e-16 1.557943e-01
1.250000e+01 1.197042e+07 2.575155e-18 3.022141e-16 1.558649e-01
1.300000e+01 1.198033e+07 2.583745e-18 3.023760e-16 1.559939e-01
1.350000e+01 1.198924e+07 2.576983e-18 3.024039e-16 1.561099e-01
1.400000e+01 1.199663e+07 2.583628e-18 3.025221e-16 1.562061e-01
1.450000e+01 1.200724e+07 2.579550e-18 3.025867e-16 1.563443e-01
1.500000e+01 1.201375e+07 2.583227e-18 3.026733e-16 1.564291e-01
1.550000e+01 1.202469e+07 2.582060e-18 3.027615e-16 1.565715e-01
1.600000e+01 1.203139e+07 2.583118e-18 3.028296e-16 1.566588e-01
1.650000e+01 1.204190e+07 2.584141e-18 3.029292e-16 1.567956e-01
1.700000e+01 1.204927e+07 2.583504e-18 3.029892e-16 1.568916e-01
1.750000e+01 1.205910e+07 2.585724e-18 3.030916e-16 1.570195e-01
1.800000e+01 1.206721e+07 2.584352e-18 3.031505e-16 1.571251e-01
1.850000e+01 1.207642e+07 2.586909e-18 3.032503e-16 1.572450e-01
1.900000e+01 1.208512e+07 2.585527e-18 3.033121e-16 1.573583e-01
1.950000e+01 1.209390e+07 2.587846e-18 3.034065e-16 1.574727e-01
2.000000e+01 1.210299e+07 2.586876e-18 3.034729e-16 1.575910e-01
2.050000e+01 1.211155e+07 2.588677e-18 3.035611e-16 1.577025e-01
2.100000e+01 1.212082e+07 2.588278e-18 3.036322e-16 1.578232e-01
2.150000e+01 1.212934e+07 2.589504e-18 3.037146e-16 1.579341e-01
2.200000e+01 1.213866e+07 2.589651e-18 3.037897e-16 1.580555e-01
2.250000e+01 1.214724e+07 2.590383e-18 3.038673e-16 1.581672e-01
2.300000e+01 1.215653e+07 2.590959e-18 3.039451e-16 1.582881e-01
2.350000e+01 1.216522e+07 2.591338e-18 3.040192e-16 1.584014e-01
2.400000e+01 1.217445e+07 2.592190e-18 3.040986e-16 1.585215e-01
2.450000e+01 1.218328e+07 2.592369e-18 3.041703e-16 1.586364e-01
2.500000e+01 1.219243e+07 2.593353e-18 3.042500e-16 1.587556e-01
2.550000e+01 1.220138e+07 2.593461e-18 3.043206e-16 1.588722e-01
2.600000e+01 1.221049e+07 2.594467e-18 3.043997e-16 1.589907e-01
2.650000e+01 1.221954e+07 2.594595e-18 3.044697e-16 1.591086e-01
2.700000e+01 1.222862e+07 2.595548e-18 3.045477e-16 1.592268e-01
2.750000e+01 1.223775e+07 2.595754e-18 3.046177e-16 1.593458e-01
2.800000e+01 1.224683e+07 2.596615e-18 3.046941e-16 1.594639e-01
2.850000e+01 1.225602e+07 2.596923e-18 3.047644e-16 1.595836e-01
2.900000e+01 1.226510e+07 2.597680e-18 3.048391e-16 1.597019e-01
2.950000e+01 1.227434e+07 2.598091e-18 3.049097e-16 1.598221e-01
3.000000e+01 1.228345e+07 2.598750e-18 3.049827e-16 1.599408e-01
3.050000e+01 1.229271e+07 2.599252e-18 3.050536e-16 1.600614e-01
3.100000e+01 1.230187e+07 2.599831e-18 3.051251e-16 1.601806e-01
3.150000e+01 1.231115e+07 2.600403e-18 3.051959e-16 1.603015e-01
3.200000e+01 1.232035e+07 2.600924e-18 3.052661e-16 1.604213e-01
3.250000e+01 1.232965e+07 2.601544e-18 3.053368e-16 1.605424e-01
3.300000e+01 1.233890e+07 2.602029e-18 3.054058e-16 1.606627e-01
3.350000e+01 1.234822e+07 2.602675e-18 3.054761e-16 1.607841e-01
3.400000e+01 1.235751e+07 2.603144e-18 3.055442e-16 1.609051e-01
3.450000e+01 1.236685e+07 2.603799e-18 3.056140e-16 1.610267e-01
3.500000e+01 1.237618e+07 2.604266e-18 3.056813e-16 1.611482e-01
3.550000e+01 1.238554e+07 2.604918e-18 3.057504e-16 1.612701e-01
3.600000e+01 1.239492e+07 2.605394e-18 3.058171e-16 1.613921e-01
3.650000e+01 1.240430e+07 2.606034e-18 3.058853e-16 1.615144e-01
3.700000e+01 1.241371e+07 2.606525e-18 3.059515e-16 1.616369e-01
3.750000e+01 1.242313e+07 2.607149e-18 3.060188e-16 1.617595e-01
3.800000e+01 1.243258e+07 2.607658e-18 3.060845e-16 1.618825e-01
3.850000e+01 1.244202e+07 2.608265e-18 3.061510e-16 1.620055e-01
3.900000e+01 1.245150e+07 2.608792e-18 3.062161e-16 1.621289e-01
3.950000e+01 1.246098e+07 2.609382e-18 3.062817e-16 1.622523e-01
4.000000e+01 1.247049e+07 2.609925e-18 3.063463e-16 1.623762e-01
4.050000e+01 1.248000e+07 2.610501e-18 3.064110e-16 1.625000e-01
4.100000e+01 1.248954e+07 2.611058e-18 3.064751e-16 1.626242e-01
4.150000e+01 1.249908e+07 2.611622e-18 3.065389e-16 1.627485e-01
4.200000e+01 1.250866e+07 2.612190e-18 3.066024e-16 1.628732e-01
4.250000e+01 1.251824e+07 2.612745e-18 3.066655e-16 1.629979e-01
4.300000e+01 1.252784e+07 2.613321e-18 3.067284e-16 1.631229e-01
4.350000e+01 1.253745e+07 2.613871e-18 3.067907e-16 1.632481e-01
4.400000e+01 1.254709e+07 2.614452e-18 3.068529e-16 1.633735e-01
4.450000e+01 1.255673e+07 2.614999e-18 3.069144e-16 1.634991e-01
4.500000e+01 1.256640e+07 2.615582e-18 3.069760e-16 1.636250e-01
4.550000e+01 1.257608e+07 2.616128e-18 3.070368e-16 1.637510e-01
4.600000e+01 1.258577e+07 2.616712e-18 3.070977e-16 1.638773e-01
4.650000e+01 1.259549e+07 2.617259e-18 3.071578e-16 1.640037e-01
4.700000e+01 1.260522e+07 2.617841e-18 3.072180e-16 1.641304e-01
4.750000e+01 1.261496e+07 2.618391e-18 3.072774e-16 1.642573e-01
4.800000e+01 1.262472e+07 2.618972e-18 3.073369e-16 1.643844e-01
4.850000e+01 1.263450e+07 2.619524e-18 3.073956e-16 1.645118e-01
4.900000e+01 1.264430e+07 2.620102e-18 3.074543e-16 1.646393e-01
4.950000e+01 1.265411e+07 2.620658e-18 3.075124e-16 1.647670e-01
5.000000e+01 1.266393e+07 2.621233e-18 3.075704e-16 1.648950e-01
5.050000e+01 1.267378e+07 2.621792e-18 3.076278e-16 1.650232e-01
5.100000e+01 1.268364e+07 2.622365e-18 3.076850e-16 1.651515e-01
5.150000e+01 1.269351e+07 2.622927e-18 3.077417e-16 1.652801e-01
5.200000e+01 1.270341e+07 2.623498e-18 3.077982e-16 1.654089e-01
5.250000e+01 1.271332e+07 2.624063e-18 3.078543e-16 1.655380e-01
5.300000e+01 1.272324e+07 2.624631e-18 3.079101e-16 1.656672e-01
5.350000e+01 1.273318e+07 2.625198e-18 3.079654e-16 1.657967e-01
5.400000e+01 1.274314e+07 2.625766e-18 3.080205e-16 1.659263e-01
5.450000e+01 1.275312e+07 2.626335e-18 3.080752e-16 1.660562e-01
5.500000e+01 1.276311e+07 2.626901e-18 3.081295e-16 1.661863e-01
5.550000e+01 1.277312e+07 2.627471e-18 3.081835e-16 1.663166e-01
5.600000e+01 1.278314e+07 2.628037e-18 3.082371e-16 1.664471e-01
5.650000e+01 1.279318e+07 2.628608e-18 3.082904e-16 1.665779e-01
5.700000e+01 1.280324e+07 2.629174e-18 3.083433e-16 1.667088e-01
5.750000e+01 1.281331e+07 2.629746e-18 3.083959e-16 1.668400e-01
5.800000e+01 1.282340e+07 2.630311e-18 3.084481e-16 1.669714e-01
5.850000e+01 1.283351e+07 2.630884e-18 3.085000e-16 1.671030e-01
5.900000e+01 1.284363e+07 2.631449e-18 3.085515e-16 1.672348e-01
5.950000e+01 1.285377e+07 2.632022e-18 3.086027e-16 1.673668e-01
6.000000e+01 1.286393e+07 2.632588e-18 3.086534e-16 1.674990e-01
6.050000e+01 1.287410e+07 2.633161e-18 3.087039e-16 1.676315e-01
6.100000e+01 1.288429e+07 2.633728e-18 3.087540e-16 1.677642e-01
6.150000e+01 1.289450e+07 2.634300e-18 3.088038e-16 1.678971e-01
6.200000e+01 1.290472e+07 2.634868e-18 3.088532e-16 1.680302e-01
6.250000e+01 1.291496e+07 2.635440e-18 3.089022e-16 1.681635e-01
6.300000e+01 1.292521e+07 2.636008e-18 3.089509e-16 1.682971e-01
6.350000e+01 1.293549e+07 2.636581e-18 3.089992e-16 1.684308e-01
6.400000e+01 1.294578e+07 2.637150e-18 3.090472e-16 1.685648e-01
6.450000e+01 1.295608e+07 2.637722e-18 3.090948e-16 1.686990e-01
6.500000e+01 1.296640e+07 2.638291e-18 3.091421e-16 1.688334e-01
6.550000e+01 1.297674e+07 2.638863e-18 3.091890e-16 1.689680e-01
6.600000e+01 1.298710e+07 2.639433e-18 3.092356e-16 1.691029e-01
6.650000e+01 1.299747e+07 2.640005e-18 3.092818e-16 1.692379e-01
6.700000e+01 1.300786e+07 2.640576e-18 3.093277e-16 1.693732e-01
6.750000e+01 1.301827e+07 2.641147e-18 3.093732e-16 1.695087e-01
6.800000e+01 1.302869e+07 2.641719e-18 3.094183e-16 1.696444e-01
6.850000e+01 1.303913e+07 2.642290e-18 3.094631e-16 1.697803e-01
6.900000e+01 1.304959e+07 2.642862e-18 3.095075e-16 1.699165e-01
6.950000e+01 1.306006e+07 2.643434e-18 3.095516e-16 1.700529e-01
7.000000e+01 1.307055e+07 2.644006e-18 3.095954e-16 1.701895e-01
7.050000e+01 1.308106e+07 2.644578e-18 3.096387e-16 1.703263e-01
7.100000e+01 1.309158e+07 2.645150e-18 3.096818e-16 1.704633e-01
7.150000e+01 1.310212e+07 2.645722e-18 3.097244e-16 1.706005e-01
7.200000e+01 1.311268e+07 2.646295e-18 3.097667e-16 1.707380e-01
7.250000e+01 1.312325e+07 2.646867e-18 3.098087e-16 1.708757e-01
7.300000e+01 1.313384e+07 2.647440e-18 3.098503e-16 1.710136e-01
7.350000e+01 1.314445e+07 2.648012e-18 3.098915e-16 1.711517e-01
7.400000e+01 1.315508e+07 2.648586e-18 3.099324e-16 1.712901e-01
7.450000e+01 1.316572e+07 2.649158e-18 3.099730e-16 1.714286e-01
7.500000e+01 1.317638e+07 2.649732e-18 3.100131e-16 1.715674e-01
7.550000e+01 1.318705e+07 2.650304e-18 3.100530e-16 1.717064e-01
7.600000e+01 1.319774e+07 2.650878e-18 3.100924e-16 1.718456e-01
7.650000e+01 1.320845e+07 2.651451e-18 3.101315e-16 1.719851e-01
7.700000e+01 1.321918e+07 2.652025e-18 3.101703e-16 1.721247e-01
7.750000e+01 1.322992e+07 2.652597e-18 3.102087e-16 1.722646e-01
7.800000e+01 1.324068e+07 2.653171e-18 3.102468e-16 1.724047e-01
7.850000e+01 1.325146e+07 2.653745e-18 3.102844e-16 1.725450e-01
7.900000e+01 1.326225e+07 2.654319e-18 3.103218e-16 1.726856e-01
7.950000e+01 1.327306e+07 2.654892e-18 3.103588e-16 1.728264e-01
8.000000e+01 1.328389e+07 2.655467e-18 3.103954e-16 1.729673e-01
8.050000e+01 1.329474e+07 2.656040e-18 3.104316e-16 1.731086e-01
8.100000e+01 1.330560e+07 2.656615e-18 3.104676e-16 1.732500e-01
8.150000e+01 1.331648e+07 2.657188e-18 3.105031e-16 1.733916e-01
8.200000e+01 1.332737e+07 2.657763e-18 3.105383e-16 1.735335e-01
8.250000e+01 1.333829e+07 2.658337e-18 3.105731e-16 1.736756e-01
8.300000e+01 1.334922e+07 2.658911e-18 3.106076e-16 1.738179e-01
8.350000e+01 1.336017e+07 2.659486e-18 3.106418e-16 1.739605e-01
8.400000e+01 1.337113e+07 2.660060e-18 3.106755e-16 1.741032e-01
8.450000e+01 1.338211e+07 2.660635e-18 3.107089e-16 1.742462e-01
8.500000e+01 1.339311e+07 2.661210e-18 3.107420e-16 1.743894e-01
8.550000e+01 1.340413e+07 2.661784e-18 3.107747e-16 1.745329e-01
8.600000e+01 1.341516e+07 2.662359e-18 3.108070e-16 1.746765e-01
8.650000e+01 1.342621e+07 2.662934e-18 3.108390e-16 1.748204e-01
8.700000e+01 1.343727e+07 2.663509e-18 3.108707e-16 1.749645e-01
8.750000e+01 1.344836e+07 2.664084e-18 3.109019e-16 1.751088e-01
8.800000e+01 1.345946e+07 2.664659e-18 3.109328e-16 1.752534e-01
8.850000e+01 1.347058e+07 2.665234e-18 3.109634e-16 1.753982e-01
8.900000e+01 1.348171e+07 2.665809e-18 3.109936e-16 1.755432e-01
8.950000e+01 1.349287e+07 2.666385e-18 3.110234e-16 1.756884e-01
9.000000e+01 1.350404e+07 2.666960e-18 3.110529e-16 1.758338e-01
9.050000e+01 1.351523e+07 2.667535e-18 3.110821e-16 1.759795e-01
9.100000e+01 1.352643e+07 2.668110e-18 3.111108e-16 1.761254e-01
9.150000e+01 1.353765e+07 2.668686e-18 3.111392e-16 1.762715e-01
9.200000e+01 1.354889e+07 2.669261e-18 3.111673e-16 1.764178e-01
9.250000e+01 1.356015e+07 2.669837e-18 3.111950e-16 1.765644e-01
9.300000e+01 1.357142e+07 2.670412e-18 3.112223e-16 1.767112e-01
9.350000e+01 1.358271e+07 2.670988e-18 3.112493e-16 1.768582e-01
9.400000e+01 1.359402e+07 2.671564e-18 3.112759e-16 1.770055e-01
9.450000e+01 1.360535e+07 2.672139e-18 3.113022e-16 1.771529e-01
9.500000e+01 1.361669e+07 2.672715e-18 3.113281e-16 1.773006e-01
9.550000e+01 1.362805e+07 2.673291e-18 3.113536e-16 1.774485e-01
9.600000e+01 1.363943e+07 2.673867e-18 3.113788e-16 1.775967e-01
9.650000e+01 1.365082e+07 2.674442e-18 3.114036e-16 1.777451e-01
9.700000e+01 1.366223e+07 2.675018e-18 3.114281e-16 1.778936e-01
9.750000e+01 1.367366e+07 2.675594e-18 3.114522e-16 1.780425e-01
9.800000e+01 1.368511e+07 2.676170e-18 3.114760e-16 1.781915e-01
9.850000e+01 1.369657e+07 2.676746e-18 3.114994e-16 1.783408e-01
9.900000e+01 1.370805e+07 2.677322e-18 3.115224e-16 1.784903e-01
9.950000e+01 1.371955e+07 2.677898e-18 3.115451e-16 1.786400e-01
1.000000e+02 1.373107e+07 2.678474e-18 3.115674e-16 1.787900e-01
1.005000e+02 1.374260e+07 2.679050e-18 3.115893e-16 1.789402e-01
1.010000e+02 1.375415e+07 2.679626e-18 3.116109e-16 1.790906e-01
1.015000e+02 1.376572e+07 2.680202e-18 3.116322e-16 1.792412e-01
1.020000e+02 1.377731e+07 2.680778e-18 3.116530e-16 1.793921e-01
1.025000e+02 1.378891e+07 2.681354e-18 3.116735e-16 1.795431e-01
1.030000e+02 1.380053e+07 2.681930e-18 3.116937e-16 1.796945e-01
1.035000e+02 1.381217e+07 2.682507e-18 3.117135e-16 1.798460e-01
1.040000e+02 1.382383e+07 2.683083e-18 3.117329e-16 1.799978e-01
1.045000e+02 1.383550e+07 2.683659e-18 3.117520e-16 1.801498e-01
1.050000e+02 1.384719e+07 2.684235e-18 3.117707e-16 1.803020e-01
1.055000e+02 1.385890e+07 2.684811e-18 3.117891e-16 1.804545e-01
1.060000e+02 1.387063e+07 2.685387e-18 3.118071e-16 1.806071e-01
1.065000e+02 1.388237e+07 2.685963e-18 3.118247e-16 1.807601e-01
1.070000e+02 1.389413e+07 2.686539e-18 3.118420e-16 1.809132e-01
1.075000e+02 1.390591e+07 2.687116e-18 3.118589e-16 1.810666e-01
1.080000e+02 1.391771e+07 2.687692e-18 3.118755e-16 1.812202e-01
1.085000e+02 1.392952e+07 2.688268e-18 3.118917e-16 1.813740e-01
1.090000e+02 1.394135e+07 2.688844e-18 3.119075e-16 1.815280e-01
1.095000e+02 1.395320e+07 2.689420e-18 3.119230e-16 1.816823e-01
1.100000e+02 1.396507e+07 2.689996e-18 3.119381e-16 1.818368e-01
1.105000e+02 1.397695e+07 2.690572e-18 3.119528e-16 1.819916e-01
1.110000e+02 1.398886e+07 2.691148e-18 3.119672e-16 1.821466e-01
1.115000e+02 1.400077e+07 2.691724e-18 3.119813e-16 1.823018e-01
1.120000e+02 1.401271e+07 2.692300e-18 3.119949e-16 1.824572e-01
1.125000e+02 1.402467e+07 2.692876e-18 3.120082e-16 1.826128e-01
1.130000e+02 1.403664e+07 2.693452e-18 3.120212e-16 1.827687e-01
1.135000e+02 1.404863e+07 2.694028e-18 3.120338e-16 1.829249e-01
1.140000e+02 1.406064e+07 2.694604e-18 3.120460e-16 1.830812e-01
1.145000e+02 1.407266e+07 2.695180e-18 3.120578e-16 1.832378e-01
1.150000e+02 1.408471e+07 2.695756e-18 3.120693e-16 1.833946e-01
1.155000e+02 1.409677e+07 2.696332e-18 3.120805e-16 1.835516e-01
1.160000e+02 1.410885e+07 2.696908e-18 3.120913e-16 1.837089e-01
1.165000e+02 1.412094e+07 2.697484e-18 3.121017e-16 1.838664e-01
1.170000e+02 1.413306e+07 2.698059e-18 3.121117e-16 1.840242e-01
1.175000e+02 1.414519e+07 2.698635e-18 3.121214e-16 1.841821e-01
1.180000e+02 1.415734e+07 2.699211e-18 3.121307e-16 1.843403e-01
1.185000e+02 1.416950e+07 2.699786e-18 3.121397e-16 1.844988e-01
1.190000e+02 1.418169e+07 2.700362e-18 3.121483e-16 1.846574e-01
1.195000e+02 1.419389e+07 2.700937e-18 3.121566e-16 1.848163e-01
1.200000e+02 1.420611e+07 2.701513e-18 3.121644e-16 1.849754e-01
1.205000e+02 1.421835e+07 2.702088e-18 3.121720e-16 1.851348e-01
1.210000e+02 1.423061e+07 2.702664e-18 3.121791e-16 1.852944e-01
1.215000e+02 1.424288e+07 2.703239e-18 3.121859e-16 1.854542e-01
1.220000e+02 1.425517e+07 2.703814e-18 3.121923e-16 1.856142e-01
1.225000e+02 1.426748e+07 2.704390e-18 3.121984e-16 1.857745e-01
1.230000e+02 1.427981e+07 2.704965e-18 3.122041e-16 1.859350e-01
1.235000e+02 1.429216e+07 2.705540e-18 3.122094e-16 1.860958e-01
1.240000e+02 1.430452e+07 2.706115e-18 3.122144e-16 1.862568e-01
1.245000e+02 1.431690e+07 2.706690e-18 3.122190e-16 1.864180e-01
1.250000e+02 1.432930e+07 2.707265e-18 3.122233e-16 1.865794e-01
1.255000e+02 1.434172e+07 2.707840e-18 3.122272e-16 1.867411e-01
1.260000e+02 1.435415e+07 2.708415e-18 3.122307e-16 1.869030e-01
1.265000e+02 1.436660e+07 2.708989e-18 3.122339e-16 1.870652e-01
1.270000e+02 1.437908e+07 2.709564e-18 3.122367e-16 1.872275e-01
1.275000e+02 1.439156e+07 2.710139e-18 3.122391e-16 1.873902e-01
1.280000e+02 1.440407e+07 2.710713e-18 3.122412e-16 1.875530e-01
1.285000e+02 1.441660e+07 2.711287e-18 3.122429e-16 1.877161e-01
1.290000e+02 1.442914e+07 2.711862e-18 3.122442e-16 1.878794e-01
1.295000e+02 1.444170e+07 2.712436e-18 3.122452e-16 1.880429e-01
1.300000e+02 1.445428e+07 2.713010e-18 3.122458e-16 1.882067e-01
1.305000e+02 1.446687e+07 2.713584e-18 3.122461e-16 1.883707e-01
1.310000e+02 1.447949e+07 2.714158e-18 3.122460e-16 1.885350e-01
1.315000e+02 1.449212e+07 2.714732e-18 3.122455e-16 1.886995e-01
1.320000e+02 1.450477e+07 2.715306e-18 3.122447e-16 1.888642e-01
1.325000e+02 1.451744e+07 2.715880e-18 3.122435e-16 1.890291e-01
1.330000e+02 1.453012e+07 2.716453e-18 3.122419e-16 1.891943e-01
1.335000e+02 1.454283e+07 2.717027e-18 3.122400e-16 1.893598e-01
1.340000e+02 1.455555e+07 2.717600e-18 3.122377e-16 1.895254e-01
1.345000e+02 1.456829e+07 2.718174e-18 3.122350e-16 1.896913e-01
1.350000e+02 1.458105e+07 2.718747e-18 3.122320e-16 1.898574e-01
1.355000e+02 1.459383e+07 2.719320e-18 3.122286e-16 1.900238e-01
1.360000e+02 1.460662e+07 2.719893e-18 3.122248e-16 1.901904e-01
1.365000e+02 1.461943e+07 2.720466e-18 3.122207e-16 1.903572e-01
1.370000e+02 1.463227e+07 2.721039e-18 3.122162e-16 1.905243e-01
1.375000e+02 1.464511e+07 2.721611e-18 3.122114e-16 1.906916e-01
1.380000e+02 1.465798e+07 2.722184e-18 3.122062e-16 1.908591e-01
1.385000e+02 1.467087e+07 2.722756e-18 3.122006e-16 1.910269e-01
1.390000e+02 1.468377e+07 2.723329e-18 3.121946e-16 1.911949e-01
1.395000e+02 1.469669e+07 2.723901e-18 3.121883e-16 1.913632e-01
1.400000e+02 1.470963e+07 2.724473e-18 3.121817e-16 1.915316e-01
1.405000e+02 1.472259e+07 2.725045e-18 3.121746e-16 1.917004e-01
1.410000e+02 1.473556e+07 2.725617e-18 3.121672e-16 1.918693e-01
1.415000e+02 1.474856e+07 2.726189e-18 3.121595e-16 1.920385e-01
1.420000e+02 1.476157e+07 2.726760e-18 3.121513e-16 1.922079e-01
1.425000e+02 1.477460e+07 2.727332e-18 3.121428e-16 1.923776e-01
1.430000e+02 1.478765e+07 2.727903e-18 3.121340e-16 1.925475e-01
1.435000e+02 1.480072e+07 2.728474e-18 3.121247e-16 1.927177e-01
1.440000e+02 1.481380e+07 2.729045e-18 3.121151e-16 1.928880e-01
1.445000e+02 1.482690e+07 2.729616e-18 3.121052e-16 1.930586e-01
1.450000e+02 1.484002e+07 2.730187e-18 3.120948e-16 1.932295e-01
1.455000e+02 1.485316e+07 2.730757e-18 3.120841e-16 1.934006e-01
1.460000e+02 1.486632e+07 2.731328e-18 3.120731e-16 1.935719e-01
1.465000e+02 1.487950e+07 2.731898e-18 3.120617e-16 1.937435e-01
1.470000e+02 1.489269e+07 2.732468e-18 3.120499e-16 1.939153e-01
1.475000e+02 1.490591e+07 2.733038e-18 3.120377e-16 1.940873e-01
1.480000e+02 1.491914e+07 2.733608e-18 3.120252e-16 1.942596e-01
1.485000e+02 1.493239e+07 2.734178e-18 3.120123e-16 1.944321e-01
1.490000e+02 1.494565e+07 2.734748e-18 3.119990e-16 1.946049e-01
1.495000e+02 1.495894e+07 2.735317e-18 3.119854e-16 1.947778e-01
1.500000e+02 1.497224e+07 2.735886e-18 3.119714e-16 1.949511e-01
1.505000e+02 1.498556e+07 2.736455e-18 3.119571e-16 1.951245e-01
1.510000e+02 1.499890e+07 2.737024e-18 3.119423e-16 1.952982e-01
1.515000e+02 1.501226e+07 2.737593e-18 3.119273e-16 1.954722e-01
1.520000e+02 1.502564e+07 2.738162e-18 3.119118e-16 1.956464e-01
1.525000e+02 1.503904e+07 2.738730e-18 3.118960e-16 1.958208e-01
1.530000e+02 1.505245e+07 2.739298e-18 3.118798e-16 1.959954e-01
1.535000e+02 1.506588e+07 2.739866e-18 3.118632e-16 1.961703e-01
1.540000e+02 1.507933e+07 2.740434e-18 3.118463e-16 1.963455e-01
1.545000e+02 1.509280e+07 2.741002e-18 3.118290e-16 1.965209e-01
1.550000e+02 1.510629e+07 2.741569e-18 3.118114e-16 1.966965e-01
1.555000e+02 1.511980e+07 2.742137e-18 3.117933e-16 1.968723e-01
1.560000e+02 1.513332e+07 2.742704e-18 3.117749e-16 1.970484e-01
1.565000e+02 1.514686e+07 2.743271e-18 3.117562e-16 1.972248e-01
1.570000e+02 1.516042e+07 2.743838e-18 3.117371e-16 1.974013e-01
1.575000e+02 1.517400e+07 2.744404e-18 3.117176e-16 1.975782e-01
1.580000e+02 1.518760e+07 2.744971e-18 3.116977e-16 1.977552e-01
1.585000e+02 1.520122e+07 2.745537e-18 3.116775e-16 1.979325e-01
1.590000e+02 1.521485e+07 2.746103e-18 3.116569e-16 1.981100e-01
1.595000e+02 1.522850e+07 2.746669e-18 3.116359e-16 1.982878e-01
1.600000e+02 1.524217e+07 2.747234e-18 3.116146e-16 1.984658e-01
1.605000e+02 1.525586e+07 2.747800e-18 3.115929e-16 1.986441e-01
1.610000e+02 1.526957e+07 2.748365e-18 3.115708e-16 1.988226e-01
1.615000e+02 1.528330e+07 2.748930e-18 3.115484e-16 1.990013e-01
1.620000e+02 1.529705e+07 2.749495e-18 3.115256e-16 1.991803e-01
1.625000e+02 1.531081e+07 2.750059e-18 3.115024e-16 1.993595e-01
1.630000e+02 1.532459e+07 2.750623e-18 3.114789e-16 1.995389e-01
1.635000e+02 1.533839e+07 2.751188e-18 3.114550e-16 1.997186e-01
1.640000e+02 1.535221e+07 2.751751e-18 3.114307e-16 1.998986e-01
1.645000e+02 1.536605e+07 2.752315e-18 3.114061e-16 2.000788e-01
1.650000e+02 1.537991e+07 2.752879e-18 3.113811e-16 2.002592e-01
1.655000e+02 1.539378e+07 2.753442e-18 3.113557e-16 2.004398e-01
1.660000e+02 1.540767e+07 2.754005e-18 3.113300e-16 2.006207e-01
1.665000e+02 1.542158e+07 2.754568e-18 3.113039e-16 2.008019e-01
1.670000e+02 1.543552e+07 2.755130e-18 3.112774e-16 2.009833e-01
1.675000e+02 1.544946e+07 2.755692e-18 3.112505e-16 2.011649e-01
1.680000e+02 1.546343e+07 2.756255e-18 3.112233e-16 2.013468e-01
1.685000e+02 1.547742e+07 2.756816e-18 3.111957e-16 2.015289e-01
1.690000e+02 1.549142e+07 2.757378e-18 3.111678e-16 2.017112e-01
1.695000e+02 1.550545e+07 2.757939e-18 3.111395e-16 2.018938e-01
1.700000e+02 1.551949e+07 2.758500e-18 3.111108e-16 2.020767e-01
1.705000e+02 1.553355e+07 2.759061e-18 3.110817e-16 2.022597e-01
1.710000e+02 1.554763e+07 2.759622e-18 3.110523e-16 2.024431e-01
1.715000e+02 1.556172e+07 2.760182e-18 3.110225e-16 2.026266e-01
1.720000e+02 1.557584e+07 2.760742e-18 3.109923e-16 2.028104e-01
1.725000e+02 1.558997e+07 2.761302e-18 3.109618e-16 2.029945e-01
1.730000e+02 1.560413e+07 2.761862e-18 3.109309e-16 2.031788e-01
1.735000e+02 1.561830e+07 2.762421e-18 3.108996e-16 2.033633e-01
1.740000e+02 1.563249e+07 2.762980e-18 3.108680e-16 2.035481e-01
1.745000e+02 1.564670e+07 2.763539e-18 3.108360e-16 2.037331e-01
1.750000e+02 1.566093e+07 2.764098e-18 3.108036e-16 2.039183e-01
1.755000e+02 1.567517e+07 2.764656e-18 3.107709e-16 2.041038e-01
1.760000e+02 1.568944e+07 2.765214e-18 3.107378e-16 2.042896e-01
1.765000e+02 1.570372e+07 2.765772e-18 3.107043e-16 2.044756e-01
1.770000e+02 1.571803e+07 2.766329e-18 3.106704e-16 2.046618e-01
1.775000e+02 1.573235e+07 2.766887e-18 3.106362e-16 2.048483e-01
1.780000e+02 1.574669e+07 2.767444e-18 3.106016e-16 2.050350e-01
1.785000e+02 1.576105e+07 2.768000e-18 3.105667e-16 2.052219e-01
1.790000e+02 1.577542e+07 2.768557e-18 3.105313e-16 2.054092e-01
1.795000e+02 1.578982e+07 2.769113e-18 3.104956e-16 2.055966e-01
1.800000e+02 1.580423e+07 2.769668e-18 3.104596e-16 2.057843e-01
1.805000e+02 1.581867e+07 2.770224e-18 3.104231e-16 2.059722e-01
1.810000e+02 1.583312e+07 2.770779e-18 3.103863e-16 2.061604e-01
1.815000e+02 1.584759e+07 2.771334e-18 3.103492e-16 2.063488e-01
1.820000e+02 1.586208e+07 2.771889e-18 3.103116e-16 2.065375e-01
1.825000e+02 1.587659e+07 2.772443e-18 3.102737e-16 2.067264e-01
1.830000e+02 1.589111e+07 2.772997e-18 3.102354e-16 2.069156e-01
1.835000e+02 1.590566e+07 2.773551e-18 3.101968e-16 2.071049e-01
1.840000e+02 1.592022e+07 2.774104e-18 3.101578e-16 2.072946e-01
1.845000e+02 1.593481e+07 2.774657e-18 3.101184e-16 2.074845e-01
1.850000e+02 1.594941e+07 2.775210e-18 3.100786e-16 2.076746e-01
1.855000e+02 1.596403e+07 2.775763e-18 3.100385e-16 2.078650e-01
1.860000e+02 1.597867e+07 2.776315e-18 3.099980e-16 2.080556e-01
1.865000e+02 1.599333e+07 2.776867e-18 3.099572e-16 2.082465e-01
1.870000e+02 1.600801e+07 2.777418e-18 3.099159e-16 2.084376e-01
1.875000e+02 1.602270e+07 2.777970e-18 3.098743e-16 2.086289e-01
1.880000e+02 1.603742e+07 2.778520e-18 3.098323e-16 2.088205e-01
1.885000e+02 1.605215e+07 2.779071e-18 3.097900e-16 2.090124e-01
1.890000e+02 1.606690e+07 2.779621e-18 3.097473e-16 2.092044e-01
1.895000e+02 1.608167e+07 2.780171e-18 3.097042e-16 2.093968e-01
1.900000e+02 1.609646e+07 2.780721e-18 3.096608e-16 2.095894e-01
1.905000e+02 1.611127e+07 2.781270e-18 3.096169e-16 2.097822e-01
1.910000e+02 1.612610e+07 2.781819e-18 3.095728e-16 2.099752e-01
1.915000e+02 1.614094e+07 2.782368e-18 3.095282e-16 2.101685e-01
1.920000e+02 1.615581e+07 2.782916e-18 3.094833e-16 2.103621e-01
1.925000e+02 1.617069e+07 2.783464e-18 3.094380e-16 2.105559e-01
1.930000e+02 1.618560e+07 2.784012e-18 3.093923e-16 2.107500e-01
1.935000e+02 1.620052e+07 2.784559e-18 3.093463e-16 2.109442e-01
1.940000e+02 1.621546e+07 2.785106e-18 3.092999e-16 2.111388e-01
1.945000e+02 1.623042e+07 2.785652e-18 3.092531e-16 2.113336e-01
1.950000e+02 1.624540e+07 2.786198e-18 3.092059e-16 2.115286e-01
1.955000e+02 1.626039e+07 2.786744e-18 3.091584e-16 2.117239e-01
1.960000e+02 1.627541e+07 2.787290e-18 3.091105e-16 2.119194e-01
1.965000e+02 1.629044e+07 2.787835e-18 3.090623e-16 2.121152e-01
1.970000e+02 1.630550e+07 2.788380e-18 3.090137e-16 2.123112e-01
1.975000e+02 1.632057e+07 2.788924e-18 3.089647e-16 2.125074e-01
1.980000e+02 1.633566e+07 2.789468e-18 3.089153e-16 2.127039e-01
1.985000e+02 1.635077e+07 2.790012e-18 3.088656e-16 2.129007e-01
1.990000e+02 1.636590e+07 2.790555e-18 3.088155e-16 2.130977e-01
1.995000e+02 1.638105e+07 2.791098e-18 3.087650e-16 2.132949e-01
2.000000e+02 1.639622e+07 2.791641e-18 3.087142e-16 2.134924e-01
2.005000e+02 1.641140e+07 2.792183e-18 3.086629e-16 2.136901e-01
2.010000e+02 1.642661e+07 2.792725e-18 3.086114e-16 2.138881e-01
2.015000e+02 1.644183e+07 2.793266e-18 3.085594e-16 2.140863e-01
2.020000e+02 1.645707e+07 2.793807e-18 3.085071e-16 2.142848e-01
2.025000e+02 1.647234e+07 2.794348e-18 3.084544e-16 2.144835e-01
2.030000e+02 1.648762e+07 2.794888e-18 3.084013e-16 2.146825e-01
2.035000e+02 1.650292e+07 2.795428e-18 3.083479e-16 2.148817e-01
2.040000e+02 1.651823e+07 2.795967e-18 3.082941e-16 2.150812e-01
2.045000e+02 1.653357e+07 2.796506e-18 3.082399e-16 2.152809e-01
2.050000e+02 1.654893e+07 2.797045e-18 3.081854e-16 2.154808e-01
2.055000e+02 1.656430e+07 2.797583e-18 3.081305e-16 2.156810e-01
2.060000e+02 1.657970e+07 2.798121e-18 3.080752e-16 2.158815e-01
2.065000e+02 1.659511e+07 2.798659e-18 3.080196e-16 2.160822e-01
2.070000e+02 1.661054e+07 2.799196e-18 3.079636e-16 2.162831e-01
2.075000e+02 1.662599e+07 2.799732e-18 3.079072e-16 2.164843e-01
2.080000e+02 1.664146e+07 2.800269e-18 3.078504e-16 2.166857e-01
2.085000e+02 1.665695e+07 2.800805e-18 3.077933e-16 2.168874e-01
2.090000e+02 1.667246e+07 2.801340e-18 3.077358e-16 2.170893e-01
2.095000e+02 1.668799e+07 2.801875e-18 3.076779e-16 2.172915e-01
2.100000e+02 1.670353e+07 2.802410e-18 3.076197e-16 2.174939e-01
2.105000e+02 1.671910e+07 2.802944e-18 3.075611e-16 2.176966e-01
2.110000e+02 1.673468e+07 2.803477e-18 3.075021e-16 2.178995e-01
2.115000e+02 1.675029e+07 2.804011e-18 3.074428e-16 2.181027e-01
2.120000e+02 1.676591e+07 2.804544e-18 3.073831e-16 2.183061e-01
2.125000e+02 1.678155e+07 2.805076e-18 3.073230e-16 2.185098e-01
2.130000e+02 1.679721e+07 2.805608e-18 3.072625e-16 2.187137e-01
2.135000e+02 1.681289e+07 2.806140e-18 3.072017e-16 2.189178e-01
2.140000e+02 1.682859e+07 2.806671e-18 3.071405e-16 2.191222e-01
2.145000e+02 1.684430e+07 2.807202e-18 3.070790e-16 2.193269e-01
2.150000e+02 1.686004e+07 2.807732e-18 3.070170e-16 2.195318e-01
2.155000e+02 1.687579e+07 2.808262e-18 3.069547e-16 2.197369e-01
2.160000e+02 1.689157e+07 2.808791e-18 3.068921e-16 2.199423e-01
2.165000e+02 1.690736e+07 2.809320e-18 3.068290e-16 2.201479e-01
2.170000e+02 1.692317e+07 2.809849e-18 3.067656e-16 2.203538e-01
2.175000e+02 1.693901e+07 2.810377e-18 3.067019e-16 2.205600e-01
2.180000e+02 1.695486e+07 2.810904e-18 3.066377e-16 2.207664e-01
2.185000e+02 1.697073e+07 2.811431e-18 3.065732e-16 2.209730e-01
2.190000e+02 1.698661e+07 2.811958e-18 3.065083e-16 2.211799e-01
2.195000e+02 1.700252e+07 2.812484e-18 3.064431e-16 2.213870e-01
2.200000e+02 1.701845e+07 2.813010e-18 3.063775e-16 2.215944e-01
2.205000e+02 1.703439e+07 2.813535e-18 3.063115e-16 2.218020e-01
2.210000e+02 1.705036e+07 2.814060e-18 3.062451e-16 2.220099e-01
2.215000e+02 1.706634e+07 2.814584e-18 3.061784e-16 2.222180e-01
2.220000e+02 1.708234e+07 2.815108e-18 3.061113e-16 2.224263e-01
2.225000e+02 1.709837e+07 2.815632e-18 3.060438e-16 2.226350e-01
2.230000e+02 1.711441e+07 2.816155e-18 3.059760e-16 2.228438e-01
2.235000e+02 1.713047e+07 2.816677e-18 3.059078e-16 2.230529e-01
2.240000e+02 1.714654e+07 2.817199e-18 3.058392e-16 2.232623e-01
2.245000e+02 1.716264e+07 2.817720e-18 3.057703e-16 2.234719e-01
2.250000e+02 1.717876e+07 2.818241e-18 3.057010e-16 2.236818e-01
2.255000e+02 1.719490e+07 2.818762e-18 3.056313e-16 2.238919e-01
2.260000e+02 1.721105e+07 2.819282e-18 3.055612e-16 2.241022e-01
2.265000e+02 1.722723e+07 2.819801e-18 3.054908e-16 2.243128e-01
2.270000e+02 1.724342e+07 2.820320e-18 3.054201e-16 2.245237e-01
2.275000e+02 1.725963e+07 2.820839e-18 3.053489e-16 2.247348e-01
2.280000e+02 1.727586e+07 2.821357e-18 3.052774e-16 2.249461e-01
2.285000e+02 1.729211e+07 2.821874e-18 3.052055e-16 2.251577e-01
2.290000e+02 1.730838e+07 2.822391e-18 3.051332e-16 2.253696e-01
2.295000e+02 1.732467e+07 2.822908e-18 3.050606e-16 2.255817e-01
2.300000e+02 1.734098e+07 2.823424e-18 3.049876e-16 2.257940e-01
2.305000e+02 1.735731e+07 2.823939e-18 3.049143e-16 2.260066e-01
2.310000e+02 1.737365e+07 2.824454e-18 3.048405e-16 2.262194e-01
2.315000e+02 1.739002e+07 2.824969e-18 3.047664e-16 2.264325e-01
2.320000e+02 1.740640e+07 2.825482e-18 3.046920e-16 2.266459e-01
2.325000e+02 1.742281e+07 2.825996e-18 3.046171e-16 2.268594e-01
2.330000e+02 1.743923e+07 2.826509e-18 3.045419e-16 2.270733e-01
2.335000e+02 1.745567e+07 2.827021e-18 3.044664e-16 2.272874e-01
2.340000e+02 1.747213e+07 2.827533e-18 3.043904e-16 2.275017e-01
2.345000e+02 1.748861e+07 2.828044e-18 3.043141e-16 2.277163e-01
2.350000e+02 1.750511e+07 2.828555e-18 3.042375e-16 2.279311e-01
2.355000e+02 1.752163e+07 2.829065e-18 3.041604e-16 2.281462e-01
2.360000e+02 1.753816e+07 2.829575e-18 3.040830e-16 2.283615e-01
2.365000e+02 1.755472e+07 2.830084e-18 3.040053e-16 2.285771e-01
2.370000e+02 1.757130e+07 2.830592e-18 3.039271e-16 2.287929e-01
2.375000e+02 1.758789e+07 2.831100e-18 3.038486e-16 2.290090e-01
2.380000e+02 1.760450e+07 2.831608e-18 3.037697e-16 2.292253e-01
2.385000e+02 1.762114e+07 2.832115e-18 3.036905e-16 2.294419e-01
2.390000e+02 1.763779e+07 2.832621e-18 3.036109e-16 2.296587e-01
2.395000e+02 1.765446e+07 2.833127e-18 3.035309e-16 2.298758e-01
2.400000e+02 1.767115e+07 2.833632e-18 3.034506e-16 2.300931e-01
2.405000e+02 1.768786e+07 2.834137e-18 3.033698e-16 2.303107e-01
2.410000e+02 1.770459e+07 2.834641e-18 3.032888e-16 2.305285e-01
2.415000e+02 1.772133e+07 2.835145e-18 3.032073e-16 2.307465e-01
2.420000e+02 1.773810e+07 2.835648e-18 3.031255e-16 2.309649e-01
2.425000e+02 1.775489e+07 2.836150e-18 3.030433e-16 2.311834e-01
2.430000e+02 1.777169e+07 2.836652e-18 3.029608e-16 2.314022e-01
2.435000e+02 1.778852e+07 2.837154e-18 3.028779e-16 2.316213e-01
2.440000e+02 1.780536e+07 2.837654e-18 3.027946e-16 2.318406e-01
2.445000e+02 1.782222e+07 2.838154e-18 3.027110e-16 2.320602e-01
2.450000e+02 1.783910e+07 2.838654e-18 3.026269e-16 2.322800e-01
2.455000e+02 1.785600e+07 2.839153e-18 3.025426e-16 2.325000e-01
2.460000e+02 1.787292e+07 2.839651e-18 3.024578e-16 2.327203e-01
2.465000e+02 1.788986e+07 2.840149e-18 3.023727e-16 2.329409e-01
2.470000e+02 1.790682e+07 2.840647e-18 3.022873e-16 2.331617e-01
2.475000e+02 1.792380e+07 2.841143e-18 3.022014e-16 2.333828e-01
2.480000e+02 1.794079e+07 2.841639e-18 3.021152e-16 2.336041e-01
2.485000e+02 1.795781e+07 2.842135e-18 3.020286e-16 2.338256e-01
2.490000e+02 1.797484e+07 2.842630e-18 3.019417e-16 2.340474e-01
2.495000e+02 1.799190e+07 2.843124e-18 3.018544e-16 2.342695e-01
2.500000e+02 1.800897e+07 2.843618e-18 3.017667e-16 2.344918e-01
2.505000e+02 1.802606e+07 2.844111e-18 3.016787e-16 2.347143e-01
2.510000e+02 1.804317e+07 2.844603e-18 3.015903e-16 2.349371e-01
2.515000e+02 1.806030e+07 2.845095e-18 3.015015e-16 2.351602e-01
2.520000e+02 1.807745e+07 2.845586e-18 3.014124e-16 2.353835e-01
2.525000e+02 1.809462e+07 2.846077e-18 3.013229e-16 2.356070e-01
2.530000e+02 1.811181e+07 2.846567e-18 3.012331e-16 2.358308e-01
2.535000e+02 1.812901e+07 2.847056e-18 3.011428e-16 2.360549e-01
2.540000e+02 1.814624e+07 2.847545e-18 3.010523e-16 2.362792e-01
2.545000e+02 1.816348e+07 2.848033e-18 3.009613e-16 2.365037e-01
2.550000e+02 1.818075e+07 2.848521e-18 3.008700e-16 2.367285e-01
2.555000e+02 1.819803e+07 2.849007e-18 3.007783e-16 2.369535e-01
2.560000e+02 1.821533e+07 2.849494e-18 3.006863e-16 2.371788e-01
2.565000e+02 1.823265e+07 2.849979e-18 3.005939e-16 2.374044e-01
2.570000e+02 1.825000e+07 2.850464e-18 3.005011e-16 2.376301e-01
2.575000e+02 1.826735e+07 2.850949e-18 3.004080e-16 2.378562e-01
2.580000e+02 1.828473e+07 2.851432e-18 3.003145e-16 2.380825e-01
2.585000e+02 1.830213e+07 2.851915e-18 3.002206e-16 2.383090e-01
2.590000e+02 1.831955e+07 2.852398e-18 3.001264e-16 2.385358e-01
2.595000e+02 1.833698e+07 2.852880e-18 3.000318e-16 2.387628e-01
2.600000e+02 1.835444e+07 2.853361e-18 2.999368e-16 2.389901e-01
2.605000e+02 1.837191e+07 2.853841e-18 2.998415e-16 2.392176e-01
2.610000e+02 1.838941e+07 2.854321e-18 2.997458e-16 2.394454e-01
2.615000e+02 1.840692e+07 2.854800e-18 2.996498e-16 2.396734e-01
2.620000e+02 1.842445e+07 2.855279e-18 2.995534e-16 2.399017e-01
2.625000e+02 1.844200e+07 2.855757e-18 2.994566e-16 2.401303e-01
2.630000e+02 1.845957e+07 2.856234e-18 2.993595e-16 2.403590e-01
2.635000e+02 1.847716e+07 2.856710e-18 2.992620e-16 2.405881e-01
2.640000e+02 1.849477e+07 2.857186e-18 2.991641e-16 2.408173e-01
2.645000e+02 1.851240e+07 2.857661e-18 2.990659e-16 2.410469e-01
2.650000e+02 1.853004e+07 2.858136e-18 2.989673e-16 2.412766e-01
2.655000e+02 1.854771e+07 2.858610e-18 2.988684e-16 2.415066e-01
2.660000e+02 1.856539e+07 2.859083e-18 2.987691e-16 2.417369e-01
2.665000e+02 1.858310e+07 2.859555e-18 2.986694e-16 2.419674e-01
2.670000e+02 1.860082e+07 2.860027e-18 2.985694e-16 2.421982e-01
2.675000e+02 1.861856e+07 2.860498e-18 2.984690e-16 2.424292e-01
2.680000e+02 1.863632e+07 2.860969e-18 2.983683e-16 2.426605e-01
2.685000e+02 1.865410e+07 2.861438e-18 2.982672e-16 2.428920e-01
2.690000e+02 1.867190e+07 2.861907e-18 2.981657e-16 2.431238e-01
2.695000e+02 1.868972e+07 2.862376e-18 2.980639e-16 2.433558e-01
2.700000e+02 1.870756e+07 2.862843e-18 2.979617e-16 2.435880e-01
