# 1:xM, 2:zM, 3:rM, 4:angleM, 5:gvect_x, 6:gvect_y,                           7:gvect_z, 8:gvect, 9:error
0.0000000000e+00 6.6500000000e+06 6.6500000000e+06 0.0000000000e+00 -1.6984344421e-22 6.7487921344e-23 -2.4912963039e-05 2.4912963039e-05 1.0000000000e+00
2.2220959710e+05 6.6462863988e+06 6.6500000000e+06 3.3421198442e-02 -3.1125813720e-06 3.0817324579e-23 -2.4422328721e-05 2.4619876177e-05 1.0000000000e+00
4.4417101441e+05 6.6351497428e+06 6.6500000000e+06 6.6842396885e-02 -5.9067916509e-06 3.3075107599e-23 -2.3035349406e-05 2.3780612058e-05 1.0000000000e+00
6.6563634930e+05 6.6166024703e+06 6.6500000000e+06 1.0026359533e-01 -8.1489019921e-06 3.0733314048e-23 -2.0975029869e-05 2.2502366135e-05 1.0000000000e+00
8.8635825324e+05 6.5906652962e+06 6.6500000000e+06 1.3368479377e-01 -9.7338426585e-06 1.9757015060e-23 -1.8526756426e-05 2.0928172318e-05 1.0000000000e+00
1.1060902080e+06 6.5573671890e+06 6.6500000000e+06 1.6710599221e-01 -1.0677257117e-05 1.4937718640e-23 -1.5960263289e-05 1.9202443172e-05 1.0000000000e+00
1.3245868009e+06 6.5167453385e+06 6.6500000000e+06 2.0052719065e-01 -1.1074459620e-05 1.4896521168e-23 -1.3480802157e-05 1.7446365887e-05 1.0000000000e+00
1.5416039993e+06 6.4688451140e+06 6.6500000000e+06 2.3394838910e-01 -1.1053832173e-05 1.1538523310e-23 -1.1215750459e-05 1.5747389119e-05 1.0000000000e+00
1.7568994224e+06 6.4137200141e+06 6.6500000000e+06 2.6736958754e-01 -1.0742296647e-05 1.2403266324e-23 -9.2252113812e-06 1.4159853893e-05 1.0000000000e+00
1.9702326129e+06 6.3514316064e+06 6.6500000000e+06 3.0079078598e-01 -1.0247048261e-05 2.3033425768e-23 -7.5218492025e-06 1.2711420593e-05 1.0000000000e+00
2.1813653046e+06 6.2820494592e+06 6.6500000000e+06 3.3421198442e-01 -9.6499118810e-06 9.1078724673e-24 -6.0900637915e-06 1.1410945460e-05 1.0000000000e+00
2.3900616894e+06 6.2056510634e+06 6.6500000000e+06 3.6763318287e-01 -9.0088732200e-06 9.5628621939e-24 -4.9004226746e-06 1.0255434612e-05 1.0000000000e+00
2.5960886798e+06 6.1223217464e+06 6.6500000000e+06 4.0105438131e-01 -8.3625360000e-06 3.6467840580e-24 -3.9189442246e-06 9.2352656803e-06 1.0000000000e+00
2.7992161701e+06 6.0321545763e+06 6.6500000000e+06 4.3447557975e-01 -7.7350437113e-06 7.7768306174e-24 -3.1123318035e-06 8.3377161424e-06 1.0000000000e+00
2.9992172928e+06 5.9352502585e+06 6.6500000000e+06 4.6789677819e-01 -7.1403639664e-06 5.6017454642e-24 -2.4505039217e-06 7.5491567107e-06 1.0000000000e+00
3.1958686720e+06 5.8317170226e+06 6.6500000000e+06 5.0131797664e-01 -6.5856168407e-06 4.3993447398e-24 -1.9075118369e-06 6.8563073575e-06 1.0000000000e+00
3.3889506732e+06 5.7216705021e+06 6.6500000000e+06 5.3473917508e-01 -6.0734929600e-06 4.4134811272e-24 -1.4615887639e-06 6.2468838992e-06 1.0000000000e+00
3.5782476485e+06 5.6052336049e+06 6.6500000000e+06 5.6816037352e-01 -5.6039340389e-06 3.3601183159e-24 -1.0947870273e-06 5.7098717453e-06 1.0000000000e+00
3.7635481773e+06 5.4825363763e+06 6.6500000000e+06 6.0158157196e-01 -5.1752634400e-06 2.4388297528e-24 -7.9246099005e-07 5.2355845990e-06 1.0000000000e+00
3.9446453025e+06 5.3537158533e+06 6.6500000000e+06 6.3500277041e-01 -4.7849265482e-06 2.7380667823e-24 -5.4273003891e-07 4.8156077464e-06 1.0000000000e+00
4.1213367616e+06 5.2189159121e+06 6.6500000000e+06 6.6842396885e-01 -4.4299632770e-06 2.3596659832e-24 -3.3598431896e-07 4.4426861354e-06 1.0000000000e+00
4.2934252129e+06 5.0782871070e+06 6.6500000000e+06 7.0184516729e-01 -4.1073009621e-06 3.5898850986e-24 -1.6445691553e-07 4.1105920827e-06 1.0000000000e+00
4.4607184554e+06 4.9319865026e+06 6.6500000000e+06 7.3526636573e-01 -3.8139290648e-06 2.2152223961e-24 -2.1866339787e-08 3.8139917472e-06 1.0000000000e+00
4.6230296440e+06 4.7801774978e+06 6.6500000000e+06 7.6868756418e-01 -3.5469974116e-06 2.5521985312e-24 9.6875968750e-08 3.5483201083e-06 1.0000000000e+00
4.7801774978e+06 4.6230296440e+06 6.6500000000e+06 8.0210876262e-01 -3.3038658477e-06 1.9570061337e-24 1.9590186754e-07 3.3096687268e-06 1.0000000000e+00
4.9319865026e+06 4.4607184554e+06 6.6500000000e+06 8.3552996106e-01 -3.0821236782e-06 1.1662267187e-24 2.7857582081e-07 3.0946875215e-06 1.0000000000e+00
5.0782871070e+06 4.2934252129e+06 6.6500000000e+06 8.6895115950e-01 -2.8795908754e-06 1.6932362905e-24 3.4764596422e-07 2.9005001855e-06 1.0000000000e+00
5.2189159121e+06 4.1213367616e+06 6.6500000000e+06 9.0237235795e-01 -2.6943087679e-06 8.5979527782e-25 4.0536442022e-07 2.7246320944e-06 1.0000000000e+00
5.3537158533e+06 3.9446453025e+06 6.6500000000e+06 9.3579355639e-01 -2.5245251181e-06 1.4138154470e-24 4.5358309725e-07 2.5649492584e-06 1.0000000000e+00
5.4825363763e+06 3.7635481773e+06 6.6500000000e+06 9.6921475483e-01 -2.3686766552e-06 8.2152605758e-25 4.9383003645e-07 2.4196068280e-06 1.0000000000e+00
5.6052336049e+06 3.5782476485e+06 6.6500000000e+06 1.0026359533e+00 -2.2253709342e-06 1.1091384327e-24 5.2737036016e-07 2.2870057480e-06 1.0000000000e+00
5.7216705021e+06 3.3889506732e+06 6.6500000000e+06 1.0360571517e+00 -2.0933686230e-06 1.2482556311e-24 5.5525503979e-07 2.1657563000e-06 1.0000000000e+00
5.8317170226e+06 3.1958686720e+06 6.6500000000e+06 1.0694783502e+00 -1.9715668275e-06 8.5761171083e-25 5.7836002311e-07 2.0546474324e-06 1.0000000000e+00
5.9352502585e+06 2.9992172928e+06 6.6500000000e+06 1.1028995486e+00 -1.8589837553e-06 8.4052182818e-25 5.9741772084e-07 1.9526209401e-06 1.0000000000e+00
6.0321545763e+06 2.7992161701e+06 6.6500000000e+06 1.1363207470e+00 -1.7547448290e-06 7.6239304413e-25 6.1304242493e-07 1.8587496952e-06 1.0000000000e+00
6.1223217464e+06 2.5960886798e+06 6.6500000000e+06 1.1697419455e+00 -1.6580702451e-06 9.6345791165e-25 6.2575089594e-07 1.7722192645e-06 1.0000000000e+00
6.2056510634e+06 2.3900616894e+06 6.6500000000e+06 1.2031631439e+00 -1.5682639114e-06 7.6022209892e-25 6.3597909347e-07 1.6923123539e-06 1.0000000000e+00
6.2820494592e+06 2.1813653046e+06 6.6500000000e+06 1.2365843424e+00 -1.4847036588e-06 5.8144728513e-25 6.4409581836e-07 1.6183956184e-06 1.0000000000e+00
6.3514316064e+06 1.9702326129e+06 6.6500000000e+06 1.2700055408e+00 -1.4068326128e-06 5.0215098694e-25 6.5041387404e-07 1.5499084514e-06 1.0000000000e+00
6.4137200141e+06 1.7568994224e+06 6.6500000000e+06 1.3034267393e+00 -1.3341516030e-06 8.5535241320e-25 6.5519922893e-07 1.4863534336e-06 1.0000000000e+00
6.4688451140e+06 1.5416039993e+06 6.6500000000e+06 1.3368479377e+00 -1.2662124970e-06 5.0677686729e-25 6.5867856249e-07 1.4272881757e-06 1.0000000000e+00
6.5167453385e+06 1.3245868009e+06 6.6500000000e+06 1.3702691361e+00 -1.2026123485e-06 4.2101190967e-25 6.6104550023e-07 1.3723183355e-06 1.0000000000e+00
6.5573671890e+06 1.1060902080e+06 6.6500000000e+06 1.4036903346e+00 -1.1429882623e-06 4.9556242066e-25 6.6246578180e-07 1.3210916243e-06 1.0000000000e+00
6.5906652962e+06 8.8635825324e+05 6.6500000000e+06 1.4371115330e+00 -1.0870128881e-06 4.1346408853e-25 6.6308155797e-07 1.2732926496e-06 1.0000000000e+00
6.6166024703e+06 6.6563634930e+05 6.6500000000e+06 1.4705327315e+00 -1.0343904625e-06 5.1209063435e-25 6.6301497393e-07 1.2286384678e-06 1.0000000000e+00
6.6351497428e+06 4.4417101441e+05 6.6500000000e+06 1.5039539299e+00 -9.8485333110e-07 4.2519602791e-25 6.6237116643e-07 1.1868747389e-06 1.0000000000e+00
6.6462863988e+06 2.2220959710e+05 6.6500000000e+06 1.5373751284e+00 -9.3815888961e-07 2.8922165140e-25 6.6124077755e-07 1.1477723938e-06 1.0000000000e+00
6.6500000000e+06 4.0719506072e-10 6.6500000000e+06 1.5707963268e+00 -8.9408689002e-07 3.2093385979e-25 6.5970206897e-07 1.1111247395e-06 1.0000000000e+00
