# # x,sigmaxy
0.000000000000000000e+00 -1.650022368043675414e-01 0.000000000000000000e+00 0.000000000000000000e+00
4.166666666666666435e-02 4.090939414200187312e-04 3.188898533950617568e-03 3.190845995186015940e-03
8.333333333333332871e-02 1.535200611274633621e-02 1.167052469135802274e-02 1.167184261786786623e-02
1.250000000000000000e-01 2.467005211927305458e-02 2.392578125000000000e-02 2.392736830078893984e-02
1.666666666666666574e-01 3.242810232490047490e-02 3.858024691358025171e-02 3.857936883032737907e-02
2.083333333333333426e-01 6.067851273269614376e-02 5.440417631172839857e-02 5.440216366072710141e-02
2.500000000000000000e-01 7.008046577360493856e-02 7.031250000000000000e-02 7.031092963695427522e-02
2.916666666666666852e-01 7.987500581684989220e-02 8.536482445987654544e-02 8.536108150376398029e-02
3.333333333333333148e-01 1.038565599358798885e-01 9.876543209876544049e-02 9.876102701396166639e-02
3.750000000000000000e-01 1.090453294439651805e-01 1.098632812500000000e-01 1.098597592090077291e-01
4.166666666666666852e-01 1.157985395254753219e-01 1.181520061728394827e-01 1.181467335708802358e-01
4.583333333333333148e-01 1.249642717235852768e-01 1.232699170524691468e-01 1.232644254804997064e-01
5.000000000000000000e-01 1.239867395485090701e-01 1.250000000000000000e-01 1.249958270054710163e-01
5.416666666666666297e-01 1.249642717235870670e-01 1.232699170524691329e-01 1.232644254804995398e-01
5.833333333333333703e-01 1.157985395254732819e-01 1.181520061728395105e-01 1.181467335708799582e-01
6.250000000000000000e-01 1.090453294439649445e-01 1.098632812500000000e-01 1.098597592090075903e-01
6.666666666666666297e-01 1.038565599358815816e-01 9.876543209876544049e-02 9.876102701396149985e-02
7.083333333333333703e-01 7.987500581684776890e-02 8.536482445987653156e-02 8.536108150376334192e-02
7.500000000000000000e-01 7.008046577360535490e-02 7.031250000000000000e-02 7.031092963695442788e-02
7.916666666666666297e-01 6.067851273269812135e-02 5.440417631172840551e-02 5.440216366072704590e-02
8.333333333333333703e-01 3.242810232489596461e-02 3.858024691358023783e-02 3.857936883032535291e-02
8.750000000000000000e-01 2.467005211927518135e-02 2.392578125000000000e-02 2.392736830078995292e-02
9.166666666666666297e-01 1.535200611275421706e-02 1.167052469135803489e-02 1.167184261786633967e-02
9.583333333333333703e-01 4.090939413883831755e-04 3.188898533950611930e-03 3.190845995173110031e-03
1.000000000000000000e+00 1.683310965290180650e-01 0.000000000000000000e+00 0.000000000000000000e+00
