0.000000e+00 2.4934895833e-01 
1.953125e-03 2.5130208333e-01 
3.906250e-03 2.5325520833e-01 
5.859375e-03 2.5520833333e-01 
7.812500e-03 2.5716145833e-01 
9.765625e-03 2.5911458333e-01 
1.171875e-02 2.6106770833e-01 
1.367188e-02 2.6302083333e-01 
1.562500e-02 2.6497395833e-01 
1.757812e-02 2.6692708333e-01 
1.953125e-02 2.6888020833e-01 
2.148438e-02 2.7083333333e-01 
2.343750e-02 2.7278645833e-01 
2.539062e-02 2.7473958333e-01 
2.734375e-02 2.7669270833e-01 
2.929688e-02 2.7864583333e-01 
3.125000e-02 2.8059895833e-01 
3.320312e-02 2.8255208333e-01 
3.515625e-02 2.8450520833e-01 
3.710938e-02 2.8645833333e-01 
3.906250e-02 2.8841145833e-01 
4.101562e-02 2.9036458333e-01 
4.296875e-02 2.9231770833e-01 
4.492188e-02 2.9427083333e-01 
4.687500e-02 2.9622395833e-01 
4.882812e-02 2.9817708333e-01 
5.078125e-02 3.0013020833e-01 
5.273438e-02 3.0208333333e-01 
5.468750e-02 3.0403645833e-01 
5.664062e-02 3.0598958333e-01 
5.859375e-02 3.0794270833e-01 
6.054688e-02 3.0989583333e-01 
6.250000e-02 3.1184895833e-01 
6.445312e-02 3.1380208333e-01 
6.640625e-02 3.1575520833e-01 
6.835938e-02 3.1770833333e-01 
7.031250e-02 3.1966145833e-01 
7.226562e-02 3.2161458333e-01 
7.421875e-02 3.2356770833e-01 
7.617188e-02 3.2552083333e-01 
7.812500e-02 3.2747395833e-01 
8.007812e-02 3.2942708333e-01 
8.203125e-02 3.3138020833e-01 
8.398438e-02 3.3333333333e-01 
8.593750e-02 3.3528645833e-01 
8.789062e-02 3.3723958333e-01 
8.984375e-02 3.3919270833e-01 
9.179688e-02 3.4114583333e-01 
9.375000e-02 3.4309895833e-01 
9.570312e-02 3.4505208333e-01 
9.765625e-02 3.4700520833e-01 
9.960938e-02 3.4895833333e-01 
1.015625e-01 3.5091145833e-01 
1.035156e-01 3.5286458333e-01 
1.054688e-01 3.5481770833e-01 
1.074219e-01 3.5677083333e-01 
1.093750e-01 3.5872395833e-01 
1.113281e-01 3.6067708333e-01 
1.132812e-01 3.6263020833e-01 
1.152344e-01 3.6458333333e-01 
1.171875e-01 3.6653645833e-01 
1.191406e-01 3.6848958333e-01 
1.210938e-01 3.7044270833e-01 
1.230469e-01 3.7239583333e-01 
1.250000e-01 3.7434895833e-01 
1.269531e-01 3.7630208333e-01 
1.289062e-01 3.7825520833e-01 
1.308594e-01 3.8020833333e-01 
1.328125e-01 3.8216145833e-01 
1.347656e-01 3.8411458333e-01 
1.367188e-01 3.8606770833e-01 
1.386719e-01 3.8802083333e-01 
1.406250e-01 3.8997395833e-01 
1.425781e-01 3.9192708333e-01 
1.445312e-01 3.9388020833e-01 
1.464844e-01 3.9583333333e-01 
1.484375e-01 3.9778645833e-01 
1.503906e-01 3.9973958333e-01 
1.523438e-01 4.0169270833e-01 
1.542969e-01 4.0364583333e-01 
1.562500e-01 4.0559895833e-01 
1.582031e-01 4.0755208333e-01 
1.601562e-01 4.0950520833e-01 
1.621094e-01 4.1145833333e-01 
1.640625e-01 4.1341145833e-01 
1.660156e-01 4.1536458333e-01 
1.679688e-01 4.1731770833e-01 
1.699219e-01 4.1927083333e-01 
1.718750e-01 4.2122395833e-01 
1.738281e-01 4.2317708333e-01 
1.757812e-01 4.2513020833e-01 
1.777344e-01 4.2708333333e-01 
1.796875e-01 4.2903645833e-01 
1.816406e-01 4.3098958333e-01 
1.835938e-01 4.3294270833e-01 
1.855469e-01 4.3489583333e-01 
1.875000e-01 4.3684895833e-01 
1.894531e-01 4.3880208333e-01 
1.914062e-01 4.4075520833e-01 
1.933594e-01 4.4270833333e-01 
1.953125e-01 4.4466145833e-01 
1.972656e-01 4.4661458333e-01 
1.992188e-01 4.4856770833e-01 
2.011719e-01 4.5052083333e-01 
2.031250e-01 4.5247395833e-01 
2.050781e-01 4.5442708333e-01 
2.070312e-01 4.5638020833e-01 
2.089844e-01 4.5833333333e-01 
2.109375e-01 4.6028645833e-01 
2.128906e-01 4.6223958333e-01 
2.148438e-01 4.6419270833e-01 
2.167969e-01 4.6614583334e-01 
2.187500e-01 4.6809895833e-01 
2.207031e-01 4.7005208333e-01 
2.226562e-01 4.7200520833e-01 
2.246094e-01 4.7395833333e-01 
2.265625e-01 4.7591145833e-01 
2.285156e-01 4.7786458333e-01 
2.304688e-01 4.7981770834e-01 
2.324219e-01 4.8177083334e-01 
2.343750e-01 4.8372395833e-01 
2.363281e-01 4.8567708333e-01 
2.382812e-01 4.8763020833e-01 
2.402344e-01 4.8958333333e-01 
2.421875e-01 4.9153645833e-01 
2.441406e-01 4.9348958333e-01 
2.460938e-01 4.9544270834e-01 
2.480469e-01 4.9739583334e-01 
2.500000e-01 4.9934895834e-01 
2.519531e-01 5.0130208333e-01 
2.539062e-01 5.0325520833e-01 
2.558594e-01 5.0520833332e-01 
2.578125e-01 5.0716145833e-01 
2.597656e-01 5.0911458333e-01 
2.617188e-01 5.1106770834e-01 
2.636719e-01 5.1302083335e-01 
2.656250e-01 5.1497395835e-01 
2.675781e-01 5.1692708334e-01 
2.695312e-01 5.1888020833e-01 
2.714844e-01 5.2083333332e-01 
2.734375e-01 5.2278645831e-01 
2.753906e-01 5.2473958332e-01 
2.773438e-01 5.2669270833e-01 
2.792969e-01 5.2864583335e-01 
2.812500e-01 5.3059895836e-01 
2.832031e-01 5.3255208336e-01 
2.851562e-01 5.3450520835e-01 
2.871094e-01 5.3645833333e-01 
2.890625e-01 5.3841145831e-01 
2.910156e-01 5.4036458330e-01 
2.929688e-01 5.4231770830e-01 
2.949219e-01 5.4427083333e-01 
2.968750e-01 5.4622395836e-01 
2.988281e-01 5.4817708338e-01 
3.007812e-01 5.5013020839e-01 
3.027344e-01 5.5208333337e-01 
3.046875e-01 5.5403645833e-01 
3.066406e-01 5.5598958329e-01 
3.085938e-01 5.5794270826e-01 
3.105469e-01 5.5989583326e-01 
3.125000e-01 5.6184895829e-01 
3.144531e-01 5.6380208334e-01 
3.164062e-01 5.6575520840e-01 
3.183594e-01 5.6770833344e-01 
3.203125e-01 5.6966145844e-01 
3.222656e-01 5.7161458339e-01 
3.242188e-01 5.7356770831e-01 
3.261719e-01 5.7552083323e-01 
3.281250e-01 5.7747395817e-01 
3.300781e-01 5.7942708318e-01 
3.320312e-01 5.8138020825e-01 
3.339844e-01 5.8333333336e-01 
3.359375e-01 5.8528645849e-01 
3.378906e-01 5.8723958357e-01 
3.398438e-01 5.8919270857e-01 
3.417969e-01 5.9114583347e-01 
3.437500e-01 5.9309895831e-01 
3.457031e-01 5.9505208312e-01 
3.476562e-01 5.9700520799e-01 
3.496094e-01 5.9895833297e-01 
3.515625e-01 6.0091145809e-01 
3.535156e-01 6.0286458332e-01 
3.554688e-01 6.0481770859e-01 
3.574219e-01 6.0677083381e-01 
3.593750e-01 6.0872395888e-01 
3.613281e-01 6.1067708376e-01 
3.632812e-01 6.1263020846e-01 
3.652344e-01 6.1458333307e-01 
3.671875e-01 6.1653645771e-01 
3.691406e-01 6.1848958252e-01 
3.710938e-01 6.2044270759e-01 
3.730469e-01 6.2239583294e-01 
3.750000e-01 6.2434895849e-01 
3.769531e-01 6.2630208407e-01 
3.789062e-01 6.2825520948e-01 
3.808594e-01 6.3020833456e-01 
3.828125e-01 6.3216145922e-01 
3.847656e-01 6.3411458353e-01 
3.867188e-01 6.3606770766e-01 
3.886719e-01 6.3802083187e-01 
3.906250e-01 6.3997395646e-01 
3.925781e-01 6.4192708161e-01 
3.945312e-01 6.4388020736e-01 
3.964844e-01 6.4583333355e-01 
3.984375e-01 6.4778645986e-01 
4.003906e-01 6.4973958587e-01 
4.023438e-01 6.5169271123e-01 
4.042969e-01 6.5364583571e-01 
4.062500e-01 6.5559895934e-01 
4.082031e-01 6.5755208244e-01 
4.101562e-01 6.5950520552e-01 
4.121094e-01 6.6145832918e-01 
4.140625e-01 6.6341145393e-01 
4.160156e-01 6.6536458000e-01 
4.179688e-01 6.6731770727e-01 
4.199219e-01 6.6927083522e-01 
4.218750e-01 6.7122396306e-01 
4.238281e-01 6.7317708992e-01 
4.257812e-01 6.7513021510e-01 
4.277344e-01 6.7708333829e-01 
4.296875e-01 6.7903645972e-01 
4.316406e-01 6.8098958019e-01 
4.335938e-01 6.8294270087e-01 
4.355469e-01 6.8489582303e-01 
4.375000e-01 6.8684894773e-01 
4.394531e-01 6.8880207541e-01 
4.414062e-01 6.9075520578e-01 
4.433594e-01 6.9270833770e-01 
4.453125e-01 6.9466146947e-01 
4.472656e-01 6.9661459920e-01 
4.492188e-01 6.9856772526e-01 
4.511719e-01 7.0052084682e-01 
4.531250e-01 7.0247396415e-01 
4.550781e-01 7.0442707871e-01 
4.570312e-01 7.0638019290e-01 
4.589844e-01 7.0833330955e-01 
4.609375e-01 7.1028643124e-01 
4.628906e-01 7.1223955959e-01 
4.648438e-01 7.1419269472e-01 
4.667969e-01 7.1614583497e-01 
4.687500e-01 7.1809897716e-01 
4.707031e-01 7.2005211716e-01 
4.726562e-01 7.2200525080e-01 
4.746094e-01 7.2395837497e-01 
4.765625e-01 7.2591148847e-01 
4.785156e-01 7.2786459262e-01 
4.804688e-01 7.2981769124e-01 
4.824219e-01 7.3177079003e-01 
4.843750e-01 7.3372389544e-01 
4.863281e-01 7.3567701323e-01 
4.882812e-01 7.3763014695e-01 
4.902344e-01 7.3958329684e-01 
4.921875e-01 7.4153645932e-01 
4.941406e-01 7.4348962732e-01 
4.960938e-01 7.4544279152e-01 
4.980469e-01 7.4739594217e-01 
