# # x,y
9.999999999999999547e-07 -4.472612213678672788e-03
3.333233333333333187e-02 -4.472612213678672788e-03
3.333433333333333387e-02 1.407708044475075582e-01
6.666566666666666474e-02 1.407708044475075582e-01
6.666766666666666674e-02 4.285787524094146761e-01
9.999900000000000455e-02 4.285787524094146761e-01
1.000010000000000066e-01 5.534278063867290598e-01
1.333323333333333305e-01 5.534278063867290598e-01
1.333343333333333325e-01 2.090357203188485613e+00
1.666656666666666564e-01 2.090357203188485613e+00
1.666676666666666584e-01 1.866445436777061317e+00
1.999990000000000101e-01 1.866445436777061317e+00
2.000010000000000121e-01 -4.239761972695646364e+00
2.333323333333333360e-01 -4.239761972695646364e+00
2.333343333333333380e-01 -3.376496835588097767e+00
2.666656666666666897e-01 -3.376496835588097767e+00
2.666676666666666362e-01 -2.571544157566599154e+00
2.999990000000000157e-01 -2.571544157566599154e+00
3.000009999999999621e-01 -1.972243441482493864e+00
3.333323333333333416e-01 -1.972243441482493864e+00
3.333343333333332881e-01 -1.547621646531561979e+00
3.666656666666666675e-01 -1.547621646531561979e+00
3.666676666666666140e-01 -1.244089511023288352e+00
3.999990000000000490e-01 -1.244089511023288352e+00
4.000009999999999954e-01 -1.021954258235597379e+00
4.333323333333333749e-01 -1.021954258235597379e+00
4.333343333333333214e-01 -8.551737692293794879e-01
4.666656666666667008e-01 -8.551737692293794879e-01
4.666676666666666473e-01 -7.263496348587903384e-01
4.999990000000000268e-01 -7.263496348587903384e-01
5.000010000000000288e-01 -6.580541256412626439e-01
5.333323333333332972e-01 -6.580541256412626439e-01
5.333343333333333547e-01 -5.709681777936701508e-01
5.666656666666666231e-01 -5.709681777936701508e-01
5.666676666666666806e-01 -5.014668175116838711e-01
5.999989999999999490e-01 -5.014668175116838711e-01
6.000010000000000066e-01 -4.449094834154703193e-01
6.333323333333332750e-01 -4.449094834154703193e-01
6.333343333333333325e-01 -3.983280868558622956e-01
6.666656666666666009e-01 -3.983280868558622956e-01
6.666676666666666584e-01 -3.595788574164640039e-01
6.999989999999999268e-01 -3.595788574164640039e-01
7.000009999999999843e-01 -3.270927977388478070e-01
7.333323333333332528e-01 -3.270927977388478070e-01
7.333343333333333103e-01 -2.996953062109302124e-01
7.666656666666665787e-01 -2.996953062109302124e-01
7.666676666666666362e-01 -2.764872027860025838e-01
7.999990000000000157e-01 -2.764872027860025838e-01
8.000010000000000732e-01 -2.567607101887219301e-01
8.333323333333333416e-01 -2.567607101887219301e-01
8.333343333333333991e-01 -2.399345595621369398e-01
8.666656666666666675e-01 -2.399345595621369398e-01
8.666676666666667250e-01 -2.254968115362565584e-01
8.999989999999999934e-01 -2.254968115362565584e-01
9.000010000000000510e-01 -2.129465918538464564e-01
9.333323333333333194e-01 -2.129465918538464564e-01
9.333343333333333769e-01 -2.017355541280405617e-01
9.666656666666666453e-01 -2.017355541280405617e-01
9.666676666666667028e-01 -1.912754310563631321e-01
9.999989999999999712e-01 -1.912754310563631321e-01
