# # x,y
0.000000000000000000e+00 -1.235678226407799229e-12
0.000000000000000000e+00 -1.235678226407799229e-12
2.500000000000000139e-02 -1.535457677801772558e-01
2.500000000000000139e-02 -1.535457677801772558e-01
2.500000000000000139e-02 -1.535457677801772558e-01
5.000000000000000278e-02 -9.940458837898635824e-02
5.000000000000000278e-02 -9.940458837898635824e-02
5.000000000000000278e-02 -9.940458837898635824e-02
7.500000000000001110e-02 2.939939763310691068e-01
7.500000000000001110e-02 2.939939763310691068e-01
7.500000000000001110e-02 2.939939763310691068e-01
1.000000000000000056e-01 1.121234432146452686e+00
1.000000000000000056e-01 1.121234432146452686e+00
1.000000000000000056e-01 1.121234432146452686e+00
1.250000000000000000e-01 2.465421984380975928e+00
1.250000000000000000e-01 2.465421984380975928e+00
1.250000000000000000e-01 2.465421984380975928e+00
1.500000000000000222e-01 2.148403413955981556e+00
1.500000000000000222e-01 2.148403413955981556e+00
1.500000000000000222e-01 2.148403413955981556e+00
1.750000000000000167e-01 3.519555149870837063e+00
1.750000000000000167e-01 3.519555149870837063e+00
1.750000000000000167e-01 3.519555149870837063e+00
2.000000000000000111e-01 -4.800341373077328555e+00
2.000000000000000111e-01 -4.800341373077328555e+00
2.000000000000000111e-01 -4.800341373077328555e+00
2.250000000000000056e-01 -4.116593132267198030e+00
2.250000000000000056e-01 -4.116593132267198030e+00
2.250000000000000056e-01 -4.116593132267198030e+00
2.500000000000000000e-01 -3.317033127005551307e+00
2.500000000000000000e-01 -3.317033127005551307e+00
2.500000000000000000e-01 -3.317033127005551307e+00
2.750000000000000222e-01 -2.637482447343777459e+00
2.750000000000000222e-01 -2.637482447343777459e+00
2.750000000000000222e-01 -2.637482447343777459e+00
3.000000000000000444e-01 -2.137682295301225999e+00
3.000000000000000444e-01 -2.137682295301225999e+00
3.000000000000000444e-01 -2.137682295301225999e+00
3.250000000000000111e-01 -1.763586283216060702e+00
3.250000000000000111e-01 -1.763586283216060702e+00
3.250000000000000111e-01 -1.763586283216060702e+00
3.500000000000000333e-01 -1.480576136488658490e+00
3.500000000000000333e-01 -1.480576136488658490e+00
3.500000000000000333e-01 -1.480576136488658490e+00
3.750000000000000000e-01 -1.261619218134193421e+00
3.750000000000000000e-01 -1.261619218134193421e+00
3.750000000000000000e-01 -1.261619218134193421e+00
4.000000000000000222e-01 -1.088848353893934862e+00
4.000000000000000222e-01 -1.088848353893934862e+00
4.000000000000000222e-01 -1.088848353893934862e+00
4.250000000000000444e-01 -9.501011808167112438e-01
4.250000000000000444e-01 -9.501011808167112438e-01
4.250000000000000444e-01 -9.501011808167112438e-01
4.500000000000000111e-01 -8.369103931041868005e-01
4.500000000000000111e-01 -8.369103931041868005e-01
4.500000000000000111e-01 -8.369103931041868005e-01
4.750000000000000333e-01 -7.439495044216331010e-01
4.750000000000000333e-01 -7.439495044216331010e-01
4.750000000000000333e-01 -7.439495044216331010e-01
5.000000000000000000e-01 -6.638853985623098808e-01
5.000000000000000000e-01 -6.638853985623098808e-01
5.250000000000000222e-01 -5.994197185700904651e-01
5.250000000000000222e-01 -5.994197185700904651e-01
5.250000000000000222e-01 -5.994197185700904651e-01
5.500000000000000444e-01 -5.427934207251976506e-01
5.500000000000000444e-01 -5.427934207251976506e-01
5.500000000000000444e-01 -5.427934207251976506e-01
5.750000000000000666e-01 -4.945460736015540038e-01
5.750000000000000666e-01 -4.945460736015540038e-01
5.750000000000000666e-01 -4.945460736015540038e-01
6.000000000000000888e-01 -4.527453992842970232e-01
6.000000000000000888e-01 -4.527453992842970232e-01
6.000000000000000888e-01 -4.527453992842970232e-01
6.250000000000000000e-01 -4.163638134325508000e-01
6.250000000000000000e-01 -4.163638134325508000e-01
6.250000000000000000e-01 -4.163638134325508000e-01
6.500000000000000222e-01 -3.845129763088431796e-01
6.500000000000000222e-01 -3.845129763088431796e-01
6.500000000000000222e-01 -3.845129763088431796e-01
6.750000000000000444e-01 -3.564991467178270090e-01
6.750000000000000444e-01 -3.564991467178270090e-01
6.750000000000000444e-01 -3.564991467178270090e-01
7.000000000000000666e-01 -3.317551537106421256e-01
7.000000000000000666e-01 -3.317551537106421256e-01
7.000000000000000666e-01 -3.317551537106421256e-01
7.250000000000000888e-01 -3.098216620581811798e-01
7.250000000000000888e-01 -3.098216620581811798e-01
7.250000000000000888e-01 -3.098216620581811798e-01
7.500000000000000000e-01 -2.903194294126651975e-01
7.500000000000000000e-01 -2.903194294126651975e-01
7.500000000000000000e-01 -2.903194294126651975e-01
7.750000000000000222e-01 -2.729334283533787486e-01
7.750000000000000222e-01 -2.729334283533787486e-01
7.750000000000000222e-01 -2.729334283533787486e-01
8.000000000000000444e-01 -2.573980215347512202e-01
8.000000000000000444e-01 -2.573980215347512202e-01
8.000000000000000444e-01 -2.573980215347512202e-01
8.250000000000000666e-01 -2.434851786362713932e-01
8.250000000000000666e-01 -2.434851786362713932e-01
8.250000000000000666e-01 -2.434851786362713932e-01
8.500000000000000888e-01 -2.309935815235276690e-01
8.500000000000000888e-01 -2.309935815235276690e-01
8.500000000000000888e-01 -2.309935815235276690e-01
8.750000000000000000e-01 -2.197378757772536773e-01
8.750000000000000000e-01 -2.197378757772536773e-01
8.750000000000000000e-01 -2.197378757772536773e-01
9.000000000000000222e-01 -2.095360229019491705e-01
9.000000000000000222e-01 -2.095360229019491705e-01
9.000000000000000222e-01 -2.095360229019491705e-01
9.250000000000000444e-01 -2.001947753965049870e-01
9.250000000000000444e-01 -2.001947753965049870e-01
9.250000000000000444e-01 -2.001947753965049870e-01
9.500000000000000666e-01 -1.914928474327126651e-01
9.500000000000000666e-01 -1.914928474327126651e-01
9.500000000000000666e-01 -1.914928474327126651e-01
9.750000000000000888e-01 -1.831112991151532254e-01
9.750000000000000888e-01 -1.831112991151532254e-01
9.750000000000000888e-01 -1.831112991151532254e-01
1.000000000000000000e+00 -1.749826244957417565e-01
1.000000000000000000e+00 -1.749826244957417565e-01
