# # x,y
9.999999999999999547e-07 -5.418678951460798032e-02
1.999899999999999942e-02 1.744008535673380322e-02
2.000100000000000142e-02 1.390234436708936983e-03
3.999899999999999983e-02 6.543784109625327972e-02
4.000100000000000183e-02 3.871056705770747897e-02
5.999899999999999678e-02 8.438240539678787400e-02
6.000099999999999878e-02 -1.658122415863161336e-02
7.999900000000000067e-02 5.683075403274884252e-02
8.000100000000000267e-02 -2.381853606698953740e-01
9.999900000000000455e-02 -7.130852867486936475e-03
1.000010000000000066e-01 -7.111842067257647670e-01
1.199990000000000084e-01 -4.312843877429273221e-02
1.200009999999999966e-01 -1.423464592939126305e+00
1.399989999999999846e-01 1.327749120168757457e-01
1.400010000000000143e-01 -1.834583330637860499e+00
1.599990000000000023e-01 9.988665669763427957e-01
1.600010000000000043e-01 -2.951596149583206596e-01
1.799989999999999923e-01 1.755158858513839348e+00
1.800009999999999943e-01 5.859692515401686563e+00
1.999989999999999823e-01 3.067475417879037991e+00
2.000010000000000121e-01 -4.589458756932932815e+00
2.199990000000000001e-01 -4.152626509630524154e+00
2.200010000000000021e-01 -4.043051058565781730e+00
2.399989999999999901e-01 -3.503408576503829863e+00
2.400009999999999921e-01 -3.357023276686671664e+00
2.599990000000000356e-01 -2.905613339666361483e+00
2.600009999999999821e-01 -2.788129975431107965e+00
2.799990000000000534e-01 -2.432095758056771473e+00
2.800009999999999999e-01 -2.345975536684662188e+00
2.999990000000000712e-01 -2.064336322104971089e+00
3.000009999999999621e-01 -2.001431446745142395e+00
3.199990000000000334e-01 -1.775088455723674130e+00
3.200009999999999799e-01 -1.728315737404164665e+00
3.399990000000000512e-01 -1.543564265405473535e+00
3.400009999999999977e-01 -1.508095128575297039e+00
3.599990000000000689e-01 -1.355272018112140486e+00
3.600009999999999599e-01 -1.327897480964672638e+00
3.799990000000000312e-01 -1.200031767147054396e+00
3.800009999999999777e-01 -1.178579001842166463e+00
3.999990000000000490e-01 -1.070515113944674468e+00
4.000009999999999954e-01 -1.053479260791442940e+00
4.199990000000000667e-01 -9.613239080503568346e-01
4.200009999999999577e-01 -9.476533229635855093e-01
4.399990000000000290e-01 -8.684053488127663201e-01
4.400009999999999755e-01 -8.574035221560460940e-01
4.599990000000000467e-01 -7.886728079536737823e-01
4.600009999999999932e-01 -7.800458376982710718e-01
4.799990000000000645e-01 -7.197794670971742192e-01
4.800009999999999555e-01 -7.143661117228692348e-01
4.999990000000000268e-01 -6.613150887744545514e-01
5.000010000000000288e-01 -6.625457986203713290e-01
5.199989999999999890e-01 -6.024955864988221776e-01
5.200010000000000465e-01 -6.076852831585899395e-01
5.399990000000000068e-01 -5.553816595636718034e-01
5.400010000000000643e-01 -5.612624620806396791e-01
5.599990000000000245e-01 -5.148026047416696116e-01
5.600010000000000820e-01 -5.202032758388845934e-01
5.799990000000000423e-01 -4.789119159616817001e-01
5.800009999999999888e-01 -4.836813140373124043e-01
5.999989999999999490e-01 -4.469010872485128516e-01
6.000010000000000066e-01 -4.510540874979120929e-01
6.199989999999999668e-01 -4.181905421584648508e-01
6.200010000000000243e-01 -4.217958225860165555e-01
6.399989999999999846e-01 -3.923331186806464643e-01
6.400010000000000421e-01 -3.954678612180160258e-01
6.599990000000000023e-01 -3.689668763702709242e-01
6.600010000000000598e-01 -3.717020080859718689e-01
6.799990000000000201e-01 -3.477912127574889212e-01
6.800010000000000776e-01 -3.501876111372510536e-01
6.999990000000000379e-01 -3.285526481015974554e-01
7.000010000000000954e-01 -3.306611915671080482e-01
7.199990000000000556e-01 -3.110353075306306891e-01
7.200010000000000021e-01 -3.128980790670823353e-01
7.399989999999999624e-01 -2.950539582875411071e-01
7.400010000000000199e-01 -2.967056223430226680e-01
7.599989999999999801e-01 -2.804485884477792013e-01
7.600010000000000376e-01 -2.819176183171219208e-01
7.799989999999999979e-01 -2.670799907662591011e-01
7.800010000000000554e-01 -2.683896658026281301e-01
7.999990000000000157e-01 -2.548260229757328688e-01
8.000010000000000732e-01 -2.559951963222530935e-01
8.199990000000000334e-01 -2.435783052899864742e-01
8.200010000000000909e-01 -2.446219635320474595e-01
8.399990000000000512e-01 -2.332391457944211766e-01
8.400009999999999977e-01 -2.341687809754873228e-01
8.599989999999999579e-01 -2.237184746057199192e-01
8.600010000000000154e-01 -2.245422805864816240e-01
8.799989999999999757e-01 -2.149305158902858892e-01
8.800010000000000332e-01 -2.156534102511766804e-01
8.999989999999999934e-01 -2.067898138337458391e-01
9.000010000000000510e-01 -2.074132765556537805e-01
9.199990000000000112e-01 -1.992060169804279468e-01
9.200010000000000687e-01 -1.997277422684131665e-01
9.399990000000000290e-01 -1.920764932269989345e-01
9.400010000000000865e-01 -1.924899722109056910e-01
9.599990000000000467e-01 -1.852756848419652158e-01
9.600009999999999932e-01 -1.855710905625365115e-01
9.799989999999999535e-01 -1.786440307542029871e-01
9.800010000000000110e-01 -1.788132615380959578e-01
9.999989999999999712e-01 -1.719778854228053433e-01
