# # x,u,p,exx,e,tauxx,tauyy,d.t.
0.000000000000000000e+00 0.000000000000000000e+00 -2.370847326719617844e+07 -1.267595524416908971e-16 1.267593338681775606e-16 -2.535191048833817616e+07 2.535182305885746703e+07 -2.133056362002332662e+03
2.500000000000000000e+02 -1.000052802329036975e-04 -2.370840109548950195e+07 -1.267585357092552063e-16 1.267585712979303985e-16 -2.535170714185103774e+07 2.535172137731911987e+07 -2.133048803165592290e+03
5.000000000000000000e+02 -2.000097583249195845e-04 -2.370832892378282547e+07 -1.267575193486912332e-16 1.267573003933375409e-16 -2.535150386973824352e+07 2.535141628752112389e+07 -2.133032400491475983e+03
7.500000000000000000e+02 -3.000126318398987609e-04 -2.370811249043416977e+07 -1.267544672872682475e-16 1.267545026029875578e-16 -2.535089345745364577e+07 2.535090758373940364e+07 -2.133000872790155427e+03
1.000000000000000000e+03 -4.000130971681543348e-04 -2.370789605708551407e+07 -1.267514155977748129e-16 1.267511953511842798e-16 -2.535028311955495924e+07 2.535019502084220201e+07 -2.132960481649030953e+03
1.250000000000000000e+03 -5.000103497741589147e-04 -2.370753550260257721e+07 -1.267463213976803923e-16 1.267463561548594838e-16 -2.534926427953607589e+07 2.534927818240580335e+07 -2.132904942826451133e+03
1.500000000000000000e+03 -6.000035827751263283e-04 -2.370717494811964035e+07 -1.267412275828934452e-16 1.267410052537598945e-16 -2.534824551657868922e+07 2.534815658484726399e+07 -2.132840501433343434e+03
1.750000000000000000e+03 -6.999919878246942898e-04 -2.370667057045412064e+07 -1.267340800556300228e-16 1.267341139792381613e-16 -2.534681601112600416e+07 2.534682958056744188e+07 -2.132760876131372243e+03
2.000000000000000000e+03 -7.999747530133037923e-04 -2.370616619278860092e+07 -1.267269329028537619e-16 1.267267076091737310e-16 -2.534538658057074994e+07 2.534529646301863343e+07 -2.132672289382923282e+03
2.250000000000000000e+03 -8.999510643931636156e-04 -2.370551838945722580e+07 -1.267177163397660928e-16 1.267177491234631729e-16 -2.534354326795321703e+07 2.534355638143035769e+07 -2.132568468299460164e+03
2.500000000000000000e+03 -9.999201032714938493e-04 -2.370487058612585068e+07 -1.267085001493543606e-16 1.267082710777200828e-16 -2.534170002987086773e+07 2.534160840113433450e+07 -2.132455608141747234e+03
2.750000000000000000e+03 -1.099881048376454571e-03 -2.370407990101337433e+07 -1.266971944911192210e-16 1.266972258415376834e-16 -2.533943889822384343e+07 2.533945143838967383e+07 -2.132327449539262943e+03
3.000000000000000000e+03 -1.199833072515141220e-03 -2.370328921590089798e+07 -1.266858892128935649e-16 1.266856554805714869e-16 -2.533717784257870913e+07 2.533708434956363216e+07 -2.132190155020196926e+03
3.250000000000000000e+03 -1.299775345341509271e-03 -2.370235630300712585e+07 -1.266724699432724151e-16 1.266724995844615415e-16 -2.533449398865447938e+07 2.533450584512874112e+07 -2.132037484701559606e+03
3.500000000000000000e+03 -1.399707029389231751e-03 -2.370142339011335373e+07 -1.266590510576805869e-16 1.266588118694273516e-16 -2.533181021153611690e+07 2.533171453614447638e+07 -2.131875562011210150e+03
3.750000000000000000e+03 -1.499627283561073615e-03 -2.370034907278871536e+07 -1.266434893898022706e-16 1.266435170099657496e-16 -2.532869787796045095e+07 2.532870892602463439e+07 -2.131698173861449504e+03
4.000000000000000000e+03 -1.599535258427612879e-03 -2.369927475546407700e+07 -1.266279280804050294e-16 1.266276825546548196e-16 -2.532558561608100682e+07 2.532548740568570048e+07 -2.131511398310859931e+03
4.250000000000000000e+03 -1.699430100417624340e-03 -2.369805998258852959e+07 -1.266101909326448723e-16 1.266102162049806803e-16 -2.532203818652897328e+07 2.532204829546228051e+07 -2.131309055567426640e+03
4.500000000000000000e+03 -1.799310946496414810e-03 -2.369684520971298218e+07 -1.265924541478139796e-16 1.265922014961954521e-16 -2.531849082956279442e+07 2.531838976881452650e+07 -2.131097172979456900e+03
4.750000000000000000e+03 -1.899176928967359016e-03 -2.369549112840342522e+07 -1.265725042643484988e-16 1.265725268856271075e-16 -2.531450085286969692e+07 2.531450990138033405e+07 -2.130869609990598292e+03
5.000000000000000000e+03 -1.999027169525045052e-03 -2.369413704709386826e+07 -1.265525547465717179e-16 1.265522941030593195e-16 -2.531051094931434095e+07 2.531040669180201367e+07 -2.130632336473733631e+03
5.250000000000000000e+03 -2.098860784737782703e-03 -2.369264496570611000e+07 -1.265303507782752233e-16 1.265303704081038176e-16 -2.530607015565504134e+07 2.530607800758586451e+07 -2.130379259708347035e+03
5.500000000000000000e+03 -2.198676879411069676e-03 -2.369115288431835175e+07 -1.265081471784280474e-16 1.265078777199847559e-16 -2.530162943568560854e+07 2.530152165219349042e+07 -2.130116284196166816e+03
5.750000000000000000e+03 -2.298474552834967911e-03 -2.368952432807350159e+07 -1.264836438530942309e-16 1.264836601650684965e-16 -2.529672877061884478e+07 2.529673529540812224e+07 -2.129837374933983483e+03
6.000000000000000000e+03 -2.398252891373990267e-03 -2.368789577182865143e+07 -1.264591408829588421e-16 1.264588617889359366e-16 -2.529182817659176514e+07 2.529171653885940835e+07 -2.129548361334263518e+03
6.250000000000000000e+03 -2.498010975483291526e-03 -2.368613247803235054e+07 -1.264322890191701360e-16 1.264323016612289204e-16 -2.528645780383402482e+07 2.528646286065726727e+07 -2.129243275595200430e+03
6.500000000000000000e+03 -2.597747871571558058e-03 -2.368436918423604965e+07 -1.264054375088585630e-16 1.264051479679365148e-16 -2.528108750177171081e+07 2.528097168527023122e+07 -2.128927863891577545e+03
6.750000000000000000e+03 -2.697462639814694578e-03 -2.368247313538026810e+07 -1.263761842821314399e-16 1.263761928913413618e-16 -2.527523685642628744e+07 2.527524030011013150e+07 -2.128596236325669452e+03
7.000000000000000000e+03 -2.797154325226647743e-03 -2.368057708652448654e+07 -1.263469314017394978e-16 1.263466305929885543e-16 -2.526938628034789860e+07 2.526926595670427755e+07 -2.128254045357772156e+03
7.250000000000000000e+03 -2.896821966290799057e-03 -2.367855052638506889e+07 -1.263152204280257926e-16 1.263152246319618715e-16 -2.526304408560515568e+07 2.526304576717953756e+07 -2.127895491024547937e+03
7.500000000000000000e+03 -2.996464585235621148e-03 -2.367652396624565125e+07 -1.262835097985623090e-16 1.262831969291286961e-16 -2.525670195971246064e+07 2.525657681178396940e+07 -2.127526120783896658e+03
7.750000000000000000e+03 -3.096081197528599907e-03 -2.367436943243551254e+07 -1.262492813523956854e-16 1.262492807673683523e-16 -2.524985627047913522e+07 2.524985603646818548e+07 -2.127140237778421579e+03
8.000000000000000000e+03 -3.195670801295938737e-03 -2.367221489862537384e+07 -1.262150532389374595e-16 1.262147275271781767e-16 -2.524301064778748900e+07 2.524288036291564628e+07 -2.126743272240913939e+03
8.250000000000000000e+03 -3.295232387748732363e-03 -2.366993524356389046e+07 -1.261782444868447305e-16 1.261782387051375374e-16 -2.523564889736894518e+07 2.523564658468599245e+07 -2.126329644706516774e+03
8.500000000000000000e+03 -3.394764929706841662e-03 -2.366765558850240707e+07 -1.261414360620937785e-16 1.261410967382947087e-16 -2.522828721241875365e+07 2.522815148271653801e+07 -2.125904655270388957e+03
8.750000000000000000e+03 -3.494267392992114231e-03 -2.366525400909924507e+07 -1.261019813264055729e-16 1.261019699390076989e-16 -2.522039626528111100e+07 2.522039171032173187e+07 -2.125462857366129356e+03
9.000000000000000000e+03 -3.593738724002150733e-03 -2.366285242969608307e+07 -1.260625269067965770e-16 1.260621732340878270e-16 -2.521250538135931268e+07 2.521236391207733750e+07 -2.125009406164062057e+03
9.250000000000000000e+03 -3.693177862114942547e-03 -2.366033250581312180e+07 -1.260203578755131336e-16 1.260203404561468500e-16 -2.520407157510262355e+07 2.520406460735559836e+07 -2.124539004920378829e+03
9.500000000000000000e+03 -3.792583726286765950e-03 -2.365781258193016052e+07 -1.259781891406496974e-16 1.259778203883730866e-16 -2.519563782812993973e+07 2.519549032700338215e+07 -2.124056648214501820e+03
9.750000000000000000e+03 -3.891955228529350719e-03 -2.365517830017399788e+07 -1.259332352336833455e-16 1.259332113239574314e-16 -2.518664704673666880e+07 2.518663748284535855e+07 -2.123557207957363516e+03
1.000000000000000000e+04 -3.991291259497290085e-03 -2.365254401841783524e+07 -1.258882816149005040e-16 1.258878970818337773e-16 -2.517765632298009843e+07 2.517750250951845199e+07 -2.123045501214621254e+03
1.025000000000000000e+04 -4.090590703067327298e-03 -2.364979980837368965e+07 -1.258404703477713060e-16 1.258404394990979370e-16 -2.516809406955425814e+07 2.516808173008335382e+07 -2.122516588628567206e+03
1.050000000000000000e+04 -4.189852420849631172e-03 -2.364705559832954407e+07 -1.257926593445310692e-16 1.257922583955543739e-16 -2.515853186890621483e+07 2.515837148905989900e+07 -2.121975090756062400e+03
1.075000000000000000e+04 -4.289075267945695845e-03 -2.364420638988828659e+07 -1.257419166907726763e-16 1.257418784252860716e-16 -2.514838333815453202e+07 2.514836803195751831e+07 -2.121416279210687208e+03
1.100000000000000000e+04 -4.388258076357667500e-03 -2.364135718144702911e+07 -1.256911742780601993e-16 1.256907562747051900e-16 -2.513823485561203957e+07 2.513806765399195254e+07 -2.120844558062564374e+03
1.125000000000000000e+04 -4.487399671956937564e-03 -2.363840841167736053e+07 -1.256374251509641897e-16 1.256373789746874158e-16 -2.512748503019283712e+07 2.512746655967868119e+07 -2.120255433537219233e+03
1.150000000000000000e+04 -4.586498856754870658e-03 -2.363545964190769196e+07 -1.255836762472830548e-16 1.255832406354455486e-16 -2.511673524945660681e+07 2.511656100441933796e+07 -2.119653071579436073e+03
1.175000000000000000e+04 -4.685554427122057101e-03 -2.363241732523417473e+07 -1.255268449496435243e-16 1.255267903719484608e-16 -2.510536898992870376e+07 2.510534715884587169e+07 -2.119033238438262742e+03
1.200000000000000000e+04 -4.784565154864014146e-03 -2.362937500856065750e+07 -1.254700138416295893e-16 1.254695601096239087e-16 -2.509400276832591742e+07 2.509382127519540861e+07 -2.118399838424176778e+03
1.225000000000000000e+04 -4.883529806800929185e-03 -2.362624577682662010e+07 -1.254100246694848290e-16 1.254099611509295796e-16 -2.508200493389696255e+07 2.508197952646835893e+07 -2.117748926230216512e+03
1.250000000000000000e+04 -4.982447124589501133e-03 -2.362311654509258270e+07 -1.253500356742799920e-16 1.253495633278666361e-16 -2.507000713485599309e+07 2.506981819593458995e+07 -2.117084119175094656e+03
1.275000000000000000e+04 -5.081315845662775360e-03 -2.361990765376424789e+07 -1.252868134094026900e-16 1.252867404616347515e-16 -2.505736268188053742e+07 2.505733350276477635e+07 -2.116401789414305313e+03
1.300000000000000000e+04 -5.180134681731929022e-03 -2.361669876243591309e+07 -1.252235912924588958e-16 1.252231000355308873e-16 -2.504471825849177688e+07 2.504452175533503667e+07 -2.115705239903084475e+03
1.325000000000000000e+04 -5.278902341344261263e-03 -2.361341830969262123e+07 -1.251570620873760314e-16 1.251569790410048696e-16 -2.503141241747520491e+07 2.503137919891562313e+07 -2.114991196026445323e+03
1.350000000000000000e+04 -5.377617506858358570e-03 -2.361013785694932938e+07 -1.250905331038644738e-16 1.250900223641598514e-16 -2.501810662077289075e+07 2.501790232447387278e+07 -2.114262616583617728e+03
1.375000000000000000e+04 -5.476278858826130226e-03 -2.360679433888697624e+07 -1.250206251763065608e-16 1.250205314331625924e-16 -2.500412503526131064e+07 2.500408753798955679e+07 -2.113516603342457984e+03
1.400000000000000000e+04 -5.574885050911549192e-03 -2.360345082082462311e+07 -1.249507172063670956e-16 1.249501874136023807e-16 -2.499014344127341732e+07 2.498993152371814102e+07 -2.112755754110555245e+03
1.425000000000000000e+04 -5.673434736474121907e-03 -2.360005407164096832e+07 -1.248773615278822213e-16 1.248772568976510520e-16 -2.497547230557644367e+07 2.497543045346631855e+07 -2.111977588048142934e+03
1.450000000000000000e+04 -5.771926542119163069e-03 -2.359665732245731354e+07 -1.248040057612705397e-16 1.248034561961511176e-16 -2.496080115225410461e+07 2.496058132572221383e+07 -2.111184289051283940e+03
1.475000000000000000e+04 -5.870359095277466813e-03 -2.359321761541414261e+07 -1.247271369081153752e-16 1.247270205491070710e-16 -2.494542738162307441e+07 2.494538083799790591e+07 -2.110373845800523668e+03
1.500000000000000000e+04 -5.968730996903740330e-03 -2.358977790837097168e+07 -1.246502679413942169e-16 1.246496988670957952e-16 -2.493005358827884123e+07 2.492982595803972334e+07 -2.109547994191769249e+03
1.525000000000000000e+04 -6.067040850433186652e-03 -2.358630663678145409e+07 -1.245698255124381303e-16 1.245696969183995289e-16 -2.491396510248762369e+07 2.491391366484548524e+07 -2.108705230505519012e+03
1.550000000000000000e+04 -6.165287233183307063e-03 -2.358283536519193649e+07 -1.244893829241289853e-16 1.244887944727559122e-16 -2.489787658482579514e+07 2.489764120372009650e+07 -2.107846807344001263e+03
1.575000000000000000e+04 -6.263468726784768119e-03 -2.357934483717632294e+07 -1.244053122354756508e-16 1.244051708092417341e-16 -2.488106244709512964e+07 2.488100587656924874e+07 -2.106971770162851044e+03
1.600000000000000000e+04 -6.361583887253418820e-03 -2.357585430916070938e+07 -1.243212413251618683e-16 1.243206338239843809e-16 -2.486424826503237337e+07 2.486400526396748796e+07 -2.106080851005573550e+03
1.625000000000000000e+04 -6.459631277136553690e-03 -2.357235788317060471e+07 -1.242334948239043659e-16 1.242333400049641926e-16 -2.484669896478087083e+07 2.484663703716603294e+07 -2.105173692188549467e+03
1.650000000000000000e+04 -6.557609434066161321e-03 -2.356886145718050003e+07 -1.241457480169506410e-16 1.241451219559558362e-16 -2.482914960339012742e+07 2.482889917836057395e+07 -2.104250462414829144e+03
1.675000000000000000e+04 -6.655516904687313988e-03 -2.356537358770489693e+07 -1.240542865289687588e-16 1.240541177549252209e-16 -2.481085730579375103e+07 2.481078979613021016e+07 -2.103311451471091459e+03
1.700000000000000000e+04 -6.753352211694489855e-03 -2.356188571822929382e+07 -1.239628246456618557e-16 1.239621806949543594e-16 -2.479256492913236842e+07 2.479230734818012640e+07 -2.102356220278670662e+03
1.725000000000000000e+04 -6.851113889562469514e-03 -2.355842200878834724e+07 -1.238676188103644391e-16 1.238674355364538861e-16 -2.477352376207288727e+07 2.477345045245421305e+07 -2.101385759184458948e+03
1.750000000000000000e+04 -6.948800450062987515e-03 -2.355495829934740067e+07 -1.237724124766079047e-16 1.237717515222121269e-16 -2.475448249532157928e+07 2.475421811285711452e+07 -2.100398974443674888e+03
1.775000000000000000e+04 -7.046410419810538242e-03 -2.355153556890392303e+07 -1.236734442584984252e-16 1.236732459592307299e-16 -2.473468885169968382e+07 2.473460953192877769e+07 -2.099397613079682742e+03
1.800000000000000000e+04 -7.143942304289587798e-03 -2.354811283846044540e+07 -1.235744754268791980e-16 1.235737985791316045e-16 -2.471489508537583798e+07 2.471462434553508833e+07 -2.098379877565022980e+03
1.825000000000000000e+04 -7.241394627219015397e-03 -2.354474917574930191e+07 -1.234717398244351549e-16 1.234715259916297953e-16 -2.469434796488703042e+07 2.469426243169055879e+07 -2.097348330758254633e+03
1.850000000000000000e+04 -7.338765893123768216e-03 -2.354138551303815842e+07 -1.233690034880538582e-16 1.233683121093674730e-16 -2.467380069761076942e+07 2.467352414536100999e+07 -2.096300419930398675e+03
1.875000000000000000e+04 -7.436054628495579466e-03 -2.353810033660674095e+07 -1.232625103459193496e-16 1.232622805039243846e-16 -2.465250206918386742e+07 2.465241013229988143e+07 -2.095239585604635977e+03
1.900000000000000000e+04 -7.533259342948387186e-03 -2.353481516017532349e+07 -1.231560163440274285e-16 1.231553120684661101e-16 -2.463120326880548149e+07 2.463092155777515844e+07 -2.094162465997846994e+03
1.925000000000000000e+04 -7.630378572153095028e-03 -2.353162926635622978e+07 -1.230457922450455453e-16 1.230455459581168906e-16 -2.460915844900910556e+07 2.460905993413874507e+07 -2.093073443499781661e+03
1.950000000000000000e+04 -7.727410837615998791e-03 -2.352844337253713608e+07 -1.229355671427840519e-16 1.229348519132350496e-16 -2.458711342855680734e+07 2.458682733590464666e+07 -2.091968291671381849e+03
1.975000000000000000e+04 -7.824354691371229742e-03 -2.352537899513006210e+07 -1.228216574380886079e-16 1.228213943176123288e-16 -2.456433148761771992e+07 2.456422623931414261e+07 -2.090852401497574192e+03
2.000000000000000000e+04 -7.921208674454411486e-03 -2.352231461772298813e+07 -1.227077465744902298e-16 1.227070226434912297e-16 -2.454154931489804387e+07 2.454125974164390936e+07 -2.089720624320299521e+03
2.025000000000000000e+04 -8.017971363289796288e-03 -2.351939546559882164e+07 -1.225902175741724952e-16 1.225899372871557111e-16 -2.451804351483449712e+07 2.451793139989926293e+07 -2.088579428934699081e+03
2.050000000000000000e+04 -8.114641326960344778e-03 -2.351647631347465515e+07 -1.224726872541456864e-16 1.224719572327217855e-16 -2.449453745082913339e+07 2.449424544138892367e+07 -2.087422684994068732e+03
2.075000000000000000e+04 -8.211217175205001370e-03 -2.351372762118887901e+07 -1.223516285305207610e-16 1.223513308103663020e-16 -2.447032570610415190e+07 2.447020661789710447e+07 -2.086258010395043129e+03
2.100000000000000000e+04 -8.307697514586083118e-03 -2.351097892890310287e+07 -1.222305683163983755e-16 1.222298351725738211e-16 -2.444611366327967495e+07 2.444582040486998111e+07 -2.085078231903177766e+03
2.125000000000000000e+04 -8.404080997999109973e-03 -2.350842748152089119e+07 -1.221060950646051830e-16 1.221057797192520673e-16 -2.442121901292103529e+07 2.442109287461652234e+07 -2.083892189397278798e+03
2.150000000000000000e+04 -8.500366279866621716e-03 -2.350587603413867950e+07 -1.219816201365551421e-16 1.219808872461743402e-16 -2.439632402731102705e+07 2.439603087027763203e+07 -2.082691604539839318e+03
2.175000000000000000e+04 -8.596552067047647308e-03 -2.350355020298027992e+07 -1.218538756758907880e-16 1.218535426005031484e-16 -2.437077513517815620e+07 2.437064190484061092e+07 -2.081486613383517124e+03
2.200000000000000000e+04 -8.692637073218097837e-03 -2.350122437182188034e+07 -1.217261293437533326e-16 1.217254004817349688e-16 -2.434522586875066161e+07 2.434493432307005301e+07 -2.080267769343127384e+03
2.225000000000000000e+04 -8.788620071008496418e-03 -2.349915412635207176e+07 -1.215952876987329003e-16 1.215949368837261508e-16 -2.431905753974657878e+07 2.431891721354103833e+07 -2.079046579995352658e+03
2.250000000000000000e+04 -8.884499845772175081e-03 -2.349708388088226318e+07 -1.214644439893865412e-16 1.214637233656027001e-16 -2.429288879787730426e+07 2.429260054750828072e+07 -2.077812366451762955e+03
2.275000000000000000e+04 -8.980275248750247200e-03 -2.349530079720759392e+07 -1.213307125060089619e-16 1.213303440572439959e-16 -2.426614250120178983e+07 2.426599512147159874e+07 -2.076578083420834446e+03
2.300000000000000000e+04 -9.075945150421154892e-03 -2.349351771353292465e+07 -1.211969787635120325e-16 1.211962710360352185e-16 -2.423939575270240754e+07 2.423911266088468209e+07 -2.075331755409461039e+03
2.325000000000000000e+04 -9.171508494515631660e-03 -2.349205496300506592e+07 -1.210606007489874667e-16 1.210602148955166547e-16 -2.421212014979749173e+07 2.421196580816277117e+07 -2.074087859615992784e+03
2.350000000000000000e+04 -9.266964251130967514e-03 -2.349059221247720718e+07 -1.209242202727467155e-16 1.209235305697750094e-16 -2.418484405454934016e+07 2.418456817257346585e+07 -2.072833060219594245e+03
2.375000000000000000e+04 -9.362311471384637818e-03 -2.348948453953146935e+07 -1.207854776017778107e-16 1.207850747065875109e-16 -2.415709552035555989e+07 2.415693436201022565e+07 -2.071583430501812927e+03
2.400000000000000000e+04 -9.457549240529260562e-03 -2.348837686658573151e+07 -1.206467322572993446e-16 1.206460661424492595e-16 -2.412934645145986602e+07 2.412908000478384644e+07 -2.070324211798677425e+03
2.425000000000000000e+04 -9.552676732941297461e-03 -2.348766053907585144e+07 -1.205059478794606334e-16 1.205055284504004902e-16 -2.410118957589212433e+07 2.410102180397566780e+07 -2.069073145350066170e+03
2.450000000000000000e+04 -9.647693165569303647e-03 -2.348694421156597137e+07 -1.203651606240245786e-16 1.203645241319550330e-16 -2.407303212480491400e+07 2.407277752730350569e+07 -2.067813988646498728e+03
2.475000000000000000e+04 -9.742597852908575773e-03 -2.348665696506834030e+07 -1.202227010534343177e-16 1.202222657614924564e-16 -2.404454021068686247e+07 2.404436609359448403e+07 -2.066566219941862073e+03
2.500000000000000000e+04 -9.837390161107496811e-03 -2.348636971857070923e+07 -1.200802384121382967e-16 1.200796380208356377e-16 -2.401604768242765963e+07 2.401580752530580759e+07 -2.065312054081588030e+03
2.525000000000000000e+04 -9.932069562529406703e-03 -2.348655066726255417e+07 -1.199365159414178960e-16 1.199360656306130913e-16 -2.398730318828357756e+07 2.398712306362311170e+07 -2.064072770908072471e+03
2.550000000000000000e+04 -1.002663559088114165e-02 -2.348673161595439911e+07 -1.197927902372087097e-16 1.197922328236610874e-16 -2.395855804744174331e+07 2.395833508150355145e+07 -2.062828986845997861e+03
2.575000000000000000e+04 -1.012108789491637621e-02 -2.348742111882829666e+07 -1.196482647953337837e-16 1.196478005160785810e-16 -2.392965295906675607e+07 2.392946724700397998e+07 -2.061603841992707657e+03
2.600000000000000000e+04 -1.021542619493640350e-02 -2.348811062170219421e+07 -1.195037360948480077e-16 1.195032289501073922e-16 -2.390074721896959841e+07 2.390054436064255238e+07 -2.060376303580206695e+03
2.625000000000000000e+04 -1.030965033536051199e-02 -2.348935021766591072e+07 -1.193589167126831209e-16 1.193584397403161760e-16 -2.387178334253662080e+07 2.387159255320828035e+07 -2.059171424820616721e+03
2.650000000000000000e+04 -1.040376024243901132e-02 -2.349058981362962723e+07 -1.192140939302232324e-16 1.192136450747819952e-16 -2.384281878604464233e+07 2.384263924352977425e+07 -2.057966480746060824e+03
2.675000000000000000e+04 -1.049775597656430609e-02 -2.349242187145972252e+07 -1.190695415692706096e-16 1.190690530905148006e-16 -2.381390831385412067e+07 2.381371292195068672e+07 -2.056788469278713364e+03
2.700000000000000000e+04 -1.059163769069033229e-02 -2.349425392928981781e+07 -1.189249853338308062e-16 1.189246015233265258e-16 -2.378499706676615775e+07 2.378484354231641069e+07 -2.055612933548096862e+03
2.725000000000000000e+04 -1.068540567961227469e-02 -2.349672162517213821e+07 -1.187813092399101242e-16 1.187808109728260110e-16 -2.375626184798202291e+07 2.375606254073007777e+07 -2.054468876778356844e+03
2.750000000000000000e+04 -1.077906034291380155e-02 -2.349918932105445862e+07 -1.186376294867713586e-16 1.186373199016973855e-16 -2.372752589735426754e+07 2.372740206316285953e+07 -2.053330060183362093e+03
2.775000000000000000e+04 -1.087260223091066243e-02 -2.350233635083270073e+07 -1.184954922686778555e-16 1.184949861561850059e-16 -2.369909845373556763e+07 2.369889600830586627e+07 -2.052227493875589971e+03
2.800000000000000000e+04 -1.096603201025470389e-02 -2.350548338061094284e+07 -1.183533513427235276e-16 1.183531236943340499e-16 -2.367067026854470372e+07 2.367057920910114050e+07 -2.051133156074438375e+03
2.825000000000000000e+04 -1.105935050592373424e-02 -2.350935353854084015e+07 -1.182134640644908083e-16 1.182129520211813866e-16 -2.364269281289815903e+07 2.364248799513062835e+07 -2.050080066681367953e+03
2.850000000000000000e+04 -1.115255867093278147e-02 -2.351322369647073746e+07 -1.180735732013838348e-16 1.180734356339696062e-16 -2.361471464027676731e+07 2.361465961327886954e+07 -2.049038404771722071e+03
2.875000000000000000e+04 -1.124565762411565070e-02 -2.351786068890786171e+07 -1.179366952642710686e-16 1.179361795151966284e-16 -2.358733905285421014e+07 2.358713275277321041e+07 -2.048043193116568546e+03
2.900000000000000000e+04 -1.133864862365637112e-02 -2.352249768134498596e+07 -1.177998138847933484e-16 1.177997742596674040e-16 -2.355996277695866674e+07 2.355994692690552026e+07 -2.047062809054369836e+03
2.925000000000000000e+04 -1.143153310005998700e-02 -2.352794467144370079e+07 -1.176667493020261168e-16 1.176662322308255080e-16 -2.353334986040522158e+07 2.353314303147045150e+07 -2.046134247952789110e+03
2.950000000000000000e+04 -1.152431263404505093e-02 -2.353339166154241562e+07 -1.175336815110909569e-16 1.175337473443658534e-16 -2.350673630221819133e+07 2.350676263552070409e+07 -2.045224099872309580e+03
2.975000000000000000e+04 -1.161698898405225978e-02 -2.353969087635922432e+07 -1.174052746818205777e-16 1.174047588388053515e-16 -2.348105493636411428e+07 2.348084859870468453e+07 -2.044371281524517599e+03
3.000000000000000000e+04 -1.170956406885999973e-02 -2.354599009117603302e+07 -1.172768649727598214e-16 1.172770431844711582e-16 -2.345537299455196410e+07 2.345544427918229625e+07 -2.043540624798188219e+03
3.025000000000000000e+04 -1.180203998894106300e-02 -2.355318233361816406e+07 -1.171539948119221605e-16 1.171534828880124328e-16 -2.343079896238442883e+07 2.343059419237313047e+07 -2.042772892434403957e+03
3.050000000000000000e+04 -1.189441901419383864e-02 -2.356037457606029510e+07 -1.170311222039622409e-16 1.170314189323931131e-16 -2.340622444079244509e+07 2.340634313201431558e+07 -2.042031204698896090e+03
3.075000000000000000e+04 -1.198670359847696897e-02 -2.356849871953153610e+07 -1.169146947824949787e-16 1.169141895793806182e-16 -2.338293895649899542e+07 2.338273687481663376e+07 -2.041358069319485821e+03
3.100000000000000000e+04 -1.207889637279724142e-02 -2.357662286300277710e+07 -1.167982654545938777e-16 1.167986857963981111e-16 -2.335965309091877192e+07 2.335982122733791918e+07 -2.040714960449595310e+03
3.125000000000000000e+04 -1.217100015238253494e-02 -2.358571528842735291e+07 -1.166892050269183737e-16 1.166887094133006658e-16 -2.333784100538367406e+07 2.333764275951558352e+07 -2.040146002084475640e+03
3.150000000000000000e+04 -1.226301793562511316e-02 -2.359480771385192871e+07 -1.165801433570583122e-16 1.165806911244098550e-16 -2.331602867141166329e+07 2.331624777783751488e+07 -2.039611108334323490e+03
3.175000000000000000e+04 -1.235495290307383510e-02 -2.360490171424841881e+07 -1.164793816620163162e-16 1.164788985392820610e-16 -2.329587633240326121e+07 2.329568308290876821e+07 -2.039155860745964219e+03
3.200000000000000000e+04 -1.244680842236197890e-02 -2.361499571464490891e+07 -1.163786195119845936e-16 1.163792969584542442e-16 -2.327572390239691734e+07 2.327599488019606471e+07 -2.038738721514825102e+03
3.225000000000000000e+04 -1.253858803856830982e-02 -2.362612085626220703e+07 -1.162870832572255072e-16 1.162866155160065205e-16 -2.325741665144509822e+07 2.325722955458115414e+07 -2.038406539601885015e+03
3.250000000000000000e+04 -1.263029548529188799e-02 -2.363724599787950516e+07 -1.161955474499525025e-16 1.161963550273924656e-16 -2.323910948999049887e+07 2.323943251984385401e+07 -2.038116457292320092e+03
3.275000000000000000e+04 -1.272193466593554700e-02 -2.364942746824049950e+07 -1.161141441163924337e-16 1.161136945814215070e-16 -2.322282882327848300e+07 2.322264900894191489e+07 -2.037916368573148702e+03
3.300000000000000000e+04 -1.281350967101026021e-02 -2.366160893860149384e+07 -1.160327422465732408e-16 1.160336783272289180e-16 -2.320654844931464642e+07 2.320692288006643206e+07 -2.037762252985562100e+03
3.325000000000000000e+04 -1.290502474998169759e-02 -2.367486685887718201e+07 -1.159623442810534571e-16 1.159619156531376727e-16 -2.319246885621068999e+07 2.319229740472730622e+07 -2.037702794069760330e+03
3.350000000000000000e+04 -1.299648433480444891e-02 -2.368812477915287018e+07 -1.158919488971251620e-16 1.158930095519645962e-16 -2.317838977942502871e+07 2.317881403941914067e+07 -2.037692992111826698e+03
3.375000000000000000e+04 -1.308789300208686689e-02 -2.370247352720618248e+07 -1.158333764132178203e-16 1.158329712194137508e-16 -2.316667528264356032e+07 2.316651320483814180e+07 -2.037782031828014169e+03
3.400000000000000000e+04 -1.317925550277933809e-02 -2.371682227525949478e+07 -1.157748077125232970e-16 1.157759864866074519e-16 -2.315496154250465706e+07 2.315543304973764345e+07 -2.037924144565093229e+03
3.425000000000000000e+04 -1.327057671454159871e-02 -2.373226979712653160e+07 -1.157288099584122652e-16 1.157284304936400857e-16 -2.314576199168245122e+07 2.314561020552429929e+07 -2.038168695767427153e+03
3.450000000000000000e+04 -1.336186167743651752e-02 -2.374771731899356842e+07 -1.156828172471671452e-16 1.156841050160230851e-16 -2.313656344943342730e+07 2.313707855410829186e+07 -2.038469385787037481e+03
3.475000000000000000e+04 -1.345311553654472171e-02 -2.376426447804379463e+07 -1.156500532356070810e-16 1.156497015102252893e-16 -2.313001064712141454e+07 2.312986995675417781e+07 -2.038875410208607263e+03
3.500000000000000000e+04 -1.354434358343591625e-02 -2.378081163709402084e+07 -1.156172955496733357e-16 1.156186804126050528e-16 -2.312345910993466526e+07 2.312401305178920552e+07 -2.039340203864488331e+03
3.525000000000000000e+04 -1.363555118925509346e-02 -2.379845159795856476e+07 -1.155983143447216969e-16 1.155979920267013901e-16 -2.311966286894433573e+07 2.311953394155574217e+07 -2.039912414761491618e+03
3.550000000000000000e+04 -1.372674385167416654e-02 -2.381609155882310867e+07 -1.155793407424832965e-16 1.155808079698748162e-16 -2.311586814849665761e+07 2.311645503572739661e+07 -2.040545504110891443e+03
3.575000000000000000e+04 -1.381792711873852143e-02 -2.383480920230150223e+07 -1.155745616611884118e-16 1.155742700825020986e-16 -2.311491233223767951e+07 2.311479570061514527e+07 -2.041287169692028328e+03
3.600000000000000000e+04 -1.390910664102812389e-02 -2.385352684577989578e+07 -1.155697914060448326e-16 1.155713236203292441e-16 -2.311395828120896593e+07 2.311457116285907105e+07 -2.042091217766911313e+03
3.625000000000000000e+04 -1.400028808701640759e-02 -2.387329838567686081e+07 -1.155794856580033671e-16 1.155792256384271403e-16 -2.311589713160067052e+07 2.311579312365213409e+07 -2.043003978666477906e+03
3.650000000000000000e+04 -1.409147719985817324e-02 -2.389306992557382584e+07 -1.155891898537681822e-16 1.155907667897805700e-16 -2.311783797075363249e+07 2.311846874085488170e+07 -2.043979942018639576e+03
3.675000000000000000e+04 -1.418267970421497118e-02 -2.391386214396524429e+07 -1.156134612209260256e-16 1.156132336019136293e-16 -2.312269224418520182e+07 2.312260119648941234e+07 -2.045063623498028392e+03
3.700000000000000000e+04 -1.427390136804944712e-02 -2.393465436235666275e+07 -1.156377434851749110e-16 1.156393437500407116e-16 -2.312754869703498110e+07 2.312818879855106398e+07 -2.046210572213379464e+03
3.725000000000000000e+04 -1.436514790456331833e-02 -2.395642576358318329e+07 -1.156765202812219842e-16 1.156763238696018983e-16 -2.313530405624439567e+07 2.313522549152831733e+07 -2.047463098048325946e+03
3.750000000000000000e+04 -1.445642503587078222e-02 -2.397819716480970383e+07 -1.157153087277380410e-16 1.157169045956654974e-16 -2.314306174554760754e+07 2.314370008831547201e+07 -2.048778141440224772e+03
3.775000000000000000e+04 -1.454773838051201702e-02 -2.400089253332543373e+07 -1.157683051327189598e-16 1.157681444077684631e-16 -2.315366102654378861e+07 2.315359673651749268e+07 -2.050195185645344282e+03
3.800000000000000000e+04 -1.463909352917359616e-02 -2.402358790184116364e+07 -1.158213136880258416e-16 1.158228925786048601e-16 -2.316426273760516569e+07 2.316489428953062743e+07 -2.051673138755295440e+03
3.825000000000000000e+04 -1.473049595804404137e-02 -2.404715819102120399e+07 -1.158881207323507941e-16 1.158879772081546120e-16 -2.317762414647015557e+07 2.317756673675454780e+07 -2.053248909903293679e+03
3.850000000000000000e+04 -1.482195107711475890e-02 -2.407072848020124435e+07 -1.159549401204903571e-16 1.159564268662115149e-16 -2.319098802409806848e+07 2.319158271857246384e+07 -2.054883095598856926e+03
3.875000000000000000e+04 -1.491346402430914798e-02 -2.409505686289882660e+07 -1.160346511044111690e-16 1.160345904035452927e-16 -2.320693022088223323e+07 2.320690594052786380e+07 -2.056607078409856058e+03
3.900000000000000000e+04 -1.500503983239938680e-02 -2.411938524559640884e+07 -1.161143741995872411e-16 1.161159241652994186e-16 -2.322287483991744742e+07 2.322349482206273824e+07 -2.058386089898223872e+03
3.925000000000000000e+04 -1.509668365100529618e-02 -2.414456421801710129e+07 -1.162069700965030528e-16 1.162067425013827635e-16 -2.324139401930060983e+07 2.324130298116158694e+07 -2.060255095616464587e+03
3.950000000000000000e+04 -1.518840048637525725e-02 -2.416974319043779373e+07 -1.162995775182696376e-16 1.163004856395777776e-16 -2.325991550365392864e+07 2.326027875075714663e+07 -2.062174867008475303e+03
3.975000000000000000e+04 -1.528019381427049919e-02 -2.419504243056464195e+07 -1.164007683321239483e-16 1.164012997688910846e-16 -2.328015366642478853e+07 2.328036624064458534e+07 -2.064148203096053294e+03
4.000000000000000000e+04 -1.537206693071114898e-02 -2.422034167069149017e+07 -1.165019693136948188e-16 1.165047454159601218e-16 -2.330039386273895949e+07 2.330150429041353986e+07 -2.066167215700218549e+03
4.025000000000000000e+04 -1.546402755910454216e-02 -2.424806292323803902e+07 -1.166224809991170445e-16 1.166203101558715224e-16 -2.332449619982340559e+07 2.332362785444133729e+07 -2.068334381638233936e+03
4.050000000000000000e+04 -1.555608321103003726e-02 -2.427578417578458786e+07 -1.167430028524420012e-16 1.167381702132559327e-16 -2.334860057048839703e+07 2.334666747479888797e+07 -2.070541376112324997e+03
4.075000000000000000e+04 -1.564822341556466531e-02 -2.429687788587212563e+07 -1.168366712550890888e-16 1.168447108182981190e-16 -2.336733425101781636e+07 2.337054996567390487e+07 -2.072496863110697177e+03
4.100000000000000000e+04 -1.574043745787001569e-02 -2.431797159595966339e+07 -1.169303477945398020e-16 1.169531724083622717e-16 -2.338606955890795588e+07 2.339519851371731982e+07 -2.074485656942477817e+03
4.125000000000000000e+04 -1.583278012196117496e-02 -2.436572170381641388e+07 -1.171625626726718375e-16 1.171326180444294342e-16 -2.343251253453436494e+07 2.342053315179181099e+07 -2.077663254591661826e+03
4.150000000000000000e+04 -1.592530592225997049e-02 -2.441347181167316437e+07 -1.173947835704278914e-16 1.173135975970887801e-16 -2.347895671408557519e+07 2.344647108013790846e+07 -2.080867082252655564e+03
4.175000000000000000e+04 -1.601782319550092495e-02 -2.436314625377154350e+07 -1.171407632829180483e-16 1.172527528093783093e-16 -2.342815265658360720e+07 2.347292709505786747e+07 -2.079829276036061401e+03
4.200000000000000000e+04 -1.611013998982882209e-02 -2.431282069586992264e+07 -1.168867468221977000e-16 1.171933083474363254e-16 -2.337734936443953961e+07 2.349981400790727884e+07 -2.078810204512052223e+03
4.225000000000000000e+04 -1.620298126952240264e-02 -2.462939189659690857e+07 -1.184701677982052977e-16 1.180534297923150749e-16 -2.369403355964105576e+07 2.352704308945010975e+07 -2.093758042871609177e+03
4.250000000000000000e+04 -1.629707169819425566e-02 -2.494596309732389450e+07 -1.200535902943478597e-16 1.189185756011950648e-16 -2.401071805886957049e+07 2.355452457891605422e+07 -2.108716855488693454e+03
4.275000000000000000e+04 -1.638971206351020823e-02 -2.389358373697018623e+07 -1.147939954106065466e-16 1.163628542062917518e-16 -2.295879908212130889e+07 2.358216809009462222e+07 -2.064163122915861550e+03
4.300000000000000000e+04 -1.647820284767274185e-02 -2.284120437661647797e+07 -1.095343992299368845e-16 1.138715266531688234e-16 -2.190687984598737583e+07 2.360988314243112504e+07 -2.019612500828156726e+03
4.325000000000000000e+04 -1.657262068119987747e-02 -2.689759249518299103e+07 -1.298191532729534876e-16 1.241398236740832449e-16 -2.596383065459069610e+07 2.363757947604302317e+07 -2.197181390053304767e+03
4.350000000000000000e+04 -1.668304189323906866e-02 -3.095398061374950409e+07 -1.501039039848850116e-16 1.351521123981675742e-16 -3.002078079697699845e+07 2.366516848016770557e+07 -2.374745612779009207e+03
4.375000000000000000e+04 -1.677185964946938806e-02 -1.594341248787117004e+07 -7.505319255734242131e-17 9.916253936225627688e-17 -1.501063851146848314e+07 2.369256145923486352e+07 -1.723303215091566699e+03
4.400000000000000000e+04 -1.680146682471144598e-02 -9.328443619928359985e+05 -1.242069964571375674e-16 1.214350702909189668e-16 -4.873078354099639000e+02 1.185995612855073810e+07 -5.562087169801553728e+02
4.425000000000000000e+04 -1.702374352413418834e-02 -9.329118386938571930e+05 -3.150702816736628359e-16 2.967622047719240535e-16 -6.301405633473257240e+02 5.544955543838030962e+02 -4.058549279340178373e+01
4.450000000000000000e+04 -1.729860992075868756e-02 -9.329793153948783875e+05 -3.817316071215977208e-16 3.228825006402548207e-16 -7.634632142431953525e+02 5.011474775489319882e+02 -4.058610708140987811e+01
4.475000000000000000e+04 -1.739775998723498002e-02 -9.322600886783599854e+05 1.303841737864333422e-16 9.613699923315935121e-17 2.607683475728666735e+02 7.706133829986399064e+01 -4.053639782681129589e+01
4.500000000000000000e+04 -1.709287934062455119e-02 -9.315408619618415833e+05 3.212507705111874904e-16 3.405729234438771973e-16 5.363627699023581954e+02 -3.588597920915681869e+07 1.519758189008477302e+03
4.525000000000000000e+04 -1.700325688511935066e-02 4.450423020755147934e+07 2.271982006109354507e-16 3.001420069723593054e-16 4.543964012218708545e+07 -7.170813798651668429e+07 5.052711660611659681e+03
4.550000000000000000e+04 -1.673438784384457048e-02 8.994000127706480026e+07 4.543966263070891379e-16 4.091633911800790250e-16 9.087932526141782105e+07 -7.165279265028832853e+07 7.025773649015354749e+03
4.575000000000000000e+04 -1.640002522772822380e-02 7.769042283431601524e+07 3.932291653038664936e-16 3.760428817276265504e-16 7.864583306077329814e+07 -7.160651404736679792e+07 6.491171168768817552e+03
4.600000000000000000e+04 -1.611391940849490195e-02 6.544084439156723022e+07 3.320630639902363046e-16 3.451949804194627200e-16 6.641261279804725200e+07 -7.156906330167825520e+07 5.956952508401976957e+03
4.625000000000000000e+04 -1.584554746738623190e-02 6.865537141220188141e+07 3.482719035671186618e-16 3.530171844835753434e-16 6.965438071342372894e+07 -7.153990390464803576e+07 6.095446752906517759e+03
4.650000000000000000e+04 -1.556438813729441734e-02 7.186989843283653259e+07 3.644803653193512979e-16 3.610538192868756800e-16 7.289607306387025118e+07 -7.151888817367072403e+07 6.234295069848140884e+03
4.675000000000000000e+04 -1.527857902722797728e-02 7.094793159541130066e+07 3.600590233556012553e-16 3.587965559425644983e-16 7.201180467112024128e+07 -7.150592613558605313e+07 6.193645988304232560e+03
4.700000000000000000e+04 -1.499625820552208215e-02 7.002596475798606873e+07 3.556378294554800755e-16 3.565721392029329230e-16 7.112756589109599590e+07 -7.150080144213843346e+07 6.153337660874978610e+03
4.725000000000000000e+04 -1.471520624182083396e-02 7.021920047543525696e+07 3.568418214146896666e-16 3.571792251764963462e-16 7.136836428293792903e+07 -7.150326210315398872e+07 6.161846199069097565e+03
4.750000000000000000e+04 -1.443320463234827079e-02 7.041243619288444519e+07 3.580458181893428814e-16 3.578056655731831603e-16 7.160916363786856830e+07 -7.151307033253653347e+07 6.170674196757432583e+03
4.775000000000000000e+04 -1.415081144448970818e-02 7.031337948958063126e+07 3.578338941754011590e-16 3.577419089707254730e-16 7.156677883508022130e+07 -7.152998002161103487e+07 6.167102587443116136e+03
4.800000000000000000e+04 -1.386858568740679046e-02 7.021432278627681732e+07 3.576220075392447598e-16 3.576953213822094676e-16 7.152440150784894824e+07 -7.155372404034353793e+07 6.163828122896537025e+03
4.825000000000000000e+04 -1.358634380992620842e-02 7.019977824163341522e+07 3.578740885241442799e-16 3.578971000344062051e-16 7.157481770482884347e+07 -7.158402201303997636e+07 6.164513054551016467e+03
4.850000000000000000e+04 -1.330390332060631120e-02 7.018523369699001312e+07 3.581261920919921258e-16 3.581145573319366187e-16 7.162523841839841008e+07 -7.162058443877252936e+07 6.165470353728806003e+03
4.875000000000000000e+04 -1.302128223365487183e-02 7.015388007798147202e+07 3.583311952294459418e-16 3.583233785101440865e-16 7.166623904588918388e+07 -7.166311232406273484e+07 6.165956191393226618e+03
4.900000000000000000e+04 -1.273849969427767390e-02 7.012252645897293091e+07 3.585362188104573085e-16 3.585463516520170706e-16 7.170724376209145784e+07 -7.171129684144325554e+07 6.166687969583311315e+03
4.925000000000000000e+04 -1.245552275615146622e-02 7.010113630112171173e+07 3.588232475293964954e-16 3.588236765378693069e-16 7.176464950587929785e+07 -7.176482110916474462e+07 6.168085104795063671e+03
4.950000000000000000e+04 -1.217231966846599005e-02 7.007974614327049255e+07 3.591102911919455354e-16 3.591135483167971658e-16 7.182205823838910460e+07 -7.182336108242033422e+07 6.169700314160470953e+03
4.975000000000000000e+04 -1.188887434945126199e-02 7.006075337556838989e+07 3.594365277823700130e-16 3.594347306631701603e-16 7.188730555647400022e+07 -7.188658670699584484e+07 6.171623481850618191e+03
5.000000000000000000e+04 -1.160517196000874357e-02 7.004176060786628723e+07 3.597627748039653491e-16 3.597667937169471343e-16 7.195255496079306304e+07 -7.195416251700578630e+07 6.173735788037916791e+03
5.025000000000000000e+04 -1.132119523147607013e-02 7.002678808161592484e+07 3.601311818567635876e-16 3.601299631446007808e-16 7.202623637135271728e+07 -7.202574888566158712e+07 6.176197259446848875e+03
5.050000000000000000e+04 -1.103692817078059420e-02 7.001181555536556244e+07 3.604995947146645876e-16 3.605023041977248304e-16 7.209991894293290377e+07 -7.210100273208303750e+07 6.178818186410808266e+03
5.075000000000000000e+04 -1.075235724341580199e-02 7.000001570461463928e+07 3.609006781226552918e-16 3.608992857017289382e-16 7.218013562453104556e+07 -7.217957865508487821e+07 6.181721493899978668e+03
5.100000000000000000e+04 -1.046747020878441813e-02 6.998821585386371613e+07 3.613017629514428620e-16 3.613037055992858927e-16 7.226035259028857946e+07 -7.226112964733557403e+07 6.184754152226056249e+03
5.125000000000000000e+04 -1.018225599500019798e-02 6.997939858251190186e+07 3.617292697889582076e-16 3.617279052411102035e-16 7.234585395779164135e+07 -7.234530813762174547e+07 6.188030726962332665e+03
5.150000000000000000e+04 -9.896704828569817883e-03 6.997058131116008759e+07 3.621567738693510469e-16 3.621578037908709357e-16 7.243135477387019992e+07 -7.243176674189119041e+07 6.191406437089186511e+03
5.175000000000000000e+04 -9.610808452156310855e-03 6.996437959902095795e+07 3.626035759721907621e-16 3.626021859427512164e-16 7.252071519443814456e+07 -7.252015918159541488e+07 6.194979946983320588e+03
5.200000000000000000e+04 -9.324559898114816517e-03 6.995817788688182831e+07 3.630503714636077410e-16 3.630505384378813199e-16 7.261007429272153974e+07 -7.261014108241443336e+07 6.198622563882447139e+03
5.225000000000000000e+04 -9.037953606426734829e-03 6.995427495155215263e+07 3.635096535942572893e-16 3.635082536227672703e-16 7.270193071885144711e+07 -7.270137072917594016e+07 6.202419377422959769e+03
5.250000000000000000e+04 -8.750985285901510119e-03 6.995037201622247696e+07 3.639689256055553399e-16 3.639682377818584706e-16 7.279378512111106515e+07 -7.279350999137119949e+07 6.206255739460595578e+03
5.275000000000000000e+04 -8.463652049540635811e-03 6.994844399522495270e+07 3.644339485018548944e-16 3.644325358381007889e-16 7.288678970037096739e+07 -7.288622463377299905e+07 6.210202983869476157e+03
5.300000000000000000e+04 -8.175952247239404516e-03 6.994651597422742844e+07 3.648989579903605372e-16 3.648974435199642550e-16 7.297979159807209671e+07 -7.297918580865538120e+07 6.214160947081861195e+03
5.325000000000000000e+04 -7.887885586415338893e-03 6.994625053109288216e+07 3.653631950284016563e-16 3.653617721269308762e-16 7.307263900568032265e+07 -7.307206984398262203e+07 6.218187842394587278e+03
5.350000000000000000e+04 -7.599452969067989512e-03 6.994598508795833588e+07 3.658274150826066962e-16 3.658251065133212909e-16 7.316548301652133465e+07 -7.316455958589242399e+07 6.222197594515250785e+03
5.375000000000000000e+04 -7.310656605341053771e-03 6.994707961746001244e+07 3.662845860931435588e-16 3.662831545040354396e-16 7.325691721862870455e+07 -7.325634458186537027e+07 6.226235834753277231e+03
5.400000000000000000e+04 -7.021499846363340146e-03 6.994817414696168900e+07 3.667417376004529582e-16 3.667386738076704275e-16 7.334834752009057999e+07 -7.334712199785745144e+07 6.230230267166049089e+03
5.425000000000000000e+04 -6.731987291552088068e-03 6.995033935277366638e+07 3.671858611562408369e-16 3.671844224976456202e-16 7.343717223124815524e+07 -7.343659676668174565e+07 6.234214613889364955e+03
5.450000000000000000e+04 -6.442124619762130966e-03 6.995250455858564377e+07 3.676299630072829481e-16 3.676261882022334921e-16 7.352599260145658255e+07 -7.352448267168381810e+07 6.238129879576933490e+03
5.475000000000000000e+04 -6.151918688516102782e-03 6.995546617367053032e+07 3.680553993224260190e-16 3.680539551216340320e-16 7.361107986448520422e+07 -7.361050218303415179e+07 6.241998624204551561e+03
5.500000000000000000e+04 -5.861377366279260474e-03 6.995842778875541687e+07 3.684808118954369957e-16 3.684763750903760330e-16 7.369616237908738852e+07 -7.369438764637739956e+07 6.245774584136208432e+03
5.525000000000000000e+04 -5.570509622095513522e-03 6.996192875039219856e+07 3.688823010953583844e-16 3.688808528277401862e-16 7.377646021907167137e+07 -7.377588091088640690e+07 6.249469985272982740e+03
5.550000000000000000e+04 -5.279325361026916338e-03 6.996542971202898026e+07 3.692837647963142110e-16 3.692787189947277676e-16 7.385675295926283300e+07 -7.385473462483826280e+07 6.253050623342054678e+03
5.575000000000000000e+04 -4.987835503505717513e-03 6.996923193798971176e+07 3.696564602588422451e-16 3.696550092266459669e-16 7.393129205176843703e+07 -7.393071163775008917e+07 6.256519285901730655e+03
5.600000000000000000e+04 -4.696051825513694426e-03 6.997303416395044327e+07 3.700291287378576348e-16 3.700235304012872326e-16 7.400582574757152796e+07 -7.400358639600230753e+07 6.259853067824032223e+03
5.625000000000000000e+04 -4.403987026869029403e-03 6.997692023417878151e+07 3.703686260854757534e-16 3.703671733955842282e-16 7.407372521709515154e+07 -7.407314413999842107e+07 6.263046277138139885e+03
5.650000000000000000e+04 -4.111654577785944266e-03 6.998080630440711975e+07 3.707080952192832262e-16 3.707020036656032948e-16 7.414161904385663569e+07 -7.413918240236397088e+07 6.266086465511785718e+03
5.675000000000000000e+04 -3.819068775345693147e-03 6.998458092866587639e+07 3.710104569399383438e-16 3.710090034762756391e-16 7.420209138798765838e+07 -7.420151000138331950e+07 6.268960475219529144e+03
5.700000000000000000e+04 -3.526244597989554568e-03 6.998835555292463303e+07 3.713127894481614289e-16 3.713062663534908046e-16 7.426255788963228464e+07 -7.425994862884375453e+07 6.271665399207320661e+03
5.725000000000000000e+04 -3.233197749441004635e-03 6.999184687611341476e+07 3.715745654887792104e-16 3.715731119094590446e-16 7.431491309775583446e+07 -7.431433166489015520e+07 6.274181675695808735e+03
5.750000000000000000e+04 -2.939944522596119915e-03 6.999533819930219650e+07 3.718363115114042633e-16 3.718294204488818480e-16 7.436726230228084326e+07 -7.436450585172891617e+07 6.276514958740483053e+03
5.775000000000000000e+04 -2.646501830184208592e-03 6.999839892081642151e+07 3.720545562517567627e-16 3.720531029898572647e-16 7.441091125035133958e+07 -7.441032994445599616e+07 6.278640385446626169e+03
5.800000000000000000e+04 -2.352887079377597931e-03 7.000145964233064651e+07 3.722727703447723753e-16 3.722655763901976817e-16 7.445455406895446777e+07 -7.445167645931951702e+07 6.280571134854355478e+03
5.825000000000000000e+04 -2.059118188569056176e-03 7.000396796723961830e+07 3.724450563407030989e-16 3.724436036141586307e-16 7.448901126814061403e+07 -7.448843017638939619e+07 6.282278180157783027e+03
5.850000000000000000e+04 -1.765213473878728860e-03 7.000647629214859009e+07 3.726173112176054459e-16 3.726098805799978282e-16 7.452346224352107942e+07 -7.452048995884077251e+07 6.283781141347363700e+03
5.875000000000000000e+04 -1.471191651535091018e-03 7.000833669309020042e+07 3.727417399225041788e-16 3.727402877692290227e-16 7.454834798450082541e+07 -7.454776712205919623e+07 6.285047991963017921e+03
5.900000000000000000e+04 -1.177071737289808436e-03 7.001019709403181076e+07 3.728661371729378621e-16 3.728585369137723414e-16 7.457322743458756804e+07 -7.457018729993630946e+07 6.286103669302960952e+03
5.925000000000000000e+04 -8.828730339955574019e-04 7.001134091647768021e+07 3.729413469492888613e-16 3.729398952634600878e-16 7.458826938985776901e+07 -7.458768871439607441e+07 6.286914331777118605e+03
5.950000000000000000e+04 -5.886150447654644622e-04 7.001248473892354965e+07 3.730165250523601292e-16 3.730088227943039723e-16 7.460330501047202945e+07 -7.460022407544009387e+07 6.287509078885375857e+03
5.975000000000000000e+04 -2.943174454877349119e-04 7.001287061724472046e+07 3.730416967118601958e-16 3.730402452840903563e-16 7.460833934237203002e+07 -7.460775877013465762e+07 6.287853451625190246e+03
6.000000000000000000e+04 -1.235775443817625858e-11 7.001325649556589127e+07 3.730668365895823772e-16 3.730591003025330441e-16 7.461336731791646779e+07 -7.461027277100992203e+07 6.287979533329383230e+03
6.025000000000000000e+04 2.943174207661592139e-04 7.001287061662650108e+07 3.730416966891817267e-16 3.730402452597630692e-16 7.460833933783634007e+07 -7.460775876493941247e+07 6.287853451372431664e+03
6.050000000000000000e+04 5.886150200141716500e-04 7.001248473768711090e+07 3.730165250071038694e-16 3.730088227516169831e-16 7.460330500142076612e+07 -7.460022406741659343e+07 6.287509078482770747e+03
6.075000000000000000e+04 8.828730092125465804e-04 7.001134091695356369e+07 3.729413469067387887e-16 3.729398952175126379e-16 7.458826938134774566e+07 -7.458768870452710986e+07 6.286914331368725470e+03
6.100000000000000000e+04 1.177071712471376621e-03 7.001019709622001648e+07 3.728661371340036321e-16 3.728585368765147859e-16 7.457322742680072784e+07 -7.457018729282014072e+07 6.286103669088703100e+03
6.125000000000000000e+04 1.471191626697856102e-03 7.000833669769525528e+07 3.727417399054621209e-16 3.727402877515035154e-16 7.454834798109242320e+07 -7.454776711837741733e+07 6.285047992003159379e+03
6.150000000000000000e+04 1.765213449033407097e-03 7.000647629917049408e+07 3.726173112190873211e-16 3.726098805885118068e-16 7.452346224381744862e+07 -7.452048996195004880e+07 6.283781141787850174e+03
6.175000000000000000e+04 2.059118163739952125e-03 7.000396797814750671e+07 3.724450563753932572e-16 3.724436036498204192e-16 7.448901127507863939e+07 -7.448843018371608853e+07 6.282278180950591377e+03
6.200000000000000000e+04 2.352887054587012548e-03 7.000145965712451935e+07 3.722727704043621392e-16 3.722655764523077576e-16 7.445455408087241650e+07 -7.445167647224561870e+07 6.280571136059572382e+03
6.225000000000000000e+04 2.646501805451199115e-03 6.999839893798732758e+07 3.720545563414910712e-16 3.720531030805288385e-16 7.441091126829820871e+07 -7.441032996277779341e+07 6.278640386989787658e+03
6.250000000000000000e+04 2.939944497947123963e-03 6.999533821885013580e+07 3.718363116250952914e-16 3.718294205648914862e-16 7.436726232501906157e+07 -7.436450587539458275e+07 6.276514960619335397e+03
6.275000000000000000e+04 3.233197724886347282e-03 6.999184689664506912e+07 3.715745656237931487e-16 3.715731120455862629e-16 7.431491312475861609e+07 -7.431433169233825803e+07 6.274181677781883991e+03
6.300000000000000000e+04 3.526244573553595236e-03 6.998835557444000244e+07 3.713127896038991377e-16 3.713062665095108763e-16 7.426255792077982426e+07 -7.425994866010424495e+07 6.271665401501923952e+03
6.325000000000000000e+04 3.819068751032972039e-03 6.998458095044064522e+07 3.710104571067686202e-16 3.710090036447878163e-16 7.420209142135371268e+07 -7.420151003542214632e+07 6.268960477646208346e+03
6.350000000000000000e+04 4.111654553613224017e-03 6.998080632644128799e+07 3.707080953977756278e-16 3.707020038428256797e-16 7.414161907955512404e+07 -7.413918243755444884e+07 6.266086467999813976e+03
6.375000000000000000e+04 4.403987002835370659e-03 6.997692025636649132e+07 3.703686262690965398e-16 3.703671735783532419e-16 7.407372525381930172e+07 -7.407314417638184130e+07 6.263046279684709589e+03
6.400000000000000000e+04 4.696051801630705090e-03 6.997303418629169464e+07 3.700291289315624300e-16 3.700235305841462751e-16 7.400582578631247580e+07 -7.400358643040490150e+07 6.259853070291156655e+03
6.425000000000000000e+04 4.987835479769234248e-03 6.996923195365548134e+07 3.696564604411645664e-16 3.696550094155593690e-16 7.393129208823290467e+07 -7.393071167685100436e+07 6.256519288282890557e+03
6.450000000000000000e+04 5.279325337431610941e-03 6.996542972101926804e+07 3.692837649782831226e-16 3.692787191884253153e-16 7.385675299565660954e+07 -7.385473466592355072e+07 6.253050625519252208e+03
6.475000000000000000e+04 5.570509598671761001e-03 6.996192877276110649e+07 3.688823013418872780e-16 3.688808530565508202e-16 7.377646026837745309e+07 -7.377588095310485363e+07 6.249469988081128577e+03
6.500000000000000000e+04 5.861377343072946867e-03 6.995842782450294495e+07 3.684808123433056749e-16 3.684763754203150358e-16 7.369616246866112947e+07 -7.369438768877868354e+07 6.245774587533984231e+03
6.525000000000000000e+04 6.151918665517753029e-03 6.995546614588022232e+07 3.680553992585716731e-16 3.680539552438776928e-16 7.361107985171432793e+07 -7.361050224470278621e+07 6.241998625677521886e+03
6.550000000000000000e+04 6.442124596455062017e-03 6.995250446725749969e+07 3.676299627413579370e-16 3.676261881780065876e-16 7.352599254827158153e+07 -7.352448271517902613e+07 6.238129877497240159e+03
6.575000000000000000e+04 6.731987268652483113e-03 6.995033936655998230e+07 3.671858620022712808e-16 3.671844227621138025e-16 7.343717240045425296e+07 -7.343659670326200128e+07 6.234214611731390505e+03
6.600000000000000000e+04 7.021499824391205964e-03 6.994817426586246490e+07 3.667417381049389734e-16 3.667386739345698960e-16 7.334834762098778784e+07 -7.334712194771881402e+07 6.230230270155707331e+03
6.625000000000000000e+04 7.310656583120928725e-03 6.994707969301152229e+07 3.662845859606512143e-16 3.662831544712317928e-16 7.325691719213023782e+07 -7.325634459524253011e+07 6.226235838619741116e+03
6.650000000000000000e+04 7.599452946886797733e-03 6.994598512016057968e+07 3.658274153460467955e-16 3.658251067043411488e-16 7.316548306920936704e+07 -7.316455960961213708e+07 6.222197596946639351e+03
6.675000000000000000e+04 7.887885564250874185e-03 6.994625057823538780e+07 3.653631947751118303e-16 3.653617720083510799e-16 7.307263895502236485e+07 -7.307206984720885754e+07 6.218187844584532286e+03
6.700000000000000000e+04 8.175952224658552397e-03 6.994651603631019592e+07 3.648989576827016287e-16 3.648974433477237733e-16 7.297979153654032946e+07 -7.297918580129113793e+07 6.214160949460927441e+03
6.725000000000000000e+04 8.463652027055830127e-03 6.994844406600308418e+07 3.644339485583862446e-16 3.644325358778269367e-16 7.288678971167723835e+07 -7.288622463835717738e+07 6.210202987146097257e+03
6.750000000000000000e+04 8.750985263409859216e-03 6.995037209569597244e+07 3.639689258016724718e-16 3.639682377463950314e-16 7.279378516033449769e+07 -7.279350993796221912e+07 6.206255740593835071e+03
6.775000000000000000e+04 9.037953584193922016e-03 6.995427501843333244e+07 3.635096537843017700e-16 3.635082537224625254e-16 7.270193075686034560e+07 -7.270137073104499280e+07 6.202419380412101418e+03
6.800000000000000000e+04 9.324559875923031649e-03 6.995817794117069244e+07 3.630503714491258325e-16 3.630505384400443765e-16 7.261007428982515633e+07 -7.261014108617602289e+07 6.198622566406379519e+03
6.825000000000000000e+04 9.610808430014815620e-03 6.996437965080618858e+07 3.626035760426115862e-16 3.626021860085767779e-16 7.252071520852230489e+07 -7.252015919384147227e+07 6.194979949767288417e+03
6.850000000000000000e+04 9.896704806489147258e-03 6.997058136044168472e+07 3.621567739575046754e-16 3.621578038770247032e-16 7.243135479150092602e+07 -7.243176675872196257e+07 6.191406439963636331e+03
6.875000000000000000e+04 1.018225597299502946e-02 6.997939863081359863e+07 3.617292698878229894e-16 3.617279053384904477e-16 7.234585397756458819e+07 -7.234530815680089593e+07 6.188030729896282537e+03
6.900000000000000000e+04 1.046747018685974598e-02 6.998821590118551254e+07 3.613017630582356959e-16 3.613037057047963839e-16 7.226035261164712906e+07 -7.226112966818118095e+07 6.184754155189855737e+03
6.925000000000000000e+04 1.075235722158084800e-02 7.000001575372314453e+07 3.609006782417054464e-16 3.608992858160651066e-16 7.218013564834108949e+07 -7.217957867700929940e+07 6.181721496988366198e+03
6.950000000000000000e+04 1.103692814904376832e-02 7.001181560626077652e+07 3.604995948461976772e-16 3.605023043245433914e-16 7.209991896923953295e+07 -7.210100275650386512e+07 6.178818189685420293e+03
6.975000000000000000e+04 1.132119520985070890e-02 7.002678813329696655e+07 3.601311820059695281e-16 3.601299632906723797e-16 7.202623640119390190e+07 -7.202574891424900293e+07 6.176197262936781044e+03
7.000000000000000000e+04 1.160517193850734916e-02 7.004176066033315659e+07 3.597627749702225181e-16 3.597667938856334032e-16 7.195255499404449761e+07 -7.195416255122883618e+07 6.173735791807042915e+03
7.025000000000000000e+04 1.188887432809105152e-02 7.006075343050050735e+07 3.594365279728262791e-16 3.594347308559727945e-16 7.188730559456524253e+07 -7.188658674602565169e+07 6.171623485935919234e+03
7.050000000000000000e+04 1.217231964726510872e-02 7.007974620066785812e+07 3.591102914047707413e-16 3.591135485321073822e-16 7.182205828095415235e+07 -7.182336112597936392e+07 6.169700318549878830e+03
7.075000000000000000e+04 1.245552273512574686e-02 7.010113636100125313e+07 3.588232477612395600e-16 3.588236767701804125e-16 7.176464955224791169e+07 -7.176482115572054684e+07 6.168085109422686401e+03
7.100000000000000000e+04 1.273849967344261626e-02 7.012252652133464813e+07 3.585362190581470109e-16 3.585463518993548918e-16 7.170724381162939966e+07 -7.171129689084042609e+07 6.166687974442394079e+03
7.125000000000000000e+04 1.302128221301984863e-02 7.015388014190959930e+07 3.583311954926620046e-16 3.583233787716917577e-16 7.166623909853239357e+07 -7.166311237603859603e+07 6.165956196432531215e+03
7.150000000000000000e+04 1.330390330018657585e-02 7.018523376248455048e+07 3.581261923690968737e-16 3.581145576084330563e-16 7.162523847381937504e+07 -7.162058449395015836e+07 6.165470358975422641e+03
7.175000000000000000e+04 1.358634378973135569e-02 7.019977830908584595e+07 3.578740888225735158e-16 3.578971003316964738e-16 7.157481776451469958e+07 -7.158402207227027416e+07 6.164513060058961855e+03
7.200000000000000000e+04 1.386858566745793712e-02 7.021432285568714142e+07 3.576220078609296151e-16 3.576953217014079320e-16 7.152440157218591869e+07 -7.155372410368616879e+07 6.163828128668404133e+03
7.225000000000000000e+04 1.415081142480018907e-02 7.031337955927324295e+07 3.578338945146460582e-16 3.577419093112471928e-16 7.156677890292920172e+07 -7.152998008997085690e+07 6.167102593445395541e+03
7.250000000000000000e+04 1.443320461293470802e-02 7.041243626285934448e+07 3.580458185470976128e-16 3.578056659317277880e-16 7.160916370941951871e+07 -7.151307040440367162e+07 6.170674202924479687e+03
7.275000000000000000e+04 1.471520622269135645e-02 7.021920054616165161e+07 3.568418217796719416e-16 3.571792255429892406e-16 7.136836435593438148e+07 -7.150326217675417662e+07 6.161846205344166265e+03
7.300000000000000000e+04 1.499625818668441635e-02 7.002596482946395874e+07 3.556378298295011188e-16 3.565721395756906548e-16 7.112756596590021253e+07 -7.150080151643913984e+07 6.153337667213178065e+03
7.325000000000000000e+04 1.527857900869130509e-02 7.094793166772580147e+07 3.600590237453663845e-16 3.587965563312468666e-16 7.201180474907326698e+07 -7.150592621310539544e+07 6.193645994818746658e+03
7.350000000000000000e+04 1.556438811907175437e-02 7.186989850598764420e+07 3.644803657272649611e-16 3.610538196925967537e-16 7.289607314545297623e+07 -7.151888825437544286e+07 6.234295076537526256e+03
7.375000000000000000e+04 1.584554744948370869e-02 6.865537148282313347e+07 3.482719039691348009e-16 3.530171848923406313e-16 6.965438079382695258e+07 -7.153990398772974312e+07 6.095446759589254725e+03
7.400000000000000000e+04 1.611391939090657532e-02 6.544084445965862274e+07 3.320630643851022084e-16 3.451949808298016375e-16 6.641261287702043355e+07 -7.156906338672812283e+07 5.956952515060292171e+03
7.425000000000000000e+04 1.640002521048464570e-02 7.769042291836428642e+07 3.932291657825599127e-16 3.760428821839801189e-16 7.864583315651197731e+07 -7.160651413394038379e+07 6.491171176187160199e+03
7.450000000000000000e+04 1.673438782701155980e-02 8.994000137706995010e+07 4.543966268692408853e-16 4.091633916846298254e-16 9.087932537384817004e+07 -7.165279273818306625e+07 7.025773657184914555e+03
7.475000000000000000e+04 1.700325686861915361e-02 4.450423025092363358e+07 2.271982008924420425e-16 3.001420073444757426e-16 4.543964017848840356e+07 -7.170813807544259727e+07 5.052711666363748918e+03
7.500000000000000000e+04 1.709287932423572687e-02 -9.315408752226829529e+05 3.212507714410146839e-16 3.405729241179663843e-16 5.363628550648910505e+02 -3.588597925386746973e+07 1.519758190375860295e+03
7.525000000000000000e+04 1.739775997307492494e-02 -9.322601019370555878e+05 1.303841775776499433e-16 9.613700096211632354e-17 2.607683551552999006e+02 7.706132989715879944e+01 -4.053639840291099006e+01
7.550000000000000000e+04 1.729860991035194959e-02 -9.329793286514282227e+05 -3.817316015503149094e-16 3.228824953812725753e-16 -7.634632031006298121e+02 5.011474674175269115e+02 -4.058610765734111681e+01
7.575000000000000000e+04 1.702374351709647765e-02 -9.329118519515991211e+05 -3.150702785519761509e-16 2.967622015283428280e-16 -6.301405571039523466e+02 5.544955475913634473e+02 -4.058549336953002040e+01
7.600000000000000000e+04 1.680146681923035817e-02 -9.328443752517700195e+05 -1.242069960440395103e-16 1.214350700384547823e-16 -4.873076566185272895e+02 1.185995612011348829e+07 -5.562087171897939015e+02
7.625000000000000000e+04 1.677185964401800566e-02 -1.594341248631095886e+07 -7.505319248381269634e-17 9.916253927223664728e-17 -1.501063849676253833e+07 2.369256143841059506e+07 -1.723303214118328469e+03
7.650000000000000000e+04 1.668304188787399917e-02 -3.095398059737014771e+07 -1.501039038386270443e-16 1.351521122642058037e-16 -3.002078076772540808e+07 2.366516845607061684e+07 -2.374745611019163789e+03
7.675000000000000000e+04 1.657262067594687457e-02 -2.689759247931981087e+07 -1.298191531360876983e-16 1.241398235399374480e-16 -2.596383062721753865e+07 2.363757944974952564e+07 -2.197181388220406006e+03
7.700000000000000000e+04 1.647820284252362807e-02 -2.284120436126947403e+07 -1.095343991044606689e-16 1.138715265219324441e-16 -2.190687982089213282e+07 2.360988311507950351e+07 -2.019612498971694777e+03
7.725000000000000000e+04 1.638971205846544502e-02 -2.389358371708893776e+07 -1.147939952705269379e-16 1.163628540676671971e-16 -2.295879905410538614e+07 2.358216806264811754e+07 -2.064163120858132970e+03
7.750000000000000000e+04 1.629707169326616994e-02 -2.494596307290840149e+07 -1.200535901368312696e-16 1.189185754513192335e-16 -2.401071802736625075e+07 2.355452455049585551e+07 -2.108716853191489463e+03
7.775000000000000000e+04 1.620298126471157729e-02 -2.462939188251614571e+07 -1.184701676602903233e-16 1.180534296405457309e-16 -2.369403353205806389e+07 2.352704305630531907e+07 -2.093758040818324844e+03
7.800000000000000000e+04 1.611013998511834702e-02 -2.431282069212388992e+07 -1.168867466990691345e-16 1.171933081939545123e-16 -2.337734933981382847e+07 2.349981397117169201e+07 -2.078810202751981706e+03
7.825000000000000000e+04 1.601782319094628357e-02 -2.436314624014258385e+07 -1.171407630176588358e-16 1.172527525618422375e-16 -2.342815260353176668e+07 2.347292704908847064e+07 -2.079829273444828686e+03
7.850000000000000000e+04 1.592530591796804604e-02 -2.441347178816127777e+07 -1.173947835884991170e-16 1.173135974737089870e-16 -2.347895671769982204e+07 2.344647102713254467e+07 -2.080867078925818532e+03
7.875000000000000000e+04 1.583278011744313624e-02 -2.436572171199274063e+07 -1.171625628089838465e-16 1.171326180399505285e-16 -2.343251256179676577e+07 2.342053312272343412e+07 -2.077663253683311723e+03
7.900000000000000000e+04 1.574043745336300981e-02 -2.431797163582420349e+07 -1.169303475944657438e-16 1.169531721998981847e-16 -2.338606951889314502e+07 2.339519847034721822e+07 -2.074485656790061512e+03
7.925000000000000000e+04 1.564822341117297344e-02 -2.429687785495829582e+07 -1.168366711986318915e-16 1.168447107481628625e-16 -2.336733423972637579e+07 2.337054994891162217e+07 -2.072496861037822782e+03
7.950000000000000000e+04 1.555608320661210943e-02 -2.427578407409238815e+07 -1.167430026552330858e-16 1.167381701540894666e-16 -2.334860053104661405e+07 2.334666749057637900e+07 -2.070541372376902927e+03
7.975000000000000000e+04 1.546402755477350142e-02 -2.424806284705305099e+07 -1.166224812962383490e-16 1.166203102930332085e-16 -2.332449625924766809e+07 2.332362784988055751e+07 -2.068334378127548007e+03
8.000000000000000000e+04 1.537206692582440345e-02 -2.422034162001371384e+07 -1.165019695545750739e-16 1.165047455123344450e-16 -2.330039391091501340e+07 2.330150428078872710e+07 -2.066167213078367240e+03
8.025000000000000000e+04 1.528019380984271119e-02 -2.419504241258430481e+07 -1.164007677985037221e-16 1.164012993884269953e-16 -2.328015355970074236e+07 2.328036619518272951e+07 -2.064148200337696835e+03
8.050000000000000000e+04 1.518840048233049793e-02 -2.416974320515489578e+07 -1.162995768470594478e-16 1.163004853982422511e-16 -2.325991536941188574e+07 2.326027878846371919e+07 -2.062174869287765887e+03
8.075000000000000000e+04 1.509668364749010457e-02 -2.414456422721815109e+07 -1.162069696590717922e-16 1.162067421621770855e-16 -2.324139393181435764e+07 2.324130293296565488e+07 -2.060255093921035041e+03
8.100000000000000000e+04 1.500503982904484272e-02 -2.411938524928140640e+07 -1.161143741530318259e-16 1.161159241027791103e-16 -2.322287483060636371e+07 2.322349480636578798e+07 -2.058386089375965184e+03
8.125000000000000000e+04 1.491346402105801772e-02 -2.409505686343836784e+07 -1.160346509655448284e-16 1.160345902594360839e-16 -2.320693019310896471e+07 2.320690591065744311e+07 -2.056607077134600331e+03
8.150000000000000000e+04 1.482195107397932948e-02 -2.407072847759532928e+07 -1.159549399727871966e-16 1.159564267214989508e-16 -2.319098799455744028e+07 2.319158269022805989e+07 -2.054883094253190848e+03
8.175000000000000000e+04 1.473049595501704778e-02 -2.404715818974995613e+07 -1.158881205984321891e-16 1.158879770701273483e-16 -2.317762411968643591e+07 2.317756670832736790e+07 -2.053248908612057676e+03
8.200000000000000000e+04 1.463909352624947341e-02 -2.402358790190458298e+07 -1.158213135689204667e-16 1.158228924580928476e-16 -2.316426271378409117e+07 2.316489426514691487e+07 -2.051673137697890979e+03
8.225000000000000000e+04 1.454773837767141254e-02 -2.400089253446674347e+07 -1.157683050323379873e-16 1.157681443049578484e-16 -2.315366100646759570e+07 2.315359671546944231e+07 -2.050195184779834108e+03
8.250000000000000000e+04 1.445642503310505013e-02 -2.397819716702890396e+07 -1.157153086458921444e-16 1.157169045117814060e-16 -2.314306172917842865e+07 2.314370007113103196e+07 -2.048778140789562713e+03
8.275000000000000000e+04 1.436514790185804656e-02 -2.395642576597285271e+07 -1.156765202022159868e-16 1.156763237912378857e-16 -2.313530404044319689e+07 2.313522547598391399e+07 -2.047463097476381108e+03
8.300000000000000000e+04 1.427390136540837573e-02 -2.393465436491680145e+07 -1.156377434088952169e-16 1.156393436742482130e-16 -2.312754868177904189e+07 2.312818878348999843e+07 -2.046210571669861110e+03
8.325000000000000000e+04 1.418267970163426470e-02 -2.391386214662313461e+07 -1.156134611367119686e-16 1.156132335188894457e-16 -2.312269222734239325e+07 2.312260118012255430e+07 -2.045063622901986264e+03
8.350000000000000000e+04 1.409147719734998166e-02 -2.389306992832946777e+07 -1.155891897614525236e-16 1.155907666983999335e-16 -2.311783795229050145e+07 2.311846872276575118e+07 -2.043979941351966090e+03
8.375000000000000000e+04 1.400028808458431660e-02 -2.387329838714313507e+07 -1.155794855501061280e-16 1.155792255310330958e-16 -2.311589711002122238e+07 2.311579310227397829e+07 -2.043003977800744224e+03
8.400000000000000000e+04 1.390910663869017981e-02 -2.385352684595680237e+07 -1.155697912779843087e-16 1.155713234965295058e-16 -2.311395825559686124e+07 2.311457113895126060e+07 -2.042091216735133003e+03
8.425000000000000000e+04 1.381792711650739469e-02 -2.383480919974946976e+07 -1.155745615157492822e-16 1.155742699376335126e-16 -2.311491230314985290e+07 2.311479567175554112e+07 -2.041287168326304482e+03
8.450000000000000000e+04 1.372674384956570903e-02 -2.381609155354213715e+07 -1.155793405725090149e-16 1.155808078037116203e-16 -2.311586811450180039e+07 2.311645500325694308e+07 -2.040545502469525218e+03
8.475000000000000000e+04 1.363555118728955982e-02 -2.379845159155631065e+07 -1.155983141568260733e-16 1.155979918391439167e-16 -2.311966283136521280e+07 2.311953390411187708e+07 -2.039912412855138655e+03
8.500000000000000000e+04 1.354434358162393687e-02 -2.378081162957048416e+07 -1.156172953421524306e-16 1.156186802030507354e-16 -2.312345906843048334e+07 2.312401300947166607e+07 -2.039340201697485099e+03
8.525000000000000000e+04 1.345311553490128112e-02 -2.376426447027873993e+07 -1.156500530220198354e-16 1.156497012947140613e-16 -2.313001060440396518e+07 2.312986991326713562e+07 -2.038875407980255432e+03
8.550000000000000000e+04 1.336186167596155154e-02 -2.374771731098699570e+07 -1.156828170298517430e-16 1.156841047997179179e-16 -2.313656340597034618e+07 2.313707851104931161e+07 -2.038469383566796068e+03
8.575000000000000000e+04 1.327057671323067164e-02 -2.373226979145359993e+07 -1.157288097636866839e-16 1.157284302971615569e-16 -2.314576195273733512e+07 2.314561016587799788e+07 -2.038168693797025753e+03
8.600000000000000000e+04 1.317925550161162633e-02 -2.371682227192020416e+07 -1.157748075400530595e-16 1.157759863130390708e-16 -2.315496150801061094e+07 2.315543301480433345e+07 -2.037924142901066716e+03
8.625000000000000000e+04 1.308789300104928714e-02 -2.370247352643775940e+07 -1.158333762599326801e-16 1.158329710670390793e-16 -2.316667525198653340e+07 2.316651317454530671e+07 -2.037782030477524359e+03
8.650000000000000000e+04 1.299648433387860444e-02 -2.368812478095531464e+07 -1.158919487623025224e-16 1.158930094162477828e-16 -2.317838975246050209e+07 2.317881401209694520e+07 -2.037692991002272265e+03
8.675000000000000000e+04 1.290502474916715124e-02 -2.367486686112213135e+07 -1.159623441385899108e-16 1.159619155128812113e-16 -2.319246882771797851e+07 2.319229737711743265e+07 -2.037702792966937750e+03
8.700000000000000000e+04 1.281350967030920641e-02 -2.366160894128894806e+07 -1.160327420959765386e-16 1.160336781795959909e-16 -2.320654841919530556e+07 2.320692285113259405e+07 -2.037762251844415005e+03
8.725000000000000000e+04 1.272193466536158252e-02 -2.364942747092914581e+07 -1.161141439501605083e-16 1.161136944141047746e-16 -2.322282879003209993e+07 2.322264897526160628e+07 -2.037916367225684780e+03
8.750000000000000000e+04 1.263029548485312611e-02 -2.363724600056934357e+07 -1.161955472677003898e-16 1.161963548436380906e-16 -2.323910945354007557e+07 2.323943248279253021e+07 -2.038116455798342258e+03
8.775000000000000000e+04 1.253858803828120441e-02 -2.362612085775065422e+07 -1.162870830607628542e-16 1.162866153174943083e-16 -2.325741661215256900e+07 2.325722951446880028e+07 -2.038406537922585358e+03
8.800000000000000000e+04 1.244680842223320864e-02 -2.361499571493196487e+07 -1.163786193041039679e-16 1.163792967485223089e-16 -2.327572386082079262e+07 2.327599483779941499e+07 -2.038738719683972931e+03
8.825000000000000000e+04 1.235495290311380834e-02 -2.360490171510577202e+07 -1.164793814450732564e-16 1.164788983209352725e-16 -2.329587628901464865e+07 2.329568303895866126e+07 -2.039155858872366707e+03
8.850000000000000000e+04 1.226301793583865762e-02 -2.359480771527957916e+07 -1.165801431338548522e-16 1.165806908997546445e-16 -2.331602862677096575e+07 2.331624773261613399e+07 -2.039611106430248356e+03
8.875000000000000000e+04 1.217100015277122228e-02 -2.358571529241251945e+07 -1.166892048062582013e-16 1.166887091921491070e-16 -2.333784096125163883e+07 2.333764271518699452e+07 -2.040146000330413926e+03
8.900000000000000000e+04 1.207889637335895876e-02 -2.357662286954545975e+07 -1.167982652398217631e-16 1.167986855779977786e-16 -2.335965304796434939e+07 2.335982118293222040e+07 -2.040714958803377613e+03
8.925000000000000000e+04 1.198670359920323003e-02 -2.356849872847485542e+07 -1.169146945769304485e-16 1.169141893740281437e-16 -2.338293891538608819e+07 2.338273683378854766e+07 -2.041358067924495572e+03
8.950000000000000000e+04 1.189441901507991110e-02 -2.356037458740425110e+07 -1.170311220109910862e-16 1.170314187425324370e-16 -2.340622440219821781e+07 2.340634309466427192e+07 -2.042031203568196815e+03
8.975000000000000000e+04 1.180203998996531140e-02 -2.355318235167360306e+07 -1.171539946480221079e-16 1.171534827216848087e-16 -2.343079892960441858e+07 2.343059415862208605e+07 -2.042772891751986435e+03
9.000000000000000000e+04 1.170956407000469171e-02 -2.354599011594295502e+07 -1.172768648439546128e-16 1.172770430498419867e-16 -2.345537296879091859e+07 2.345544425109168515e+07 -2.043540624653679970e+03
9.025000000000000000e+04 1.161698898529458027e-02 -2.353969089958071709e+07 -1.174052745505083691e-16 1.174047587207193575e-16 -2.348105491010167077e+07 2.348084857773275301e+07 -2.044371281622325114e+03
9.050000000000000000e+04 1.152431263539693482e-02 -2.353339168321847916e+07 -1.175336813516905670e-16 1.175337472221324971e-16 -2.350673627033811063e+07 2.350676261850743368e+07 -2.045224100075039587e+03
9.075000000000000000e+04 1.143153310149498496e-02 -2.352794472465753555e+07 -1.176667492637000986e-16 1.176662321507424197e-16 -2.353334985274001956e+07 2.353314300710234419e+07 -2.046134249206951154e+03
9.100000000000000000e+04 1.133864862506872746e-02 -2.352249776609659195e+07 -1.177998139167327487e-16 1.177997742481069186e-16 -2.355996278334654868e+07 2.355994691589343548e+07 -2.047062812260436203e+03
9.125000000000000000e+04 1.124565762550929979e-02 -2.351786067461752892e+07 -1.179366953435421232e-16 1.179361796843176089e-16 -2.358733906870842353e+07 2.358713280456755683e+07 -2.048043194747177949e+03
9.150000000000000000e+04 1.115255867222006078e-02 -2.351322358313846588e+07 -1.180735732762136026e-16 1.180734360609616732e-16 -2.361471465524271876e+07 2.361465976910989359e+07 -2.049038406619493799e+03
9.175000000000000000e+04 1.105935050721574588e-02 -2.350935366988182068e+07 -1.182134640932148116e-16 1.182129519541159577e-16 -2.364269281864295900e+07 2.364248796255948767e+07 -2.050080070975709077e+03
9.200000000000000000e+04 1.096603201149665661e-02 -2.350548375662517548e+07 -1.183533522410262617e-16 1.183531236708959816e-16 -2.367067044820525125e+07 2.367057902006468177e+07 -2.051133164203906745e+03
9.225000000000000000e+04 1.087260223128887725e-02 -2.350233646883058548e+07 -1.184954927598628870e-16 1.184949861307486298e-16 -2.369909855197257549e+07 2.369889589989342168e+07 -2.052227494292347728e+03
9.250000000000000000e+04 1.077906034338072493e-02 -2.349918918103599548e+07 -1.186376290050897345e-16 1.186373196879571502e-16 -2.372752580101794377e+07 2.372740207400337234e+07 -2.053330054566928993e+03
9.275000000000000000e+04 1.068540568024139645e-02 -2.349672153610181808e+07 -1.187813090760313709e-16 1.187808109812568387e-16 -2.375626181520627066e+07 2.375606257687844336e+07 -2.054468874477402551e+03
9.300000000000000000e+04 1.059163769141583701e-02 -2.349425389116764069e+07 -1.189249852664620849e-16 1.189246017252479237e-16 -2.378499705329241604e+07 2.378484363655907661e+07 -2.055612935988118352e+03
9.325000000000000000e+04 1.049775597728835712e-02 -2.349242181259107590e+07 -1.190695416272297980e-16 1.190690531588919573e-16 -2.381390832544595748e+07 2.381371293770973012e+07 -2.056788467404383027e+03
9.350000000000000000e+04 1.040376024307306316e-02 -2.349058973401451111e+07 -1.192140943915538229e-16 1.192136451769936427e-16 -2.384281887831076235e+07 2.384263919214782119e+07 -2.057966475050536246e+03
9.375000000000000000e+04 1.030965033560496229e-02 -2.348935017147994041e+07 -1.193589169478796333e-16 1.193584398784818602e-16 -2.387178338957592472e+07 2.387159256143510714e+07 -2.059171423170219441e+03
9.400000000000000000e+04 1.021542619519934247e-02 -2.348811060894536972e+07 -1.195037359703310469e-16 1.195032288329211433e-16 -2.390074719406620786e+07 2.390054433867145702e+07 -2.060376302070296788e+03
9.425000000000000000e+04 1.012108789518062837e-02 -2.348742109522366524e+07 -1.196482647589672960e-16 1.196478004547509319e-16 -2.392965295179345831e+07 2.392946722974617407e+07 -2.061603840216080243e+03
9.450000000000000000e+04 1.002663559120146528e-02 -2.348673158150196075e+07 -1.197927901483451065e-16 1.197922327461173423e-16 -2.395855802966902032e+07 2.395833506825879216e+07 -2.062828984772206695e+03
9.475000000000000000e+04 9.932069562904276977e-03 -2.348655063686943054e+07 -1.199365158750904711e-16 1.199360655649905136e-16 -2.398730317501809075e+07 2.398712305063956976e+07 -2.064072769022130615e+03
9.500000000000000000e+04 9.837390161532476307e-03 -2.348636969223690033e+07 -1.200802383588523202e-16 1.200796379595990033e-16 -2.401604767177046090e+07 2.401580751146832481e+07 -2.065312052335009412e+03
9.525000000000000000e+04 9.742597853372017558e-03 -2.348665693838500977e+07 -1.202227010017986383e-16 1.202222657082260536e-16 -2.404454020035972446e+07 2.404436608261505887e+07 -2.066566218304350969e+03
9.550000000000000000e+04 9.647693166075757901e-03 -2.348694418453311920e+07 -1.203651605767560331e-16 1.203645240837950007e-16 -2.407303211535120383e+07 2.407277751749320328e+07 -2.067813987044622536e+03
9.575000000000000000e+04 9.552676733483624061e-03 -2.348766051144695282e+07 -1.205059478256603197e-16 1.205055283968115912e-16 -2.410118956513206288e+07 2.410102179330017418e+07 -2.069073143684657680e+03
9.600000000000000000e+04 9.457549241120605243e-03 -2.348837683836078644e+07 -1.206467321929819372e-16 1.206460660790152778e-16 -2.412934643859638274e+07 2.412907999227373302e+07 -2.070324210027587924e+03
9.625000000000000000e+04 9.362311472031956822e-03 -2.348948451051783562e+07 -1.207854775180583694e-16 1.207850746232743577e-16 -2.415709550361167267e+07 2.415693434542885423e+07 -2.071583428519421432e+03
9.650000000000000000e+04 9.266964251854411388e-03 -2.349059218267488480e+07 -1.209242201660185682e-16 1.209235304649470061e-16 -2.418484403320371360e+07 2.418456815198789164e+07 -2.072833058028816595e+03
9.675000000000000000e+04 9.171508495331987323e-03 -2.349205493143534660e+07 -1.210606006176437037e-16 1.210602147641624146e-16 -2.421212012352873757e+07 2.421196578188983351e+07 -2.074087857101094869e+03
9.700000000000000000e+04 9.075945151351842710e-03 -2.349351768019580841e+07 -1.211969785998628377e-16 1.211962708802282872e-16 -2.423939571997256577e+07 2.423911263129177690e+07 -2.075331752673373103e+03
9.725000000000000000e+04 8.980275249817360611e-03 -2.349530076129961014e+07 -1.213307123289688532e-16 1.213303438805358004e-16 -2.426614246579376981e+07 2.426599508619634435e+07 -2.076578080325911287e+03
9.750000000000000000e+04 8.884499846982210625e-03 -2.349708384240341187e+07 -1.214644437914818505e-16 1.214637231730165096e-16 -2.429288875829636678e+07 2.429260051005475596e+07 -2.077812363150354940e+03
9.775000000000000000e+04 8.788620072380744219e-03 -2.349915408745455742e+07 -1.215952874980529969e-16 1.215949366836542373e-16 -2.431905749961059913e+07 2.431891717364825308e+07 -2.079046576569687204e+03
9.800000000000000000e+04 8.692637074744781131e-03 -2.350122433250570297e+07 -1.217261291409056395e-16 1.217254002760221574e-16 -2.434522582818112522e+07 2.434493428135446087e+07 -2.080267765820007298e+03
9.825000000000000000e+04 8.596552068735807337e-03 -2.350355016447138786e+07 -1.218538754814160644e-16 1.218535424040301170e-16 -2.437077509628321230e+07 2.437064186514634266e+07 -2.081486609983379367e+03
9.850000000000000000e+04 8.500366281700167184e-03 -2.350587599643707275e+07 -1.219816199582126241e-16 1.219808870672978867e-16 -2.439632399164252356e+07 2.439603083439555392e+07 -2.082691601340548914e+03
9.875000000000000000e+04 8.404080999961149878e-03 -2.350842744732737541e+07 -1.221060949214655829e-16 1.221057795749832868e-16 -2.442121898429311439e+07 2.442109284553693235e+07 -2.083892186646274240e+03
9.900000000000000000e+04 8.307697516645484379e-03 -2.351097889821767807e+07 -1.222305682110254912e-16 1.222298350675964273e-16 -2.444611364220509678e+07 2.444582038395359367e+07 -2.085078229659620320e+03
9.925000000000000000e+04 8.211217177333304112e-03 -2.351372759408092499e+07 -1.223516284629216924e-16 1.223513307434120532e-16 -2.447032569258433580e+07 2.447020660463521630e+07 -2.086258008639832497e+03
9.950000000000000000e+04 8.114641329126408981e-03 -2.351647628994417191e+07 -1.224726872221905089e-16 1.224719572010667202e-16 -2.449453744443809986e+07 2.449424543511793390e+07 -2.087422683698352103e+03
9.975000000000000000e+04 8.017971365478035461e-03 -2.351939544303989410e+07 -1.225902175537441532e-16 1.225899372684536433e-16 -2.451804351074882969e+07 2.451793139650411531e+07 -2.088579427806261265e+03
1.000000000000000000e+05 7.921208676652706851e-03 -2.352231459613561630e+07 -1.227077465618163904e-16 1.227070226343255534e-16 -2.454154931236327440e+07 2.454125974051241577e+07 -2.089720623332523246e+03
1.002500000000000000e+05 7.824354693584350054e-03 -2.352537897354722023e+07 -1.228216574207951991e-16 1.228213942995613424e-16 -2.456433148415903747e+07 2.456422623555243760e+07 -2.090852400395637233e+03
1.005000000000000000e+05 7.727410839841583091e-03 -2.352844335095882416e+07 -1.229355671192018440e-16 1.229348518867277701e-16 -2.458711342384036630e+07 2.458682733001817763e+07 -2.091968290477260780e+03
1.007500000000000000e+05 7.630378574405927497e-03 -2.353162924287676811e+07 -1.230457922088297300e-16 1.230455459190645533e-16 -2.460915844176594540e+07 2.460905992576096952e+07 -2.093073442114683985e+03
1.010000000000000000e+05 7.533259345231114144e-03 -2.353481513479471207e+07 -1.231560162951448736e-16 1.231553120197016379e-16 -2.463120325902897120e+07 2.463092154804589227e+07 -2.094162464471330622e+03
1.012500000000000000e+05 7.436054630825457944e-03 -2.353810031055021286e+07 -1.232625102845869919e-16 1.232622804401818350e-16 -2.465250205691739544e+07 2.465241011906933412e+07 -2.095239583896502154e+03
1.015000000000000000e+05 7.338765895503269326e-03 -2.354138548630571365e+07 -1.233690034135743447e-16 1.233683120354864337e-16 -2.467380068271486834e+07 2.467352413070450723e+07 -2.096300418130879279e+03
1.017500000000000000e+05 7.241394629662047285e-03 -2.354474914981222153e+07 -1.234717397478730486e-16 1.234715259140113796e-16 -2.469434794957460836e+07 2.469426241595561057e+07 -2.097348328946427500e+03
1.020000000000000000e+05 7.143942306789895919e-03 -2.354811281331872940e+07 -1.235744753491842874e-16 1.235737985005682320e-16 -2.471489506983685493e+07 2.471462432964871824e+07 -2.098379875781193732e+03
1.022500000000000000e+05 7.046410422372665835e-03 -2.355153554458117485e+07 -1.236734441885390847e-16 1.236732458888832452e-16 -2.473468883770781383e+07 2.473460951778164133e+07 -2.099397611407079239e+03
1.025000000000000000e+05 6.948800452673683029e-03 -2.355495827584362030e+07 -1.237724124182385086e-16 1.237717514644738935e-16 -2.475448248364770040e+07 2.475421810143570974e+07 -2.100398972925187991e+03
1.027500000000000000e+05 6.851113892212707182e-03 -2.355842198834347725e+07 -1.238676187736981843e-16 1.238674355011620241e-16 -2.477352375473963469e+07 2.477345044567072019e+07 -2.101385758000617443e+03
1.030000000000000000e+05 6.753352214363040999e-03 -2.356188570084333420e+07 -1.239628246340387791e-16 1.239621806805003569e-16 -2.479256492680775374e+07 2.479230734472313151e+07 -2.102356219372455143e+03
1.032500000000000000e+05 6.655516907362037278e-03 -2.356537357129073143e+07 -1.240542865268096465e-16 1.240541177594070109e-16 -2.481085730536192656e+07 2.481078979835475981e+07 -2.103311450854152099e+03
1.035000000000000000e+05 6.557609436738117727e-03 -2.356886144173812866e+07 -1.241457480082479275e-16 1.241451219624090143e-16 -2.482914960164958239e+07 2.482889918268240988e+07 -2.104250461931327663e+03
1.037500000000000000e+05 6.459631279799004679e-03 -2.357235787931442261e+07 -1.242334948745776351e-16 1.242333400370014856e-16 -2.484669897491552308e+07 2.484663703984628245e+07 -2.105173692137422222e+03
1.040000000000000000e+05 6.361583889845420954e-03 -2.357585431689071655e+07 -1.243212412887464712e-16 1.243206338201015336e-16 -2.486424825774929300e+07 2.486400526969748735e+07 -2.106080851590791553e+03
1.042500000000000000e+05 6.263468729343702086e-03 -2.357934481972694397e+07 -1.244053125200493338e-16 1.244051710044968876e-16 -2.488106250400986522e+07 2.488100589775652811e+07 -2.106971770325368652e+03
1.045000000000000000e+05 6.165287235326284698e-03 -2.358283532256317139e+07 -1.244893832907915340e-16 1.244887947505220460e-16 -2.489787665815830603e+07 2.489764124149384350e+07 -2.107846807132913909e+03
1.047500000000000000e+05 6.067040852578475807e-03 -2.358630663312768936e+07 -1.245698255431469076e-16 1.245696969273816718e-16 -2.491396510862937942e+07 2.491391366229657829e+07 -2.108705230235837917e+03
1.050000000000000000e+05 5.968730998998264536e-03 -2.358977794369220734e+07 -1.246502678011489475e-16 1.246496988312526674e-16 -2.493005356022978574e+07 2.492982597175170854e+07 -2.109547996323648476e+03
1.052500000000000000e+05 5.870359097582088584e-03 -2.359321761133432388e+07 -1.247271367539853649e-16 1.247270204588828799e-16 -2.494542735079707205e+07 2.494538083273426071e+07 -2.110373845394286036e+03
1.055000000000000000e+05 5.771926544456885966e-03 -2.359665727897644043e+07 -1.248040058004927039e-16 1.248034562520132425e-16 -2.496080116009853780e+07 2.496058134022265300e+07 -2.111184287791264978e+03
1.057500000000000000e+05 5.673434738811465768e-03 -2.360005406305432320e+07 -1.248773615206160235e-16 1.248772568817624319e-16 -2.497547230412320420e+07 2.497543044856410846e+07 -2.111977587461671192e+03
1.060000000000000000e+05 5.574885053260736009e-03 -2.360345084713220596e+07 -1.249507172819825688e-16 1.249501872654932773e-16 -2.499014345639651269e+07 2.498993144935104251e+07 -2.112755752021010721e+03
1.062500000000000000e+05 5.476278861110909363e-03 -2.360679427568411827e+07 -1.250206251655926464e-16 1.250205316237809201e-16 -2.500412503311852738e+07 2.500408761637973413e+07 -2.113516604002776603e+03
1.065000000000000000e+05 5.377617509224450268e-03 -2.361013770423603058e+07 -1.250905330903796855e-16 1.250900225475922725e-16 -2.501810661807593703e+07 2.501790240054412186e+07 -2.114262613251310995e+03
1.067500000000000000e+05 5.278902343616993613e-03 -2.361341823433423042e+07 -1.251570621556042167e-16 1.251569791760022666e-16 -2.503141243112084270e+07 2.503137923926896602e+07 -2.114991194504486884e+03
1.070000000000000000e+05 5.180134683990366383e-03 -2.361669876443243027e+07 -1.252235912976519671e-16 1.252231000073477468e-16 -2.504471825953039154e+07 2.504452174302311614e+07 -2.115705239454588991e+03
1.072500000000000000e+05 5.081315847908211836e-03 -2.361990764329504967e+07 -1.252868133999813242e-16 1.252867404228317436e-16 -2.505736267999626324e+07 2.505733348912784830e+07 -2.116401788366212713e+03
1.075000000000000000e+05 4.982447126862804207e-03 -2.362311652215766907e+07 -1.253500356243940060e-16 1.253495632979655044e-16 -2.507000712487880141e+07 2.506981819395136461e+07 -2.117084118091697292e+03
1.077500000000000000e+05 4.883529809094108720e-03 -2.362624576265430450e+07 -1.254100246576483655e-16 1.254099611410317665e-16 -2.508200493152967095e+07 2.508197952487652004e+07 -2.117748925544818576e+03
1.080000000000000000e+05 4.784565157155993252e-03 -2.362937500315093994e+07 -1.254700138494566672e-16 1.254695601023586230e-16 -2.509400276989132911e+07 2.509382127072385326e+07 -2.118399837994556037e+03
1.082500000000000000e+05 4.685554429410363798e-03 -2.363241732020115852e+07 -1.255268449581770271e-16 1.255267903716419637e-16 -2.510536899163540453e+07 2.510534715701656416e+07 -2.119033238139901187e+03
1.085000000000000000e+05 4.586498859033383974e-03 -2.363545963725137711e+07 -1.255836762586970832e-16 1.255832406465281568e-16 -2.511673525173941255e+07 2.511656100656957552e+07 -2.119653071470476334e+03
1.087500000000000000e+05 4.487399674223729353e-03 -2.363840840911269188e+07 -1.256374251741480228e-16 1.256373790004376600e-16 -2.512748503482960165e+07 2.512746656534201279e+07 -2.120255433671943592e+03
1.090000000000000000e+05 4.388258078599599835e-03 -2.364135718097400665e+07 -1.256911743091231752e-16 1.256907563105000494e-16 -2.513823486182463169e+07 2.513806766209730878e+07 -2.120844558394404885e+03
1.092500000000000000e+05 4.289075270168352799e-03 -2.364420639361357689e+07 -1.257419167173446671e-16 1.257418784499880429e-16 -2.514838334346893057e+07 2.514836803652390093e+07 -2.121416279571194536e+03
1.095000000000000000e+05 4.189852423049636107e-03 -2.364705560625314713e+07 -1.257926593695726698e-16 1.257922584166382100e-16 -2.515853187391453236e+07 2.515837149248509854e+07 -2.121975091249488742e+03
1.097500000000000000e+05 4.090590705248868704e-03 -2.364979981444764137e+07 -1.258404703753435724e-16 1.258404395267966923e-16 -2.516809407506871223e+07 2.516808173564839736e+07 -2.122516589134610513e+03
1.100000000000000000e+05 3.991291261653789023e-03 -2.365254402264213562e+07 -1.258882816459879345e-16 1.258878971250933809e-16 -2.517765632919758558e+07 2.517750252060482651e+07 -2.123045501880302709e+03
1.102500000000000000e+05 3.891955230657651293e-03 -2.365517830710434914e+07 -1.259332352789063746e-16 1.259332113731009020e-16 -2.518664705578127131e+07 2.518663749345813692e+07 -2.123557208720108065e+03
1.105000000000000000e+05 3.792583728371909206e-03 -2.365781259156656265e+07 -1.259781891993046611e-16 1.259778204552496573e-16 -2.519563783986093104e+07 2.519549034202302247e+07 -2.124056649286503671e+03
1.107500000000000000e+05 3.693177864151528725e-03 -2.366033251567912102e+07 -1.260203579454795739e-16 1.260203405213815547e-16 -2.520407158909591287e+07 2.520406461945619062e+07 -2.124539005875448311e+03
1.110000000000000000e+05 3.593738725976894886e-03 -2.366285243979167938e+07 -1.260625269880137515e-16 1.260621733211868964e-16 -2.521250539760274813e+07 2.521236393067353219e+07 -2.125009407411530901e+03
1.112500000000000000e+05 3.494267394905134754e-03 -2.366525402071976662e+07 -1.261019814072464607e-16 1.261019700222843673e-16 -2.522039628144929186e+07 2.522039172746422142e+07 -2.125462858616695485e+03
1.115000000000000000e+05 3.394764931554028996e-03 -2.366765560164785385e+07 -1.261414361438939212e-16 1.261410968211301574e-16 -2.522828722877878323e+07 2.522815149949068949e+07 -2.125904656571241048e+03
1.117500000000000000e+05 3.295232389541721731e-03 -2.366993525499606133e+07 -1.261782445466912687e-16 1.261782387692625120e-16 -2.523564890933825076e+07 2.523564659836667404e+07 -2.126329645798380170e+03
1.120000000000000000e+05 3.195670803048695965e-03 -2.367221490834426880e+07 -1.262150532777801816e-16 1.262147275742541661e-16 -2.524301065555603430e+07 2.524288037397750840e+07 -2.126743273144425075e+03
1.122500000000000000e+05 3.096081199252648328e-03 -2.367436944345760345e+07 -1.262492813896318923e-16 1.262492808034384995e-16 -2.524985627792637795e+07 2.524985604344899952e+07 -2.127140238561156821e+03
1.125000000000000000e+05 2.996464586929623725e-03 -2.367652397857093811e+07 -1.262835098371912498e-16 1.262831969694731382e-16 -2.525670196743824705e+07 2.525657682019595802e+07 -2.127526121685516955e+03
1.127500000000000000e+05 2.896821967950342219e-03 -2.367855053690266609e+07 -1.263152204770574422e-16 1.263152246815761195e-16 -2.526304409541148692e+07 2.526304577721891925e+07 -2.127895491918329753e+03
1.130000000000000000e+05 2.797154326843284255e-03 -2.368057709523439407e+07 -1.263469314611494015e-16 1.263466306567125163e-16 -2.526938629222987592e+07 2.526926597031188011e+07 -2.128254046328098866e+03
1.132500000000000000e+05 2.697462641381310772e-03 -2.368247314581108093e+07 -1.263761843498545570e-16 1.263761929612861577e-16 -2.527523686997091025e+07 2.527524031454342231e+07 -2.128596237406717592e+03
1.135000000000000000e+05 2.597747873081335604e-03 -2.368436919638776779e+07 -1.264054375875505937e-16 1.264051480392364258e-16 -2.528108751751011610e+07 2.528097169805178419e+07 -2.128927864975632474e+03
1.137500000000000000e+05 2.498010976931004570e-03 -2.368613249192547798e+07 -1.264322890954876954e-16 1.264323017355994972e-16 -2.528645781909753755e+07 2.528646287514199317e+07 -2.129243276829020488e+03
1.140000000000000000e+05 2.398252892763347646e-03 -2.368789578746318817e+07 -1.264591409597299965e-16 1.264588618647782320e-16 -2.529182819194599614e+07 2.529171655384209007e+07 -2.129548362665446803e+03
1.142500000000000000e+05 2.298474554158751442e-03 -2.368952434308171272e+07 -1.264836439374007819e-16 1.264836602477390240e-16 -2.529672878748015314e+07 2.529673531161502376e+07 -2.129837376291162400e+03
1.145000000000000000e+05 2.198676880667401520e-03 -2.369115289870023727e+07 -1.265081472753770805e-16 1.265078778239635011e-16 -2.530162945507541299e+07 2.530152167439519241e+07 -2.130116285786757544e+03
1.147500000000000000e+05 2.098860785913051353e-03 -2.369264497776508331e+07 -1.265303508765625589e-16 1.265303705126948421e-16 -2.530607017531250790e+07 2.530607802976480126e+07 -2.130379261196951575e+03
1.150000000000000000e+05 1.999027170626290883e-03 -2.369413705682992935e+07 -1.265525548383758002e-16 1.265522941989166923e-16 -2.531051096767515689e+07 2.531040671178414673e+07 -2.130632337765829107e+03
1.152500000000000000e+05 1.899176929992985215e-03 -2.369549114090299606e+07 -1.265725043618024029e-16 1.265725269780023004e-16 -2.531450087236047909e+07 2.531450991883962229e+07 -2.130869611293157050e+03
1.155000000000000000e+05 1.799310947443890198e-03 -2.369684522497606277e+07 -1.265924542521968435e-16 1.265922015902063974e-16 -2.531849085043936968e+07 2.531838978554232791e+07 -2.131097174370364428e+03
1.157500000000000000e+05 1.699430101283448897e-03 -2.369805999198913574e+07 -1.266101910315303617e-16 1.266102162990685396e-16 -2.532203820630607009e+07 2.532204831332033128e+07 -2.131309056752585548e+03
1.160000000000000000e+05 1.599535259219058998e-03 -2.369927475900220871e+07 -1.266279281810530313e-16 1.266276826734917106e-16 -2.532558563621060550e+07 2.532548743309086934e+07 -2.131511399656220419e+03
1.162500000000000000e+05 1.499627284273179336e-03 -2.370034907844996452e+07 -1.266434894793057387e-16 1.266435170838607171e-16 -2.532869789586114511e+07 2.532870893768192455e+07 -2.131698174614430172e+03
1.165000000000000000e+05 1.399707030039452297e-03 -2.370142339789772034e+07 -1.266590511487413650e-16 1.266588119593693277e-16 -2.533181022974827141e+07 2.533171455390911549e+07 -2.131875563122036510e+03
1.167500000000000000e+05 1.299775345908690772e-03 -2.370235630469274521e+07 -1.266724700390365791e-16 1.266724996724612188e-16 -2.533449400780731440e+07 2.533450586117577553e+07 -2.132037485472544176e+03
1.170000000000000000e+05 1.199833073014257160e-03 -2.370328921148777008e+07 -1.266858893005373920e-16 1.266856555859411664e-16 -2.533717786010747403e+07 2.533708437418275326e+07 -2.132190155898718331e+03
1.172500000000000000e+05 1.099881048799336352e-03 -2.370407990004277229e+07 -1.266971945858740375e-16 1.266972259327595863e-16 -2.533943891717480496e+07 2.533945145592748001e+07 -2.132327450259575926e+03
1.175000000000000000e+05 9.999201036210983093e-04 -2.370487058859777451e+07 -1.267085002448749638e-16 1.267082711430598785e-16 -2.534170004897499084e+07 2.534160840816610679e+07 -2.132455608554951596e+03
1.177500000000000000e+05 8.999510646828705676e-04 -2.370551838233852386e+07 -1.267177163915747300e-16 1.267177491626935462e-16 -2.534354327831494436e+07 2.534355638676077500e+07 -2.132568468221708372e+03
1.180000000000000000e+05 7.999747532811602758e-04 -2.370616617607927322e+07 -1.267269329165689962e-16 1.267267076288645374e-16 -2.534538658331379667e+07 2.534529646815190837e+07 -2.132672288879616644e+03
1.182500000000000000e+05 6.999919880811800946e-04 -2.370667055556702614e+07 -1.267340800606081788e-16 1.267341139725835526e-16 -2.534681601212163270e+07 2.534682957690996304e+07 -2.132760875325086545e+03
1.185000000000000000e+05 6.000035830351279839e-04 -2.370717493505477905e+07 -1.267412275824337365e-16 1.267410052392131268e-16 -2.534824551648674533e+07 2.534815657912049443e+07 -2.132840500616316149e+03
1.187500000000000000e+05 5.000103500286345003e-04 -2.370753548727607727e+07 -1.267463213987179909e-16 1.267463561626193852e-16 -2.534926427974359691e+07 2.534927818530225009e+07 -2.132904942286014375e+03
1.190000000000000000e+05 4.000130974265188452e-04 -2.370789603949737549e+07 -1.267514155858280569e-16 1.267511953713835564e-16 -2.535028311716561019e+07 2.535019503131129593e+07 -2.132960481339507623e+03
1.192500000000000000e+05 3.000126320850749818e-04 -2.370811249128270149e+07 -1.267544673336984557e-16 1.267545026586126794e-16 -2.535089346673968807e+07 2.535090759670341015e+07 -2.133000873390700690e+03
1.195000000000000000e+05 2.000097585100227380e-04 -2.370832894306802750e+07 -1.267575194532462659e-16 1.267573004725914378e-16 -2.535150389064925164e+07 2.535141629831166193e+07 -2.133032401799116997e+03
1.197500000000000000e+05 1.000052803310011581e-04 -2.370840110837173462e+07 -1.267585358265664896e-16 1.267585714266614542e-16 -2.535170716531329602e+07 2.535172140534928441e+07 -2.133048804944392032e+03
1.200000000000000000e+05 0.000000000000000000e+00 -2.370847327367544174e+07 -1.267595525730612595e-16 1.267593340207532190e-16 -2.535191051461225003e+07 2.535182309361367300e+07 -2.133056363795179095e+03
