0.000000e+00 1.000000e+00 7.815463e-14 0.000000e+00 8.025570e-01
1.020408e-02 1.000000e+00 7.829504e-14 -6.512970e-05 7.923685e-01
2.040816e-02 1.000000e+00 7.871367e-14 -1.303991e-04 7.821800e-01
2.040816e-02 1.000000e+00 7.871367e-14 -1.303991e-04 7.821800e-01
3.061224e-02 1.000000e+00 7.940564e-14 -1.959475e-04 7.720230e-01
4.081633e-02 1.000000e+00 8.034849e-14 -2.619156e-04 7.618661e-01
4.081633e-02 1.000000e+00 8.034849e-14 -2.619156e-04 7.618661e-01
5.102041e-02 1.000000e+00 8.166798e-14 -3.284429e-04 7.517416e-01
6.122449e-02 1.000000e+00 8.321615e-14 -3.956714e-04 7.416171e-01
6.122449e-02 1.000000e+00 8.321615e-14 -3.956714e-04 7.416171e-01
7.142857e-02 1.000000e+00 8.491509e-14 -4.637414e-04 7.315268e-01
8.163265e-02 1.000000e+00 8.697904e-14 -5.327970e-04 7.214366e-01
8.163265e-02 1.000000e+00 8.697904e-14 -5.327970e-04 7.214366e-01
9.183673e-02 1.000000e+00 8.937724e-14 -6.029797e-04 7.113829e-01
1.020408e-01 1.000000e+00 9.198198e-14 -6.744358e-04 7.013292e-01
1.020408e-01 1.000000e+00 9.198198e-14 -6.744358e-04 7.013292e-01
1.122449e-01 1.000000e+00 9.493112e-14 -7.473083e-04 6.913154e-01
1.224490e-01 1.000000e+00 9.820617e-14 -8.217466e-04 6.813016e-01
1.224490e-01 1.000000e+00 9.820617e-14 -8.217466e-04 6.813016e-01
1.326531e-01 1.000000e+00 1.017166e-13 -8.978952e-04 6.713319e-01
1.428571e-01 1.000000e+00 1.056238e-13 -9.759065e-04 6.613622e-01
1.428571e-01 1.000000e+00 1.056238e-13 -9.759065e-04 6.613622e-01
1.530612e-01 1.000000e+00 1.097888e-13 -1.055927e-03 6.514419e-01
1.632653e-01 1.000000e+00 1.143113e-13 -1.138111e-03 6.415217e-01
1.632653e-01 1.000000e+00 1.143113e-13 -1.138111e-03 6.415217e-01
1.734694e-01 1.000000e+00 1.192956e-13 -1.222607e-03 6.316575e-01
1.836735e-01 1.000000e+00 1.245462e-13 -1.309572e-03 6.217933e-01
1.836735e-01 1.000000e+00 1.245462e-13 -1.309572e-03 6.217933e-01
1.938776e-01 1.000000e+00 1.302891e-13 -1.399153e-03 6.119935e-01
2.040816e-01 1.000000e+00 1.363562e-13 -1.491511e-03 6.021937e-01
2.040816e-01 1.000000e+00 1.363562e-13 -1.491511e-03 6.021937e-01
2.142857e-01 1.000000e+00 1.428729e-13 -1.586790e-03 5.924686e-01
2.244898e-01 1.000000e+00 1.497968e-13 -1.685150e-03 5.827434e-01
2.244898e-01 1.000000e+00 1.497968e-13 -1.685150e-03 5.827434e-01
2.346939e-01 1.000000e+00 1.572116e-13 -1.786729e-03 5.731057e-01
2.448980e-01 1.000000e+00 1.651249e-13 -1.891683e-03 5.634680e-01
2.448980e-01 1.000000e+00 1.651249e-13 -1.891683e-03 5.634680e-01
2.551020e-01 1.000000e+00 1.736246e-13 -2.000141e-03 5.539338e-01
2.653061e-01 1.000000e+00 1.827670e-13 -2.112246e-03 5.443995e-01
2.653061e-01 1.000000e+00 1.827670e-13 -2.112246e-03 5.443995e-01
2.755102e-01 1.000000e+00 1.924736e-13 -2.228105e-03 5.349889e-01
2.857143e-01 1.000000e+00 2.029106e-13 -2.347841e-03 5.255783e-01
2.857143e-01 1.000000e+00 2.029106e-13 -2.347841e-03 5.255783e-01
2.959184e-01 1.000000e+00 2.139300e-13 -2.471526e-03 5.163171e-01
3.061224e-01 1.000000e+00 2.258436e-13 -2.599240e-03 5.070558e-01
3.061224e-01 1.000000e+00 2.258436e-13 -2.599240e-03 5.070558e-01
3.163265e-01 1.000000e+00 2.384516e-13 -2.730991e-03 4.979772e-01
3.265306e-01 1.000000e+00 2.520284e-13 -2.866785e-03 4.888986e-01
3.265306e-01 1.000000e+00 2.520284e-13 -2.866785e-03 4.888986e-01
3.367347e-01 1.000000e+00 2.666704e-13 -3.006525e-03 4.800450e-01
3.469388e-01 1.000000e+00 2.824858e-13 -3.150087e-03 4.711914e-01
3.469388e-01 1.000000e+00 2.824858e-13 -3.150087e-03 4.711914e-01
3.571429e-01 1.000000e+00 2.995520e-13 -3.297176e-03 4.626242e-01
3.673469e-01 1.000000e+00 3.180939e-13 -3.447422e-03 4.540570e-01
3.673469e-01 1.000000e+00 3.180939e-13 -3.447422e-03 4.540570e-01
3.775510e-01 1.000000e+00 3.382988e-13 -3.600241e-03 4.458380e-01
3.877551e-01 1.000000e+00 3.599621e-13 -3.754870e-03 4.376189e-01
3.877551e-01 1.000000e+00 3.599621e-13 -3.754870e-03 4.376189e-01
3.979592e-01 1.000000e+00 3.847062e-13 -3.909983e-03 4.299102e-01
4.081633e-01 1.000000e+00 4.114009e-13 -4.063871e-03 4.222014e-01
4.081633e-01 1.000000e+00 4.114009e-13 -4.063871e-03 4.222014e-01
4.183673e-01 1.000000e+00 4.407030e-13 -4.214688e-03 4.149278e-01
4.285714e-01 1.000000e+00 4.734013e-13 -4.359703e-03 4.076541e-01
4.285714e-01 1.000000e+00 4.734013e-13 -4.359703e-03 4.076541e-01
4.387755e-01 1.000000e+00 5.095590e-13 -4.492928e-03 4.017919e-01
4.489796e-01 1.000000e+00 5.499247e-13 -4.606708e-03 3.959296e-01
4.489796e-01 1.000000e+00 5.499247e-13 -4.606708e-03 3.959296e-01
4.591837e-01 1.000000e+00 5.954612e-13 -4.699838e-03 3.881031e-01
4.693878e-01 1.000000e+00 6.456224e-13 -4.765626e-03 3.802766e-01
4.693878e-01 2.496256e+00 6.456224e-13 -4.765626e-03 3.802766e-01
4.795918e-01 2.496256e+00 6.490294e-13 -4.783737e-03 3.631952e-01
4.897959e-01 2.496256e+00 6.540879e-13 -4.795885e-03 3.461139e-01
4.897959e-01 1.000000e+03 6.540879e-13 -4.795885e-03 3.461139e-01
5.000000e-01 1.000000e+03 6.181722e-13 -4.796027e-03 2.760949e-01
5.102041e-01 1.000000e+03 5.820344e-13 -4.796431e-03 2.060759e-01
5.102041e-01 1.000000e+03 5.820344e-13 -4.796431e-03 2.060759e-01
5.204082e-01 1.000000e+03 5.459201e-13 -4.796907e-03 2.202158e-01
5.306122e-01 1.000000e+03 5.098526e-13 -4.797262e-03 2.343557e-01
5.306122e-01 1.000000e+03 5.098526e-13 -4.797262e-03 2.343557e-01
5.408163e-01 1.000000e+03 4.736970e-13 -4.797570e-03 2.238964e-01
5.510204e-01 1.000000e+03 4.373047e-13 -4.797889e-03 2.134371e-01
5.510204e-01 1.000000e+03 4.373047e-13 -4.797889e-03 2.134371e-01
5.612245e-01 1.000000e+03 4.013847e-13 -4.798192e-03 2.082446e-01
5.714286e-01 1.000000e+03 3.651281e-13 -4.798457e-03 2.030522e-01
5.714286e-01 1.000000e+03 3.651281e-13 -4.798457e-03 2.030522e-01
5.816327e-01 1.000000e+03 3.288264e-13 -4.798676e-03 1.980303e-01
5.918367e-01 1.000000e+03 2.924795e-13 -4.798846e-03 1.930084e-01
5.918367e-01 1.000000e+03 2.924795e-13 -4.798846e-03 1.930084e-01
6.020408e-01 1.000000e+03 2.562516e-13 -4.798965e-03 1.885768e-01
6.122449e-01 1.000000e+03 2.198740e-13 -4.799029e-03 1.841452e-01
6.122449e-01 1.000000e+03 2.198740e-13 -4.799029e-03 1.841452e-01
6.224490e-01 1.000000e+03 1.836744e-13 -4.799043e-03 1.790314e-01
6.326531e-01 1.000000e+03 1.473589e-13 -4.799008e-03 1.739176e-01
6.326531e-01 1.000000e+03 1.473589e-13 -4.799008e-03 1.739176e-01
6.428571e-01 1.000000e+03 1.110896e-13 -4.798928e-03 1.685057e-01
6.530612e-01 1.000000e+03 7.476794e-14 -4.798807e-03 1.630938e-01
6.530612e-01 1.000000e+03 7.476794e-14 -4.798807e-03 1.630938e-01
6.632653e-01 1.000000e+03 3.841372e-14 -4.798664e-03 1.534411e-01
6.734694e-01 1.000000e+03 2.094679e-15 -4.798516e-03 1.437885e-01
6.734694e-01 1.000000e+03 2.094679e-15 -4.798516e-03 1.437885e-01
6.836735e-01 1.000000e+03 -3.424770e-14 -4.798317e-03 1.530867e-01
6.938776e-01 1.000000e+03 -7.056552e-14 -4.798007e-03 1.623850e-01
6.938776e-01 1.000000e+03 -7.056552e-14 -4.798007e-03 1.623850e-01
7.040816e-01 1.000000e+03 -1.069100e-13 -4.797727e-03 1.079906e-01
7.142857e-01 1.000000e+03 -1.432565e-13 -4.797622e-03 5.359616e-02
7.142857e-01 1.665556e+00 -1.432565e-13 -4.797622e-03 5.359616e-02
7.244898e-01 1.665556e+00 -1.761558e-13 -4.784871e-03 3.470514e-02
7.346939e-01 1.665556e+00 -2.109641e-13 -4.780090e-03 1.581411e-02
7.346939e-01 4.980080e-03 -2.109641e-13 -4.780090e-03 1.581411e-02
7.448980e-01 4.980080e-03 -2.402149e-13 -4.802757e-03 9.123014e-03
7.551020e-01 4.980080e-03 -2.728342e-13 -4.465303e-03 2.431916e-03
7.551020e-01 1.000000e-03 -2.728342e-13 -4.465303e-03 2.431916e-03
7.653061e-01 1.000000e-03 -3.191236e-13 -4.797855e-03 1.074576e-03
7.755102e-01 1.000000e-03 -3.624728e-13 -3.722452e-03 -2.827645e-04
7.755102e-01 1.000000e-03 -3.624728e-13 -3.722452e-03 -2.827645e-04
7.857143e-01 1.000000e-03 -4.068844e-13 -4.343717e-03 -1.307900e-04
7.959184e-01 1.000000e-03 -4.499685e-13 -4.201582e-03 2.118445e-05
7.959184e-01 1.000000e-03 -4.499685e-13 -4.201582e-03 2.118445e-05
8.061224e-01 1.000000e-03 -4.890255e-13 -3.776944e-03 -1.490202e-05
8.163265e-01 1.000000e-03 -5.283319e-13 -3.549979e-03 -5.098848e-05
8.163265e-01 1.000000e-03 -5.283319e-13 -3.549979e-03 -5.098848e-05
8.265306e-01 1.000000e-03 -5.650064e-13 -3.395402e-03 -3.800993e-05
8.367347e-01 1.000000e-03 -5.971688e-13 -3.187213e-03 -2.503137e-05
8.367347e-01 1.000000e-03 -5.971688e-13 -3.187213e-03 -2.503137e-05
8.469388e-01 1.000000e-03 -6.310369e-13 -2.960270e-03 -2.603110e-05
8.571429e-01 1.000000e-03 -6.580882e-13 -2.749399e-03 -2.703082e-05
8.571429e-01 1.000000e-03 -6.580882e-13 -2.749399e-03 -2.703082e-05
8.673469e-01 1.000000e-03 -6.858263e-13 -2.545694e-03 -2.486423e-05
8.775510e-01 1.000000e-03 -7.169265e-13 -2.340217e-03 -2.269763e-05
8.775510e-01 1.000000e-03 -7.169265e-13 -2.340217e-03 -2.269763e-05
8.877551e-01 1.000000e-03 -7.421425e-13 -2.135414e-03 -2.181270e-05
8.979592e-01 1.000000e-03 -7.567623e-13 -1.933749e-03 -2.092777e-05
8.979592e-01 1.000000e-03 -7.567623e-13 -1.933749e-03 -2.092777e-05
9.081633e-01 1.000000e-03 -7.768508e-13 -1.734448e-03 -2.004348e-05
9.183673e-01 1.000000e-03 -7.943165e-13 -1.536754e-03 -1.915918e-05
9.183673e-01 1.000000e-03 -7.943165e-13 -1.536754e-03 -1.915918e-05
9.285714e-01 1.000000e-03 -8.105600e-13 -1.340663e-03 -1.856148e-05
9.387755e-01 1.000000e-03 -8.272544e-13 -1.146192e-03 -1.796379e-05
9.387755e-01 1.000000e-03 -8.272544e-13 -1.146192e-03 -1.796379e-05
9.489796e-01 1.000000e-03 -8.380657e-13 -9.530813e-04 -1.753880e-05
9.591837e-01 1.000000e-03 -8.473844e-13 -7.610892e-04 -1.711381e-05
9.591837e-01 1.000000e-03 -8.473844e-13 -7.610892e-04 -1.711381e-05
9.693878e-01 1.000000e-03 -8.548162e-13 -5.700017e-04 -1.686835e-05
9.795918e-01 1.000000e-03 -8.613721e-13 -3.796147e-04 -1.662290e-05
9.795918e-01 1.000000e-03 -8.613721e-13 -3.796147e-04 -1.662290e-05
9.897959e-01 1.000000e-03 -8.583273e-13 -1.896915e-04 -1.654135e-05
1.000000e+00 1.000000e-03 -8.585060e-13 0.000000e+00 -1.645980e-05
