0 7.588387e-01 
1 3.583920e-01 
2 2.281045e-01 
3 8.155275e-02 
4 3.293764e-02 
5 8.261057e-03 
6 3.861712e-03 
7 2.007417e-03 
8 1.116669e-03 
9 6.419195e-04 
10 4.590830e-04 
11 3.194391e-04 
12 2.434233e-04 
13 1.872363e-04 
14 1.361523e-04 
15 1.098409e-04 
16 9.318176e-05 
17 7.801727e-05 
18 6.974220e-05 
19 6.587037e-05 
20 5.885783e-05 
21 5.727484e-05 
22 5.556447e-05 
23 5.255084e-05 
24 5.257872e-05 
25 5.191709e-05 
26 4.918128e-05 
27 4.709830e-05 
28 4.197739e-05 
29 3.913266e-05 
30 3.616321e-05 
31 3.609643e-05 
32 3.502931e-05 
33 3.561536e-05 
34 3.504898e-05 
35 3.501424e-05 
36 3.569716e-05 
37 3.704374e-05 
38 3.700907e-05 
39 3.743201e-05 
40 3.874800e-05 
41 3.820601e-05 
42 3.361633e-05 
43 3.266396e-05 
44 3.050109e-05 
45 2.911593e-05 
46 2.863882e-05 
47 2.712484e-05 
48 2.511258e-05 
49 2.432005e-05 
50 2.234588e-05 
51 2.148962e-05 
52 2.025447e-05 
53 1.938702e-05 
54 1.905478e-05 
55 1.800893e-05 
56 1.801267e-05 
57 1.742612e-05 
58 1.732647e-05 
59 1.561602e-05 
60 1.356290e-05 
61 1.208228e-05 
62 1.086108e-05 
63 9.802536e-06 
64 1.006244e-05 
65 1.010691e-05 
66 9.611125e-06 
67 1.011602e-05 
68 1.003950e-05 
69 1.001288e-05 
70 9.541983e-06 
71 8.736519e-06 
72 8.147394e-06 
73 7.084144e-06 
74 6.041589e-06 
75 5.260150e-06 
76 4.722915e-06 
77 4.621035e-06 
78 4.505994e-06 
79 4.271067e-06 
80 3.885146e-06 
81 3.330963e-06 
82 2.819421e-06 
83 2.480630e-06 
84 2.203067e-06 
85 1.875710e-06 
86 1.577630e-06 
87 1.351959e-06 
88 1.222067e-06 
89 1.199130e-06 
90 1.220227e-06 
91 1.093996e-06 
92 8.813236e-07 
93 7.852479e-07 
94 6.370026e-07 
95 5.089369e-07 
96 4.079802e-07 
97 3.286446e-07 
98 2.782411e-07 
99 2.468204e-07 
100 2.130438e-07 
101 1.879335e-07 
102 1.706429e-07 
103 1.590198e-07 
104 1.383740e-07 
105 1.236800e-07 
106 1.096793e-07 
107 1.026019e-07 
108 9.435384e-08 
109 8.437523e-08 
110 6.846257e-08 
111 6.185353e-08 
112 5.453585e-08 
113 4.847445e-08 
114 3.943534e-08 
115 3.155476e-08 
116 2.862200e-08 
117 2.321840e-08 
118 1.921603e-08 
119 1.580092e-08 
120 1.323289e-08 
121 1.132771e-08 
122 9.763767e-09 
