0 1.645503e-01 
1 8.014935e-02 
2 3.540454e-02 
3 2.055333e-02 
4 1.415693e-02 
5 9.620693e-03 
6 7.771720e-03 
7 5.477716e-03 
8 3.702792e-03 
9 2.671644e-03 
10 2.620227e-03 
11 1.998569e-03 
12 1.806513e-03 
13 1.512035e-03 
14 1.095321e-03 
15 7.614145e-04 
16 5.503494e-04 
17 4.122677e-04 
18 2.914588e-04 
19 2.700109e-04 
20 2.420608e-04 
21 1.850373e-04 
22 1.280715e-04 
23 1.179861e-04 
24 9.436911e-05 
25 8.276047e-05 
26 6.012181e-05 
27 4.343999e-05 
28 2.696132e-05 
29 2.144736e-05 
30 1.988075e-05 
31 1.746889e-05 
32 1.298471e-05 
33 1.147712e-05 
34 8.030116e-06 
35 7.186440e-06 
36 5.512141e-06 
37 4.553077e-06 
38 3.387061e-06 
39 3.147763e-06 
40 2.828898e-06 
41 2.120769e-06 
42 1.844457e-06 
43 1.242036e-06 
44 7.694478e-07 
45 5.089465e-07 
46 3.984634e-07 
47 3.453111e-07 
48 2.749317e-07 
49 2.609610e-07 
50 2.253333e-07 
51 1.721416e-07 
52 1.410047e-07 
53 8.260224e-08 
54 5.091120e-08 
55 4.404913e-08 
56 2.656361e-08 
57 2.513064e-08 
58 1.923374e-08 
59 1.457852e-08 
60 1.407170e-08 
61 1.360842e-08 
62 1.305820e-08 
63 7.807628e-09 
