0 7.446806e-01 
1 3.680203e-01 
2 2.089154e-01 
3 5.357150e-02 
4 1.952773e-02 
5 9.821416e-03 
6 6.618222e-03 
7 3.817337e-03 
8 2.443200e-03 
9 1.640312e-03 
10 1.381453e-03 
11 9.033969e-04 
12 6.578211e-04 
13 5.182957e-04 
14 3.835012e-04 
15 3.457256e-04 
16 3.812699e-04 
17 5.395955e-04 
18 5.619330e-04 
19 5.712553e-04 
20 5.740861e-04 
21 5.304153e-04 
22 4.878735e-04 
23 4.835410e-04 
24 4.094611e-04 
25 3.333181e-04 
26 2.997925e-04 
27 2.936563e-04 
28 2.025429e-04 
29 1.437302e-04 
30 1.034471e-04 
31 6.157271e-05 
32 3.765054e-05 
33 2.558808e-05 
34 1.488771e-05 
35 8.838422e-06 
36 5.699923e-06 
37 3.624567e-06 
38 2.356955e-06 
39 1.011640e-06 
40 4.113052e-07 
41 1.775992e-07 
42 9.621349e-08 
43 5.310488e-08 
44 2.369449e-08 
45 8.199547e-09 
