  0 1.000000e-20 1.000000e-20 
  1 1.000757e-20 1.395729e-18 
  2 1.007885e-20 1.364369e-17 
  3 1.021948e-20 6.650936e-17 
  4 1.016933e-20 2.202967e-16 
  5 1.007765e-20 5.593830e-16 
  6 1.003668e-20 1.170034e-15 
  7 1.004895e-20 2.087906e-15 
  8 1.008198e-20 3.242142e-15 
  9 1.011242e-20 4.423409e-15 
 10 1.013172e-20 5.343019e-15 
 11 1.014028e-20 5.820506e-15 
 12 1.014251e-20 5.952196e-15 
 13 1.014275e-20 5.965686e-15 
 14 1.014275e-20 5.965985e-15 
 15 1.014275e-20 5.965985e-15 
 16 1.014275e-20 5.965985e-15 
 17 1.014275e-20 5.965985e-15 
 18 1.014275e-20 5.965985e-15 
 19 1.014275e-20 5.965985e-15 
 20 1.014275e-20 5.965985e-15 
 21 1.014275e-20 5.965985e-15 
 22 1.014275e-20 5.965985e-15 
 23 1.014275e-20 5.965985e-15 
 24 1.014275e-20 5.965985e-15 
 25 1.014275e-20 5.965985e-15 
 26 1.014275e-20 5.965985e-15 
 27 1.014275e-20 5.965985e-15 
 28 1.014275e-20 5.965985e-15 
 29 1.014275e-20 5.965985e-15 
