0.000000e+00 6.245196e+05 
6.400000e+03 6.246359e+05 
1.280000e+04 6.249856e+05 
1.920000e+04 6.255712e+05 
2.560000e+04 6.263966e+05 
3.200000e+04 6.274673e+05 
3.840000e+04 6.287908e+05 
4.480000e+04 6.303761e+05 
5.120000e+04 6.322340e+05 
5.760000e+04 6.343773e+05 
6.400000e+04 6.368209e+05 
7.040000e+04 6.395818e+05 
7.680000e+04 6.426793e+05 
8.320000e+04 6.461351e+05 
8.960000e+04 6.499739e+05 
9.600000e+04 6.542229e+05 
1.024000e+05 6.589129e+05 
1.088000e+05 6.640779e+05 
1.152000e+05 6.697557e+05 
1.216000e+05 6.759885e+05 
1.280000e+05 6.828230e+05 
1.344000e+05 6.903109e+05 
1.408000e+05 6.985096e+05 
1.472000e+05 7.074828e+05 
1.536000e+05 7.173011e+05 
1.600000e+05 7.280425e+05 
1.664000e+05 7.397938e+05 
1.728000e+05 7.526509e+05 
1.792000e+05 7.667201e+05 
1.856000e+05 7.821189e+05 
1.920000e+05 7.989771e+05 
1.984000e+05 8.174378e+05 
2.048000e+05 8.376579e+05 
2.112000e+05 8.598087e+05 
2.176000e+05 8.840761e+05 
2.240000e+05 9.106587e+05 
2.304000e+05 9.397662e+05 
2.368000e+05 9.716137e+05 
2.432000e+05 1.006414e+06 
2.496000e+05 1.044364e+06 
2.560000e+05 1.085624e+06 
2.624000e+05 1.130292e+06 
2.688000e+05 1.178359e+06 
2.752000e+05 1.229664e+06 
2.816000e+05 1.283834e+06 
2.880000e+05 1.340234e+06 
2.944000e+05 1.397928e+06 
3.008000e+05 1.455701e+06 
3.072000e+05 1.512134e+06 
3.136000e+05 1.565762e+06 
3.200000e+05 3.929616e+05 
3.264000e+05 -7.689614e+05 
3.328000e+05 -7.045080e+05 
3.392000e+05 -6.592306e+05 
3.456000e+05 -6.341768e+05 
3.520000e+05 -6.288991e+05 
3.584000e+05 -6.412151e+05 
3.648000e+05 -6.672920e+05 
3.712000e+05 -7.019411e+05 
3.776000e+05 -7.389859e+05 
3.840000e+05 -7.716301e+05 
3.904000e+05 -7.928108e+05 
3.968000e+05 -7.955745e+05 
4.032000e+05 -7.735322e+05 
4.096000e+05 -7.214463e+05 
4.160000e+05 -6.359577e+05 
4.224000e+05 -5.163810e+05 
4.288000e+05 -3.653794e+05 
4.352000e+05 -1.892356e+05 
4.416000e+05 2.515567e+03 
4.480000e+05 -2.339407e+06 
4.544000e+05 -4.697578e+06 
4.608000e+05 -4.540316e+06 
4.672000e+05 -4.397913e+06 
4.736000e+05 -4.271866e+06 
4.800000e+05 -4.163532e+06 
4.864000e+05 -4.073965e+06 
4.928000e+05 -4.003867e+06 
4.992000e+05 -3.953634e+06 
5.056000e+05 -3.923451e+06 
5.120000e+05 -3.913386e+06 
