#ux at 2        sigmayy at 2    uy at 4     	ux at 5         int45 uy	 ndof
0.02129		1388.732343	0.20951		0.076758	20.40344	7372
0.02129		1388.858414	0.20951		0.076758	20.40344	2080
0.021238	1363.9		0.2095		0.076764	20.403		2000
0.021175	1409.69999	0.20944		0.076796	20.40156	2353
0.021287	1392.32958	0.20951		0.076756	20.40338	2596
0.021133	1426.3608	0.20946		0.076798	20.4008		1680
0.021253	1420.5582	0.20947		0.076781	20.40123	1436
0.021292	1467.93		0.20952		0.07676		20.40321	2500
0.021291	1389.00		0.2095		0.076758	20.4034		2300
0.02129		1382.00336	0.2095		0.076758	20.4034		2512
0.021177	1339.16		0.2094		0.076788	20.4016		2639
