0.000000e+00 1.000000e+00 -1.328017e-13 0.000000e+00 8.028721e-01
1.515152e-02 1.000000e+00 -1.325853e-13 -9.284832e-05 7.877540e-01
3.030303e-02 1.000000e+00 -1.319882e-13 -1.861230e-04 7.726359e-01
3.030303e-02 1.000000e+00 -1.319882e-13 -1.861230e-04 7.726359e-01
4.545455e-02 1.000000e+00 -1.310341e-13 -2.802480e-04 7.575863e-01
6.060606e-02 1.000000e+00 -1.297157e-13 -3.756543e-04 7.425366e-01
6.060606e-02 1.000000e+00 -1.297157e-13 -3.756543e-04 7.425366e-01
7.575758e-02 1.000000e+00 -1.280087e-13 -4.727653e-04 7.275600e-01
9.090909e-02 1.000000e+00 -1.258403e-13 -5.720190e-04 7.125834e-01
9.090909e-02 1.000000e+00 -1.258403e-13 -5.720190e-04 7.125834e-01
1.060606e-01 1.000000e+00 -1.232903e-13 -6.738387e-04 6.976881e-01
1.212121e-01 1.000000e+00 -1.203128e-13 -7.786707e-04 6.827928e-01
1.212121e-01 1.000000e+00 -1.203128e-13 -7.786707e-04 6.827928e-01
1.363636e-01 1.000000e+00 -1.167261e-13 -8.869376e-04 6.679911e-01
1.515152e-01 1.000000e+00 -1.128698e-13 -9.990923e-04 6.531895e-01
1.515152e-01 1.000000e+00 -1.128698e-13 -9.990923e-04 6.531895e-01
1.666667e-01 1.000000e+00 -1.085521e-13 -1.115552e-03 6.384989e-01
1.818182e-01 1.000000e+00 -1.035899e-13 -1.236773e-03 6.238084e-01
1.818182e-01 1.000000e+00 -1.035899e-13 -1.236773e-03 6.238084e-01
1.969697e-01 1.000000e+00 -9.812984e-14 -1.363155e-03 6.092531e-01
2.121212e-01 1.000000e+00 -9.211989e-14 -1.495145e-03 5.946978e-01
2.121212e-01 1.000000e+00 -9.211989e-14 -1.495145e-03 5.946978e-01
2.272727e-01 1.000000e+00 -8.546289e-14 -1.633105e-03 5.803112e-01
2.424242e-01 1.000000e+00 -7.808598e-14 -1.777442e-03 5.659246e-01
2.424242e-01 1.000000e+00 -7.808598e-14 -1.777442e-03 5.659246e-01
2.575758e-01 1.000000e+00 -6.994405e-14 -1.928442e-03 5.517515e-01
2.727273e-01 1.000000e+00 -6.093867e-14 -2.086427e-03 5.375784e-01
2.727273e-01 1.000000e+00 -6.093867e-14 -2.086427e-03 5.375784e-01
2.878788e-01 1.000000e+00 -5.100434e-14 -2.251499e-03 5.236869e-01
3.030303e-01 1.000000e+00 -4.005086e-14 -2.423764e-03 5.097954e-01
3.030303e-01 1.000000e+00 -4.005086e-14 -2.423764e-03 5.097954e-01
3.181818e-01 1.000000e+00 -2.799150e-14 -2.603053e-03 4.962627e-01
3.333333e-01 1.000000e+00 -1.448841e-14 -2.789091e-03 4.827301e-01
3.333333e-01 1.000000e+00 -1.448841e-14 -2.789091e-03 4.827301e-01
3.484848e-01 1.000000e+00 4.857226e-16 -2.980805e-03 4.697480e-01
3.636364e-01 1.000000e+00 1.723621e-14 -3.176796e-03 4.567659e-01
3.636364e-01 1.000000e+00 1.723621e-14 -3.176796e-03 4.567659e-01
3.787879e-01 1.000000e+00 3.592959e-14 -3.375405e-03 4.443388e-01
3.939394e-01 1.000000e+00 5.745404e-14 -3.573850e-03 4.319118e-01
3.939394e-01 1.000000e+00 5.745404e-14 -3.573850e-03 4.319118e-01
4.090909e-01 1.000000e+00 8.212875e-14 -3.764163e-03 4.211835e-01
4.242424e-01 1.000000e+00 1.107378e-13 -3.935346e-03 4.104551e-01
4.242424e-01 1.000000e+00 1.107378e-13 -3.935346e-03 4.104551e-01
4.393939e-01 1.000000e+00 1.445302e-13 -4.082493e-03 3.992825e-01
4.545455e-01 1.000000e+00 1.864064e-13 -4.190154e-03 3.881100e-01
4.545455e-01 3.981072e+00 1.864064e-13 -4.190154e-03 3.881100e-01
4.696970e-01 3.981072e+00 2.083394e-13 -4.208448e-03 3.674247e-01
4.848485e-01 3.981072e+00 2.314260e-13 -4.223758e-03 3.467395e-01
4.848485e-01 1.000000e+03 2.314260e-13 -4.223758e-03 3.467395e-01
5.000000e-01 1.000000e+03 2.383315e-13 -4.223982e-03 2.747429e-01
5.151515e-01 1.000000e+03 2.452726e-13 -4.224582e-03 2.027464e-01
5.151515e-01 1.000000e+03 2.452726e-13 -4.224582e-03 2.027464e-01
5.303030e-01 1.000000e+03 2.521872e-13 -4.225311e-03 2.103200e-01
5.454545e-01 1.000000e+03 2.590012e-13 -4.225876e-03 2.178936e-01
5.454545e-01 1.000000e+03 2.590012e-13 -4.225876e-03 2.178936e-01
5.606061e-01 1.000000e+03 2.658013e-13 -4.226338e-03 2.046287e-01
5.757576e-01 1.000000e+03 2.724210e-13 -4.226746e-03 1.913637e-01
5.757576e-01 1.000000e+03 2.724210e-13 -4.226746e-03 1.913637e-01
5.909091e-01 1.000000e+03 2.792905e-13 -4.227044e-03 1.912590e-01
6.060606e-01 1.000000e+03 2.859518e-13 -4.227184e-03 1.911543e-01
6.060606e-01 1.000000e+03 2.859518e-13 -4.227184e-03 1.911543e-01
6.212121e-01 1.000000e+03 2.926166e-13 -4.227187e-03 1.862384e-01
6.363636e-01 1.000000e+03 2.993369e-13 -4.227074e-03 1.813225e-01
6.363636e-01 1.000000e+03 2.993369e-13 -4.227074e-03 1.813225e-01
6.515152e-01 1.000000e+03 3.061683e-13 -4.226837e-03 1.790328e-01
6.666667e-01 1.000000e+03 3.129103e-13 -4.226469e-03 1.767432e-01
6.666667e-01 1.000000e+03 3.129103e-13 -4.226469e-03 1.767432e-01
6.818182e-01 1.000000e+03 3.198206e-13 -4.226073e-03 1.499179e-01
6.969697e-01 1.000000e+03 3.266072e-13 -4.225716e-03 1.230926e-01
6.969697e-01 2.511886e+02 3.266072e-13 -4.225716e-03 1.230926e-01
7.121212e-01 2.511886e+02 3.331224e-13 -4.224727e-03 7.450597e-02
7.272727e-01 2.511886e+02 3.395340e-13 -4.224401e-03 2.591928e-02
7.272727e-01 2.511886e-01 3.395340e-13 -4.224401e-03 2.591928e-02
7.424242e-01 2.511886e-01 3.350098e-13 -4.179351e-03 1.293578e-02
7.575758e-01 2.511886e-01 3.360814e-13 -4.139918e-03 -4.771905e-05
7.575758e-01 1.000000e-03 3.360814e-13 -4.139918e-03 -4.771905e-05
7.727273e-01 1.000000e-03 2.154076e-13 -3.975704e-03 -4.514286e-05
7.878788e-01 1.000000e-03 1.089070e-13 -3.772535e-03 -4.256667e-05
7.878788e-01 1.000000e-03 1.089070e-13 -3.772535e-03 -4.256667e-05
8.030303e-01 1.000000e-03 1.258065e-14 -3.544027e-03 -3.716512e-05
8.181818e-01 1.000000e-03 -7.516860e-14 -3.285432e-03 -3.176356e-05
8.181818e-01 1.000000e-03 -7.516860e-14 -3.285432e-03 -3.176356e-05
8.333333e-01 1.000000e-03 -1.519340e-13 -3.010935e-03 -2.908441e-05
8.484848e-01 1.000000e-03 -2.150942e-13 -2.732731e-03 -2.640526e-05
8.484848e-01 1.000000e-03 -2.150942e-13 -2.732731e-03 -2.640526e-05
8.636364e-01 1.000000e-03 -2.747262e-13 -2.453306e-03 -2.425901e-05
8.787879e-01 1.000000e-03 -3.301335e-13 -2.173542e-03 -2.211277e-05
8.787879e-01 1.000000e-03 -3.301335e-13 -2.173542e-03 -2.211277e-05
8.939394e-01 1.000000e-03 -3.754260e-13 -1.894881e-03 -2.069973e-05
9.090909e-01 1.000000e-03 -4.181039e-13 -1.618487e-03 -1.928668e-05
9.090909e-01 1.000000e-03 -4.181039e-13 -1.618487e-03 -1.928668e-05
9.242424e-01 1.000000e-03 -4.515885e-13 -1.344402e-03 -1.833857e-05
9.393939e-01 1.000000e-03 -4.798501e-13 -1.072518e-03 -1.739046e-05
9.393939e-01 1.000000e-03 -4.798501e-13 -1.072518e-03 -1.739046e-05
9.545455e-01 1.000000e-03 -4.976438e-13 -8.025330e-04 -1.685512e-05
9.696970e-01 1.000000e-03 -5.129827e-13 -5.341264e-04 -1.631978e-05
9.696970e-01 1.000000e-03 -5.129827e-13 -5.341264e-04 -1.631978e-05
9.848485e-01 1.000000e-03 -5.151436e-13 -2.667877e-04 -1.614490e-05
1.000000e+00 1.000000e-03 -5.097251e-13 0.000000e+00 -1.597003e-05
