# # x,y,p
1.562500000000000000e-02 1.562500000000000000e-02 -1.491474096569367080e-01
4.687500000000000000e-02 1.562500000000000000e-02 -1.243040344567226951e-01
7.812500000000000000e-02 1.562500000000000000e-02 -9.249373004306353507e-02
1.093750000000000000e-01 1.562500000000000000e-02 -7.150226208667256889e-02
1.406250000000000000e-01 1.562500000000000000e-02 -4.358330623704558676e-02
1.718750000000000000e-01 1.562500000000000000e-02 -2.650214883487733361e-02
2.031250000000000000e-01 1.562500000000000000e-02 -2.503585543049605729e-03
2.343750000000000000e-01 1.562500000000000000e-02 1.065257926919356557e-02
2.656250000000000000e-01 1.562500000000000000e-02 3.072443421459983282e-02
2.968750000000000000e-01 1.562500000000000000e-02 3.995407804373565797e-02
3.281250000000000000e-01 1.562500000000000000e-02 5.610066772286229075e-02
3.593750000000000000e-01 1.562500000000000000e-02 6.140703753958642180e-02
3.906250000000000000e-01 1.562500000000000000e-02 7.363276071860043459e-02
4.218750000000000000e-01 1.562500000000000000e-02 7.502096489782913991e-02
4.531250000000000000e-01 1.562500000000000000e-02 8.333138344980951795e-02
4.843750000000000000e-01 1.562500000000000000e-02 8.080725583771276865e-02
5.156250000000000000e-01 1.562500000000000000e-02 8.520836916229510005e-02
5.468750000000000000e-01 1.562500000000000000e-02 7.877799155020333288e-02
5.781250000000000000e-01 1.562500000000000000e-02 7.927591010217192868e-02
6.093750000000000000e-01 1.562500000000000000e-02 6.894536428141571915e-02
6.406250000000000000e-01 1.562500000000000000e-02 6.554608746040940792e-02
6.718750000000000000e-01 1.562500000000000000e-02 5.132120727715414055e-02
7.031250000000000000e-01 1.562500000000000000e-02 4.403029695625404472e-02
7.343750000000000000e-01 1.562500000000000000e-02 2.591619078541762891e-02
7.656250000000000000e-01 1.562500000000000000e-02 1.473804573078940985e-02
7.968750000000000000e-01 1.562500000000000000e-02 -7.262039456932974611e-03
8.281250000000000000e-01 1.562500000000000000e-02 -2.232597616514706354e-02
8.593750000000000000e-01 1.562500000000000000e-02 -4.821356876294004973e-02
8.906250000000000000e-01 1.562500000000000000e-02 -6.716961291335475648e-02
9.218750000000000000e-01 1.562500000000000000e-02 -9.695939495692430798e-02
9.531250000000000000e-01 1.562500000000000000e-02 -1.198365905433096679e-01
9.843750000000000000e-01 1.562500000000000000e-02 -1.535869653430642912e-01
1.562500000000000000e-02 4.687500000000000000e-02 -1.535730212294341701e-01
4.687500000000000000e-02 4.687500000000000000e-02 -1.198505346569315733e-01
7.812500000000000000e-02 4.687500000000000000e-02 -9.693440482750634302e-02
1.093750000000000000e-01 4.687500000000000000e-02 -6.707813682580712755e-02
1.406250000000000000e-01 4.687500000000000000e-02 -4.805033845330059644e-02
1.718750000000000000e-01 4.687500000000000000e-02 -2.209839077425780618e-02
2.031250000000000000e-01 4.687500000000000000e-02 -6.984210702986889431e-03
2.343750000000000000e-01 4.687500000000000000e-02 1.504881026639518643e-02
2.656250000000000000e-01 4.687500000000000000e-02 2.624162237837354694e-02
2.968750000000000000e-01 4.687500000000000000e-02 4.435255628157595137e-02
3.281250000000000000e-01 4.687500000000000000e-02 5.162379280804397369e-02
3.593750000000000000e-01 4.687500000000000000e-02 6.581441382961970843e-02
3.906250000000000000e-01 4.687500000000000000e-02 6.916714369088730607e-02
4.218750000000000000e-01 4.687500000000000000e-02 7.944139388560747528e-02
4.531250000000000000e-01 4.687500000000000000e-02 7.888012649430474477e-02
4.843750000000000000e-01 4.687500000000000000e-02 8.524288971298714379e-02
5.156250000000000000e-01 4.687500000000000000e-02 8.077273528702211269e-02
5.468750000000000000e-01 4.687500000000000000e-02 8.322924850569889121e-02
5.781250000000000000e-01 4.687500000000000000e-02 7.485548111440804009e-02
6.093750000000000000e-01 4.687500000000000000e-02 7.341098130911052899e-02
6.406250000000000000e-01 4.687500000000000000e-02 6.113871117039571673e-02
6.718750000000000000e-01 4.687500000000000000e-02 5.579808219194896252e-02
7.031250000000000000e-01 4.687500000000000000e-02 3.963181871844100729e-02
7.343750000000000000e-01 4.687500000000000000e-02 3.039900262161251282e-02
7.656250000000000000e-01 4.687500000000000000e-02 1.034181473362347572e-02
7.968750000000000000e-01 4.687500000000000000e-02 -2.781414297032418475e-03
8.281250000000000000e-01 4.687500000000000000e-02 -2.672973422572701499e-02
8.593750000000000000e-01 4.687500000000000000e-02 -4.374653654672697872e-02
8.906250000000000000e-01 4.687500000000000000e-02 -7.159373817417841179e-02
9.218750000000000000e-01 4.687500000000000000e-02 -9.251872017252270319e-02
9.531250000000000000e-01 4.687500000000000000e-02 -1.242900903430586845e-01
9.843750000000000000e-01 4.687500000000000000e-02 -1.491613537705996084e-01
1.562500000000000000e-02 7.812500000000000000e-02 -1.491604642707970441e-01
4.687500000000000000e-02 7.812500000000000000e-02 -1.243020258586468446e-01
7.812500000000000000e-02 7.812500000000000000e-02 -9.250678465692888097e-02
1.093750000000000000e-01 7.812500000000000000e-02 -7.153554690798563653e-02
1.406250000000000000e-01 7.812500000000000000e-02 -4.363497636618763470e-02
1.718750000000000000e-01 7.812500000000000000e-02 -2.656764598366818247e-02
2.031250000000000000e-01 7.812500000000000000e-02 -2.577944950744254140e-03
2.343750000000000000e-01 7.812500000000000000e-02 1.057412273740079151e-02
2.656250000000000000e-01 7.812500000000000000e-02 3.064608734477116889e-02
2.968750000000000000e-01 7.812500000000000000e-02 3.987945946316249352e-02
3.281250000000000000e-01 7.812500000000000000e-02 5.603278584406987811e-02
3.593750000000000000e-01 7.812500000000000000e-02 6.134834618568891368e-02
3.906250000000000000e-01 7.812500000000000000e-02 7.358519103294591801e-02
4.218750000000000000e-01 7.812500000000000000e-02 7.498597614044288928e-02
4.531250000000000000e-01 7.812500000000000000e-02 8.330999034107318402e-02
4.843750000000000000e-01 7.812500000000000000e-02 8.080005910123339019e-02
5.156250000000000000e-01 7.812500000000000000e-02 8.521556589877123111e-02
5.468750000000000000e-01 7.812500000000000000e-02 7.879938465893877864e-02
5.781250000000000000e-01 7.812500000000000000e-02 7.931089885955802665e-02
6.093750000000000000e-01 7.812500000000000000e-02 6.899293396706841774e-02
6.406250000000000000e-01 7.812500000000000000e-02 6.560477881430243352e-02
6.718750000000000000e-01 7.812500000000000000e-02 5.138908915594460336e-02
7.031250000000000000e-01 7.812500000000000000e-02 4.410491553682586302e-02
7.343750000000000000e-01 7.812500000000000000e-02 2.599453765524564058e-02
7.656250000000000000e-01 7.812500000000000000e-02 1.481650226258214575e-02
7.968750000000000000e-01 7.812500000000000000e-02 -7.187680049238519622e-03
8.281250000000000000e-01 7.812500000000000000e-02 -2.226047901635930942e-02
8.593750000000000000e-01 7.812500000000000000e-02 -4.816189863379533725e-02
8.906250000000000000e-01 7.812500000000000000e-02 -6.713632809204156393e-02
9.218750000000000000e-01 7.812500000000000000e-02 -9.694634034305529835e-02
9.531250000000000000e-01 7.812500000000000000e-02 -1.198385991413839224e-01
9.843750000000000000e-01 7.812500000000000000e-02 -1.535739107291902716e-01
1.562500000000000000e-02 1.093750000000000000e-01 -1.536404185994808269e-01
4.687500000000000000e-02 1.093750000000000000e-01 -1.198885574880506621e-01
7.812500000000000000e-02 1.093750000000000000e-01 -9.696650877816540004e-02
1.093750000000000000e-01 1.093750000000000000e-01 -6.711615965692840913e-02
1.406250000000000000e-01 1.093750000000000000e-01 -4.809718557297657654e-02
1.718750000000000000e-01 1.093750000000000000e-01 -2.215346820775947537e-02
2.031250000000000000e-01 1.093750000000000000e-01 -7.045099205405937030e-03
2.343750000000000000e-01 1.093750000000000000e-01 1.498501891264460845e-02
2.656250000000000000e-01 1.093750000000000000e-01 2.617792847962209860e-02
2.968750000000000000e-01 1.093750000000000000e-01 4.429171391847184364e-02
3.281250000000000000e-01 1.093750000000000000e-01 5.156824418661199588e-02
3.593750000000000000e-01 1.093750000000000000e-01 6.576620934661550621e-02
3.906250000000000000e-01 1.093750000000000000e-01 6.912795405721806896e-02
4.218750000000000000e-01 1.093750000000000000e-01 7.941249706993885882e-02
4.531250000000000000e-01 1.093750000000000000e-01 7.886243031935921688e-02
4.843750000000000000e-01 1.093750000000000000e-01 8.523693069575900838e-02
5.156250000000000000e-01 1.093750000000000000e-01 8.077869430425033137e-02
5.468750000000000000e-01 1.093750000000000000e-01 8.324694468063972841e-02
5.781250000000000000e-01 1.093750000000000000e-01 7.488437793007464427e-02
6.093750000000000000e-01 1.093750000000000000e-01 7.345017094277625502e-02
6.406250000000000000e-01 1.093750000000000000e-01 6.118691565339958588e-02
6.718750000000000000e-01 1.093750000000000000e-01 5.585363081337920560e-02
7.031250000000000000e-01 1.093750000000000000e-01 3.969266108154573258e-02
7.343750000000000000e-01 1.093750000000000000e-01 3.046269652036209807e-02
7.656250000000000000e-01 1.093750000000000000e-01 1.040560608737143775e-02
7.968750000000000000e-01 1.093750000000000000e-01 -2.720525794616783944e-03
8.281250000000000000e-01 1.093750000000000000e-01 -2.667465679221885794e-02
8.593750000000000000e-01 1.093750000000000000e-01 -4.369968942705249743e-02
8.906250000000000000e-01 1.093750000000000000e-01 -7.155571534305338322e-02
9.218750000000000000e-01 1.093750000000000000e-01 -9.248661622186403475e-02
9.531250000000000000e-01 1.093750000000000000e-01 -1.242520675119316437e-01
9.843750000000000000e-01 1.093750000000000000e-01 -1.490939564005516194e-01
1.562500000000000000e-02 1.406250000000000000e-01 -1.492427630768108082e-01
4.687500000000000000e-02 1.406250000000000000e-01 -1.243579672328525149e-01
7.812500000000000000e-02 1.406250000000000000e-01 -9.255046794766902396e-02
1.093750000000000000e-01 1.406250000000000000e-01 -7.157674511317689559e-02
1.406250000000000000e-01 1.406250000000000000e-01 -4.367865965692706298e-02
1.718750000000000000e-01 1.406250000000000000e-01 -2.661505428707046372e-02
2.031250000000000000e-01 1.406250000000000000e-01 -2.628541857179388097e-03
2.343750000000000000e-01 1.406250000000000000e-01 1.052193071171401983e-02
2.656250000000000000e-01 1.406250000000000000e-01 3.059422511373873985e-02
2.968750000000000000e-01 1.406250000000000000e-01 3.982995100621077728e-02
3.281250000000000000e-01 1.406250000000000000e-01 5.598750737130292476e-02
3.593750000000000000e-01 1.406250000000000000e-01 6.130897009138502191e-02
3.906250000000000000e-01 1.406250000000000000e-01 7.355310313814067413e-02
4.218750000000000000e-01 1.406250000000000000e-01 7.496227381135639467e-02
4.531250000000000000e-01 1.406250000000000000e-01 8.329545376759348030e-02
4.843750000000000000e-01 1.406250000000000000e-01 8.079516222441011919e-02
5.156250000000000000e-01 1.406250000000000000e-01 8.522046277559428007e-02
5.468750000000000000e-01 1.406250000000000000e-01 7.881392123241685865e-02
5.781250000000000000e-01 1.406250000000000000e-01 7.933460118864060773e-02
6.093750000000000000e-01 1.406250000000000000e-01 6.902502186187230160e-02
6.406250000000000000e-01 1.406250000000000000e-01 6.564415490860778246e-02
6.718750000000000000e-01 1.406250000000000000e-01 5.143436762871218121e-02
7.031250000000000000e-01 1.406250000000000000e-01 4.415442399377712129e-02
7.343750000000000000e-01 1.406250000000000000e-01 2.604639988627791350e-02
7.656250000000000000e-01 1.406250000000000000e-01 1.486869428826809864e-02
7.968750000000000000e-01 1.406250000000000000e-01 -7.137083142801191674e-03
8.281250000000000000e-01 1.406250000000000000e-01 -2.221307071295670552e-02
8.593750000000000000e-01 1.406250000000000000e-01 -4.811821534305146808e-02
8.906250000000000000e-01 1.406250000000000000e-01 -6.709512988685158164e-02
9.218750000000000000e-01 1.406250000000000000e-01 -9.690265705231140836e-02
9.531250000000000000e-01 1.406250000000000000e-01 -1.197826577671787657e-01
9.843750000000000000e-01 1.406250000000000000e-01 -1.534916119231696796e-01
1.562500000000000000e-02 1.718750000000000000e-01 -1.537186568512784735e-01
4.687500000000000000e-02 1.718750000000000000e-01 -1.199464285395962226e-01
7.812500000000000000e-02 1.718750000000000000e-01 -9.701253470248677457e-02
1.093750000000000000e-01 1.718750000000000000e-01 -6.715697610609165646e-02
1.406250000000000000e-01 1.718750000000000000e-01 -4.813700139908170389e-02
1.718750000000000000e-01 1.718750000000000000e-01 -2.219428465692685135e-02
2.031250000000000000e-01 1.718750000000000000e-01 -7.087180970818130962e-03
2.343750000000000000e-01 1.718750000000000000e-01 1.494231652331408713e-02
2.656250000000000000e-01 1.718750000000000000e-01 2.613582454345860992e-02
2.968750000000000000e-01 1.718750000000000000e-01 4.425160110051939988e-02
3.281250000000000000e-01 1.718750000000000000e-01 5.153155681515068226e-02
3.593750000000000000e-01 1.718750000000000000e-01 6.573425511960465095e-02
3.906250000000000000e-01 1.718750000000000000e-01 6.910187530655920174e-02
4.218750000000000000e-01 1.718750000000000000e-01 7.939320101640363891e-02
4.531250000000000000e-01 1.718750000000000000e-01 7.885058556229307403e-02
4.843750000000000000e-01 1.718750000000000000e-01 8.523293628827224855e-02
5.156250000000000000e-01 1.718750000000000000e-01 8.078268871173596710e-02
5.468750000000000000e-01 1.718750000000000000e-01 8.325878943770687046e-02
5.781250000000000000e-01 1.718750000000000000e-01 7.490367398360500695e-02
6.093750000000000000e-01 1.718750000000000000e-01 7.347624969343545531e-02
6.406250000000000000e-01 1.718750000000000000e-01 6.121886988040910194e-02
6.718750000000000000e-01 1.718750000000000000e-01 5.589031818483992248e-02
7.031250000000000000e-01 1.718750000000000000e-01 3.973277389949632366e-02
7.343750000000000000e-01 1.718750000000000000e-01 3.050480045652775862e-02
7.656250000000000000e-01 1.718750000000000000e-01 1.044830847669873594e-02
7.968750000000000000e-01 1.718750000000000000e-01 -2.678444029201649656e-03
8.281250000000000000e-01 1.718750000000000000e-01 -2.663384034305124951e-02
8.593750000000000000e-01 1.718750000000000000e-01 -4.365987360094986114e-02
8.906250000000000000e-01 1.718750000000000000e-01 -7.151489889388412680e-02
9.218750000000000000e-01 1.718750000000000000e-01 -9.244059029754679579e-02
9.531250000000000000e-01 1.718750000000000000e-01 -1.241941964603824056e-01
9.843750000000000000e-01 1.718750000000000000e-01 -1.490157181487559990e-01
1.562500000000000000e-02 2.031250000000000000e-01 -1.493068587708014094e-01
4.687500000000000000e-02 2.031250000000000000e-01 -1.244084699831681518e-01
7.812500000000000000e-02 2.031250000000000000e-01 -9.259187436310789554e-02
1.093750000000000000e-01 2.031250000000000000e-01 -7.161320648074706585e-02
1.406250000000000000e-01 2.031250000000000000e-01 -4.371315245667137250e-02
1.718750000000000000e-01 2.031250000000000000e-01 -2.664924971532930259e-02
2.031250000000000000e-01 2.031250000000000000e-01 -2.663034656927186581e-03
2.343750000000000000e-01 2.031250000000000000e-01 1.048739940740576679e-02
2.656250000000000000e-01 2.031250000000000000e-01 3.056036749364206967e-02
2.968750000000000000e-01 2.031250000000000000e-01 3.979776704849894570e-02
3.281250000000000000e-01 2.031250000000000000e-01 5.595805442339352870e-02
3.593750000000000000e-01 2.031250000000000000e-01 6.128328911450543065e-02
3.906250000000000000e-01 2.031250000000000000e-01 7.353210554558020640e-02
4.218750000000000000e-01 2.031250000000000000e-01 7.494671820899033443e-02
4.531250000000000000e-01 2.031250000000000000e-01 8.328589161430771659e-02
4.843750000000000000e-01 2.031250000000000000e-01 8.079193800441394901e-02
5.156250000000000000e-01 2.031250000000000000e-01 8.522368699559026983e-02
5.468750000000000000e-01 2.031250000000000000e-01 7.882348338570144275e-02
5.781250000000000000e-01 2.031250000000000000e-01 7.935015679100398955e-02
6.093750000000000000e-01 2.031250000000000000e-01 6.904601945443117339e-02
6.406250000000000000e-01 2.031250000000000000e-01 6.566983588548636064e-02
6.718750000000000000e-01 2.031250000000000000e-01 5.146382057662083481e-02
7.031250000000000000e-01 2.031250000000000000e-01 4.418660795148877246e-02
7.343750000000000000e-01 2.031250000000000000e-01 2.608025750637387591e-02
7.656250000000000000e-01 2.031250000000000000e-01 1.490322559257699353e-02
7.968750000000000000e-01 2.031250000000000000e-01 -7.102590343056289744e-03
8.281250000000000000e-01 2.031250000000000000e-01 -2.217887528469958749e-02
8.593750000000000000e-01 2.031250000000000000e-01 -4.808372254330483403e-02
8.906250000000000000e-01 2.031250000000000000e-01 -6.705866851928588002e-02
9.218750000000000000e-01 2.031250000000000000e-01 -9.686125063686816528e-02
9.531250000000000000e-01 2.031250000000000000e-01 -1.197321550168675142e-01
9.843750000000000000e-01 2.031250000000000000e-01 -1.534275162291761363e-01
1.562500000000000000e-02 2.343750000000000000e-01 -1.537640099553501949e-01
4.687500000000000000e-02 2.343750000000000000e-01 -1.199842545802446009e-01
7.812500000000000000e-02 2.343750000000000000e-01 -9.704492842355504079e-02
1.093750000000000000e-01 2.343750000000000000e-01 -6.718608822649789480e-02
1.406250000000000000e-01 2.343750000000000000e-01 -4.816461139786364781e-02
1.718750000000000000e-01 2.343750000000000000e-01 -2.222151083717017681e-02
2.031250000000000000e-01 2.343750000000000000e-01 -7.114455093553991374e-03
2.343750000000000000e-01 2.343750000000000000e-01 1.491509034307422765e-02
2.656250000000000000e-01 2.343750000000000000e-01 2.610915915053753367e-02
2.968750000000000000e-01 2.343750000000000000e-01 4.422621200766013033e-02
3.281250000000000000e-01 2.343750000000000000e-01 5.150827768485027880e-02
3.593750000000000000e-01 2.343750000000000000e-01 6.571389946579211938e-02
3.906250000000000000e-01 2.343750000000000000e-01 6.908519665146342636e-02
4.218750000000000000e-01 2.343750000000000000e-01 7.938081658051819589e-02
4.531250000000000000e-01 2.343750000000000000e-01 7.884296531565027077e-02
4.843750000000000000e-01 2.343750000000000000e-01 8.523036257203105148e-02
5.156250000000000000e-01 2.343750000000000000e-01 8.078526242797458290e-02
5.468750000000000000e-01 2.343750000000000000e-01 8.326640968435035373e-02
5.781250000000000000e-01 2.343750000000000000e-01 7.491605841949101896e-02
6.093750000000000000e-01 2.343750000000000000e-01 7.349292834853021761e-02
6.406250000000000000e-01 2.343750000000000000e-01 6.123922553422134901e-02
6.718750000000000000e-01 2.343750000000000000e-01 5.591359731513941694e-02
7.031250000000000000e-01 2.343750000000000000e-01 3.975816299235628709e-02
7.343750000000000000e-01 2.343750000000000000e-01 3.053146584944580605e-02
7.656250000000000000e-01 2.343750000000000000e-01 1.047553465694438246e-02
7.968750000000000000e-01 2.343750000000000000e-01 -2.651169906466678723e-03
8.281250000000000000e-01 2.343750000000000000e-01 -2.660661416280868732e-02
8.593750000000000000e-01 2.343750000000000000e-01 -4.363226360216367755e-02
8.906250000000000000e-01 2.343750000000000000e-01 -7.148578677347794397e-02
9.218750000000000000e-01 2.343750000000000000e-01 -9.240819657648254026e-02
9.531250000000000000e-01 2.343750000000000000e-01 -1.241563704197304746e-01
9.843750000000000000e-01 2.343750000000000000e-01 -1.489703650446889405e-01
1.562500000000000000e-02 2.656250000000000000e-01 -1.493317535284492681e-01
4.687500000000000000e-02 2.656250000000000000e-01 -1.244311780645301624e-01
7.812500000000000000e-02 2.656250000000000000e-01 -9.261278165862177336e-02
1.093750000000000000e-01 2.656250000000000000e-01 -7.163310916577549092e-02
1.406250000000000000e-01 2.656250000000000000e-01 -4.373279442758976759e-02
1.718750000000000000e-01 2.656250000000000000e-01 -2.666913022960621521e-02
2.031250000000000000e-01 2.656250000000000000e-01 -2.683311807493026294e-03
2.343750000000000000e-01 2.656250000000000000e-01 1.046691016331287652e-02
2.656250000000000000e-01 2.656250000000000000e-01 3.054009034307555992e-02
2.968750000000000000e-01 2.656250000000000000e-01 3.977830998293323955e-02
3.281250000000000000e-01 2.656250000000000000e-01 5.594008577052786424e-02
3.593750000000000000e-01 2.656250000000000000e-01 6.126749459346476218e-02
3.906250000000000000e-01 2.656250000000000000e-01 7.351910212366502551e-02
4.218750000000000000e-01 2.656250000000000000e-01 7.493703468889455210e-02
4.531250000000000000e-01 2.656250000000000000e-01 8.327991703852377636e-02
4.843750000000000000e-01 2.656250000000000000e-01 8.078992036030048507e-02
5.156250000000000000e-01 2.656250000000000000e-01 8.522570463970234600e-02
5.468750000000000000e-01 2.656250000000000000e-01 7.882945796148403683e-02
5.781250000000000000e-01 2.656250000000000000e-01 7.935984031110213111e-02
6.093750000000000000e-01 2.656250000000000000e-01 6.905902287634674286e-02
6.406250000000000000e-01 2.656250000000000000e-01 6.568563040652514173e-02
6.718750000000000000e-01 2.656250000000000000e-01 5.148178922948938585e-02
7.031250000000000000e-01 2.656250000000000000e-01 4.420606501705624108e-02
7.343750000000000000e-01 2.656250000000000000e-01 2.610053465694118363e-02
7.656250000000000000e-01 2.656250000000000000e-01 1.492371483666907542e-02
7.968750000000000000e-01 2.656250000000000000e-01 -7.082313192486437183e-03
8.281250000000000000e-01 2.656250000000000000e-01 -2.215899477041636048e-02
8.593750000000000000e-01 2.656250000000000000e-01 -4.806408057239014431e-02
8.906250000000000000e-01 2.656250000000000000e-01 -6.703876583425469327e-02
9.218750000000000000e-01 2.656250000000000000e-01 -9.684034334135109556e-02
9.531250000000000000e-01 2.656250000000000000e-01 -1.197094469355074881e-01
9.843750000000000000e-01 2.656250000000000000e-01 -1.534026214715240588e-01
1.562500000000000000e-02 2.968750000000000000e-01 -1.537686337298924677e-01
4.687500000000000000e-02 2.968750000000000000e-01 -1.199911255954236866e-01
7.812500000000000000e-02 2.968750000000000000e-01 -9.705339014931833874e-02
1.093750000000000000e-01 2.968750000000000000e-01 -6.719590823231835763e-02
1.406250000000000000e-01 2.968750000000000000e-01 -4.817575669236003749e-02
1.718750000000000000e-01 2.968750000000000000e-01 -2.223392041436959496e-02
2.031250000000000000e-01 2.968750000000000000e-01 -7.127947734648757555e-03
2.343750000000000000e-01 2.968750000000000000e-01 1.490084367849180830e-02
2.656250000000000000e-01 2.968750000000000000e-01 2.609463433091588694e-02
2.968750000000000000e-01 2.968750000000000000e-01 4.421196534307630238e-02
3.281250000000000000e-01 2.968750000000000000e-01 5.149491876542768021e-02
3.593750000000000000e-01 2.968750000000000000e-01 6.570201626558042074e-02
3.906250000000000000e-01 2.968750000000000000e-01 6.907533527211809354e-02
4.218750000000000000e-01 2.968750000000000000e-01 7.937342618276979622e-02
4.531250000000000000e-01 2.968750000000000000e-01 7.883839151634659814e-02
4.843750000000000000e-01 2.968750000000000000e-01 8.522881281877456305e-02
5.156250000000000000e-01 2.968750000000000000e-01 8.078681218123036356e-02
5.468750000000000000e-01 2.968750000000000000e-01 8.327098348365383207e-02
5.781250000000000000e-01 2.968750000000000000e-01 7.492344881723975170e-02
6.093750000000000000e-01 2.968750000000000000e-01 7.350278972787623044e-02
6.406250000000000000e-01 2.968750000000000000e-01 6.125110873443419257e-02
6.718750000000000000e-01 2.968750000000000000e-01 5.592695623456155757e-02
7.031250000000000000e-01 2.968750000000000000e-01 3.977240965694027464e-02
7.343750000000000000e-01 2.968750000000000000e-01 3.054599066906856994e-02
7.656250000000000000e-01 2.968750000000000000e-01 1.048978132152751652e-02
7.968750000000000000e-01 2.968750000000000000e-01 -2.637677265371061661e-03
8.281250000000000000e-01 2.968750000000000000e-01 -2.659420458561070899e-02
8.593750000000000000e-01 2.968750000000000000e-01 -4.362111830766494946e-02
8.906250000000000000e-01 2.968750000000000000e-01 -7.147596676765569090e-02
9.218750000000000000e-01 2.968750000000000000e-01 -9.239973485071578674e-02
9.531250000000000000e-01 2.968750000000000000e-01 -1.241494994045490852e-01
9.843750000000000000e-01 2.968750000000000000e-01 -1.489657412701450856e-01
1.562500000000000000e-02 3.281250000000000000e-01 -1.493173620367082843e-01
4.687500000000000000e-02 3.281250000000000000e-01 -1.244227234941992360e-01
7.812500000000000000e-02 3.281250000000000000e-01 -9.260885515791696110e-02
1.093750000000000000e-01 3.281250000000000000e-01 -7.163279987276899297e-02
1.406250000000000000e-01 3.281250000000000000e-01 -4.373545168514833548e-02
1.718750000000000000e-01 3.281250000000000000e-01 -2.667423750130141352e-02
2.031250000000000000e-01 3.281250000000000000e-01 -2.690373737240561378e-03
2.343750000000000000e-01 3.281250000000000000e-01 1.045841662899710256e-02
2.656250000000000000e-01 3.281250000000000000e-01 3.053071991562587850e-02
2.968750000000000000e-01 3.281250000000000000e-01 3.976865054842006891e-02
3.281250000000000000e-01 3.281250000000000000e-01 5.593071534307671872e-02
3.593750000000000000e-01 3.281250000000000000e-01 6.125896993689195630e-02
3.906250000000000000e-01 3.281250000000000000e-01 7.351191182504979160e-02
4.218750000000000000e-01 3.281250000000000000e-01 7.493159186921981296e-02
4.531250000000000000e-01 3.281250000000000000e-01 8.327652374383968936e-02
4.843750000000000000e-01 3.281250000000000000e-01 8.078876914697176448e-02
5.156250000000000000e-01 3.281250000000000000e-01 8.522685585303144129e-02
5.468750000000000000e-01 3.281250000000000000e-01 7.883285125616677769e-02
5.781250000000000000e-01 3.281250000000000000e-01 7.936528313077771679e-02
6.093750000000000000e-01 3.281250000000000000e-01 6.906621317496165757e-02
6.406250000000000000e-01 3.281250000000000000e-01 6.569415506309954356e-02
6.718750000000000000e-01 3.281250000000000000e-01 5.149115965693821378e-02
7.031250000000000000e-01 3.281250000000000000e-01 4.421572445156607412e-02
7.343750000000000000e-01 3.281250000000000000e-01 2.610990508439213487e-02
7.656250000000000000e-01 3.281250000000000000e-01 1.493220837098245199e-02
7.968750000000000000e-01 3.281250000000000000e-01 -7.075251262736995637e-03
8.281250000000000000e-01 3.281250000000000000e-01 -2.215388749872409038e-02
8.593750000000000000e-01 3.281250000000000000e-01 -4.806142331482619184e-02
8.906250000000000000e-01 3.281250000000000000e-01 -6.703907512726969831e-02
9.218750000000000000e-01 3.281250000000000000e-01 -9.684426984205589395e-02
9.531250000000000000e-01 3.281250000000000000e-01 -1.197179015058362356e-01
9.843750000000000000e-01 3.281250000000000000e-01 -1.534170129632630719e-01
1.562500000000000000e-02 3.593750000000000000e-01 -1.537372182257404074e-01
4.687500000000000000e-02 3.593750000000000000e-01 -1.199686081434644391e-01
7.812500000000000000e-02 3.593750000000000000e-01 -9.703790187184549443e-02
1.093750000000000000e-01 3.593750000000000000e-01 -6.718602866045918220e-02
1.406250000000000000e-01 3.593750000000000000e-01 -4.817040077754267124e-02
1.718750000000000000e-01 3.593750000000000000e-01 -2.223219943344866695e-02
2.031250000000000000e-01 3.593750000000000000e-01 -7.129094800658590525e-03
2.343750000000000000e-01 3.593750000000000000e-01 1.489753122036280991e-02
2.656250000000000000e-01 3.593750000000000000e-01 2.608982472038159223e-02
2.968750000000000000e-01 3.593750000000000000e-01 4.420628942057357874e-02
3.281250000000000000e-01 3.593750000000000000e-01 5.148897437695555690e-02
3.593750000000000000e-01 3.593750000000000000e-01 6.569634034307726689e-02
3.906250000000000000e-01 3.593750000000000000e-01 6.907040133306716068e-02
4.218750000000000000e-01 3.593750000000000000e-01 7.936961450877293156e-02
4.531250000000000000e-01 3.593750000000000000e-01 7.883598935534760765e-02
4.843750000000000000e-01 3.593750000000000000e-01 8.522799146504289602e-02
5.156250000000000000e-01 3.593750000000000000e-01 8.078763353496132282e-02
5.468750000000000000e-01 3.593750000000000000e-01 8.327338564465200377e-02
5.781250000000000000e-01 3.593750000000000000e-01 7.492726049123590859e-02
6.093750000000000000e-01 3.593750000000000000e-01 7.350772366692735760e-02
6.406250000000000000e-01 3.593750000000000000e-01 6.125678465693580599e-02
6.718750000000000000e-01 3.593750000000000000e-01 5.593290062303284127e-02
7.031250000000000000e-01 3.593750000000000000e-01 3.977808557944266521e-02
7.343750000000000000e-01 3.593750000000000000e-01 3.055080027959996766e-02
7.656250000000000000e-01 3.593750000000000000e-01 1.049309377965885678e-02
7.968750000000000000e-01 3.593750000000000000e-01 -2.636530199365543815e-03
8.281250000000000000e-01 3.593750000000000000e-01 -2.659592556652312992e-02
8.593750000000000000e-01 3.593750000000000000e-01 -4.362647422249247425e-02
8.906250000000000000e-01 3.593750000000000000e-01 -7.148584633950894052e-02
9.218750000000000000e-01 3.593750000000000000e-01 -9.241522312818911677e-02
9.531250000000000000e-01 3.593750000000000000e-01 -1.241720168565050297e-01
9.843750000000000000e-01 3.593750000000000000e-01 -1.489971567742953418e-01
1.562500000000000000e-02 3.906250000000000000e-01 -1.492713300324487458e-01
4.687500000000000000e-02 3.906250000000000000e-01 -1.243879493770408823e-01
7.812500000000000000e-02 3.906250000000000000e-01 -9.258313534678810908e-02
1.093750000000000000e-01 3.906250000000000000e-01 -7.161438474337424032e-02
1.406250000000000000e-01 3.906250000000000000e-01 -4.372292245198348276e-02
1.718750000000000000e-01 3.906250000000000000e-01 -2.666643099271303122e-02
2.031250000000000000e-01 3.906250000000000000e-01 -2.686299859422181489e-03
2.343750000000000000e-01 3.906250000000000000e-01 1.045962266238383009e-02
2.656250000000000000e-01 3.906250000000000000e-01 3.052982856248739885e-02
2.968750000000000000e-01 3.906250000000000000e-01 3.976635904172852454e-02
3.281250000000000000e-01 3.906250000000000000e-01 5.592764386110356256e-02
3.593750000000000000e-01 3.906250000000000000e-01 6.125566798078223296e-02
3.906250000000000000e-01 3.906250000000000000e-01 7.350884034307675341e-02
4.218750000000000000e-01 3.906250000000000000e-01 7.492912554537244085e-02
4.531250000000000000e-01 3.906250000000000000e-01 8.327493212312490900e-02
4.843750000000000000e-01 3.906250000000000000e-01 8.078822085982664825e-02
5.156250000000000000e-01 3.906250000000000000e-01 8.522740414017490607e-02
5.468750000000000000e-01 3.906250000000000000e-01 7.883444287688165519e-02
5.781250000000000000e-01 3.906250000000000000e-01 7.936774945462370112e-02
6.093750000000000000e-01 3.906250000000000000e-01 6.906928465693398800e-02
6.406250000000000000e-01 3.906250000000000000e-01 6.569745701920962078e-02
6.718750000000000000e-01 3.906250000000000000e-01 5.149423113891053033e-02
7.031250000000000000e-01 3.906250000000000000e-01 4.421801595825506498e-02
7.343750000000000000e-01 3.906250000000000000e-01 2.611079643752944185e-02
7.656250000000000000e-01 3.906250000000000000e-01 1.493100233759515200e-02
7.968750000000000000e-01 3.906250000000000000e-01 -7.079325140550730804e-03
8.281250000000000000e-01 3.906250000000000000e-01 -2.216169400731574091e-02
8.593750000000000000e-01 3.906250000000000000e-01 -4.807395254798503548e-02
8.906250000000000000e-01 3.906250000000000000e-01 -6.705749025666200847e-02
9.218750000000000000e-01 3.906250000000000000e-01 -9.686998965317940302e-02
9.531250000000000000e-01 3.906250000000000000e-01 -1.197526756229958661e-01
9.843750000000000000e-01 3.906250000000000000e-01 -1.534630449675248309e-01
1.562500000000000000e-02 4.218750000000000000e-01 -1.536792705839828133e-01
4.687500000000000000e-02 4.218750000000000000e-01 -1.199237131994548983e-01
7.812500000000000000e-02 4.218750000000000000e-01 -9.700365682659678468e-02
1.093750000000000000e-01 4.218750000000000000e-01 -6.716044138377935679e-02
1.406250000000000000e-01 4.218750000000000000e-01 -4.815182949751581343e-02
1.718750000000000000e-01 4.218750000000000000e-01 -2.221927033024662101e-02
2.031250000000000000e-01 4.218750000000000000e-01 -7.120648895146229097e-03
2.343750000000000000e-01 4.218750000000000000e-01 1.490248910563316334e-02
2.656250000000000000e-01 4.218750000000000000e-01 2.609215962495533420e-02
2.968750000000000000e-01 4.218750000000000000e-01 4.420675450338359957e-02
3.281250000000000000e-01 4.218750000000000000e-01 5.148822744462967088e-02
3.593750000000000000e-01 4.218750000000000000e-01 6.569494117738089445e-02
3.906250000000000000e-01 4.218750000000000000e-01 6.906881876847748014e-02
4.218750000000000000e-01 4.218750000000000000e-01 7.936821534307793302e-02
4.531250000000000000e-01 4.218750000000000000e-01 7.883504272459897211e-02
4.843750000000000000e-01 4.218750000000000000e-01 8.522765717560679133e-02
5.156250000000000000e-01 4.218750000000000000e-01 8.078796782439706670e-02
5.468750000000000000e-01 4.218750000000000000e-01 8.327433227539818295e-02
5.781250000000000000e-01 4.218750000000000000e-01 7.492865965693124020e-02
6.093750000000000000e-01 4.218750000000000000e-01 7.350930623151778753e-02
6.406250000000000000e-01 4.218750000000000000e-01 6.125818382263150536e-02
6.718750000000000000e-01 4.218750000000000000e-01 5.593364755536015670e-02
7.031250000000000000e-01 4.218750000000000000e-01 3.977762049663216559e-02
7.343750000000000000e-01 4.218750000000000000e-01 3.054846537502877574e-02
7.656250000000000000e-01 4.218750000000000000e-01 1.048813589438582147e-02
7.968750000000000000e-01 4.218750000000000000e-01 -2.644976104880954020e-03
8.281250000000000000e-01 4.218750000000000000e-01 -2.660885466972227886e-02
8.593750000000000000e-01 4.218750000000000000e-01 -4.364504550251974146e-02
8.906250000000000000e-01 4.218750000000000000e-01 -7.151143361618569894e-02
9.218750000000000000e-01 4.218750000000000000e-01 -9.244946817344000534e-02
9.531250000000000000e-01 4.218750000000000000e-01 -1.242169118005160139e-01
9.843750000000000000e-01 4.218750000000000000e-01 -1.490551044160556005e-01
1.562500000000000000e-02 4.531250000000000000e-01 -1.492043277636535825e-01
4.687500000000000000e-02 4.531250000000000000e-01 -1.243353071804564475e-01
7.812500000000000000e-02 4.531250000000000000e-01 -9.254230965491232197e-02
1.093750000000000000e-01 4.531250000000000000e-01 -7.158323600551509680e-02
1.406250000000000000e-01 4.531250000000000000e-01 -4.369964808143705221e-02
1.718750000000000000e-01 4.531250000000000000e-01 -2.664951624844740311e-02
2.031250000000000000e-01 4.531250000000000000e-01 -2.674460928152811584e-03
2.343750000000000000e-01 4.531250000000000000e-01 1.046747899819818611e-02
2.656250000000000000e-01 4.531250000000000000e-01 3.053463864762883187e-02
2.968750000000000000e-01 4.531250000000000000e-01 3.976892779750369755e-02
3.281250000000000000e-01 4.531250000000000000e-01 5.592865694231483054e-02
3.593750000000000000e-01 4.531250000000000000e-01 6.125570495850237579e-02
3.906250000000000000e-01 4.531250000000000000e-01 7.350837356303076275e-02
4.218750000000000000e-01 4.531250000000000000e-01 7.492852658924913090e-02
4.531250000000000000e-01 4.531250000000000000e-01 8.327446534307873793e-02
4.843750000000000000e-01 4.531250000000000000e-01 8.078804790395566204e-02
5.156250000000000000e-01 4.531250000000000000e-01 8.522757709604675269e-02
5.468750000000000000e-01 4.531250000000000000e-01 7.883490965692907526e-02
5.781250000000000000e-01 4.531250000000000000e-01 7.936834841074716373e-02
6.093750000000000000e-01 4.531250000000000000e-01 6.906975143698076969e-02
6.406250000000000000e-01 4.531250000000000000e-01 6.569742004149072001e-02
6.718750000000000000e-01 4.531250000000000000e-01 5.149321805770081667e-02
7.031250000000000000e-01 4.531250000000000000e-01 4.421544720248384019e-02
7.343750000000000000e-01 4.531250000000000000e-01 2.610598635238783535e-02
7.656250000000000000e-01 4.531250000000000000e-01 1.492314600178003964e-02
7.968750000000000000e-01 4.531250000000000000e-01 -7.091164071823024585e-03
8.281250000000000000e-01 4.531250000000000000e-01 -2.217860875158574052e-02
8.593750000000000000e-01 4.531250000000000000e-01 -4.809722691852942600e-02
8.906250000000000000e-01 4.531250000000000000e-01 -6.708863899451940338e-02
9.218750000000000000e-01 4.531250000000000000e-01 -9.691081534504794592e-02
9.531250000000000000e-01 4.531250000000000000e-01 -1.198053178195808144e-01
9.843750000000000000e-01 4.531250000000000000e-01 -1.535300472363125279e-01
1.562500000000000000e-02 4.843750000000000000e-01 -1.536061865238643742e-01
4.687500000000000000e-02 4.843750000000000000e-01 -1.198658340268323602e-01
7.812500000000000000e-02 4.843750000000000000e-01 -9.695836478739031095e-02
1.093750000000000000e-01 4.843750000000000000e-01 -6.712550000960328112e-02
1.406250000000000000e-01 4.843750000000000000e-01 -4.812534291056275865e-02
1.718750000000000000e-01 4.843750000000000000e-01 -2.219963060211736089e-02
2.031250000000000000e-01 4.843750000000000000e-01 -7.106493690564769615e-03
2.343750000000000000e-01 4.843750000000000000e-01 1.491231811412020367e-02
2.656250000000000000e-01 4.843750000000000000e-01 2.609864895355343967e-02
2.968750000000000000e-01 4.843750000000000000e-01 4.421074286738132381e-02
3.281250000000000000e-01 4.843750000000000000e-01 5.149042516687932225e-02
3.593750000000000000e-01 4.843750000000000000e-01 6.569593922111303941e-02
3.906250000000000000e-01 4.843750000000000000e-01 6.906909845402309234e-02
4.218750000000000000e-01 4.843750000000000000e-01 7.936814851054947717e-02
4.531250000000000000e-01 4.843750000000000000e-01 7.883489640989485570e-02
4.843750000000000000e-01 4.843750000000000000e-01 8.522759034307716974e-02
5.156250000000000000e-01 4.843750000000000000e-01 8.078803465692682706e-02
5.468750000000000000e-01 4.843750000000000000e-01 8.327447859010402020e-02
5.781250000000000000e-01 4.843750000000000000e-01 7.492872648946082015e-02
6.093750000000000000e-01 4.843750000000000000e-01 7.350902654596984387e-02
6.406250000000000000e-01 4.843750000000000000e-01 6.125718577889927019e-02
6.718750000000000000e-01 4.843750000000000000e-01 5.593144983311086615e-02
7.031250000000000000e-01 4.843750000000000000e-01 3.977363213263584996e-02
7.343750000000000000e-01 4.843750000000000000e-01 3.054197604643440339e-02
7.656250000000000000e-01 4.843750000000000000e-01 1.047830688589630049e-02
7.968750000000000000e-01 4.843750000000000000e-01 -2.659131309460888680e-03
8.281250000000000000e-01 4.843750000000000000e-01 -2.662849439785407862e-02
8.593750000000000000e-01 4.843750000000000000e-01 -4.367153208947767429e-02
8.906250000000000000e-01 4.843750000000000000e-01 -7.154637499035888804e-02
9.218750000000000000e-01 4.843750000000000000e-01 -9.249476021266481163e-02
9.531250000000000000e-01 4.843750000000000000e-01 -1.242747909731334588e-01
9.843750000000000000e-01 4.843750000000000000e-01 -1.491281884761708199e-01
1.562500000000000000e-02 5.156250000000000000e-01 -1.491281884761411769e-01
4.687500000000000000e-02 5.156250000000000000e-01 -1.242747909731727052e-01
7.812500000000000000e-02 5.156250000000000000e-01 -9.249476021261852920e-02
1.093750000000000000e-01 5.156250000000000000e-01 -7.154637499040167326e-02
1.406250000000000000e-01 5.156250000000000000e-01 -4.367153208944013487e-02
1.718750000000000000e-01 5.156250000000000000e-01 -2.662849439788745817e-02
2.031250000000000000e-01 5.156250000000000000e-01 -2.659131309434860022e-03
2.343750000000000000e-01 5.156250000000000000e-01 1.047830688587183048e-02
2.656250000000000000e-01 5.156250000000000000e-01 3.054197604645812747e-02
2.968750000000000000e-01 5.156250000000000000e-01 3.977363213262175012e-02
3.281250000000000000e-01 5.156250000000000000e-01 5.593144983312460516e-02
3.593750000000000000e-01 5.156250000000000000e-01 6.125718577888898675e-02
3.906250000000000000e-01 5.156250000000000000e-01 7.350902654598029384e-02
4.218750000000000000e-01 5.156250000000000000e-01 7.492872648945259062e-02
4.531250000000000000e-01 5.156250000000000000e-01 8.327447859010804476e-02
4.843750000000000000e-01 5.156250000000000000e-01 8.078803465692573071e-02
5.156250000000000000e-01 5.156250000000000000e-01 8.522759034307583748e-02
5.468750000000000000e-01 5.156250000000000000e-01 7.883489640989750635e-02
5.781250000000000000e-01 5.156250000000000000e-01 7.936814851054360687e-02
6.093750000000000000e-01 5.156250000000000000e-01 6.906909845403023940e-02
6.406250000000000000e-01 5.156250000000000000e-01 6.569593922110318618e-02
6.718750000000000000e-01 5.156250000000000000e-01 5.149042516689018856e-02
7.031250000000000000e-01 5.156250000000000000e-01 4.421074286736641906e-02
7.343750000000000000e-01 5.156250000000000000e-01 2.609864895356678663e-02
7.656250000000000000e-01 5.156250000000000000e-01 1.491231811410539260e-02
7.968750000000000000e-01 5.156250000000000000e-01 -7.106493690539758372e-03
8.281250000000000000e-01 5.156250000000000000e-01 -2.219963060214476258e-02
8.593750000000000000e-01 5.156250000000000000e-01 -4.812534291052691232e-02
8.906250000000000000e-01 5.156250000000000000e-01 -6.712550000963642127e-02
9.218750000000000000e-01 5.156250000000000000e-01 -9.695836478734791430e-02
9.531250000000000000e-01 5.156250000000000000e-01 -1.198658340268629607e-01
9.843750000000000000e-01 5.156250000000000000e-01 -1.536061865238299573e-01
1.562500000000000000e-02 5.468750000000000000e-01 -1.535300472363532454e-01
4.687500000000000000e-02 5.468750000000000000e-01 -1.198053178195469387e-01
7.812500000000000000e-02 5.468750000000000000e-01 -9.691081534508910744e-02
1.093750000000000000e-01 5.468750000000000000e-01 -6.708863899448479218e-02
1.406250000000000000e-01 5.468750000000000000e-01 -4.809722691856557764e-02
1.718750000000000000e-01 5.468750000000000000e-01 -2.217860875155436631e-02
2.031250000000000000e-01 5.468750000000000000e-01 -7.091164071853021424e-03
2.343750000000000000e-01 5.468750000000000000e-01 1.492314600180530068e-02
2.656250000000000000e-01 5.468750000000000000e-01 2.610598635236591886e-02
2.968750000000000000e-01 5.468750000000000000e-01 4.421544720250219357e-02
3.281250000000000000e-01 5.468750000000000000e-01 5.149321805768456578e-02
3.593750000000000000e-01 5.468750000000000000e-01 6.569742004150240511e-02
3.906250000000000000e-01 5.468750000000000000e-01 6.906975143696966746e-02
4.218750000000000000e-01 5.468750000000000000e-01 7.936834841075596225e-02
4.531250000000000000e-01 5.468750000000000000e-01 7.883490965692332986e-02
4.843750000000000000e-01 5.468750000000000000e-01 8.522757709604998622e-02
5.156250000000000000e-01 5.468750000000000000e-01 8.078804790395360813e-02
5.468750000000000000e-01 5.468750000000000000e-01 8.327446534307687831e-02
5.781250000000000000e-01 5.468750000000000000e-01 7.492852658925217013e-02
6.093750000000000000e-01 5.468750000000000000e-01 7.350837356302541981e-02
6.406250000000000000e-01 5.468750000000000000e-01 6.125570495850962000e-02
6.718750000000000000e-01 5.468750000000000000e-01 5.592865694230549772e-02
7.031250000000000000e-01 5.468750000000000000e-01 3.976892779751473733e-02
7.343750000000000000e-01 5.468750000000000000e-01 3.053463864761771229e-02
7.656250000000000000e-01 5.468750000000000000e-01 1.046747899821732705e-02
7.968750000000000000e-01 5.468750000000000000e-01 -2.674460928172348040e-03
8.281250000000000000e-01 5.468750000000000000e-01 -2.664951624842009856e-02
8.593750000000000000e-01 5.468750000000000000e-01 -4.369964808146425961e-02
8.906250000000000000e-01 5.468750000000000000e-01 -7.158323600547933374e-02
9.218750000000000000e-01 5.468750000000000000e-01 -9.254230965494515682e-02
9.531250000000000000e-01 5.468750000000000000e-01 -1.243353071804258470e-01
9.843750000000000000e-01 5.468750000000000000e-01 -1.492043277636816712e-01
1.562500000000000000e-02 5.781250000000000000e-01 -1.490551044160224325e-01
4.687500000000000000e-02 5.781250000000000000e-01 -1.242169118005542888e-01
7.812500000000000000e-02 5.781250000000000000e-01 -9.244946817340712886e-02
1.093750000000000000e-01 5.781250000000000000e-01 -7.151143361621954686e-02
1.406250000000000000e-01 5.781250000000000000e-01 -4.364504550248983483e-02
1.718750000000000000e-01 5.781250000000000000e-01 -2.660885466975450309e-02
2.031250000000000000e-01 5.781250000000000000e-01 -2.644976104852989410e-03
2.343750000000000000e-01 5.781250000000000000e-01 1.048813589435869734e-02
2.656250000000000000e-01 5.781250000000000000e-01 3.054846537504931139e-02
2.968750000000000000e-01 5.781250000000000000e-01 3.977762049661134197e-02
3.281250000000000000e-01 5.781250000000000000e-01 5.593364755537608840e-02
3.593750000000000000e-01 5.781250000000000000e-01 6.125818382261605244e-02
3.906250000000000000e-01 5.781250000000000000e-01 7.350930623152941712e-02
4.218750000000000000e-01 5.781250000000000000e-01 7.492865965692151187e-02
4.531250000000000000e-01 5.781250000000000000e-01 8.327433227540567695e-02
4.843750000000000000e-01 5.781250000000000000e-01 8.078796782439354174e-02
5.156250000000000000e-01 5.781250000000000000e-01 8.522765717560892851e-02
5.468750000000000000e-01 5.781250000000000000e-01 7.883504272460034601e-02
5.781250000000000000e-01 5.781250000000000000e-01 7.936821534307665627e-02
6.093750000000000000e-01 5.781250000000000000e-01 6.906881876848050550e-02
6.406250000000000000e-01 5.781250000000000000e-01 6.569494117737646743e-02
6.718750000000000000e-01 5.781250000000000000e-01 5.148822744463681794e-02
7.031250000000000000e-01 5.781250000000000000e-01 4.420675450337515494e-02
7.343750000000000000e-01 5.781250000000000000e-01 2.609215962496633928e-02
7.656250000000000000e-01 5.781250000000000000e-01 1.490248910562186682e-02
7.968750000000000000e-01 5.781250000000000000e-01 -7.120648895124865978e-03
8.281250000000000000e-01 5.781250000000000000e-01 -2.221927033027253778e-02
8.593750000000000000e-01 5.781250000000000000e-01 -4.815182949748343655e-02
8.906250000000000000e-01 5.781250000000000000e-01 -6.716044138380483641e-02
9.218750000000000000e-01 5.781250000000000000e-01 -9.700365682656844624e-02
9.531250000000000000e-01 5.781250000000000000e-01 -1.199237131994765337e-01
9.843750000000000000e-01 5.781250000000000000e-01 -1.536792705839553352e-01
1.562500000000000000e-02 6.093750000000000000e-01 -1.534630449675605801e-01
4.687500000000000000e-02 6.093750000000000000e-01 -1.197526756229634892e-01
7.812500000000000000e-02 6.093750000000000000e-01 -9.686998965321699795e-02
1.093750000000000000e-01 6.093750000000000000e-01 -6.705749025662985363e-02
1.406250000000000000e-01 6.093750000000000000e-01 -4.807395254801869605e-02
1.718750000000000000e-01 6.093750000000000000e-01 -2.216169400728541794e-02
2.031250000000000000e-01 6.093750000000000000e-01 -7.079325140579792626e-03
2.343750000000000000e-01 6.093750000000000000e-01 1.493100233762147816e-02
2.656250000000000000e-01 6.093750000000000000e-01 2.611079643750541246e-02
2.968750000000000000e-01 6.093750000000000000e-01 4.421801595827559023e-02
3.281250000000000000e-01 6.093750000000000000e-01 5.149423113889096265e-02
3.593750000000000000e-01 6.093750000000000000e-01 6.569745701922415082e-02
3.906250000000000000e-01 6.093750000000000000e-01 6.906928465691994368e-02
4.218750000000000000e-01 6.093750000000000000e-01 7.936774945463495601e-02
4.531250000000000000e-01 6.093750000000000000e-01 7.883444287687330077e-02
4.843750000000000000e-01 6.093750000000000000e-01 8.522740414018208088e-02
5.156250000000000000e-01 6.093750000000000000e-01 8.078822085982309553e-02
5.468750000000000000e-01 6.093750000000000000e-01 8.327493212312823967e-02
5.781250000000000000e-01 6.093750000000000000e-01 7.492912554537281555e-02
6.093750000000000000e-01 6.093750000000000000e-01 7.350884034307608728e-02
6.406250000000000000e-01 6.093750000000000000e-01 6.125566798078620895e-02
6.718750000000000000e-01 6.093750000000000000e-01 5.592764386109982250e-02
7.031250000000000000e-01 6.093750000000000000e-01 3.976635904174032066e-02
7.343750000000000000e-01 6.093750000000000000e-01 3.052982856247931504e-02
7.656250000000000000e-01 6.093750000000000000e-01 1.045962266239736441e-02
7.968750000000000000e-01 6.093750000000000000e-01 -2.686299859441007576e-03
8.281250000000000000e-01 6.093750000000000000e-01 -2.666643099269471254e-02
8.593750000000000000e-01 6.093750000000000000e-01 -4.372292245200624927e-02
8.906250000000000000e-01 6.093750000000000000e-01 -7.161438474334917703e-02
9.218750000000000000e-01 6.093750000000000000e-01 -9.258313534681195112e-02
9.531250000000000000e-01 6.093750000000000000e-01 -1.243879493770176370e-01
9.843750000000000000e-01 6.093750000000000000e-01 -1.492713300324674808e-01
1.562500000000000000e-02 6.406250000000000000e-01 -1.489971567742646164e-01
4.687500000000000000e-02 6.406250000000000000e-01 -1.241720168565390719e-01
7.812500000000000000e-02 6.406250000000000000e-01 -9.241522312816036200e-02
1.093750000000000000e-01 6.406250000000000000e-01 -7.148584633954406520e-02
1.406250000000000000e-01 6.406250000000000000e-01 -4.362647422246018064e-02
1.718750000000000000e-01 6.406250000000000000e-01 -2.659592556655563864e-02
2.031250000000000000e-01 6.406250000000000000e-01 -2.636530199336803784e-03
2.343750000000000000e-01 6.406250000000000000e-01 1.049309377963176040e-02
2.656250000000000000e-01 6.406250000000000000e-01 3.055080027962277234e-02
2.968750000000000000e-01 6.406250000000000000e-01 3.977808557941856643e-02
3.281250000000000000e-01 6.406250000000000000e-01 5.593290062305043137e-02
3.593750000000000000e-01 6.406250000000000000e-01 6.125678465691735547e-02
3.906250000000000000e-01 6.406250000000000000e-01 7.350772366694074966e-02
4.218750000000000000e-01 6.406250000000000000e-01 7.492726049122329368e-02
4.531250000000000000e-01 6.406250000000000000e-01 8.327338564466289783e-02
4.843750000000000000e-01 6.406250000000000000e-01 8.078763353495418964e-02
5.156250000000000000e-01 6.406250000000000000e-01 8.522799146504959900e-02
5.468750000000000000e-01 6.406250000000000000e-01 7.883598935534429086e-02
5.781250000000000000e-01 6.406250000000000000e-01 7.936961450877566548e-02
6.093750000000000000e-01 6.406250000000000000e-01 6.907040133306759089e-02
6.406250000000000000e-01 6.406250000000000000e-01 6.569634034307594850e-02
6.718750000000000000e-01 6.406250000000000000e-01 5.148897437696143414e-02
7.031250000000000000e-01 6.406250000000000000e-01 4.420628942056897132e-02
7.343750000000000000e-01 6.406250000000000000e-01 2.608982472039232323e-02
7.656250000000000000e-01 6.406250000000000000e-01 1.489753122035218647e-02
7.968750000000000000e-01 6.406250000000000000e-01 -7.129094800645818623e-03
8.281250000000000000e-01 6.406250000000000000e-01 -2.223219943346668726e-02
8.593750000000000000e-01 6.406250000000000000e-01 -4.817040077752313826e-02
8.906250000000000000e-01 6.406250000000000000e-01 -6.718602866047219957e-02
9.218750000000000000e-01 6.406250000000000000e-01 -9.703790187182563531e-02
9.531250000000000000e-01 6.406250000000000000e-01 -1.199686081434837848e-01
9.843750000000000000e-01 6.406250000000000000e-01 -1.537372182257217834e-01
1.562500000000000000e-02 6.718750000000000000e-01 -1.534170129632910773e-01
4.687500000000000000e-02 6.718750000000000000e-01 -1.197179015058081192e-01
7.812500000000000000e-02 6.718750000000000000e-01 -9.684426984208784062e-02
1.093750000000000000e-01 6.718750000000000000e-01 -6.703907512723412954e-02
1.406250000000000000e-01 6.718750000000000000e-01 -4.806142331485643154e-02
1.718750000000000000e-01 6.718750000000000000e-01 -2.215388749869257046e-02
2.031250000000000000e-01 6.718750000000000000e-01 -7.075251262767575343e-03
2.343750000000000000e-01 6.718750000000000000e-01 1.493220837100985021e-02
2.656250000000000000e-01 6.718750000000000000e-01 2.610990508436790078e-02
2.968750000000000000e-01 6.718750000000000000e-01 4.421572445158852144e-02
3.281250000000000000e-01 6.718750000000000000e-01 5.149115965691251212e-02
3.593750000000000000e-01 6.718750000000000000e-01 6.569415506311343522e-02
3.906250000000000000e-01 6.718750000000000000e-01 6.906621317494647527e-02
4.218750000000000000e-01 6.718750000000000000e-01 7.936528313079166397e-02
4.531250000000000000e-01 6.718750000000000000e-01 7.883285125615499545e-02
4.843750000000000000e-01 6.718750000000000000e-01 8.522685585304307088e-02
5.156250000000000000e-01 6.718750000000000000e-01 8.078876914696507539e-02
5.468750000000000000e-01 6.718750000000000000e-01 8.327652374384389433e-02
5.781250000000000000e-01 6.718750000000000000e-01 7.493159186921760639e-02
6.093750000000000000e-01 6.718750000000000000e-01 7.351191182505212307e-02
6.406250000000000000e-01 6.718750000000000000e-01 6.125896993689383674e-02
6.718750000000000000e-01 6.718750000000000000e-01 5.593071534307624687e-02
7.031250000000000000e-01 6.718750000000000000e-01 3.976865054842513431e-02
7.343750000000000000e-01 6.718750000000000000e-01 3.053071991562162496e-02
7.656250000000000000e-01 6.718750000000000000e-01 1.045841662900673721e-02
7.968750000000000000e-01 6.718750000000000000e-01 -2.690373737252457244e-03
8.281250000000000000e-01 6.718750000000000000e-01 -2.667423750129044313e-02
8.593750000000000000e-01 6.718750000000000000e-01 -4.373545168516210918e-02
8.906250000000000000e-01 6.718750000000000000e-01 -7.163279987275623928e-02
9.218750000000000000e-01 6.718750000000000000e-01 -9.260885515792913192e-02
9.531250000000000000e-01 6.718750000000000000e-01 -1.244227234941825688e-01
9.843750000000000000e-01 6.718750000000000000e-01 -1.493173620367255483e-01
1.562500000000000000e-02 7.031250000000000000e-01 -1.489657412701143324e-01
4.687500000000000000e-02 7.031250000000000000e-01 -1.241494994045744815e-01
7.812500000000000000e-02 7.031250000000000000e-01 -9.239973485068750381e-02
1.093750000000000000e-01 7.031250000000000000e-01 -7.147596676768790125e-02
1.406250000000000000e-01 7.031250000000000000e-01 -4.362111830763521630e-02
1.718750000000000000e-01 7.031250000000000000e-01 -2.659420458563677842e-02
2.031250000000000000e-01 7.031250000000000000e-01 -2.637677265339362191e-03
2.343750000000000000e-01 7.031250000000000000e-01 1.048978132150146445e-02
2.656250000000000000e-01 7.031250000000000000e-01 3.054599066909237035e-02
2.968750000000000000e-01 7.031250000000000000e-01 3.977240965691423991e-02
3.281250000000000000e-01 7.031250000000000000e-01 5.592695623458841803e-02
3.593750000000000000e-01 7.031250000000000000e-01 6.125110873441698411e-02
3.906250000000000000e-01 7.031250000000000000e-01 7.350278972789395238e-02
4.218750000000000000e-01 7.031250000000000000e-01 7.492344881722490246e-02
4.531250000000000000e-01 7.031250000000000000e-01 8.327098348366596126e-02
4.843750000000000000e-01 7.031250000000000000e-01 8.078681218121892826e-02
5.156250000000000000e-01 7.031250000000000000e-01 8.522881281878211257e-02
5.468750000000000000e-01 7.031250000000000000e-01 7.883839151634176867e-02
5.781250000000000000e-01 7.031250000000000000e-01 7.937342618277536122e-02
6.093750000000000000e-01 7.031250000000000000e-01 6.907533527211755231e-02
6.406250000000000000e-01 7.031250000000000000e-01 6.570201626558100361e-02
6.718750000000000000e-01 7.031250000000000000e-01 5.149491876542905411e-02
7.031250000000000000e-01 7.031250000000000000e-01 4.421196534307531706e-02
7.343750000000000000e-01 7.031250000000000000e-01 2.609463433092112927e-02
7.656250000000000000e-01 7.031250000000000000e-01 1.490084367848882804e-02
7.968750000000000000e-01 7.031250000000000000e-01 -7.127947734641031964e-03
8.281250000000000000e-01 7.031250000000000000e-01 -2.223392041438701505e-02
8.593750000000000000e-01 7.031250000000000000e-01 -4.817575669235028141e-02
8.906250000000000000e-01 7.031250000000000000e-01 -6.719590823232689247e-02
9.218750000000000000e-01 7.031250000000000000e-01 -9.705339014930521035e-02
9.531250000000000000e-01 7.031250000000000000e-01 -1.199911255954368289e-01
9.843750000000000000e-01 7.031250000000000000e-01 -1.537686337298775630e-01
1.562500000000000000e-02 7.343750000000000000e-01 -1.534026214715584202e-01
4.687500000000000000e-02 7.343750000000000000e-01 -1.197094469354733071e-01
7.812500000000000000e-02 7.343750000000000000e-01 -9.684034334139372813e-02
1.093750000000000000e-01 7.343750000000000000e-01 -6.703876583422256619e-02
1.406250000000000000e-01 7.343750000000000000e-01 -4.806408057242044646e-02
1.718750000000000000e-01 7.343750000000000000e-01 -2.215899477038609650e-02
2.031250000000000000e-01 7.343750000000000000e-01 -7.082313192518982330e-03
2.343750000000000000e-01 7.343750000000000000e-01 1.492371483669675467e-02
2.656250000000000000e-01 7.343750000000000000e-01 2.610053465691431623e-02
2.968750000000000000e-01 7.343750000000000000e-01 4.420606501707916719e-02
3.281250000000000000e-01 7.343750000000000000e-01 5.148178922946388542e-02
3.593750000000000000e-01 7.343750000000000000e-01 6.568563040654784579e-02
3.906250000000000000e-01 7.343750000000000000e-01 6.905902287632811887e-02
4.218750000000000000e-01 7.343750000000000000e-01 7.935984031111870118e-02
4.531250000000000000e-01 7.343750000000000000e-01 7.882945796146967332e-02
4.843750000000000000e-01 7.343750000000000000e-01 8.522570463971329557e-02
5.156250000000000000e-01 7.343750000000000000e-01 8.078992036028938284e-02
5.468750000000000000e-01 7.343750000000000000e-01 8.327991703853523942e-02
5.781250000000000000e-01 7.343750000000000000e-01 7.493703468889043040e-02
6.093750000000000000e-01 7.343750000000000000e-01 7.351910212366870312e-02
6.406250000000000000e-01 7.343750000000000000e-01 6.126749459346284010e-02
6.718750000000000000e-01 7.343750000000000000e-01 5.594008577052991121e-02
7.031250000000000000e-01 7.343750000000000000e-01 3.977830998293321874e-02
7.343750000000000000e-01 7.343750000000000000e-01 3.054009034307540033e-02
7.656250000000000000e-01 7.343750000000000000e-01 1.046691016331749782e-02
7.968750000000000000e-01 7.343750000000000000e-01 -2.683311807495348221e-03
8.281250000000000000e-01 7.343750000000000000e-01 -2.666913022959831181e-02
8.593750000000000000e-01 7.343750000000000000e-01 -4.373279442759697710e-02
8.906250000000000000e-01 7.343750000000000000e-01 -7.163310916576581810e-02
9.218750000000000000e-01 7.343750000000000000e-01 -9.261278165862785183e-02
9.531250000000000000e-01 7.343750000000000000e-01 -1.244311780645180610e-01
9.843750000000000000e-01 7.343750000000000000e-01 -1.493317535284583719e-01
1.562500000000000000e-02 7.656250000000000000e-01 -1.489703650446523031e-01
4.687500000000000000e-02 7.656250000000000000e-01 -1.241563704197685553e-01
7.812500000000000000e-02 7.656250000000000000e-01 -9.240819657644405716e-02
1.093750000000000000e-01 7.656250000000000000e-01 -7.148578677351560828e-02
1.406250000000000000e-01 7.656250000000000000e-01 -4.363226360212889982e-02
1.718750000000000000e-01 7.656250000000000000e-01 -2.660661416284301750e-02
2.031250000000000000e-01 7.656250000000000000e-01 -2.651169906435816258e-03
2.343750000000000000e-01 7.656250000000000000e-01 1.047553465691239416e-02
2.656250000000000000e-01 7.656250000000000000e-01 3.053146584947432490e-02
2.968750000000000000e-01 7.656250000000000000e-01 3.975816299232939194e-02
3.281250000000000000e-01 7.656250000000000000e-01 5.591359731516237774e-02
3.593750000000000000e-01 7.656250000000000000e-01 6.123922553419999110e-02
3.906250000000000000e-01 7.656250000000000000e-01 7.349292834854970202e-02
4.218750000000000000e-01 7.656250000000000000e-01 7.491605841947390765e-02
4.531250000000000000e-01 7.656250000000000000e-01 8.326640968436439805e-02
4.843750000000000000e-01 7.656250000000000000e-01 8.078526242796207901e-02
5.156250000000000000e-01 7.656250000000000000e-01 8.523036257203911448e-02
5.468750000000000000e-01 7.656250000000000000e-01 7.884296531564501109e-02
5.781250000000000000e-01 7.656250000000000000e-01 7.938081658052636991e-02
6.093750000000000000e-01 7.656250000000000000e-01 6.908519665146062305e-02
6.406250000000000000e-01 7.656250000000000000e-01 6.571389946579671293e-02
6.718750000000000000e-01 7.656250000000000000e-01 5.150827768484887714e-02
7.031250000000000000e-01 7.656250000000000000e-01 4.422621200766291977e-02
7.343750000000000000e-01 7.656250000000000000e-01 2.610915915053790143e-02
7.656250000000000000e-01 7.656250000000000000e-01 1.491509034307541767e-02
7.968750000000000000e-01 7.656250000000000000e-01 -7.114455093551964350e-03
8.281250000000000000e-01 7.656250000000000000e-01 -2.222151083717214398e-02
8.593750000000000000e-01 7.656250000000000000e-01 -4.816461139785915835e-02
8.906250000000000000e-01 7.656250000000000000e-01 -6.718608822650144752e-02
9.218750000000000000e-01 7.656250000000000000e-01 -9.704492842355004478e-02
9.531250000000000000e-01 7.656250000000000000e-01 -1.199842545802535243e-01
9.843750000000000000e-01 7.656250000000000000e-01 -1.537640099553388151e-01
1.562500000000000000e-02 7.968750000000000000e-01 -1.534275162292138284e-01
4.687500000000000000e-02 7.968750000000000000e-01 -1.197321550168309601e-01
7.812500000000000000e-02 7.968750000000000000e-01 -9.686125063690759207e-02
1.093750000000000000e-01 7.968750000000000000e-01 -6.705866851924760508e-02
1.406250000000000000e-01 7.968750000000000000e-01 -4.808372254334296325e-02
1.718750000000000000e-01 7.968750000000000000e-01 -2.217887528466014682e-02
2.031250000000000000e-01 7.968750000000000000e-01 -7.102590343088044725e-03
2.343750000000000000e-01 7.968750000000000000e-01 1.490322559260727486e-02
2.656250000000000000e-01 7.968750000000000000e-01 2.608025750634462153e-02
2.968750000000000000e-01 7.968750000000000000e-01 4.418660795151464066e-02
3.281250000000000000e-01 7.968750000000000000e-01 5.146382057659586867e-02
3.593750000000000000e-01 7.968750000000000000e-01 6.566983588550756590e-02
3.906250000000000000e-01 7.968750000000000000e-01 6.904601945441189714e-02
4.218750000000000000e-01 7.968750000000000000e-01 7.935015679102380703e-02
4.531250000000000000e-01 7.968750000000000000e-01 7.882348338568628821e-02
4.843750000000000000e-01 7.968750000000000000e-01 8.522368699560192717e-02
5.156250000000000000e-01 7.968750000000000000e-01 8.079193800440265250e-02
5.468750000000000000e-01 7.968750000000000000e-01 8.328589161431514121e-02
5.781250000000000000e-01 7.968750000000000000e-01 7.494671820898567149e-02
6.093750000000000000e-01 7.968750000000000000e-01 7.353210554558697876e-02
6.406250000000000000e-01 7.968750000000000000e-01 6.128328911450205835e-02
6.718750000000000000e-01 7.968750000000000000e-01 5.595805442339908675e-02
7.031250000000000000e-01 7.968750000000000000e-01 3.979776704849631586e-02
7.343750000000000000e-01 7.968750000000000000e-01 3.056036749364720445e-02
7.656250000000000000e-01 7.968750000000000000e-01 1.048739940740442758e-02
7.968750000000000000e-01 7.968750000000000000e-01 -2.663034656923297331e-03
8.281250000000000000e-01 7.968750000000000000e-01 -2.664924971532902850e-02
8.593750000000000000e-01 7.968750000000000000e-01 -4.371315245667139332e-02
8.906250000000000000e-01 7.968750000000000000e-01 -7.161320648074406825e-02
9.218750000000000000e-01 7.968750000000000000e-01 -9.259187436310778452e-02
9.531250000000000000e-01 7.968750000000000000e-01 -1.244084699831588536e-01
9.843750000000000000e-01 7.968750000000000000e-01 -1.493068587708087369e-01
1.562500000000000000e-02 8.281250000000000000e-01 -1.490157181487195559e-01
4.687500000000000000e-02 8.281250000000000000e-01 -1.241941964604211662e-01
7.812500000000000000e-02 8.281250000000000000e-01 -9.244059029751008905e-02
1.093750000000000000e-01 8.281250000000000000e-01 -7.151489889392492749e-02
1.406250000000000000e-01 8.281250000000000000e-01 -4.365987360091008046e-02
1.718750000000000000e-01 8.281250000000000000e-01 -2.663384034308933362e-02
2.031250000000000000e-01 8.281250000000000000e-01 -2.678444029166938706e-03
2.343750000000000000e-01 8.281250000000000000e-01 1.044830847666650131e-02
2.656250000000000000e-01 8.281250000000000000e-01 3.050480045655769648e-02
2.968750000000000000e-01 8.281250000000000000e-01 3.973277389946851257e-02
3.281250000000000000e-01 8.281250000000000000e-01 5.589031818486404207e-02
3.593750000000000000e-01 8.281250000000000000e-01 6.121886988038565541e-02
3.906250000000000000e-01 8.281250000000000000e-01 7.347624969345559198e-02
4.218750000000000000e-01 8.281250000000000000e-01 7.490367398358692419e-02
4.531250000000000000e-01 8.281250000000000000e-01 8.325878943772412055e-02
4.843750000000000000e-01 8.281250000000000000e-01 8.078268871172196441e-02
5.156250000000000000e-01 8.281250000000000000e-01 8.523293628828228219e-02
5.468750000000000000e-01 8.281250000000000000e-01 7.885058556228277671e-02
5.781250000000000000e-01 8.281250000000000000e-01 7.939320101641406113e-02
6.093750000000000000e-01 8.281250000000000000e-01 6.910187530655391430e-02
6.406250000000000000e-01 8.281250000000000000e-01 6.573425511961061840e-02
6.718750000000000000e-01 8.281250000000000000e-01 5.153155681514578340e-02
7.031250000000000000e-01 8.281250000000000000e-01 4.425160110052601958e-02
7.343750000000000000e-01 8.281250000000000000e-01 2.613582454345357228e-02
7.656250000000000000e-01 8.281250000000000000e-01 1.494231652332526222e-02
7.968750000000000000e-01 8.281250000000000000e-01 -7.087180970823518146e-03
8.281250000000000000e-01 8.281250000000000000e-01 -2.219428465692161942e-02
8.593750000000000000e-01 8.281250000000000000e-01 -4.813700139908269615e-02
8.906250000000000000e-01 8.281250000000000000e-01 -6.715697610609139279e-02
9.218750000000000000e-01 8.281250000000000000e-01 -9.701253470248513699e-02
9.531250000000000000e-01 8.281250000000000000e-01 -1.199464285395957786e-01
9.843750000000000000e-01 8.281250000000000000e-01 -1.537186568512746154e-01
1.562500000000000000e-02 8.593750000000000000e-01 -1.534916119232111742e-01
4.687500000000000000e-02 8.593750000000000000e-01 -1.197826577671423365e-01
7.812500000000000000e-02 8.593750000000000000e-01 -9.690265705235286131e-02
1.093750000000000000e-01 8.593750000000000000e-01 -6.709512988681533285e-02
1.406250000000000000e-01 8.593750000000000000e-01 -4.811821534309099896e-02
1.718750000000000000e-01 8.593750000000000000e-01 -2.221307071291916263e-02
2.031250000000000000e-01 8.593750000000000000e-01 -7.137083142838504708e-03
2.343750000000000000e-01 8.593750000000000000e-01 1.486869428830162043e-02
2.656250000000000000e-01 8.593750000000000000e-01 2.604639988624741706e-02
2.968750000000000000e-01 8.593750000000000000e-01 4.415442399380455768e-02
3.281250000000000000e-01 8.593750000000000000e-01 5.143436762868642403e-02
3.593750000000000000e-01 8.593750000000000000e-01 6.564415490862965386e-02
3.906250000000000000e-01 8.593750000000000000e-01 6.902502186185027755e-02
4.218750000000000000e-01 8.593750000000000000e-01 7.933460118865844068e-02
4.531250000000000000e-01 8.593750000000000000e-01 7.881392123239856773e-02
4.843750000000000000e-01 8.593750000000000000e-01 8.522046277561046157e-02
5.156250000000000000e-01 8.593750000000000000e-01 8.079516222439597772e-02
5.468750000000000000e-01 8.593750000000000000e-01 8.329545376760490172e-02
5.781250000000000000e-01 8.593750000000000000e-01 7.496227381134845658e-02
6.093750000000000000e-01 8.593750000000000000e-01 7.355310313815055512e-02
6.406250000000000000e-01 8.593750000000000000e-01 6.130897009137939446e-02
6.718750000000000000e-01 8.593750000000000000e-01 5.598750737130969712e-02
7.031250000000000000e-01 8.593750000000000000e-01 3.982995100620530943e-02
7.343750000000000000e-01 8.593750000000000000e-01 3.059422511374716019e-02
7.656250000000000000e-01 8.593750000000000000e-01 1.052193071170723707e-02
7.968750000000000000e-01 8.593750000000000000e-01 -2.628541857170508048e-03
8.281250000000000000e-01 8.593750000000000000e-01 -2.661505428707591422e-02
8.593750000000000000e-01 8.593750000000000000e-01 -4.367865965692172697e-02
8.906250000000000000e-01 8.593750000000000000e-01 -7.157674511318136423e-02
9.218750000000000000e-01 8.593750000000000000e-01 -9.255046794766524920e-02
9.531250000000000000e-01 8.593750000000000000e-01 -1.243579672328551933e-01
9.843750000000000000e-01 8.593750000000000000e-01 -1.492427630768090596e-01
1.562500000000000000e-02 8.906250000000000000e-01 -1.490939564005148432e-01
4.687500000000000000e-02 8.906250000000000000e-01 -1.242520675119721668e-01
7.812500000000000000e-02 8.906250000000000000e-01 -9.248661622182832720e-02
1.093750000000000000e-01 8.906250000000000000e-01 -7.155571534309256021e-02
1.406250000000000000e-01 8.906250000000000000e-01 -4.369968942701574210e-02
1.718750000000000000e-01 8.906250000000000000e-01 -2.667465679225901332e-02
2.031250000000000000e-01 8.906250000000000000e-01 -2.720525794579268380e-03
2.343750000000000000e-01 8.906250000000000000e-01 1.040560608733785697e-02
2.656250000000000000e-01 8.906250000000000000e-01 3.046269652039312881e-02
2.968750000000000000e-01 8.906250000000000000e-01 3.969266108151831007e-02
3.281250000000000000e-01 8.906250000000000000e-01 5.585363081340205538e-02
3.593750000000000000e-01 8.906250000000000000e-01 6.118691565337431443e-02
3.906250000000000000e-01 8.906250000000000000e-01 7.345017094279857051e-02
4.218750000000000000e-01 8.906250000000000000e-01 7.488437793005338350e-02
4.531250000000000000e-01 8.906250000000000000e-01 8.324694468065677033e-02
4.843750000000000000e-01 8.906250000000000000e-01 8.077869430423484376e-02
5.156250000000000000e-01 8.906250000000000000e-01 8.523693069577106818e-02
5.468750000000000000e-01 8.906250000000000000e-01 7.886243031934772607e-02
5.781250000000000000e-01 8.906250000000000000e-01 7.941249706994951696e-02
6.093750000000000000e-01 8.906250000000000000e-01 6.912795405720870145e-02
6.406250000000000000e-01 8.906250000000000000e-01 6.576620934662275042e-02
6.718750000000000000e-01 8.906250000000000000e-01 5.156824418660753417e-02
7.031250000000000000e-01 8.906250000000000000e-01 4.429171391847898376e-02
7.343750000000000000e-01 8.906250000000000000e-01 2.617792847961578073e-02
7.656250000000000000e-01 8.906250000000000000e-01 1.498501891265785133e-02
7.968750000000000000e-01 8.906250000000000000e-01 -7.045099205420005638e-03
8.281250000000000000e-01 8.906250000000000000e-01 -2.215346820775025358e-02
8.593750000000000000e-01 8.906250000000000000e-01 -4.809718557297986558e-02
8.906250000000000000e-01 8.906250000000000000e-01 -6.711615965692170616e-02
9.218750000000000000e-01 8.906250000000000000e-01 -9.696650877816929970e-02
9.531250000000000000e-01 8.906250000000000000e-01 -1.198885574880447918e-01
9.843750000000000000e-01 8.906250000000000000e-01 -1.536404185994844906e-01
1.562500000000000000e-02 9.218750000000000000e-01 -1.535739107292292405e-01
4.687500000000000000e-02 9.218750000000000000e-01 -1.198385991413470075e-01
7.812500000000000000e-02 9.218750000000000000e-01 -9.694634034309457249e-02
1.093750000000000000e-01 9.218750000000000000e-01 -6.713632809200419105e-02
1.406250000000000000e-01 9.218750000000000000e-01 -4.816189863383160685e-02
1.718750000000000000e-01 9.218750000000000000e-01 -2.226047901632086448e-02
2.031250000000000000e-01 9.218750000000000000e-01 -7.187680049272123818e-03
2.343750000000000000e-01 9.218750000000000000e-01 1.481650226261556694e-02
2.656250000000000000e-01 9.218750000000000000e-01 2.599453765521386739e-02
2.968750000000000000e-01 9.218750000000000000e-01 4.410491553685445820e-02
3.281250000000000000e-01 9.218750000000000000e-01 5.138908915591965110e-02
3.593750000000000000e-01 9.218750000000000000e-01 6.560477881432712211e-02
3.906250000000000000e-01 9.218750000000000000e-01 6.899293396704610226e-02
4.218750000000000000e-01 9.218750000000000000e-01 7.931089885957647023e-02
4.531250000000000000e-01 9.218750000000000000e-01 7.879938465891936361e-02
4.843750000000000000e-01 9.218750000000000000e-01 8.521556589878216681e-02
5.156250000000000000e-01 9.218750000000000000e-01 8.080005910121945689e-02
5.468750000000000000e-01 9.218750000000000000e-01 8.330999034108513279e-02
5.781250000000000000e-01 9.218750000000000000e-01 7.498597614043149562e-02
6.093750000000000000e-01 9.218750000000000000e-01 7.358519103295574348e-02
6.406250000000000000e-01 9.218750000000000000e-01 6.134834618568284909e-02
6.718750000000000000e-01 9.218750000000000000e-01 5.603278584407889867e-02
7.031250000000000000e-01 9.218750000000000000e-01 3.987945946315690077e-02
7.343750000000000000e-01 9.218750000000000000e-01 3.064608734478161886e-02
7.656250000000000000e-01 9.218750000000000000e-01 1.057412273739370689e-02
7.968750000000000000e-01 9.218750000000000000e-01 -2.577944950730186400e-03
8.281250000000000000e-01 9.218750000000000000e-01 -2.656764598367473626e-02
8.593750000000000000e-01 9.218750000000000000e-01 -4.363497636617806597e-02
8.906250000000000000e-01 9.218750000000000000e-01 -7.153554690799487914e-02
9.218750000000000000e-01 9.218750000000000000e-01 -9.250678465692166452e-02
9.531250000000000000e-01 9.218750000000000000e-01 -1.243020258586526872e-01
9.843750000000000000e-01 9.218750000000000000e-01 -1.491604642707907991e-01
1.562500000000000000e-02 9.531250000000000000e-01 -1.491613537705618886e-01
4.687500000000000000e-02 9.531250000000000000e-01 -1.242900903430971260e-01
7.812500000000000000e-02 9.531250000000000000e-01 -9.251872017248488622e-02
1.093750000000000000e-01 9.531250000000000000e-01 -7.159373817421720021e-02
1.406250000000000000e-01 9.531250000000000000e-01 -4.374653654668730213e-02
1.718750000000000000e-01 9.531250000000000000e-01 -2.672973422576438787e-02
2.031250000000000000e-01 9.531250000000000000e-01 -2.781414296998338531e-03
2.343750000000000000e-01 9.531250000000000000e-01 1.034181473359005801e-02
2.656250000000000000e-01 9.531250000000000000e-01 3.039900262164392519e-02
2.968750000000000000e-01 9.531250000000000000e-01 3.963181871841207210e-02
3.281250000000000000e-01 9.531250000000000000e-01 5.579808219197426866e-02
3.593750000000000000e-01 9.531250000000000000e-01 6.113871117037088937e-02
3.906250000000000000e-01 9.531250000000000000e-01 7.341098130913323305e-02
4.218750000000000000e-01 9.531250000000000000e-01 7.485548111438510011e-02
4.531250000000000000e-01 9.531250000000000000e-01 8.322924850571772337e-02
4.843750000000000000e-01 9.531250000000000000e-01 8.077273528700094907e-02
5.156250000000000000e-01 9.531250000000000000e-01 8.524288971300103546e-02
5.468750000000000000e-01 9.531250000000000000e-01 7.888012649429135270e-02
5.781250000000000000e-01 9.531250000000000000e-01 7.944139388561823056e-02
6.093750000000000000e-01 9.531250000000000000e-01 6.916714369087684222e-02
6.406250000000000000e-01 9.531250000000000000e-01 6.581441382962936737e-02
6.718750000000000000e-01 9.531250000000000000e-01 5.162379280803595233e-02
7.031250000000000000e-01 9.531250000000000000e-01 4.435255628158678298e-02
7.343750000000000000e-01 9.531250000000000000e-01 2.624162237836622988e-02
7.656250000000000000e-01 9.531250000000000000e-01 1.504881026640576477e-02
7.968750000000000000e-01 9.531250000000000000e-01 -6.984210702997176341e-03
8.281250000000000000e-01 9.531250000000000000e-01 -2.209839077424401166e-02
8.593750000000000000e-01 9.531250000000000000e-01 -4.805033845330897169e-02
8.906250000000000000e-01 9.531250000000000000e-01 -6.707813682579807923e-02
9.218750000000000000e-01 9.531250000000000000e-01 -9.693440482751472520e-02
9.531250000000000000e-01 9.531250000000000000e-01 -1.198505346569248842e-01
9.843750000000000000e-01 9.531250000000000000e-01 -1.535730212294409425e-01
1.562500000000000000e-02 9.843750000000000000e-01 -1.535869653431027049e-01
4.687500000000000000e-02 9.843750000000000000e-01 -1.198365905432721285e-01
7.812500000000000000e-02 9.843750000000000000e-01 -9.695939495696298538e-02
1.093750000000000000e-01 9.843750000000000000e-01 -6.716961291331612072e-02
1.406250000000000000e-01 9.843750000000000000e-01 -4.821356876297862998e-02
1.718750000000000000e-01 9.843750000000000000e-01 -2.232597616510911473e-02
2.031250000000000000e-01 9.843750000000000000e-01 -7.262039456968088884e-03
2.343750000000000000e-01 9.843750000000000000e-01 1.473804573082354574e-02
2.656250000000000000e-01 9.843750000000000000e-01 2.591619078538673349e-02
2.968750000000000000e-01 9.843750000000000000e-01 4.403029695628242479e-02
3.281250000000000000e-01 9.843750000000000000e-01 5.132120727712723152e-02
3.593750000000000000e-01 9.843750000000000000e-01 6.554608746043349976e-02
3.906250000000000000e-01 9.843750000000000000e-01 6.894536428139182160e-02
4.218750000000000000e-01 9.843750000000000000e-01 7.927591010219327272e-02
4.531250000000000000e-01 9.843750000000000000e-01 7.877799155018090638e-02
4.843750000000000000e-01 9.843750000000000000e-01 8.520836916231294689e-02
5.156250000000000000e-01 9.843750000000000000e-01 8.080725583769800269e-02
5.468750000000000000e-01 9.843750000000000000e-01 8.333138344982093937e-02
5.781250000000000000e-01 9.843750000000000000e-01 7.502096489781738542e-02
6.093750000000000000e-01 9.843750000000000000e-01 7.363276071861049599e-02
6.406250000000000000e-01 9.843750000000000000e-01 6.140703753957679756e-02
6.718750000000000000e-01 9.843750000000000000e-01 5.610066772287256726e-02
7.031250000000000000e-01 9.843750000000000000e-01 3.995407804372766436e-02
7.343750000000000000e-01 9.843750000000000000e-01 3.072443421461043545e-02
7.656250000000000000e-01 9.843750000000000000e-01 1.065257926918571074e-02
7.968750000000000000e-01 9.843750000000000000e-01 -2.503585543036386703e-03
8.281250000000000000e-01 9.843750000000000000e-01 -2.650214883488614254e-02
8.593750000000000000e-01 9.843750000000000000e-01 -4.358330623703589313e-02
8.906250000000000000e-01 9.843750000000000000e-01 -7.150226208668157557e-02
9.218750000000000000e-01 9.843750000000000000e-01 -9.249373004305599943e-02
9.531250000000000000e-01 9.843750000000000000e-01 -1.243040344567303834e-01
9.843750000000000000e-01 9.843750000000000000e-01 -1.491474096569302688e-01
