0 1.677304e-01 
1 4.202590e-02 
2 2.726900e-02 
3 2.128456e-02 
4 1.481208e-02 
5 9.149959e-03 
6 6.764036e-03 
7 4.274788e-03 
8 2.823982e-03 
9 1.895095e-03 
10 1.839264e-03 
11 1.588370e-03 
12 1.306867e-03 
13 7.835268e-04 
14 5.127071e-04 
15 3.293222e-04 
16 2.049327e-04 
17 1.285596e-04 
18 7.950281e-05 
19 7.866264e-05 
20 6.077765e-05 
21 4.578960e-05 
22 3.664255e-05 
23 2.492688e-05 
24 2.051607e-05 
25 1.315615e-05 
26 7.835989e-06 
27 5.428370e-06 
28 2.896168e-06 
29 2.771342e-06 
30 1.682092e-06 
31 1.446506e-06 
32 8.957576e-07 
33 8.019803e-07 
34 6.845006e-07 
35 5.063020e-07 
36 3.566747e-07 
37 2.863185e-07 
38 1.568715e-07 
39 1.470805e-07 
40 1.385100e-07 
41 9.239613e-08 
42 7.109527e-08 
43 3.918958e-08 
44 3.252836e-08 
45 1.784289e-08 
46 1.580277e-08 
47 8.929949e-09 
