0 7.178132e-01 
1 3.452570e-01 
2 2.215488e-01 
3 7.404371e-02 
4 2.805817e-02 
5 1.029603e-02 
6 6.402355e-03 
7 4.089479e-03 
8 2.880169e-03 
9 2.483008e-03 
10 2.082623e-03 
11 1.120326e-03 
12 7.472842e-04 
13 7.174636e-04 
14 6.207433e-04 
15 5.287990e-04 
16 4.494085e-04 
17 3.769776e-04 
18 3.678054e-04 
19 3.344540e-04 
20 2.767746e-04 
21 3.916770e-04 
22 5.293878e-04 
23 5.901789e-04 
24 4.526329e-04 
25 2.742285e-04 
26 2.071972e-04 
27 1.418116e-04 
28 8.158687e-05 
29 4.071680e-05 
30 1.841879e-05 
31 5.400907e-06 
32 2.001359e-06 
33 8.170338e-07 
34 3.279520e-07 
35 1.766459e-07 
36 1.125466e-07 
37 5.624645e-08 
38 2.655063e-08 
39 9.363544e-09 
