0 6.969044e-01 
1 3.058064e-01 
2 2.363118e-01 
3 1.314881e-01 
4 5.604936e-02 
5 2.186419e-02 
6 1.060493e-02 
7 6.534799e-03 
8 8.102675e-03 
9 9.606822e-03 
10 1.110951e-02 
11 1.051467e-02 
12 9.457056e-03 
13 6.939167e-03 
14 5.005906e-03 
15 4.631239e-03 
16 2.744305e-03 
17 2.222177e-03 
18 3.131569e-03 
19 6.452674e-03 
20 5.333806e-03 
21 1.740861e-03 
22 6.210436e-04 
23 5.068940e-04 
24 8.331042e-04 
25 8.310259e-04 
26 6.308677e-04 
27 3.661190e-04 
28 2.256349e-04 
29 2.049676e-04 
30 3.555020e-04 
31 5.294324e-04 
32 1.036690e-03 
33 1.227017e-03 
34 9.182202e-04 
35 3.187556e-04 
36 6.663763e-05 
37 7.132634e-05 
38 1.531394e-04 
39 2.182945e-04 
40 1.768468e-04 
41 9.994058e-05 
42 4.685202e-05 
43 2.321613e-05 
44 3.613058e-05 
45 9.167718e-05 
46 5.262399e-05 
47 1.865411e-05 
48 6.415746e-06 
49 1.880273e-06 
50 7.517335e-07 
51 1.410497e-06 
52 4.297101e-06 
53 2.106963e-06 
54 5.158541e-07 
55 2.743347e-07 
56 1.572362e-07 
57 2.745825e-07 
58 1.034344e-06 
59 1.143188e-06 
60 2.406693e-07 
61 3.180095e-08 
62 1.912617e-08 
63 4.083521e-08 
64 8.725397e-08 
65 4.723202e-08 
66 2.641490e-08 
67 2.914500e-08 
68 2.161432e-08 
69 3.793012e-09 
