0 7.519877e-01 
1 3.402041e-01 
2 2.434587e-01 
3 1.845390e-01 
4 8.441417e-02 
5 6.157556e-02 
6 2.204053e-02 
7 1.463712e-02 
8 9.170069e-03 
9 6.276936e-03 
10 5.197684e-03 
11 3.835983e-03 
12 2.961986e-03 
13 3.167970e-03 
14 3.103393e-03 
15 3.990442e-03 
16 4.648494e-03 
17 4.308330e-03 
18 4.271545e-03 
19 3.332727e-03 
20 3.642655e-03 
21 3.298003e-03 
22 2.638159e-03 
23 1.898701e-03 
24 1.507114e-03 
25 1.021090e-03 
26 6.501908e-04 
27 4.854835e-04 
28 3.261123e-04 
29 2.692051e-04 
30 1.892325e-04 
31 1.145343e-04 
32 1.128062e-04 
33 9.262510e-05 
34 8.077978e-05 
35 7.951202e-05 
36 7.632836e-05 
37 9.020860e-05 
38 6.808658e-05 
39 8.649688e-05 
40 7.886148e-05 
41 5.332005e-05 
42 6.177677e-05 
43 4.742302e-05 
44 5.256095e-05 
45 3.454247e-05 
46 3.445077e-05 
47 2.959196e-05 
48 3.038067e-05 
49 2.808970e-05 
50 2.644976e-05 
51 2.397288e-05 
52 2.658404e-05 
53 1.796250e-05 
54 1.466378e-05 
55 8.820636e-06 
56 5.154521e-06 
57 3.708855e-06 
58 4.615528e-06 
59 3.900099e-06 
60 2.388218e-06 
61 2.194807e-06 
62 1.516947e-06 
63 1.153695e-06 
64 1.033019e-06 
65 1.631017e-06 
66 2.713081e-06 
67 2.148641e-06 
68 1.338494e-06 
69 1.281103e-06 
70 1.012324e-06 
71 8.270219e-07 
72 8.361593e-07 
73 4.445976e-07 
74 2.958894e-07 
75 2.276893e-07 
76 1.046486e-07 
77 8.537927e-08 
78 4.938983e-08 
79 3.371516e-08 
80 2.399087e-08 
81 1.606609e-08 
82 1.379530e-08 
83 6.841608e-09 
