0 7.629417e-01 
1 3.621884e-01 
2 2.314106e-01 
3 9.606914e-02 
4 4.019951e-02 
5 1.371706e-02 
6 9.268262e-03 
7 6.344512e-03 
8 5.117273e-03 
9 4.294179e-03 
10 5.083132e-03 
11 5.936984e-03 
12 6.919818e-03 
13 6.472484e-03 
14 7.756741e-03 
15 6.699171e-03 
16 6.198873e-03 
17 5.224760e-03 
18 4.099726e-03 
19 2.899449e-03 
20 2.581934e-03 
21 2.214389e-03 
22 2.224555e-03 
23 2.251743e-03 
24 2.510278e-03 
25 3.191965e-03 
26 3.295393e-03 
27 2.596740e-03 
28 2.098162e-03 
29 1.645522e-03 
30 1.267873e-03 
31 9.290065e-04 
32 7.026982e-04 
33 6.665091e-04 
34 6.558949e-04 
35 6.571560e-04 
36 5.910504e-04 
37 6.178917e-04 
38 4.000540e-04 
39 3.864739e-04 
40 4.833070e-04 
41 6.818711e-04 
42 6.055073e-04 
43 5.206478e-04 
44 4.581510e-04 
45 4.731636e-04 
46 3.149955e-04 
47 3.651952e-04 
48 4.806470e-04 
49 5.669408e-04 
50 5.659771e-04 
51 5.536812e-04 
52 5.785978e-04 
53 3.214683e-04 
54 2.168864e-04 
55 1.827375e-04 
56 1.286895e-04 
57 1.346339e-04 
58 1.135122e-04 
59 9.727944e-05 
60 9.810929e-05 
61 6.544107e-05 
62 5.983397e-05 
63 6.840133e-05 
64 6.168908e-05 
65 6.946226e-05 
66 9.079250e-05 
67 9.700636e-05 
68 1.182119e-04 
69 1.342773e-04 
70 9.861688e-05 
71 8.892330e-05 
72 5.478046e-05 
73 4.050338e-05 
74 3.310276e-05 
75 3.441066e-05 
76 3.599195e-05 
77 4.310813e-05 
78 3.740341e-05 
79 3.856070e-05 
80 4.918688e-05 
81 5.651253e-05 
82 4.995369e-05 
83 4.836168e-05 
84 5.074131e-05 
85 3.846478e-05 
86 2.362307e-05 
87 1.837845e-05 
88 1.663903e-05 
89 1.618340e-05 
90 1.820619e-05 
91 2.294109e-05 
92 2.716716e-05 
93 2.475344e-05 
94 1.812669e-05 
95 1.427329e-05 
96 1.200092e-05 
97 1.277985e-05 
98 1.092691e-05 
99 6.620248e-06 
100 4.681023e-06 
101 4.726065e-06 
102 3.139194e-06 
103 2.775025e-06 
104 4.123019e-06 
105 4.227287e-06 
106 6.199896e-06 
107 9.688191e-06 
108 9.396981e-06 
109 6.280145e-06 
110 4.521424e-06 
111 2.261305e-06 
112 1.820489e-06 
113 2.231359e-06 
114 2.539057e-06 
115 3.767248e-06 
116 4.970347e-06 
117 7.004723e-06 
118 9.518671e-06 
119 6.666746e-06 
120 4.068732e-06 
121 2.538557e-06 
122 2.317283e-06 
123 1.826217e-06 
124 2.195989e-06 
125 3.459790e-06 
126 3.421347e-06 
127 3.315735e-06 
128 2.153425e-06 
129 1.464554e-06 
130 8.340244e-07 
131 4.810534e-07 
132 4.717829e-07 
133 4.809029e-07 
134 8.485854e-07 
135 1.566484e-06 
136 2.198469e-06 
137 2.188370e-06 
138 1.460116e-06 
139 6.511314e-07 
140 4.261676e-07 
141 4.832166e-07 
142 5.175128e-07 
143 8.576587e-07 
144 1.186820e-06 
145 1.788590e-06 
146 1.485950e-06 
147 1.027117e-06 
148 5.942632e-07 
149 2.471452e-07 
150 1.182709e-07 
151 1.178711e-07 
152 8.891056e-08 
153 1.268398e-07 
154 2.576188e-07 
155 4.052415e-07 
156 6.203962e-07 
157 4.737229e-07 
158 3.041388e-07 
159 1.372272e-07 
160 9.875565e-08 
161 6.179031e-08 
162 7.231885e-08 
163 1.258919e-07 
164 2.243912e-07 
165 2.723751e-07 
166 2.549899e-07 
167 1.068968e-07 
168 4.738524e-08 
169 2.672707e-08 
170 2.268551e-08 
171 3.429359e-08 
172 8.170976e-08 
173 1.283955e-07 
174 1.388289e-07 
175 7.150301e-08 
176 2.685237e-08 
177 1.903853e-08 
178 2.908204e-08 
179 3.511877e-08 
180 5.045572e-08 
181 6.026319e-08 
182 3.341656e-08 
183 2.275107e-08 
184 2.479174e-08 
185 2.899137e-08 
186 2.261365e-08 
187 1.792392e-08 
188 1.482585e-08 
189 2.266457e-08 
190 3.233768e-08 
191 3.981776e-08 
192 3.257748e-08 
193 2.243502e-08 
194 2.959276e-08 
195 3.148578e-08 
196 2.726279e-08 
197 1.775841e-08 
198 1.204340e-08 
199 1.644462e-08 
200 1.797205e-08 
201 1.917637e-08 
202 1.236193e-08 
203 4.917430e-09 
