0 7.565818e-01 
1 3.639181e-01 
2 2.313172e-01 
3 9.204560e-02 
4 3.901649e-02 
5 1.475647e-02 
6 1.047763e-02 
7 6.843135e-03 
8 5.201484e-03 
9 4.667477e-03 
10 4.970793e-03 
11 4.790323e-03 
12 5.297484e-03 
13 5.418994e-03 
14 5.576161e-03 
15 5.045380e-03 
16 5.170206e-03 
17 4.965562e-03 
18 4.462035e-03 
19 3.732100e-03 
20 3.182607e-03 
21 2.320275e-03 
22 1.756207e-03 
23 1.435916e-03 
24 1.317461e-03 
25 1.120441e-03 
26 1.093758e-03 
27 1.086275e-03 
28 1.168432e-03 
29 1.088125e-03 
30 1.222627e-03 
31 1.483930e-03 
32 1.425537e-03 
33 1.243590e-03 
34 9.946226e-04 
35 7.177230e-04 
36 4.960373e-04 
37 4.396453e-04 
38 4.111352e-04 
39 3.253475e-04 
40 2.539512e-04 
41 2.292619e-04 
42 2.107510e-04 
43 2.212243e-04 
44 2.101850e-04 
45 1.793215e-04 
46 1.372210e-04 
47 1.079121e-04 
48 9.476692e-05 
49 7.636456e-05 
50 6.836873e-05 
51 7.284585e-05 
52 7.462543e-05 
53 5.839757e-05 
54 4.766895e-05 
55 4.679014e-05 
56 4.973052e-05 
57 5.452275e-05 
58 4.850878e-05 
59 2.986141e-05 
60 2.119359e-05 
61 1.958909e-05 
62 1.426931e-05 
63 1.653411e-05 
64 1.475041e-05 
65 1.199628e-05 
66 1.399738e-05 
67 1.192916e-05 
68 1.410958e-05 
69 1.758076e-05 
70 1.628790e-05 
71 1.251376e-05 
72 9.902679e-06 
73 5.260164e-06 
74 3.574805e-06 
75 2.419571e-06 
76 1.398620e-06 
77 1.209940e-06 
78 9.122406e-07 
79 9.169340e-07 
80 9.919832e-07 
81 1.183150e-06 
82 1.631070e-06 
83 1.818400e-06 
84 2.299243e-06 
85 1.582585e-06 
86 9.400151e-07 
87 6.860225e-07 
88 3.514576e-07 
89 2.880769e-07 
90 4.043403e-07 
91 4.210160e-07 
92 5.659491e-07 
93 7.234605e-07 
94 6.296627e-07 
95 5.701153e-07 
96 3.539507e-07 
97 1.936158e-07 
98 1.162137e-07 
99 6.147599e-08 
100 3.723190e-08 
101 1.744053e-08 
102 9.153586e-09 
