0 7.214118e-01 
1 3.150479e-01 
2 2.601966e-01 
3 1.888268e-01 
4 8.551658e-02 
5 6.189993e-02 
6 2.591408e-02 
7 1.576300e-02 
8 8.648178e-03 
9 9.050638e-03 
10 6.796188e-03 
11 6.532109e-03 
12 7.192229e-03 
13 8.686417e-03 
14 8.140979e-03 
15 5.299082e-03 
16 4.914285e-03 
17 4.239752e-03 
18 2.171374e-03 
19 1.345408e-03 
20 6.543099e-04 
21 5.694975e-04 
22 7.311578e-04 
23 8.027384e-04 
24 1.067598e-03 
25 1.055798e-03 
26 8.570773e-04 
27 6.866649e-04 
28 4.982803e-04 
29 4.098434e-04 
30 1.922088e-04 
31 7.514809e-05 
32 4.815296e-05 
33 6.732834e-05 
34 7.065143e-05 
35 1.117387e-04 
36 1.073441e-04 
37 5.370533e-05 
38 1.459040e-05 
39 9.846116e-06 
40 3.897523e-06 
41 1.399661e-06 
42 6.576668e-07 
43 1.463071e-07 
44 3.328641e-08 
45 7.197116e-09 
