# x y topography
200000 500008 8.09319
250000 500016 15.525
250000 500016 15.525
300000 500020 20.2045
300000 500020 20.2045
350000 500023 23.2828
350000 500023 23.2828
400000 500025 25.2301
400000 500025 25.2301
450000 500026 26.3211
450000 500026 26.3211
500000 500027 26.6706
150000 499996 -4.06229
175000 500003 2.93042
175000 500003 2.93042
200000 500008 8.09319
0 499934 -66.3416
12500 499934 -65.7531
12500 499934 -65.7531
25000 499935 -64.9537
25000 499935 -64.9537
37500 499937 -62.9486
37500 499937 -62.9486
50000 499940 -60.4985
50000 499940 -60.4985
62500 499943 -57.3921
62500 499943 -57.3921
75000 499948 -51.6725
75000 499948 -51.6725
87500 499953 -46.5361
87500 499953 -46.5361
100000 499967 -33.3447
100000 499967 -33.3447
112500 499980 -20.0619
112500 499980 -20.0619
125000 499985 -14.6707
125000 499985 -14.6707
137500 499991 -8.67988
137500 499991 -8.67988
150000 499996 -4.06229
