  0 1.000000e+00 9.886559e-01 1.000000e+00 1.000000e-08
  1 1.627480e-02 2.300539e-02 1.188160e+02 1.000000e-08
  2 1.830454e-05 1.396965e-02 1.313683e-02 1.000000e-08
  3 1.546871e-05 1.355172e-02 7.926170e-03 1.000000e-08
  4 1.426019e-05 1.681275e-01 5.227602e-02 1.000000e-08
  5 1.284184e-04 1.211450e-01 4.456845e-01 1.000000e-08
  6 3.133318e-04 8.634770e-01 8.218982e-01 1.000000e-08
  7 6.134045e-04 1.099379e+00 1.190542e+00 1.000000e-08
  8 9.987374e-04 1.036775e+00 1.450487e+00 1.000000e-08
  9 1.546849e-03 1.021095e+00 1.315236e+00 1.000000e-08
 10 1.758381e-03 1.020796e+00 1.076645e+00 1.000000e-08
 11 1.612532e-03 1.020915e+00 1.277379e+00 1.000000e-08
 12 1.647750e-03 1.020425e+00 1.601439e+00 1.000000e-08
 13 1.442210e-03 1.020408e+00 1.982850e+00 1.000000e-08
 14 1.340033e-03 1.020408e+00 2.394040e+00 1.000000e-08
 15 1.143514e-03 1.020408e+00 1.744353e+00 1.000000e-08
 16 1.184432e-03 1.020408e+00 1.734962e+00 1.000000e-08
 17 1.677502e-03 1.020409e+00 1.592700e+00 1.000000e-08
 18 5.386824e-02 9.956314e-01 9.994483e-01 1.000000e-08
 19 2.517172e+01 1.000000e+00 1.000000e+00 1.000000e-08
