4.731738e-03 -2.955234e-02 0.000000e+00 
1.089326e-02 -2.956372e-02 0.000000e+00 
2.035674e-02 -2.949117e-02 0.000000e+00 
2.651826e-02 -2.941739e-02 0.000000e+00 
3.598174e-02 -2.922462e-02 0.000000e+00 
4.214326e-02 -2.910683e-02 0.000000e+00 
5.160674e-02 -2.885702e-02 0.000000e+00 
5.776826e-02 -2.872520e-02 0.000000e+00 
6.723174e-02 -2.846625e-02 0.000000e+00 
7.339326e-02 -2.834009e-02 0.000000e+00 
8.285674e-02 -2.810544e-02 0.000000e+00 
8.901826e-02 -2.799825e-02 0.000000e+00 
9.848174e-02 -2.781113e-02 0.000000e+00 
1.046433e-01 -2.773201e-02 0.000000e+00 
1.141067e-01 -2.760853e-02 0.000000e+00 
1.202683e-01 -2.756370e-02 0.000000e+00 
1.297317e-01 -2.751479e-02 0.000000e+00 
1.358933e-01 -2.750832e-02 0.000000e+00 
1.453567e-01 -2.754097e-02 0.000000e+00 
1.515183e-01 -2.757532e-02 0.000000e+00 
1.609817e-01 -2.769342e-02 0.000000e+00 
1.671433e-01 -2.776973e-02 0.000000e+00 
1.766067e-01 -2.797461e-02 0.000000e+00 
1.827683e-01 -2.809290e-02 0.000000e+00 
1.922317e-01 -2.838370e-02 0.000000e+00 
1.983933e-01 -2.854303e-02 0.000000e+00 
2.078567e-01 -2.891695e-02 0.000000e+00 
2.140183e-01 -2.911550e-02 0.000000e+00 
2.234817e-01 -2.956797e-02 0.000000e+00 
2.296433e-01 -2.980313e-02 0.000000e+00 
2.391067e-01 -3.032794e-02 0.000000e+00 
2.452683e-01 -3.059634e-02 0.000000e+00 
2.547317e-01 -3.118578e-02 0.000000e+00 
2.608933e-01 -3.148336e-02 0.000000e+00 
2.703567e-01 -3.212827e-02 0.000000e+00 
2.765183e-01 -3.245029e-02 0.000000e+00 
2.859817e-01 -3.314023e-02 0.000000e+00 
2.921433e-01 -3.348138e-02 0.000000e+00 
3.016067e-01 -3.420470e-02 0.000000e+00 
3.077683e-01 -3.455911e-02 0.000000e+00 
3.172317e-01 -3.530318e-02 0.000000e+00 
3.233933e-01 -3.566453e-02 0.000000e+00 
3.328567e-01 -3.641588e-02 0.000000e+00 
3.390183e-01 -3.677753e-02 0.000000e+00 
3.484817e-01 -3.752209e-02 0.000000e+00 
3.546433e-01 -3.787714e-02 0.000000e+00 
3.641067e-01 -3.860057e-02 0.000000e+00 
3.702683e-01 -3.894206e-02 0.000000e+00 
3.797317e-01 -3.962998e-02 0.000000e+00 
3.858933e-01 -3.995101e-02 0.000000e+00 
3.953567e-01 -4.058940e-02 0.000000e+00 
4.015183e-01 -4.088332e-02 0.000000e+00 
4.109817e-01 -4.145884e-02 0.000000e+00 
4.171433e-01 -4.171942e-02 0.000000e+00 
4.266067e-01 -4.221978e-02 0.000000e+00 
4.327683e-01 -4.244138e-02 0.000000e+00 
4.422317e-01 -4.285572e-02 0.000000e+00 
4.483933e-01 -4.303345e-02 0.000000e+00 
4.578567e-01 -4.335261e-02 0.000000e+00 
4.640183e-01 -4.348251e-02 0.000000e+00 
4.734817e-01 -4.369937e-02 0.000000e+00 
4.796433e-01 -4.377852e-02 0.000000e+00 
4.891067e-01 -4.388819e-02 0.000000e+00 
4.952683e-01 -4.391477e-02 0.000000e+00 
5.047317e-01 -4.391477e-02 0.000000e+00 
5.108933e-01 -4.388819e-02 0.000000e+00 
5.203567e-01 -4.377852e-02 0.000000e+00 
5.265183e-01 -4.369937e-02 0.000000e+00 
5.359817e-01 -4.348251e-02 0.000000e+00 
5.421433e-01 -4.335261e-02 0.000000e+00 
5.516067e-01 -4.303345e-02 0.000000e+00 
5.577683e-01 -4.285572e-02 0.000000e+00 
5.672317e-01 -4.244138e-02 0.000000e+00 
5.733933e-01 -4.221978e-02 0.000000e+00 
5.828567e-01 -4.171942e-02 0.000000e+00 
5.890183e-01 -4.145884e-02 0.000000e+00 
5.984817e-01 -4.088332e-02 0.000000e+00 
6.046433e-01 -4.058940e-02 0.000000e+00 
6.141067e-01 -3.995101e-02 0.000000e+00 
6.202683e-01 -3.962998e-02 0.000000e+00 
6.297317e-01 -3.894206e-02 0.000000e+00 
6.358933e-01 -3.860057e-02 0.000000e+00 
6.453567e-01 -3.787714e-02 0.000000e+00 
6.515183e-01 -3.752209e-02 0.000000e+00 
6.609817e-01 -3.677753e-02 0.000000e+00 
6.671433e-01 -3.641588e-02 0.000000e+00 
6.766067e-01 -3.566453e-02 0.000000e+00 
6.827683e-01 -3.530318e-02 0.000000e+00 
6.922317e-01 -3.455911e-02 0.000000e+00 
6.983933e-01 -3.420470e-02 0.000000e+00 
7.078567e-01 -3.348138e-02 0.000000e+00 
7.140183e-01 -3.314023e-02 0.000000e+00 
7.234817e-01 -3.245030e-02 0.000000e+00 
7.296433e-01 -3.212827e-02 0.000000e+00 
7.391067e-01 -3.148336e-02 0.000000e+00 
7.452683e-01 -3.118578e-02 0.000000e+00 
7.547317e-01 -3.059634e-02 0.000000e+00 
7.608933e-01 -3.032794e-02 0.000000e+00 
7.703567e-01 -2.980313e-02 0.000000e+00 
7.765183e-01 -2.956797e-02 0.000000e+00 
7.859817e-01 -2.911550e-02 0.000000e+00 
7.921433e-01 -2.891695e-02 0.000000e+00 
8.016067e-01 -2.854303e-02 0.000000e+00 
8.077683e-01 -2.838370e-02 0.000000e+00 
8.172317e-01 -2.809290e-02 0.000000e+00 
8.233933e-01 -2.797461e-02 0.000000e+00 
8.328567e-01 -2.776973e-02 0.000000e+00 
8.390183e-01 -2.769342e-02 0.000000e+00 
8.484817e-01 -2.757532e-02 0.000000e+00 
8.546433e-01 -2.754097e-02 0.000000e+00 
8.641067e-01 -2.750832e-02 0.000000e+00 
8.702683e-01 -2.751479e-02 0.000000e+00 
8.797317e-01 -2.756370e-02 0.000000e+00 
8.858933e-01 -2.760853e-02 0.000000e+00 
8.953567e-01 -2.773201e-02 0.000000e+00 
9.015183e-01 -2.781113e-02 0.000000e+00 
9.109817e-01 -2.799825e-02 0.000000e+00 
9.171433e-01 -2.810544e-02 0.000000e+00 
9.266067e-01 -2.834009e-02 0.000000e+00 
9.327683e-01 -2.846625e-02 0.000000e+00 
9.422317e-01 -2.872520e-02 0.000000e+00 
9.483933e-01 -2.885702e-02 0.000000e+00 
9.578567e-01 -2.910683e-02 0.000000e+00 
9.640183e-01 -2.922462e-02 0.000000e+00 
9.734817e-01 -2.941739e-02 0.000000e+00 
9.796433e-01 -2.949117e-02 0.000000e+00 
9.891067e-01 -2.956372e-02 0.000000e+00 
9.952683e-01 -2.955234e-02 0.000000e+00 
