1.056298e-02 -2.957186e-02 0.000000e+00 
5.062015e-03 -2.955946e-02 0.000000e+00 
2.618798e-02 -2.942247e-02 0.000000e+00 
2.068702e-02 -2.949014e-02 0.000000e+00 
4.181298e-02 -2.909519e-02 0.000000e+00 
3.631202e-02 -2.920339e-02 0.000000e+00 
5.743798e-02 -2.869455e-02 0.000000e+00 
5.193702e-02 -2.881584e-02 0.000000e+00 
7.306298e-02 -2.829156e-02 0.000000e+00 
6.756202e-02 -2.840773e-02 0.000000e+00 
8.868798e-02 -2.793409e-02 0.000000e+00 
8.318702e-02 -2.803277e-02 0.000000e+00 
1.043130e-01 -2.765484e-02 0.000000e+00 
9.881202e-02 -2.772750e-02 0.000000e+00 
1.199380e-01 -2.747619e-02 0.000000e+00 
1.144370e-01 -2.751700e-02 0.000000e+00 
1.355630e-01 -2.741311e-02 0.000000e+00 
1.300620e-01 -2.741822e-02 0.000000e+00 
1.511880e-01 -2.747496e-02 0.000000e+00 
1.456870e-01 -2.744205e-02 0.000000e+00 
1.668130e-01 -2.766667e-02 0.000000e+00 
1.613120e-01 -2.759465e-02 0.000000e+00 
1.824380e-01 -2.798950e-02 0.000000e+00 
1.769370e-01 -2.787833e-02 0.000000e+00 
1.980630e-01 -2.844154e-02 0.000000e+00 
1.925620e-01 -2.829209e-02 0.000000e+00 
2.136880e-01 -2.901807e-02 0.000000e+00 
2.081870e-01 -2.883202e-02 0.000000e+00 
2.293130e-01 -2.971181e-02 0.000000e+00 
2.238120e-01 -2.949160e-02 0.000000e+00 
2.449380e-01 -3.051306e-02 0.000000e+00 
2.394370e-01 -3.026183e-02 0.000000e+00 
2.605630e-01 -3.140990e-02 0.000000e+00 
2.550620e-01 -3.113147e-02 0.000000e+00 
2.761880e-01 -3.238832e-02 0.000000e+00 
2.706870e-01 -3.208708e-02 0.000000e+00 
2.918130e-01 -3.343235e-02 0.000000e+00 
2.863120e-01 -3.311329e-02 0.000000e+00 
3.074380e-01 -3.452429e-02 0.000000e+00 
3.019370e-01 -3.419290e-02 0.000000e+00 
3.230630e-01 -3.564496e-02 0.000000e+00 
3.175620e-01 -3.530711e-02 0.000000e+00 
3.386880e-01 -3.677394e-02 0.000000e+00 
3.331870e-01 -3.643586e-02 0.000000e+00 
3.543130e-01 -3.789001e-02 0.000000e+00 
3.488120e-01 -3.755812e-02 0.000000e+00 
3.699380e-01 -3.897148e-02 0.000000e+00 
3.644370e-01 -3.865229e-02 0.000000e+00 
3.855630e-01 -3.999672e-02 0.000000e+00 
3.800620e-01 -3.969668e-02 0.000000e+00 
4.011880e-01 -4.094469e-02 0.000000e+00 
3.956870e-01 -4.066999e-02 0.000000e+00 
4.168130e-01 -4.179541e-02 0.000000e+00 
4.113120e-01 -4.155188e-02 0.000000e+00 
4.324380e-01 -4.253058e-02 0.000000e+00 
4.269370e-01 -4.232348e-02 0.000000e+00 
4.480630e-01 -4.313409e-02 0.000000e+00 
4.425620e-01 -4.296799e-02 0.000000e+00 
4.636880e-01 -4.359250e-02 0.000000e+00 
4.581870e-01 -4.347110e-02 0.000000e+00 
4.793130e-01 -4.389549e-02 0.000000e+00 
4.738120e-01 -4.382152e-02 0.000000e+00 
4.949380e-01 -4.403616e-02 0.000000e+00 
4.894370e-01 -4.401132e-02 0.000000e+00 
5.105630e-01 -4.401132e-02 0.000000e+00 
5.050620e-01 -4.403616e-02 0.000000e+00 
5.261880e-01 -4.382152e-02 0.000000e+00 
5.206870e-01 -4.389549e-02 0.000000e+00 
5.418130e-01 -4.347110e-02 0.000000e+00 
5.363120e-01 -4.359250e-02 0.000000e+00 
5.574380e-01 -4.296799e-02 0.000000e+00 
5.519370e-01 -4.313409e-02 0.000000e+00 
5.730630e-01 -4.232348e-02 0.000000e+00 
5.675620e-01 -4.253058e-02 0.000000e+00 
5.886880e-01 -4.155188e-02 0.000000e+00 
5.831870e-01 -4.179541e-02 0.000000e+00 
6.043130e-01 -4.066999e-02 0.000000e+00 
5.988120e-01 -4.094469e-02 0.000000e+00 
6.199380e-01 -3.969668e-02 0.000000e+00 
6.144370e-01 -3.999672e-02 0.000000e+00 
6.355630e-01 -3.865229e-02 0.000000e+00 
6.300620e-01 -3.897148e-02 0.000000e+00 
6.511880e-01 -3.755812e-02 0.000000e+00 
6.456870e-01 -3.789001e-02 0.000000e+00 
6.668130e-01 -3.643586e-02 0.000000e+00 
6.613120e-01 -3.677394e-02 0.000000e+00 
6.824380e-01 -3.530711e-02 0.000000e+00 
6.769370e-01 -3.564496e-02 0.000000e+00 
6.980630e-01 -3.419290e-02 0.000000e+00 
6.925620e-01 -3.452429e-02 0.000000e+00 
7.136880e-01 -3.311329e-02 0.000000e+00 
7.081870e-01 -3.343235e-02 0.000000e+00 
7.293130e-01 -3.208708e-02 0.000000e+00 
7.238120e-01 -3.238832e-02 0.000000e+00 
7.449380e-01 -3.113147e-02 0.000000e+00 
7.394370e-01 -3.140990e-02 0.000000e+00 
7.605630e-01 -3.026183e-02 0.000000e+00 
7.550620e-01 -3.051306e-02 0.000000e+00 
7.761880e-01 -2.949160e-02 0.000000e+00 
7.706870e-01 -2.971181e-02 0.000000e+00 
7.918130e-01 -2.883202e-02 0.000000e+00 
7.863120e-01 -2.901807e-02 0.000000e+00 
8.074380e-01 -2.829209e-02 0.000000e+00 
8.019370e-01 -2.844154e-02 0.000000e+00 
8.230630e-01 -2.787833e-02 0.000000e+00 
8.175620e-01 -2.798950e-02 0.000000e+00 
8.386880e-01 -2.759465e-02 0.000000e+00 
8.331870e-01 -2.766667e-02 0.000000e+00 
8.543130e-01 -2.744205e-02 0.000000e+00 
8.488120e-01 -2.747496e-02 0.000000e+00 
8.699380e-01 -2.741822e-02 0.000000e+00 
8.644370e-01 -2.741311e-02 0.000000e+00 
8.855630e-01 -2.751700e-02 0.000000e+00 
8.800620e-01 -2.747619e-02 0.000000e+00 
9.011880e-01 -2.772750e-02 0.000000e+00 
8.956870e-01 -2.765484e-02 0.000000e+00 
9.168130e-01 -2.803277e-02 0.000000e+00 
9.113120e-01 -2.793409e-02 0.000000e+00 
9.324380e-01 -2.840773e-02 0.000000e+00 
9.269370e-01 -2.829156e-02 0.000000e+00 
9.480630e-01 -2.881584e-02 0.000000e+00 
9.425620e-01 -2.869455e-02 0.000000e+00 
9.636880e-01 -2.920339e-02 0.000000e+00 
9.581870e-01 -2.909519e-02 0.000000e+00 
9.793130e-01 -2.949014e-02 0.000000e+00 
9.738120e-01 -2.942247e-02 0.000000e+00 
9.949380e-01 -2.955946e-02 0.000000e+00 
9.894370e-01 -2.957186e-02 0.000000e+00 
