 0.000000e+00 25 25 1.000000e+00 1.000000e+00 0.000000e+00 
 6.501587e-01 14 39 5.600000e-01 1.560000e+00 3.192245e+00 
 1.300317e+00 13 38 5.200000e-01 1.520000e+00 3.381504e+00 
 1.950476e+00 10 38 4.000000e-01 1.520000e+00 3.412122e+00 
 2.600635e+00 10 41 4.000000e-01 1.640000e+00 3.559552e+00 
 3.250794e+00 10 40 4.000000e-01 1.600000e+00 3.512881e+00 
 3.900952e+00 11 38 4.400000e-01 1.520000e+00 3.481676e+00 
 4.551111e+00 12 39 4.800000e-01 1.560000e+00 3.586882e+00 
 5.201270e+00 13 40 5.200000e-01 1.600000e+00 3.592459e+00 
 5.851429e+00 12 40 4.800000e-01 1.600000e+00 3.621901e+00 
 6.501587e+00 14 40 5.600000e-01 1.600000e+00 3.635827e+00 
 7.151746e+00 13 40 5.200000e-01 1.600000e+00 3.685977e+00 
 7.801905e+00 14 40 5.600000e-01 1.600000e+00 3.594905e+00 
 8.452063e+00 14 40 5.600000e-01 1.600000e+00 3.640994e+00 
 9.102222e+00 14 40 5.600000e-01 1.600000e+00 3.652910e+00 
 9.752381e+00 14 38 5.600000e-01 1.520000e+00 3.660054e+00 
 1.040254e+01 13 41 5.200000e-01 1.640000e+00 3.699662e+00 
 1.105270e+01 12 39 4.800000e-01 1.560000e+00 3.734146e+00 
 1.170286e+01 13 39 5.200000e-01 1.560000e+00 3.789699e+00 
 1.235302e+01 11 41 4.400000e-01 1.640000e+00 3.707638e+00 
 1.300317e+01 11 38 4.400000e-01 1.520000e+00 3.772200e+00 
 1.365333e+01 12 42 4.800000e-01 1.680000e+00 3.710008e+00 
 1.430349e+01 7 38 2.800000e-01 1.520000e+00 3.847051e+00 
 1.495365e+01 13 42 5.200000e-01 1.680000e+00 3.802433e+00 
 1.560381e+01 12 42 4.800000e-01 1.680000e+00 3.891033e+00 
 1.625397e+01 12 39 4.800000e-01 1.560000e+00 3.816468e+00 
 1.690413e+01 13 41 5.200000e-01 1.640000e+00 3.856812e+00 
 1.755429e+01 12 41 4.800000e-01 1.640000e+00 3.818515e+00 
 1.820444e+01 12 41 4.800000e-01 1.640000e+00 3.867622e+00 
 1.885460e+01 11 39 4.400000e-01 1.560000e+00 3.834847e+00 
 1.950476e+01 12 40 4.800000e-01 1.600000e+00 3.890907e+00 
 2.015492e+01 12 41 4.800000e-01 1.640000e+00 3.839428e+00 
 2.080508e+01 13 40 5.200000e-01 1.600000e+00 3.878212e+00 
 2.145524e+01 10 41 4.000000e-01 1.640000e+00 3.868379e+00 
 2.210540e+01 10 41 4.000000e-01 1.640000e+00 3.879471e+00 
 2.275556e+01 12 41 4.800000e-01 1.640000e+00 3.928188e+00 
 2.340571e+01 12 41 4.800000e-01 1.640000e+00 3.946851e+00 
 2.405587e+01 10 40 4.000000e-01 1.600000e+00 3.979623e+00 
 2.470603e+01 12 43 4.800000e-01 1.720000e+00 3.949943e+00 
 2.535619e+01 10 41 4.000000e-01 1.640000e+00 3.934833e+00 
 2.600635e+01 12 42 4.800000e-01 1.680000e+00 4.012736e+00 
 2.665651e+01 12 41 4.800000e-01 1.640000e+00 3.924333e+00 
 2.730667e+01 12 39 4.800000e-01 1.560000e+00 3.961176e+00 
 2.795683e+01 13 39 5.200000e-01 1.560000e+00 3.904562e+00 
 2.860698e+01 10 41 4.000000e-01 1.640000e+00 4.001770e+00 
 2.925714e+01 11 39 4.400000e-01 1.560000e+00 4.063702e+00 
 2.990730e+01 10 40 4.000000e-01 1.600000e+00 3.974528e+00 
 3.055746e+01 11 39 4.400000e-01 1.560000e+00 4.028706e+00 
 3.120762e+01 10 39 4.000000e-01 1.560000e+00 4.020881e+00 
 3.185778e+01 10 38 4.000000e-01 1.520000e+00 3.978396e+00 
 3.250794e+01 12 41 4.800000e-01 1.640000e+00 3.962224e+00 
 3.315810e+01 12 41 4.800000e-01 1.640000e+00 4.045095e+00 
 3.380825e+01 12 40 4.800000e-01 1.600000e+00 3.991201e+00 
 3.445841e+01 9 41 3.600000e-01 1.640000e+00 4.119077e+00 
 3.510857e+01 12 41 4.800000e-01 1.640000e+00 4.001831e+00 
 3.575873e+01 12 41 4.800000e-01 1.640000e+00 4.123579e+00 
 3.640889e+01 11 38 4.400000e-01 1.520000e+00 4.080190e+00 
 3.705905e+01 11 41 4.400000e-01 1.640000e+00 4.107444e+00 
 3.770921e+01 11 40 4.400000e-01 1.600000e+00 4.128254e+00 
 3.835937e+01 12 38 4.800000e-01 1.520000e+00 4.150078e+00 
 3.900952e+01 13 41 5.200000e-01 1.640000e+00 4.186217e+00 
 3.965968e+01 12 41 4.800000e-01 1.640000e+00 4.190181e+00 
 4.030984e+01 11 40 4.400000e-01 1.600000e+00 4.111127e+00 
 4.096000e+01 11 40 4.400000e-01 1.600000e+00 4.167982e+00 
 4.161016e+01 12 40 4.800000e-01 1.600000e+00 4.190123e+00 
 4.226032e+01 12 39 4.800000e-01 1.560000e+00 4.174595e+00 
 4.291048e+01 13 40 5.200000e-01 1.600000e+00 4.128372e+00 
 4.356063e+01 12 43 4.800000e-01 1.720000e+00 4.239417e+00 
 4.421079e+01 12 41 4.800000e-01 1.640000e+00 4.236133e+00 
 4.486095e+01 12 41 4.800000e-01 1.640000e+00 4.214350e+00 
 4.551111e+01 13 39 5.200000e-01 1.560000e+00 4.135345e+00 
 4.616127e+01 12 40 4.800000e-01 1.600000e+00 4.111840e+00 
 4.681143e+01 13 41 5.200000e-01 1.640000e+00 4.190647e+00 
 4.746159e+01 11 43 4.400000e-01 1.720000e+00 4.172899e+00 
 4.811175e+01 11 39 4.400000e-01 1.560000e+00 4.157248e+00 
 4.876190e+01 9 42 3.600000e-01 1.680000e+00 4.247012e+00 
 4.941206e+01 11 43 4.400000e-01 1.720000e+00 4.179622e+00 
 5.006222e+01 12 42 4.800000e-01 1.680000e+00 4.201353e+00 
 5.071238e+01 12 42 4.800000e-01 1.680000e+00 4.232212e+00 
 5.136254e+01 10 44 4.000000e-01 1.760000e+00 4.208436e+00 
 5.201270e+01 11 45 4.400000e-01 1.800000e+00 4.252642e+00 
 5.266286e+01 10 44 4.000000e-01 1.760000e+00 4.241893e+00 
 5.331302e+01 12 42 4.800000e-01 1.680000e+00 4.251493e+00 
 5.396317e+01 11 43 4.400000e-01 1.720000e+00 4.251034e+00 
 5.461333e+01 11 42 4.400000e-01 1.680000e+00 4.238783e+00 
 5.526349e+01 12 43 4.800000e-01 1.720000e+00 4.270516e+00 
 5.591365e+01 11 43 4.400000e-01 1.720000e+00 4.243043e+00 
 5.656381e+01 12 42 4.800000e-01 1.680000e+00 4.241259e+00 
 5.721397e+01 11 40 4.400000e-01 1.600000e+00 4.328210e+00 
 5.786413e+01 10 41 4.000000e-01 1.640000e+00 4.375279e+00 
 5.851429e+01 12 40 4.800000e-01 1.600000e+00 4.346616e+00 
 5.916444e+01 10 42 4.000000e-01 1.680000e+00 4.331085e+00 
 5.981460e+01 12 41 4.800000e-01 1.640000e+00 4.345323e+00 
 6.046476e+01 11 41 4.400000e-01 1.640000e+00 4.291502e+00 
 6.111492e+01 12 40 4.800000e-01 1.600000e+00 4.349984e+00 
 6.176508e+01 12 41 4.800000e-01 1.640000e+00 4.304000e+00 
 6.241524e+01 10 44 4.000000e-01 1.760000e+00 4.376004e+00 
 6.306540e+01 9 42 3.600000e-01 1.680000e+00 4.330804e+00 
 6.371556e+01 9 41 3.600000e-01 1.640000e+00 4.399208e+00 
 6.436571e+01 10 41 4.000000e-01 1.640000e+00 4.420909e+00 
 6.501587e+01 12 43 4.800000e-01 1.720000e+00 4.352509e+00 
 6.566603e+01 10 41 4.000000e-01 1.640000e+00 4.344200e+00 
 6.631619e+01 12 40 4.800000e-01 1.600000e+00 4.366677e+00 
 6.696635e+01 11 41 4.400000e-01 1.640000e+00 4.407136e+00 
 6.761651e+01 11 41 4.400000e-01 1.640000e+00 4.351275e+00 
 6.826667e+01 10 40 4.000000e-01 1.600000e+00 4.363993e+00 
 6.891683e+01 11 41 4.400000e-01 1.640000e+00 4.359403e+00 
 6.956698e+01 11 41 4.400000e-01 1.640000e+00 4.433207e+00 
 7.021714e+01 12 42 4.800000e-01 1.680000e+00 4.428523e+00 
 7.086730e+01 12 39 4.800000e-01 1.560000e+00 4.409296e+00 
 7.151746e+01 11 44 4.400000e-01 1.760000e+00 4.403257e+00 
 7.216762e+01 12 42 4.800000e-01 1.680000e+00 4.401649e+00 
 7.281778e+01 11 41 4.400000e-01 1.640000e+00 4.410182e+00 
 7.346794e+01 11 42 4.400000e-01 1.680000e+00 4.366677e+00 
 7.411810e+01 10 43 4.000000e-01 1.720000e+00 4.459015e+00 
 7.476825e+01 11 42 4.400000e-01 1.680000e+00 4.424221e+00 
 7.541841e+01 10 41 4.000000e-01 1.640000e+00 4.460985e+00 
 7.606857e+01 9 42 3.600000e-01 1.680000e+00 4.403978e+00 
 7.671873e+01 11 42 4.400000e-01 1.680000e+00 4.406638e+00 
 7.736889e+01 12 41 4.800000e-01 1.640000e+00 4.377343e+00 
 7.801905e+01 11 40 4.400000e-01 1.600000e+00 4.380131e+00 
 7.866921e+01 12 40 4.800000e-01 1.600000e+00 4.398042e+00 
 7.931937e+01 10 41 4.000000e-01 1.640000e+00 4.408964e+00 
 7.996952e+01 9 41 3.600000e-01 1.640000e+00 4.368913e+00 
 8.061968e+01 9 43 3.600000e-01 1.720000e+00 4.505910e+00 
 8.126984e+01 11 44 4.400000e-01 1.760000e+00 4.455619e+00 
 8.192000e+01 11 40 4.400000e-01 1.600000e+00 4.457262e+00 
 8.257016e+01 10 41 4.000000e-01 1.640000e+00 4.419859e+00 
 8.322032e+01 10 43 4.000000e-01 1.720000e+00 4.474865e+00 
 8.387048e+01 10 42 4.000000e-01 1.680000e+00 4.490659e+00 
 8.452063e+01 10 41 4.000000e-01 1.640000e+00 4.467111e+00 
 8.517079e+01 10 40 4.000000e-01 1.600000e+00 4.450026e+00 
 8.582095e+01 10 44 4.000000e-01 1.760000e+00 4.351443e+00 
 8.647111e+01 10 41 4.000000e-01 1.640000e+00 4.465361e+00 
 8.712127e+01 10 45 4.000000e-01 1.800000e+00 4.467220e+00 
 8.777143e+01 10 43 4.000000e-01 1.720000e+00 4.498861e+00 
 8.842159e+01 10 42 4.000000e-01 1.680000e+00 4.400151e+00 
 8.907175e+01 10 41 4.000000e-01 1.640000e+00 4.476228e+00 
 8.972190e+01 9 42 3.600000e-01 1.680000e+00 4.485981e+00 
 9.037206e+01 10 46 4.000000e-01 1.840000e+00 4.482932e+00 
 9.102222e+01 10 40 4.000000e-01 1.600000e+00 4.496906e+00 
 9.167238e+01 11 41 4.400000e-01 1.640000e+00 4.492724e+00 
 9.232254e+01 11 45 4.400000e-01 1.800000e+00 4.470225e+00 
 9.297270e+01 11 40 4.400000e-01 1.600000e+00 4.449203e+00 
 9.362286e+01 10 41 4.000000e-01 1.640000e+00 4.434638e+00 
 9.427302e+01 12 42 4.800000e-01 1.680000e+00 4.523053e+00 
 9.492317e+01 8 45 3.200000e-01 1.800000e+00 4.469679e+00 
 9.557333e+01 10 41 4.000000e-01 1.640000e+00 4.578952e+00 
 9.622349e+01 9 45 3.600000e-01 1.800000e+00 4.504772e+00 
 9.687365e+01 11 41 4.400000e-01 1.640000e+00 4.523970e+00 
 9.752381e+01 8 46 3.200000e-01 1.840000e+00 4.493757e+00 
 9.817397e+01 10 41 4.000000e-01 1.640000e+00 4.520677e+00 
 9.882413e+01 10 41 4.000000e-01 1.640000e+00 4.469733e+00 
 9.947429e+01 11 44 4.400000e-01 1.760000e+00 4.517166e+00 
 1.001244e+02 12 44 4.800000e-01 1.760000e+00 4.490931e+00 
 1.007746e+02 12 45 4.800000e-01 1.800000e+00 4.480426e+00 
 1.014248e+02 12 45 4.800000e-01 1.800000e+00 4.570893e+00 
 1.020749e+02 10 48 4.000000e-01 1.920000e+00 4.532651e+00 
 1.027251e+02 11 43 4.400000e-01 1.720000e+00 4.444647e+00 
 1.033752e+02 11 43 4.400000e-01 1.720000e+00 4.540131e+00 
 1.040254e+02 11 42 4.400000e-01 1.680000e+00 4.499349e+00 
 1.046756e+02 10 42 4.000000e-01 1.680000e+00 4.497775e+00 
 1.053257e+02 11 43 4.400000e-01 1.720000e+00 4.538625e+00 
 1.059759e+02 11 42 4.400000e-01 1.680000e+00 4.523809e+00 
 1.066260e+02 11 44 4.400000e-01 1.760000e+00 4.526290e+00 
 1.072762e+02 10 47 4.000000e-01 1.880000e+00 4.509376e+00 
 1.079263e+02 12 50 4.800000e-01 2.000000e+00 4.491311e+00 
 1.085765e+02 10 46 4.000000e-01 1.840000e+00 4.507102e+00 
 1.092267e+02 11 45 4.400000e-01 1.800000e+00 4.532381e+00 
 1.098768e+02 10 42 4.000000e-01 1.680000e+00 4.511866e+00 
 1.105270e+02 9 42 3.600000e-01 1.680000e+00 4.460712e+00 
 1.111771e+02 11 41 4.400000e-01 1.640000e+00 4.508726e+00 
 1.118273e+02 11 43 4.400000e-01 1.720000e+00 4.557521e+00 
 1.124775e+02 9 45 3.600000e-01 1.800000e+00 4.599062e+00 
 1.131276e+02 10 43 4.000000e-01 1.720000e+00 4.588964e+00 
 1.137778e+02 10 50 4.000000e-01 2.000000e+00 4.628905e+00 
 1.144279e+02 11 46 4.400000e-01 1.840000e+00 4.602352e+00 
 1.150781e+02 10 46 4.000000e-01 1.840000e+00 4.599964e+00 
 1.157283e+02 11 42 4.400000e-01 1.680000e+00 4.468204e+00 
 1.163784e+02 9 43 3.600000e-01 1.720000e+00 4.503091e+00 
 1.170286e+02 11 46 4.400000e-01 1.840000e+00 4.524942e+00 
 1.176787e+02 11 41 4.400000e-01 1.640000e+00 4.512623e+00 
 1.183289e+02 10 43 4.000000e-01 1.720000e+00 4.576285e+00 
 1.189790e+02 11 46 4.400000e-01 1.840000e+00 4.494789e+00 
 1.196292e+02 11 43 4.400000e-01 1.720000e+00 4.533728e+00 
 1.202794e+02 12 42 4.800000e-01 1.680000e+00 4.533943e+00 
 1.209295e+02 10 43 4.000000e-01 1.720000e+00 4.576231e+00 
 1.215797e+02 10 42 4.000000e-01 1.680000e+00 4.562982e+00 
 1.222298e+02 11 41 4.400000e-01 1.640000e+00 4.443218e+00 
 1.228800e+02 11 47 4.400000e-01 1.880000e+00 4.565175e+00 
 1.235302e+02 11 42 4.400000e-01 1.680000e+00 4.554895e+00 
 1.241803e+02 11 43 4.400000e-01 1.720000e+00 4.569024e+00 
 1.248305e+02 11 44 4.400000e-01 1.760000e+00 4.521379e+00 
 1.254806e+02 9 41 3.600000e-01 1.640000e+00 4.535343e+00 
 1.261308e+02 11 39 4.400000e-01 1.560000e+00 4.590507e+00 
 1.267810e+02 12 42 4.800000e-01 1.680000e+00 4.559074e+00 
 1.274311e+02 9 43 3.600000e-01 1.720000e+00 4.567527e+00 
 1.280813e+02 10 45 4.000000e-01 1.800000e+00 4.574951e+00 
 1.287314e+02 10 43 4.000000e-01 1.720000e+00 4.547385e+00 
 1.293816e+02 11 44 4.400000e-01 1.760000e+00 4.559877e+00 
 1.300317e+02 9 47 3.600000e-01 1.880000e+00 4.556717e+00 
 1.306819e+02 12 45 4.800000e-01 1.800000e+00 4.570359e+00 
 1.313321e+02 9 41 3.600000e-01 1.640000e+00 4.504718e+00 
 1.319822e+02 10 44 4.000000e-01 1.760000e+00 4.553984e+00 
 1.326324e+02 10 41 4.000000e-01 1.640000e+00 4.526884e+00 
 1.332825e+02 11 42 4.400000e-01 1.680000e+00 4.489789e+00 
 1.339327e+02 12 42 4.800000e-01 1.680000e+00 4.530280e+00 
 1.345829e+02 10 49 4.000000e-01 1.960000e+00 4.555646e+00 
 1.352330e+02 11 42 4.400000e-01 1.680000e+00 4.503091e+00 
 1.358832e+02 11 43 4.400000e-01 1.720000e+00 4.602511e+00 
 1.365333e+02 11 41 4.400000e-01 1.640000e+00 4.544431e+00 
 1.371835e+02 10 42 4.000000e-01 1.680000e+00 4.562768e+00 
 1.378337e+02 11 46 4.400000e-01 1.840000e+00 4.562339e+00 
 1.384838e+02 11 45 4.400000e-01 1.800000e+00 4.566191e+00 
 1.391340e+02 9 47 3.600000e-01 1.880000e+00 4.515057e+00 
 1.397841e+02 7 45 2.800000e-01 1.800000e+00 4.607918e+00 
 1.404343e+02 7 45 2.800000e-01 1.800000e+00 4.535935e+00 
 1.410844e+02 9 44 3.600000e-01 1.760000e+00 4.599433e+00 
 1.417346e+02 9 41 3.600000e-01 1.640000e+00 4.635703e+00 
 1.423848e+02 9 40 3.600000e-01 1.600000e+00 4.511433e+00 
 1.430349e+02 10 45 4.000000e-01 1.800000e+00 4.610355e+00 
 1.436851e+02 11 43 4.400000e-01 1.720000e+00 4.579058e+00 
 1.443352e+02 10 43 4.000000e-01 1.720000e+00 4.640230e+00 
 1.449854e+02 9 41 3.600000e-01 1.640000e+00 4.541798e+00 
 1.456356e+02 11 43 4.400000e-01 1.720000e+00 4.631910e+00 
 1.462857e+02 10 44 4.000000e-01 1.760000e+00 4.577298e+00 
 1.469359e+02 10 42 4.000000e-01 1.680000e+00 4.699931e+00 
 1.475860e+02 10 46 4.000000e-01 1.840000e+00 4.581084e+00 
 1.482362e+02 11 44 4.400000e-01 1.760000e+00 4.568543e+00 
 1.488863e+02 10 43 4.000000e-01 1.720000e+00 4.556932e+00 
 1.495365e+02 11 44 4.400000e-01 1.760000e+00 4.595397e+00 
 1.501867e+02 11 45 4.400000e-01 1.800000e+00 4.556932e+00 
 1.508368e+02 10 47 4.000000e-01 1.880000e+00 4.618925e+00 
 1.514870e+02 10 46 4.000000e-01 1.840000e+00 4.615436e+00 
 1.521371e+02 11 42 4.400000e-01 1.680000e+00 4.618238e+00 
 1.527873e+02 11 43 4.400000e-01 1.720000e+00 4.568543e+00 
 1.534375e+02 10 41 4.000000e-01 1.640000e+00 4.596672e+00 
 1.540876e+02 10 44 4.000000e-01 1.760000e+00 4.612525e+00 
 1.547378e+02 10 45 4.000000e-01 1.800000e+00 4.600813e+00 
 1.553879e+02 11 43 4.400000e-01 1.720000e+00 4.579964e+00 
 1.560381e+02 9 44 3.600000e-01 1.760000e+00 4.586463e+00 
 1.566883e+02 8 44 3.200000e-01 1.760000e+00 4.589869e+00 
 1.573384e+02 9 43 3.600000e-01 1.720000e+00 4.632542e+00 
 1.579886e+02 10 42 4.000000e-01 1.680000e+00 4.647958e+00 
 1.586387e+02 10 44 4.000000e-01 1.760000e+00 4.638599e+00 
 1.592889e+02 11 43 4.400000e-01 1.720000e+00 4.584972e+00 
 1.599390e+02 11 42 4.400000e-01 1.680000e+00 4.618503e+00 
 1.605892e+02 11 43 4.400000e-01 1.720000e+00 4.614113e+00 
 1.612394e+02 10 43 4.000000e-01 1.720000e+00 4.659343e+00 
 1.618895e+02 10 44 4.000000e-01 1.760000e+00 4.574417e+00 
 1.625397e+02 10 43 4.000000e-01 1.720000e+00 4.571534e+00 
 1.631898e+02 10 43 4.000000e-01 1.720000e+00 4.587581e+00 
 1.638400e+02 11 41 4.400000e-01 1.640000e+00 4.621937e+00 
 1.644902e+02 9 43 3.600000e-01 1.720000e+00 4.611890e+00 
 1.651403e+02 12 44 4.800000e-01 1.760000e+00 4.563998e+00 
 1.657905e+02 10 45 4.000000e-01 1.800000e+00 4.588592e+00 
 1.664406e+02 11 43 4.400000e-01 1.720000e+00 4.651529e+00 
 1.670908e+02 8 42 3.200000e-01 1.680000e+00 4.584227e+00 
 1.677410e+02 11 46 4.400000e-01 1.840000e+00 4.642703e+00 
 1.683911e+02 9 42 3.600000e-01 1.680000e+00 4.644595e+00 
 1.690413e+02 10 42 4.000000e-01 1.680000e+00 4.598106e+00 
 1.696914e+02 10 45 4.000000e-01 1.800000e+00 4.673207e+00 
 1.703416e+02 10 44 4.000000e-01 1.760000e+00 4.631594e+00 
 1.709917e+02 11 45 4.400000e-01 1.800000e+00 4.640336e+00 
 1.716419e+02 10 42 4.000000e-01 1.680000e+00 4.693642e+00 
 1.722921e+02 9 43 3.600000e-01 1.720000e+00 4.689375e+00 
 1.729422e+02 9 47 3.600000e-01 1.880000e+00 4.661333e+00 
 1.735924e+02 10 46 4.000000e-01 1.840000e+00 4.677176e+00 
 1.742425e+02 9 43 3.600000e-01 1.720000e+00 4.723456e+00 
 1.748927e+02 9 42 3.600000e-01 1.680000e+00 4.688854e+00 
 1.755429e+02 9 46 3.600000e-01 1.840000e+00 4.678742e+00 
 1.761930e+02 9 43 3.600000e-01 1.720000e+00 4.619295e+00 
 1.768432e+02 10 42 4.000000e-01 1.680000e+00 4.656145e+00 
 1.774933e+02 9 45 3.600000e-01 1.800000e+00 4.664946e+00 
 1.781435e+02 10 42 4.000000e-01 1.680000e+00 4.680829e+00 
 1.787937e+02 10 42 4.000000e-01 1.680000e+00 4.658556e+00 
 1.794438e+02 11 44 4.400000e-01 1.760000e+00 4.658976e+00 
 1.800940e+02 9 44 3.600000e-01 1.760000e+00 4.646014e+00 
 1.807441e+02 11 43 4.400000e-01 1.720000e+00 4.705953e+00 
 1.813943e+02 11 43 4.400000e-01 1.720000e+00 4.671588e+00 
 1.820444e+02 12 44 4.800000e-01 1.760000e+00 4.679837e+00 
 1.826946e+02 11 43 4.400000e-01 1.720000e+00 4.705694e+00 
 1.833448e+02 11 44 4.400000e-01 1.760000e+00 4.680150e+00 
 1.839949e+02 10 44 4.000000e-01 1.760000e+00 4.729035e+00 
 1.846451e+02 9 43 3.600000e-01 1.720000e+00 4.702320e+00 
 1.852952e+02 10 42 4.000000e-01 1.680000e+00 4.662381e+00 
 1.859454e+02 11 42 4.400000e-01 1.680000e+00 4.701126e+00 
 1.865956e+02 11 42 4.400000e-01 1.680000e+00 4.721129e+00 
 1.872457e+02 10 43 4.000000e-01 1.720000e+00 4.724903e+00 
 1.878959e+02 11 44 4.400000e-01 1.760000e+00 4.809557e+00 
 1.885460e+02 11 42 4.400000e-01 1.680000e+00 4.737545e+00 
 1.891962e+02 10 43 4.000000e-01 1.720000e+00 4.673939e+00 
 1.898463e+02 9 43 3.600000e-01 1.720000e+00 4.695722e+00 
 1.904965e+02 10 43 4.000000e-01 1.720000e+00 4.689947e+00 
 1.911467e+02 11 42 4.400000e-01 1.680000e+00 4.725575e+00 
 1.917968e+02 11 45 4.400000e-01 1.800000e+00 4.697178e+00 
 1.924470e+02 11 43 4.400000e-01 1.720000e+00 4.655568e+00 
 1.930971e+02 10 41 4.000000e-01 1.640000e+00 4.719733e+00 
 1.937473e+02 10 44 4.000000e-01 1.760000e+00 4.707924e+00 
 1.943975e+02 10 44 4.000000e-01 1.760000e+00 4.766470e+00 
 1.950476e+02 10 41 4.000000e-01 1.640000e+00 4.693694e+00 
 1.956978e+02 11 45 4.400000e-01 1.800000e+00 4.724024e+00 
 1.963479e+02 7 44 2.800000e-01 1.760000e+00 4.754675e+00 
 1.969981e+02 10 46 4.000000e-01 1.840000e+00 4.701386e+00 
 1.976483e+02 10 42 4.000000e-01 1.680000e+00 4.654939e+00 
 1.982984e+02 10 42 4.000000e-01 1.680000e+00 4.707354e+00 
 1.989486e+02 9 43 3.600000e-01 1.720000e+00 4.655726e+00 
 1.995987e+02 10 42 4.000000e-01 1.680000e+00 4.645121e+00 
 2.002489e+02 10 45 4.000000e-01 1.800000e+00 4.702580e+00 
 2.008990e+02 10 45 4.000000e-01 1.800000e+00 4.648536e+00 
 2.015492e+02 11 46 4.400000e-01 1.840000e+00 4.673991e+00 
 2.021994e+02 10 42 4.000000e-01 1.680000e+00 4.670281e+00 
 2.028495e+02 9 42 3.600000e-01 1.680000e+00 4.662590e+00 
 2.034997e+02 8 46 3.200000e-01 1.840000e+00 4.714557e+00 
 2.041498e+02 9 43 3.600000e-01 1.720000e+00 4.704864e+00 
 2.048000e+02 9 44 3.600000e-01 1.760000e+00 4.711449e+00 
 2.054502e+02 11 44 4.400000e-01 1.760000e+00 4.710776e+00 
 2.061003e+02 10 48 4.000000e-01 1.920000e+00 4.687396e+00 
 2.067505e+02 10 45 4.000000e-01 1.800000e+00 4.693278e+00 
 2.074006e+02 12 45 4.800000e-01 1.800000e+00 4.697749e+00 
 2.080508e+02 10 43 4.000000e-01 1.720000e+00 4.677594e+00 
 2.087010e+02 9 44 3.600000e-01 1.760000e+00 4.654257e+00 
 2.093511e+02 10 44 4.000000e-01 1.760000e+00 4.730274e+00 
 2.100013e+02 9 44 3.600000e-01 1.760000e+00 4.758114e+00 
 2.106514e+02 11 41 4.400000e-01 1.640000e+00 4.739503e+00 
 2.113016e+02 11 41 4.400000e-01 1.640000e+00 4.694214e+00 
 2.119517e+02 10 43 4.000000e-01 1.720000e+00 4.704137e+00 
 2.126019e+02 10 46 4.000000e-01 1.840000e+00 4.750360e+00 
 2.132521e+02 10 46 4.000000e-01 1.840000e+00 4.790687e+00 
 2.139022e+02 10 44 4.000000e-01 1.760000e+00 4.743983e+00 
 2.145524e+02 11 44 4.400000e-01 1.760000e+00 4.671222e+00 
 2.152025e+02 11 45 4.400000e-01 1.800000e+00 4.658556e+00 
 2.158527e+02 9 43 3.600000e-01 1.720000e+00 4.740739e+00 
 2.165029e+02 10 43 4.000000e-01 1.720000e+00 4.705434e+00 
 2.171530e+02 10 46 4.000000e-01 1.840000e+00 4.726298e+00 
 2.178032e+02 10 45 4.000000e-01 1.800000e+00 4.706576e+00 
 2.184533e+02 10 48 4.000000e-01 1.920000e+00 4.658085e+00 
 2.191035e+02 10 48 4.000000e-01 1.920000e+00 4.738370e+00 
 2.197537e+02 10 48 4.000000e-01 1.920000e+00 4.737700e+00 
 2.204038e+02 10 47 4.000000e-01 1.880000e+00 4.729654e+00 
 2.210540e+02 11 47 4.400000e-01 1.880000e+00 4.731099e+00 
 2.217041e+02 11 47 4.400000e-01 1.880000e+00 4.721750e+00 
 2.223543e+02 8 45 3.200000e-01 1.800000e+00 4.772562e+00 
 2.230044e+02 10 45 4.000000e-01 1.800000e+00 4.672737e+00 
 2.236546e+02 11 45 4.400000e-01 1.800000e+00 4.735741e+00 
 2.243048e+02 10 47 4.000000e-01 1.880000e+00 4.672737e+00 
 2.249549e+02 11 48 4.400000e-01 1.920000e+00 4.710724e+00 
 2.256051e+02 10 49 4.000000e-01 1.960000e+00 4.743468e+00 
 2.262552e+02 10 45 4.000000e-01 1.800000e+00 4.718388e+00 
 2.269054e+02 11 46 4.400000e-01 1.840000e+00 4.716887e+00 
 2.275556e+02 11 47 4.400000e-01 1.880000e+00 4.687760e+00 
 2.282057e+02 10 47 4.000000e-01 1.880000e+00 4.712382e+00 
 2.288559e+02 10 43 4.000000e-01 1.720000e+00 4.691613e+00 
 2.295060e+02 11 43 4.400000e-01 1.720000e+00 4.744703e+00 
 2.301562e+02 11 45 4.400000e-01 1.800000e+00 4.744394e+00 
 2.308063e+02 10 44 4.000000e-01 1.760000e+00 4.813058e+00 
 2.314565e+02 12 44 4.800000e-01 1.760000e+00 4.749332e+00 
 2.321067e+02 9 43 3.600000e-01 1.720000e+00 4.774607e+00 
 2.327568e+02 10 43 4.000000e-01 1.720000e+00 4.753905e+00 
 2.334070e+02 10 46 4.000000e-01 1.840000e+00 4.695410e+00 
 2.340571e+02 11 42 4.400000e-01 1.680000e+00 4.736102e+00 
 2.347073e+02 10 46 4.000000e-01 1.840000e+00 4.713677e+00 
 2.353575e+02 10 45 4.000000e-01 1.800000e+00 4.725988e+00 
 2.360076e+02 9 47 3.600000e-01 1.880000e+00 4.721336e+00 
 2.366578e+02 10 45 4.000000e-01 1.800000e+00 4.789923e+00 
 2.373079e+02 12 45 4.800000e-01 1.800000e+00 4.679472e+00 
 2.379581e+02 10 42 4.000000e-01 1.680000e+00 4.723869e+00 
 2.386083e+02 10 47 4.000000e-01 1.880000e+00 4.691144e+00 
 2.392584e+02 10 46 4.000000e-01 1.840000e+00 4.721543e+00 
 2.399086e+02 8 42 3.200000e-01 1.680000e+00 4.792725e+00 
 2.405587e+02 10 46 4.000000e-01 1.840000e+00 4.772562e+00 
 2.412089e+02 9 48 3.600000e-01 1.920000e+00 4.780841e+00 
 2.418590e+02 11 45 4.400000e-01 1.800000e+00 4.699100e+00 
 2.425092e+02 10 45 4.000000e-01 1.800000e+00 4.698996e+00 
 2.431594e+02 9 45 3.600000e-01 1.800000e+00 4.758422e+00 
 2.438095e+02 10 44 4.000000e-01 1.760000e+00 4.758986e+00 
 2.444597e+02 11 44 4.400000e-01 1.760000e+00 4.715696e+00 
 2.451098e+02 11 47 4.400000e-01 1.880000e+00 4.761653e+00 
 2.457600e+02 11 46 4.400000e-01 1.840000e+00 4.735999e+00 
 2.464102e+02 10 44 4.000000e-01 1.760000e+00 4.832901e+00 
 2.470603e+02 11 45 4.400000e-01 1.800000e+00 4.750925e+00 
 2.477105e+02 10 44 4.000000e-01 1.760000e+00 4.756472e+00 
 2.483606e+02 11 49 4.400000e-01 1.960000e+00 4.827493e+00 
 2.490108e+02 10 43 4.000000e-01 1.720000e+00 4.800818e+00 
 2.496610e+02 10 43 4.000000e-01 1.720000e+00 4.793846e+00 
 2.503111e+02 9 43 3.600000e-01 1.720000e+00 4.821522e+00 
 2.509613e+02 9 44 3.600000e-01 1.760000e+00 4.778952e+00 
 2.516114e+02 9 43 3.600000e-01 1.720000e+00 4.789464e+00 
 2.522616e+02 9 43 3.600000e-01 1.720000e+00 4.824862e+00 
 2.529117e+02 9 44 3.600000e-01 1.760000e+00 4.887104e+00 
 2.535619e+02 9 46 3.600000e-01 1.840000e+00 4.717301e+00 
 2.542121e+02 9 44 3.600000e-01 1.760000e+00 4.867131e+00 
 2.548622e+02 9 44 3.600000e-01 1.760000e+00 4.764831e+00 
 2.555124e+02 9 46 3.600000e-01 1.840000e+00 4.773943e+00 
 2.561625e+02 9 45 3.600000e-01 1.800000e+00 4.751182e+00 
 2.568127e+02 9 46 3.600000e-01 1.840000e+00 4.761038e+00 
 2.574629e+02 9 47 3.600000e-01 1.880000e+00 4.757139e+00 
 2.581130e+02 8 44 3.200000e-01 1.760000e+00 4.819597e+00 
 2.587632e+02 8 46 3.200000e-01 1.840000e+00 4.806866e+00 
 2.594133e+02 8 45 3.200000e-01 1.800000e+00 4.830526e+00 
 2.600635e+02 9 45 3.600000e-01 1.800000e+00 4.758986e+00 
 2.607137e+02 9 45 3.600000e-01 1.800000e+00 4.827139e+00 
 2.613638e+02 7 44 2.800000e-01 1.760000e+00 4.793082e+00 
 2.620140e+02 10 45 4.000000e-01 1.800000e+00 4.763806e+00 
 2.626641e+02 9 42 3.600000e-01 1.680000e+00 4.724800e+00 
 2.633143e+02 9 41 3.600000e-01 1.640000e+00 4.761499e+00 
 2.639644e+02 11 47 4.400000e-01 1.880000e+00 4.760217e+00 
 2.646146e+02 9 45 3.600000e-01 1.800000e+00 4.737906e+00 
 2.652648e+02 10 41 4.000000e-01 1.640000e+00 4.770873e+00 
 2.659149e+02 9 43 3.600000e-01 1.720000e+00 4.792267e+00 
 2.665651e+02 11 43 4.400000e-01 1.720000e+00 4.791146e+00 
 2.672152e+02 11 45 4.400000e-01 1.800000e+00 4.800208e+00 
 2.678654e+02 9 47 3.600000e-01 1.880000e+00 4.793540e+00 
 2.685156e+02 10 46 4.000000e-01 1.840000e+00 4.789974e+00 
 2.691657e+02 9 43 3.600000e-01 1.720000e+00 4.746709e+00 
 2.698159e+02 9 42 3.600000e-01 1.680000e+00 4.760422e+00 
 2.704660e+02 10 46 4.000000e-01 1.840000e+00 4.772255e+00 
 2.711162e+02 8 45 3.200000e-01 1.800000e+00 4.806002e+00 
 2.717663e+02 9 43 3.600000e-01 1.720000e+00 4.787068e+00 
 2.724165e+02 9 43 3.600000e-01 1.720000e+00 4.804529e+00 
 2.730667e+02 9 45 3.600000e-01 1.800000e+00 4.837597e+00 
 2.737168e+02 11 44 4.400000e-01 1.760000e+00 4.837092e+00 
 2.743670e+02 8 45 3.200000e-01 1.800000e+00 4.757806e+00 
 2.750171e+02 9 44 3.600000e-01 1.760000e+00 4.859601e+00 
 2.756673e+02 10 41 4.000000e-01 1.640000e+00 4.784823e+00 
 2.763175e+02 10 43 4.000000e-01 1.720000e+00 4.775272e+00 
 2.769676e+02 9 42 3.600000e-01 1.680000e+00 4.818229e+00 
 2.776178e+02 10 42 4.000000e-01 1.680000e+00 4.761653e+00 
 2.782679e+02 8 44 3.200000e-01 1.760000e+00 4.826734e+00 
 2.789181e+02 11 45 4.400000e-01 1.800000e+00 4.747532e+00 
 2.795683e+02 11 45 4.400000e-01 1.800000e+00 4.770105e+00 
 2.802184e+02 10 45 4.000000e-01 1.800000e+00 4.802953e+00 
 2.808686e+02 11 44 4.400000e-01 1.760000e+00 4.799394e+00 
 2.815187e+02 9 45 3.600000e-01 1.800000e+00 4.846521e+00 
 2.821689e+02 9 45 3.600000e-01 1.800000e+00 4.767904e+00 
 2.828190e+02 9 45 3.600000e-01 1.800000e+00 4.801581e+00 
 2.834692e+02 10 45 4.000000e-01 1.800000e+00 4.811688e+00 
 2.841194e+02 8 45 3.200000e-01 1.800000e+00 4.830526e+00 
 2.847695e+02 10 44 4.000000e-01 1.760000e+00 4.712693e+00 
 2.854197e+02 10 49 4.000000e-01 1.960000e+00 4.770157e+00 
 2.860698e+02 10 43 4.000000e-01 1.720000e+00 4.794711e+00 
 2.867200e+02 10 44 4.000000e-01 1.760000e+00 4.770617e+00 
 2.873702e+02 10 43 4.000000e-01 1.720000e+00 4.818989e+00 
 2.880203e+02 11 43 4.400000e-01 1.720000e+00 4.726763e+00 
 2.886705e+02 10 43 4.000000e-01 1.720000e+00 4.826077e+00 
 2.893206e+02 9 42 3.600000e-01 1.680000e+00 4.795170e+00 
 2.899708e+02 10 43 4.000000e-01 1.720000e+00 4.855379e+00 
 2.906210e+02 7 45 2.800000e-01 1.800000e+00 4.797562e+00 
 2.912711e+02 10 45 4.000000e-01 1.800000e+00 4.779718e+00 
 2.919213e+02 9 45 3.600000e-01 1.800000e+00 4.828858e+00 
 2.925714e+02 10 46 4.000000e-01 1.840000e+00 4.808084e+00 
 2.932216e+02 9 46 3.600000e-01 1.840000e+00 4.815391e+00 
 2.938717e+02 9 45 3.600000e-01 1.800000e+00 4.851959e+00 
 2.945219e+02 9 43 3.600000e-01 1.720000e+00 4.802547e+00 
 2.951721e+02 9 46 3.600000e-01 1.840000e+00 4.862614e+00 
 2.958222e+02 10 46 4.000000e-01 1.840000e+00 4.799445e+00 
 2.964724e+02 10 43 4.000000e-01 1.720000e+00 4.826228e+00 
 2.971225e+02 9 47 3.600000e-01 1.880000e+00 4.878054e+00 
 2.977727e+02 9 47 3.600000e-01 1.880000e+00 4.820104e+00 
 2.984229e+02 9 43 3.600000e-01 1.720000e+00 4.855329e+00 
 2.990730e+02 9 41 3.600000e-01 1.640000e+00 4.786455e+00 
 2.997232e+02 9 41 3.600000e-01 1.640000e+00 4.790381e+00 
 3.003733e+02 9 43 3.600000e-01 1.720000e+00 4.842238e+00 
 3.010235e+02 9 42 3.600000e-01 1.680000e+00 4.778952e+00 
 3.016737e+02 8 45 3.200000e-01 1.800000e+00 4.836436e+00 
 3.023238e+02 10 47 4.000000e-01 1.880000e+00 4.834366e+00 
 3.029740e+02 10 42 4.000000e-01 1.680000e+00 4.704449e+00 
 3.036241e+02 9 42 3.600000e-01 1.680000e+00 4.773022e+00 
 3.042743e+02 9 42 3.600000e-01 1.680000e+00 4.740018e+00 
 3.049244e+02 10 44 4.000000e-01 1.760000e+00 4.796544e+00 
 3.055746e+02 10 45 4.000000e-01 1.800000e+00 4.810876e+00 
 3.062248e+02 10 41 4.000000e-01 1.640000e+00 4.782424e+00 
 3.068749e+02 10 45 4.000000e-01 1.800000e+00 4.796341e+00 
 3.075251e+02 10 42 4.000000e-01 1.680000e+00 4.745475e+00 
 3.081752e+02 10 43 4.000000e-01 1.720000e+00 4.826684e+00 
 3.088254e+02 11 42 4.400000e-01 1.680000e+00 4.842641e+00 
 3.094756e+02 10 43 4.000000e-01 1.720000e+00 4.785741e+00 
 3.101257e+02 10 44 4.000000e-01 1.760000e+00 4.748921e+00 
 3.107759e+02 11 43 4.400000e-01 1.720000e+00 4.782526e+00 
 3.114260e+02 9 49 3.600000e-01 1.960000e+00 4.729499e+00 
 3.120762e+02 11 44 4.400000e-01 1.760000e+00 4.799597e+00 
 3.127263e+02 11 43 4.400000e-01 1.720000e+00 4.842540e+00 
 3.133765e+02 10 48 4.000000e-01 1.920000e+00 4.848536e+00 
 3.140267e+02 10 41 4.000000e-01 1.640000e+00 4.795119e+00 
 3.146768e+02 10 46 4.000000e-01 1.840000e+00 4.805443e+00 
 3.153270e+02 8 43 3.200000e-01 1.720000e+00 4.825975e+00 
 3.159771e+02 8 43 3.200000e-01 1.720000e+00 4.819496e+00 
 3.166273e+02 9 41 3.600000e-01 1.640000e+00 4.798376e+00 
 3.172775e+02 9 44 3.600000e-01 1.760000e+00 4.764728e+00 
 3.179276e+02 8 42 3.200000e-01 1.680000e+00 4.817064e+00 
 3.185778e+02 8 44 3.200000e-01 1.760000e+00 4.848032e+00 
 3.192279e+02 7 50 2.800000e-01 2.000000e+00 4.798834e+00 
 3.198781e+02 8 44 3.200000e-01 1.760000e+00 4.819040e+00 
 3.205283e+02 8 43 3.200000e-01 1.720000e+00 4.813007e+00 
 3.211784e+02 8 46 3.200000e-01 1.840000e+00 4.805850e+00 
 3.218286e+02 9 42 3.600000e-01 1.680000e+00 4.812246e+00 
 3.224787e+02 9 44 3.600000e-01 1.760000e+00 4.811739e+00 
 3.231289e+02 10 44 4.000000e-01 1.760000e+00 4.797409e+00 
 3.237790e+02 10 41 4.000000e-01 1.640000e+00 4.805037e+00 
 3.244292e+02 11 47 4.400000e-01 1.880000e+00 4.854524e+00 
 3.250794e+02 9 42 3.600000e-01 1.680000e+00 4.848989e+00 
 3.257295e+02 10 46 4.000000e-01 1.840000e+00 4.875951e+00 
