# 1:xM, 2:zM, 3:rM, 4:angleM, 5:gvect_x, 6:gvect_y,                           7:gvect_z, 8:gvect, 9:error
0.0000000000e+00 6.6500000000e+06 6.6500000000e+06 0.0000000000e+00 -1.9573161245e-22 -3.1672777966e-23 -2.3369034072e-05 2.3369034072e-05 1.0000000000e+00
2.2220959710e+05 6.6462863988e+06 6.6500000000e+06 3.3421198442e-02 -2.9135837944e-06 -3.2358594705e-23 -2.2910413405e-05 2.3094934789e-05 1.0000000000e+00
4.4417101441e+05 6.6351497428e+06 6.6500000000e+06 6.6842396885e-02 -5.5295864889e-06 -3.8787015910e-23 -2.1614097610e-05 2.2310211614e-05 1.0000000000e+00
6.6563634930e+05 6.6166024703e+06 6.6500000000e+06 1.0026359533e-01 -7.6299100879e-06 -2.9406917011e-23 -1.9688682454e-05 2.1115391181e-05 1.0000000000e+00
8.8635825324e+05 6.5906652962e+06 6.6500000000e+06 1.3368479377e-01 -9.1168176887e-06 -3.2048401975e-23 -1.7400573596e-05 1.9644244099e-05 1.0000000000e+00
1.1060902080e+06 6.5573671890e+06 6.6500000000e+06 1.6710599221e-01 -1.0004997038e-05 -3.6193998561e-23 -1.5001143508e-05 1.8031480036e-05 1.0000000000e+00
1.3245868009e+06 6.5167453385e+06 6.6500000000e+06 2.0052719065e-01 -1.0383073683e-05 -3.1661064960e-23 -1.2681579850e-05 1.6389956882e-05 1.0000000000e+00
1.5416039993e+06 6.4688451140e+06 6.6500000000e+06 2.3394838910e-01 -1.0370327751e-05 -2.5297671136e-23 -1.0560710199e-05 1.4801091094e-05 1.0000000000e+00
1.7568994224e+06 6.4137200141e+06 6.6500000000e+06 2.6736958754e-01 -1.0084756600e-05 -1.9883434754e-23 -8.6949170620e-06 1.3315550998e-05 1.0000000000e+00
1.9702326129e+06 6.3514316064e+06 6.6500000000e+06 3.0079078598e-01 -9.6261776938e-06 -1.9617064825e-23 -7.0964935351e-06 1.1959244018e-05 1.0000000000e+00
2.1813653046e+06 6.2820494592e+06 6.6500000000e+06 3.3421198442e-01 -9.0709641001e-06 -1.7346559057e-23 -5.7513696536e-06 1.0740607180e-05 1.0000000000e+00
2.3900616894e+06 6.2056510634e+06 6.6500000000e+06 3.6763318287e-01 -8.4734013895e-06 -1.4349442975e-23 -4.6324778521e-06 9.6570379598e-06 1.0000000000e+00
2.5960886798e+06 6.1223217464e+06 6.6500000000e+06 4.0105438131e-01 -7.8697648734e-06 -1.2688215504e-23 -3.7083810488e-06 8.6997292582e-06 1.0000000000e+00
2.7992161701e+06 6.0321545763e+06 6.6500000000e+06 4.3447557975e-01 -7.2828504255e-06 -9.0649584341e-24 -2.9481645760e-06 7.8569449971e-06 1.0000000000e+00
2.9992172928e+06 5.9352502585e+06 6.6500000000e+06 4.6789677819e-01 -6.7259359800e-06 -8.9547955864e-24 -2.3238226952e-06 7.1160639911e-06 1.0000000000e+00
3.1958686720e+06 5.8317170226e+06 6.6500000000e+06 5.0131797664e-01 -6.2058710808e-06 -6.7306369740e-24 -1.8111430181e-06 6.4647563684e-06 1.0000000000e+00
3.3889506732e+06 5.7216705021e+06 6.6500000000e+06 5.3473917508e-01 -5.7253297653e-06 -5.9270843233e-24 -1.3897763651e-06 5.8915939496e-06 1.0000000000e+00
3.5782476485e+06 5.6052336049e+06 6.6500000000e+06 5.6816037352e-01 -5.2843819246e-06 -5.5969491899e-24 -1.0429159916e-06 5.3863128475e-06 1.0000000000e+00
3.7635481773e+06 5.4825363763e+06 6.6500000000e+06 6.0158157196e-01 -4.8815542369e-06 -4.9421315297e-24 -7.5682721601e-07 4.9398744116e-06 1.0000000000e+00
3.9446453025e+06 5.3537158533e+06 6.6500000000e+06 6.3500277041e-01 -4.5145275700e-06 -4.2558604075e-24 -5.2035398025e-07 4.5444171733e-06 1.0000000000e+00
4.1213367616e+06 5.2189159121e+06 6.6500000000e+06 6.6842396885e-01 -4.1805839085e-06 -3.2780262947e-24 -3.2446211827e-07 4.1931560288e-06 1.0000000000e+00
4.2934252129e+06 5.0782871070e+06 6.6500000000e+06 7.0184516729e-01 -3.8768847450e-06 -3.3187693827e-24 -1.6184249779e-07 3.8802613726e-06 1.0000000000e+00
4.4607184554e+06 4.9319865026e+06 6.6500000000e+06 7.3526636573e-01 -3.6006381816e-06 -2.3541628896e-24 -2.6578411520e-08 3.6007362756e-06 1.0000000000e+00
4.6230296440e+06 4.7801774978e+06 6.6500000000e+06 7.6868756418e-01 -3.3491937688e-06 -2.5626493605e-24 8.6127177453e-08 3.3503010002e-06 1.0000000000e+00
4.7801774978e+06 4.6230296440e+06 6.6500000000e+06 8.0210876262e-01 -3.1200912412e-06 -2.1107645904e-24 1.8017234082e-07 3.1252890148e-06 1.0000000000e+00
4.9319865026e+06 4.4607184554e+06 6.6500000000e+06 8.3552996106e-01 -2.9110804503e-06 -1.7821693135e-24 2.5873334617e-07 2.9225557878e-06 1.0000000000e+00
5.0782871070e+06 4.2934252129e+06 6.6500000000e+06 8.6895115950e-01 -2.7201238077e-06 -1.7476361385e-24 3.2440622650e-07 2.7394001038e-06 1.0000000000e+00
5.2189159121e+06 4.1213367616e+06 6.6500000000e+06 9.0237235795e-01 -2.5453885526e-06 -1.5458392081e-24 3.7931967223e-07 2.5734969006e-06 1.0000000000e+00
5.3537158533e+06 3.9446453025e+06 6.6500000000e+06 9.3579355639e-01 -2.3852335135e-06 -1.4837526994e-24 4.2522501732e-07 2.4228403227e-06 1.0000000000e+00
5.4825363763e+06 3.7635481773e+06 6.6500000000e+06 9.6921475483e-01 -2.2381932944e-06 -1.2831800811e-24 4.6356802269e-07 2.2856956347e-06 1.0000000000e+00
5.6052336049e+06 3.5782476485e+06 6.6500000000e+06 1.0026359533e+00 -2.1029616858e-06 -1.1777630206e-24 4.9554623150e-07 2.1605587054e-06 1.0000000000e+00
5.7216705021e+06 3.3889506732e+06 6.6500000000e+06 1.0360571517e+00 -1.9783753686e-06 -1.1267458081e-24 5.2215489769e-07 2.0461219016e-06 1.0000000000e+00
5.8317170226e+06 3.1958686720e+06 6.6500000000e+06 1.0694783502e+00 -1.8633985084e-06 -9.6256176566e-25 5.4422386148e-07 1.9412453767e-06 1.0000000000e+00
5.9352502585e+06 2.9992172928e+06 6.6500000000e+06 1.1028995486e+00 -1.7571085435e-06 -9.5224977591e-25 5.6244724281e-07 1.8449328807e-06 1.0000000000e+00
6.0321545763e+06 2.7992161701e+06 6.6500000000e+06 1.1363207470e+00 -1.6586832863e-06 -7.1820421166e-25 5.7740742642e-07 1.7563113564e-06 1.0000000000e+00
6.1223217464e+06 2.5960886798e+06 6.6500000000e+06 1.1697419455e+00 -1.5673893464e-06 -7.5522387622e-25 5.8959449874e-07 1.6746136976e-06 1.0000000000e+00
6.2056510634e+06 2.3900616894e+06 6.6500000000e+06 1.2031631439e+00 -1.4825718185e-06 -7.0213669274e-25 5.9942205141e-07 1.5991641544e-06 1.0000000000e+00
6.2820494592e+06 2.1813653046e+06 6.6500000000e+06 1.2365843424e+00 -1.4036451495e-06 -6.3556314323e-25 6.0724007349e-07 1.5293659512e-06 1.0000000000e+00
6.3514316064e+06 1.9702326129e+06 6.6500000000e+06 1.2700055408e+00 -1.3300850759e-06 -6.1756449282e-25 6.1334550384e-07 1.4646907579e-06 1.0000000000e+00
6.4137200141e+06 1.7568994224e+06 6.6500000000e+06 1.3034267393e+00 -1.2614215265e-06 -5.9536279150e-25 6.1799089700e-07 1.4046697179e-06 1.0000000000e+00
6.4688451140e+06 1.5416039993e+06 6.6500000000e+06 1.3368479377e+00 -1.1972323830e-06 -5.8530954813e-25 6.2139156299e-07 1.3488857822e-06 1.0000000000e+00
6.5167453385e+06 1.3245868009e+06 6.6500000000e+06 1.3702691361e+00 -1.1371379992e-06 -5.2037051841e-25 6.2373146877e-07 1.2969671447e-06 1.0000000000e+00
6.5573671890e+06 1.1060902080e+06 6.6500000000e+06 1.4036903346e+00 -1.0807963885e-06 -4.5982386621e-25 6.2516813143e-07 1.2485816057e-06 1.0000000000e+00
6.5906652962e+06 8.8635825324e+05 6.6500000000e+06 1.4371115330e+00 -1.0278989979e-06 -4.6512501149e-25 6.2583668780e-07 1.2034317220e-06 1.0000000000e+00
6.6166024703e+06 6.6563634930e+05 6.6500000000e+06 1.4705327315e+00 -9.7816699422e-07 -3.8544374918e-25 6.2585328936e-07 1.1612506225e-06 1.0000000000e+00
6.6351497428e+06 4.4417101441e+05 6.6500000000e+06 1.5039539299e+00 -9.3134799993e-07 -3.8447187254e-25 6.2531794231e-07 1.1217983892e-06 1.0000000000e+00
6.6462863988e+06 2.2220959710e+05 6.6500000000e+06 1.5373751284e+00 -8.8721321985e-07 -3.8091884303e-25 6.2431689050e-07 1.0848589204e-06 1.0000000000e+00
6.6500000000e+06 4.0719506072e-10 6.6500000000e+06 1.5707963268e+00 -8.4555491057e-07 -3.6379740594e-25 6.2292461998e-07 1.0502372060e-06 1.0000000000e+00
