8.680556e-04 -2.389348e+07 0.000000e+00 
1.235827e-03 -2.389347e+07 1.427929e+01 
1.422860e-03 -2.389342e+07 5.557395e+01 
1.537269e-03 -2.389336e+07 1.159013e+02 
1.616119e-03 -2.389330e+07 1.825689e+02 
1.675705e-03 -2.389323e+07 2.498300e+02 
1.721773e-03 -2.389317e+07 3.148449e+02 
1.761443e-03 -2.389310e+07 3.758872e+02 
1.796913e-03 -2.389305e+07 4.318841e+02 
1.831456e-03 -2.389300e+07 4.823605e+02 
1.863944e-03 -2.389295e+07 5.271058e+02 
1.894150e-03 -2.389291e+07 5.662856e+02 
1.922981e-03 -2.389288e+07 6.001725e+02 
1.950830e-03 -2.389285e+07 6.291047e+02 
1.978119e-03 -2.389283e+07 6.534845e+02 
2.005219e-03 -2.389281e+07 6.737758e+02 
2.032371e-03 -2.389279e+07 6.904499e+02 
2.059769e-03 -2.389278e+07 7.039803e+02 
2.087243e-03 -2.389277e+07 7.148372e+02 
2.115286e-03 -2.389276e+07 7.235754e+02 
2.143453e-03 -2.389275e+07 7.303607e+02 
2.172103e-03 -2.389274e+07 7.356956e+02 
2.201131e-03 -2.389274e+07 7.397245e+02 
2.230674e-03 -2.389274e+07 7.427926e+02 
2.260369e-03 -2.389274e+07 7.450794e+02 
2.289777e-03 -2.389273e+07 7.468520e+02 
2.319485e-03 -2.389273e+07 7.483051e+02 
2.349417e-03 -2.389273e+07 7.494638e+02 
2.379699e-03 -2.389273e+07 7.504315e+02 
2.409991e-03 -2.389273e+07 7.511976e+02 
2.440317e-03 -2.389273e+07 7.518540e+02 
2.470744e-03 -2.389273e+07 7.524224e+02 
2.501193e-03 -2.389273e+07 7.529958e+02 
2.531626e-03 -2.389273e+07 7.535487e+02 
2.562030e-03 -2.389273e+07 7.540573e+02 
2.592374e-03 -2.389273e+07 7.545442e+02 
2.622642e-03 -2.389273e+07 7.550036e+02 
2.652813e-03 -2.389272e+07 7.554492e+02 
2.682857e-03 -2.389272e+07 7.559023e+02 
2.712640e-03 -2.389272e+07 7.563127e+02 
2.742291e-03 -2.389272e+07 7.567032e+02 
2.768680e-03 -2.389272e+07 7.571881e+02 
2.796626e-03 -2.389272e+07 7.577561e+02 
2.824500e-03 -2.389272e+07 7.581722e+02 
2.851703e-03 -2.389272e+07 7.584657e+02 
2.878402e-03 -2.389272e+07 7.587311e+02 
2.904366e-03 -2.389272e+07 7.585124e+02 
2.929937e-03 -2.389272e+07 7.571246e+02 
2.954910e-03 -2.389272e+07 7.556437e+02 
2.978178e-03 -2.389273e+07 7.541025e+02 
3.001574e-03 -2.389273e+07 7.536135e+02 
3.025241e-03 -2.389273e+07 7.539803e+02 
3.048958e-03 -2.389273e+07 7.547654e+02 
3.072738e-03 -2.389272e+07 7.557347e+02 
3.096217e-03 -2.389272e+07 7.565283e+02 
3.119601e-03 -2.389272e+07 7.569682e+02 
3.143461e-03 -2.389272e+07 7.571204e+02 
3.167109e-03 -2.389272e+07 7.572363e+02 
3.191224e-03 -2.389272e+07 7.570528e+02 
3.215118e-03 -2.389272e+07 7.564821e+02 
3.238265e-03 -2.389273e+07 7.543459e+02 
3.260667e-03 -2.389273e+07 7.508081e+02 
3.282395e-03 -2.389273e+07 7.476790e+02 
3.303752e-03 -2.389273e+07 7.461595e+02 
3.324819e-03 -2.389273e+07 7.453553e+02 
3.345659e-03 -2.389274e+07 7.444386e+02 
3.366375e-03 -2.389274e+07 7.425180e+02 
3.386432e-03 -2.389274e+07 7.395964e+02 
3.407042e-03 -2.389274e+07 7.367882e+02 
3.427716e-03 -2.389275e+07 7.339369e+02 
3.448500e-03 -2.389275e+07 7.305496e+02 
3.469452e-03 -2.389275e+07 7.276413e+02 
3.490621e-03 -2.389275e+07 7.253527e+02 
3.512058e-03 -2.389276e+07 7.232898e+02 
3.533807e-03 -2.389276e+07 7.209824e+02 
3.553563e-03 -2.389276e+07 7.182244e+02 
3.576240e-03 -2.389277e+07 7.147362e+02 
3.599343e-03 -2.389277e+07 7.111640e+02 
3.622622e-03 -2.389277e+07 7.074803e+02 
3.646035e-03 -2.389278e+07 7.038141e+02 
3.669642e-03 -2.389278e+07 7.001271e+02 
3.693516e-03 -2.389278e+07 6.965402e+02 
3.717697e-03 -2.389279e+07 6.931974e+02 
3.742248e-03 -2.389279e+07 6.901383e+02 
3.767260e-03 -2.389279e+07 6.873635e+02 
3.792623e-03 -2.389280e+07 6.848483e+02 
3.817987e-03 -2.389280e+07 6.826743e+02 
3.843436e-03 -2.389280e+07 6.807028e+02 
3.869076e-03 -2.389280e+07 6.789672e+02 
3.895044e-03 -2.389280e+07 6.771162e+02 
3.920862e-03 -2.389281e+07 6.746083e+02 
3.946140e-03 -2.389281e+07 6.712189e+02 
3.971056e-03 -2.389281e+07 6.682932e+02 
3.995548e-03 -2.389281e+07 6.666545e+02 
4.019531e-03 -2.389281e+07 6.656919e+02 
4.043233e-03 -2.389281e+07 6.651687e+02 
4.066379e-03 -2.389282e+07 6.648863e+02 
4.089277e-03 -2.389282e+07 6.645687e+02 
4.112139e-03 -2.389282e+07 6.640386e+02 
4.135030e-03 -2.389282e+07 6.631943e+02 
4.136894e-03 -2.389282e+07 6.621816e+02 
4.139303e-03 -2.389281e+07 6.669794e+02 
4.142502e-03 -2.389281e+07 6.710305e+02 
4.146948e-03 -2.389281e+07 6.741075e+02 
4.147265e-03 -2.389280e+07 6.757726e+02 
4.147694e-03 -2.389280e+07 6.834441e+02 
4.148275e-03 -2.389278e+07 6.986608e+02 
4.149051e-03 -2.389278e+07 7.024818e+02 
4.150111e-03 -2.389277e+07 7.068066e+02 
4.151482e-03 -2.389277e+07 7.088613e+02 
4.153358e-03 -2.389277e+07 7.107621e+02 
4.155927e-03 -2.389277e+07 7.145651e+02 
4.159435e-03 -2.389276e+07 7.173738e+02 
4.164290e-03 -2.389276e+07 7.189358e+02 
4.171254e-03 -2.389277e+07 7.139956e+02 
4.179875e-03 -2.389277e+07 7.056199e+02 
4.189825e-03 -2.389278e+07 6.992455e+02 
4.200997e-03 -2.389279e+07 6.930769e+02 
4.212489e-03 -2.389279e+07 6.864773e+02 
4.225461e-03 -2.389280e+07 6.786183e+02 
4.241611e-03 -2.389281e+07 6.676513e+02 
4.250031e-03 -2.389283e+07 6.546093e+02 
4.252571e-03 -2.389283e+07 6.463084e+02 
4.255888e-03 -2.389284e+07 6.425551e+02 
4.260783e-03 -2.389284e+07 6.390565e+02 
4.266726e-03 -2.389284e+07 6.355125e+02 
4.274405e-03 -2.389285e+07 6.312011e+02 
4.278745e-03 -2.389285e+07 6.261399e+02 
4.284728e-03 -2.389286e+07 6.219577e+02 
4.292179e-03 -2.389286e+07 6.173583e+02 
4.301663e-03 -2.389287e+07 6.123847e+02 
4.314120e-03 -2.389287e+07 6.070740e+02 
4.329978e-03 -2.389288e+07 6.013101e+02 
4.345879e-03 -2.389288e+07 5.954164e+02 
4.361222e-03 -2.389289e+07 5.898311e+02 
4.376056e-03 -2.389290e+07 5.847829e+02 
4.390156e-03 -2.389290e+07 5.799714e+02 
4.403575e-03 -2.389290e+07 5.770400e+02 
4.416919e-03 -2.389290e+07 5.773734e+02 
4.430132e-03 -2.389290e+07 5.770436e+02 
4.443011e-03 -2.389290e+07 5.765430e+02 
4.455583e-03 -2.389290e+07 5.759103e+02 
4.467557e-03 -2.389290e+07 5.758209e+02 
4.478929e-03 -2.389290e+07 5.767160e+02 
4.488871e-03 -2.389290e+07 5.785873e+02 
4.497914e-03 -2.389290e+07 5.810940e+02 
4.507866e-03 -2.389289e+07 5.851756e+02 
4.517478e-03 -2.389289e+07 5.897901e+02 
4.526820e-03 -2.389289e+07 5.945985e+02 
4.535946e-03 -2.389288e+07 5.994359e+02 
4.544917e-03 -2.389288e+07 6.038405e+02 
4.553780e-03 -2.389287e+07 6.074639e+02 
4.562564e-03 -2.389287e+07 6.104083e+02 
4.571240e-03 -2.389287e+07 6.128438e+02 
4.579805e-03 -2.389286e+07 6.152229e+02 
4.588317e-03 -2.389286e+07 6.177812e+02 
4.596766e-03 -2.389286e+07 6.206030e+02 
4.605152e-03 -2.389286e+07 6.235541e+02 
4.613488e-03 -2.389285e+07 6.264333e+02 
4.621813e-03 -2.389285e+07 6.286306e+02 
4.630134e-03 -2.389285e+07 6.305159e+02 
4.638469e-03 -2.389285e+07 6.313454e+02 
4.646831e-03 -2.389285e+07 6.307180e+02 
4.655207e-03 -2.389285e+07 6.291856e+02 
4.663580e-03 -2.389285e+07 6.271715e+02 
4.671939e-03 -2.389286e+07 6.249155e+02 
4.680270e-03 -2.389286e+07 6.232538e+02 
4.688575e-03 -2.389286e+07 6.213050e+02 
4.696870e-03 -2.389286e+07 6.188462e+02 
4.705147e-03 -2.389286e+07 6.158369e+02 
4.713395e-03 -2.389287e+07 6.128005e+02 
4.721624e-03 -2.389287e+07 6.095901e+02 
4.729837e-03 -2.389287e+07 6.064403e+02 
4.738004e-03 -2.389288e+07 6.033121e+02 
4.740414e-03 -2.389288e+07 6.003542e+02 
4.743499e-03 -2.389288e+07 6.014949e+02 
4.747612e-03 -2.389288e+07 6.001247e+02 
4.752968e-03 -2.389288e+07 5.973018e+02 
4.757783e-03 -2.389289e+07 5.943335e+02 
4.764394e-03 -2.389289e+07 5.925187e+02 
4.772042e-03 -2.389289e+07 5.913417e+02 
4.779663e-03 -2.389289e+07 5.902539e+02 
4.782331e-03 -2.389289e+07 5.909389e+02 
4.786042e-03 -2.389288e+07 5.969677e+02 
4.790958e-03 -2.389288e+07 6.012188e+02 
4.797732e-03 -2.389288e+07 6.036160e+02 
4.805306e-03 -2.389288e+07 6.031155e+02 
4.812989e-03 -2.389288e+07 6.027521e+02 
4.820972e-03 -2.389288e+07 6.027469e+02 
