# # r,T
1.240833333333333233e+00 3.093021283609563457e-05
1.282499999999999973e+00 1.199576711052148200e-04
1.324166666666666714e+00 2.308698355441477878e-04
1.365833333333333233e+00 2.623692870093214009e-04
1.407500000000000195e+00 2.284053274988720624e-04
1.449166666666666714e+00 1.902875214730018812e-04
1.490833333333333233e+00 1.682792145458262742e-04
1.532500000000000195e+00 1.656115083405637048e-04
1.574166666666666714e+00 1.835908927510785705e-04
1.615833333333333455e+00 2.278262830432224424e-04
1.657500000000000195e+00 3.105543231162197562e-04
1.699166666666666714e+00 4.549182171372536635e-04
1.740833333333333455e+00 7.018057505286843471e-04
1.782500000000000195e+00 1.122693364001489886e-03
1.824166666666666714e+00 1.842486499606400905e-03
1.865833333333333455e+00 3.081862221570742105e-03
1.907500000000000195e+00 5.235526340684134444e-03
1.949166666666666714e+00 9.015749357472109191e-03
1.990833333333333455e+00 1.573269325277117450e-02
2.032500000000000195e+00 2.793693343965149636e-02
2.074166666666666714e+00 5.113333798843805456e-02
2.115833333333333677e+00 9.924107163996610803e-02
2.157500000000000195e+00 2.164461077150307833e-01
2.199166666666666714e+00 5.862977612796007598e-01
