0 -2.349517e+01 2.312540e+01 
1 -5.664747e+01 5.635047e+01 
2 -1.113885e+02 1.102346e+02 
3 -1.820955e+02 1.819662e+02 
4 -2.642156e+02 2.638722e+02 
5 -3.496340e+02 3.473768e+02 
6 -4.360926e+02 4.522267e+02 
7 -4.996486e+02 5.251687e+02 
8 -5.568519e+02 5.873463e+02 
9 -5.973376e+02 6.031247e+02 
10 -6.233823e+02 6.299670e+02 
11 -6.448780e+02 6.372773e+02 
12 -6.526585e+02 6.411079e+02 
13 -6.436993e+02 6.357877e+02 
14 -6.341800e+02 6.258035e+02 
15 -6.103091e+02 6.173380e+02 
16 -5.937383e+02 6.026184e+02 
17 -5.796010e+02 5.875581e+02 
18 -5.935323e+02 6.797548e+02 
19 -5.666910e+02 6.314382e+02 
20 -5.735679e+02 6.474783e+02 
21 -5.417476e+02 6.010336e+02 
22 -5.312234e+02 5.689000e+02 
23 -5.241504e+02 5.589020e+02 
24 -5.201701e+02 5.574271e+02 
25 -5.504980e+02 5.839639e+02 
26 -5.396411e+02 5.559065e+02 
27 -5.275921e+02 5.498251e+02 
28 -5.031071e+02 5.393182e+02 
29 -5.070009e+02 5.206476e+02 
30 -5.069990e+02 5.151488e+02 
31 -5.083525e+02 5.467519e+02 
32 -5.048757e+02 5.373862e+02 
33 -5.048189e+02 5.253489e+02 
34 -5.197650e+02 5.345247e+02 
35 -5.317346e+02 5.401444e+02 
36 -5.298424e+02 5.502018e+02 
37 -5.286867e+02 5.652489e+02 
38 -5.346869e+02 5.580201e+02 
39 -5.474552e+02 5.661194e+02 
40 -5.437813e+02 5.933151e+02 
41 -6.417842e+02 7.894462e+02 
42 -6.315605e+02 7.191169e+02 
43 -6.041031e+02 6.912575e+02 
44 -6.113208e+02 6.809737e+02 
45 -6.268870e+02 6.736742e+02 
46 -6.549183e+02 7.151361e+02 
47 -6.612988e+02 7.702876e+02 
48 -7.068982e+02 8.249948e+02 
49 -8.456503e+02 8.817258e+02 
50 -8.365226e+02 8.818052e+02 
51 -8.498253e+02 8.660397e+02 
52 -8.478233e+02 8.454804e+02 
53 -8.307142e+02 7.982821e+02 
54 -8.064529e+02 7.599535e+02 
55 -7.666332e+02 7.198623e+02 
56 -7.124418e+02 6.663360e+02 
57 -6.737447e+02 6.606134e+02 
58 -6.650872e+02 6.958138e+02 
59 -7.009809e+02 7.386796e+02 
60 -7.439525e+02 7.965729e+02 
61 -8.048994e+02 8.576590e+02 
62 -8.756141e+02 9.081266e+02 
63 -9.152449e+02 9.202403e+02 
64 -9.222094e+02 9.148479e+02 
65 -9.049576e+02 8.931327e+02 
66 -8.697294e+02 8.575774e+02 
67 -8.237421e+02 1.038722e+03 
68 -7.737874e+02 8.197125e+02 
69 -7.767284e+02 7.597044e+02 
70 -7.602069e+02 7.587786e+02 
71 -7.589427e+02 7.601028e+02 
72 -7.802403e+02 7.474537e+02 
73 -7.755159e+02 7.235543e+02 
74 -7.531090e+02 7.249716e+02 
75 -7.323728e+02 1.054565e+03 
76 -7.204715e+02 8.648156e+02 
77 -7.143994e+02 7.093488e+02 
78 -7.069942e+02 7.034720e+02 
79 -6.964430e+02 6.994962e+02 
80 -6.860544e+02 6.912911e+02 
81 -6.759481e+02 6.817045e+02 
82 -6.641542e+02 6.744578e+02 
83 -6.535385e+02 6.688739e+02 
84 -6.454516e+02 6.643754e+02 
85 -6.407382e+02 6.588014e+02 
86 -6.398488e+02 6.538421e+02 
87 -6.368784e+02 6.470817e+02 
88 -6.503125e+02 6.398851e+02 
89 -7.032649e+02 6.357586e+02 
90 -6.933065e+02 6.301836e+02 
91 -6.631838e+02 6.677649e+02 
92 -7.134144e+02 7.049602e+02 
93 -7.144309e+02 7.268218e+02 
94 -7.388454e+02 7.213114e+02 
95 -7.807131e+02 7.006209e+02 
96 -7.878519e+02 6.801340e+02 
97 -7.541726e+02 6.712030e+02 
98 -7.055031e+02 6.720489e+02 
99 -6.866992e+02 6.693485e+02 
100 -2.710992e+03 1.117871e+04 
101 -2.026149e+03 8.646777e+03 
102 -1.424029e+03 6.513513e+03 
103 -1.109271e+03 4.684985e+03 
104 -3.826260e+04 6.587253e+04 
105 -2.799086e+04 4.847417e+04 
106 -2.043460e+04 3.589174e+04 
107 -1.486416e+04 2.684003e+04 
108 -1.074395e+04 1.966143e+04 
109 -7.885081e+03 1.519497e+04 
110 -5.653915e+03 1.110558e+04 
111 -3.941485e+03 8.109727e+03 
112 -3.101021e+03 5.937993e+03 
113 -2.892253e+03 4.291423e+03 
114 -2.655899e+03 2.991601e+03 
115 -2.347629e+03 2.257773e+03 
116 -2.035435e+03 1.844374e+03 
117 -1.864888e+03 1.352208e+03 
118 -1.812869e+03 1.332607e+03 
119 -1.605994e+03 1.289356e+03 
120 -1.244418e+03 1.255265e+03 
121 -2.474110e+03 1.571428e+03 
122 -8.202418e+03 5.742383e+03 
123 -6.281078e+03 4.322943e+03 
124 -4.256158e+03 3.160571e+03 
125 -3.505301e+03 2.404460e+03 
126 -2.713240e+03 1.817517e+03 
127 -4.799954e+03 1.943286e+03 
128 -3.481861e+03 1.378119e+03 
129 -2.796058e+03 1.082112e+03 
130 -2.196798e+03 8.930027e+02 
131 -1.672427e+03 8.588661e+02 
132 -1.313695e+03 8.491387e+02 
133 -1.310230e+03 8.650602e+02 
134 -1.357819e+03 8.967739e+02 
135 -1.404441e+03 9.268623e+02 
136 -1.477534e+03 9.628057e+02 
137 -1.552535e+03 1.114605e+03 
138 -1.561271e+03 1.021986e+03 
139 -1.576777e+03 1.054937e+03 
140 -1.617575e+03 1.113011e+03 
141 -1.657130e+03 1.172268e+03 
142 -1.739883e+03 1.223175e+03 
143 -1.831999e+03 1.270378e+03 
144 -2.087883e+03 1.320463e+03 
145 -2.303908e+03 1.375445e+03 
146 -2.093361e+03 1.437643e+03 
147 -2.167384e+03 1.495674e+03 
148 -2.230217e+03 1.554119e+03 
149 -2.282862e+03 1.599558e+03 
150 -2.322223e+03 1.633304e+03 
151 -2.350492e+03 1.657615e+03 
152 -2.371844e+03 1.675052e+03 
153 -2.401202e+03 1.695070e+03 
154 -2.432285e+03 1.708937e+03 
155 -2.447540e+03 1.732317e+03 
156 -2.465745e+03 1.751316e+03 
157 -2.484419e+03 1.771804e+03 
158 -2.499235e+03 1.793886e+03 
159 -2.502326e+03 1.814604e+03 
160 -2.503952e+03 1.829158e+03 
161 -2.499355e+03 1.835392e+03 
162 -2.491567e+03 1.833386e+03 
163 -2.487271e+03 1.832838e+03 
164 -2.488152e+03 1.834074e+03 
165 -2.492246e+03 1.846709e+03 
166 -2.500806e+03 1.870867e+03 
167 -2.508262e+03 1.895997e+03 
168 -2.511633e+03 1.917935e+03 
169 -2.516931e+03 1.931755e+03 
170 -2.526010e+03 1.932783e+03 
171 -2.531807e+03 1.927416e+03 
172 -2.536597e+03 1.922321e+03 
173 -2.550737e+03 1.907074e+03 
174 -2.584261e+03 8.645010e+03 
175 -2.643764e+03 6.753260e+03 
176 -2.670397e+03 5.065482e+03 
177 -2.657494e+03 3.889737e+03 
178 -2.658303e+03 4.326505e+03 
179 -2.685890e+03 3.151253e+03 
180 -2.724278e+03 1.947746e+03 
181 -2.733643e+03 1.979538e+03 
182 -2.606086e+03 7.807321e+03 
183 -2.630925e+03 5.613726e+03 
184 -2.647280e+03 4.238237e+03 
185 -2.765239e+03 2.799583e+03 
186 -2.741846e+03 2.558418e+03 
187 -2.692798e+03 2.512774e+03 
188 -2.609656e+03 2.177818e+03 
