8.680556e-04 2.174998e-01 
1.235827e-03 2.833511e-01 
1.422860e-03 1.198602e+00 
1.537269e-03 -3.483729e-01 
1.616119e-03 3.568309e-01 
1.675705e-03 1.162083e+00 
1.721773e-03 8.918957e+00 
1.761443e-03 5.601250e+00 
1.796913e-03 6.376335e+00 
1.831456e-03 -2.096743e+00 
1.863944e-03 8.795013e-01 
1.894150e-03 4.126594e+00 
1.922981e-03 5.992313e+00 
1.950830e-03 4.107871e+00 
1.978119e-03 2.324705e+00 
2.005219e-03 2.465827e+00 
2.032371e-03 1.954315e+00 
2.059769e-03 2.273987e+00 
2.087243e-03 1.361726e+01 
2.115286e-03 1.211604e+01 
2.143453e-03 1.616075e+01 
2.172103e-03 1.987436e+01 
2.201131e-03 2.292647e+01 
2.230674e-03 2.319354e+01 
2.260369e-03 2.722186e+01 
2.289777e-03 3.077758e+01 
2.319485e-03 3.206337e+01 
2.349417e-03 3.548313e+01 
2.379699e-03 3.713917e+01 
2.409991e-03 3.774142e+01 
2.440317e-03 3.715103e+01 
2.470744e-03 3.575317e+01 
2.501193e-03 3.612988e+01 
2.531626e-03 3.661508e+01 
2.562030e-03 3.642650e+01 
2.592374e-03 3.831787e+01 
2.622642e-03 3.663314e+01 
2.652813e-03 3.685351e+01 
2.682857e-03 3.871693e+01 
2.712640e-03 4.239284e+01 
2.742291e-03 4.363868e+01 
2.768680e-03 6.451697e+01 
2.796626e-03 7.434409e+01 
2.824500e-03 8.864205e+01 
2.851703e-03 1.075372e+02 
2.878402e-03 1.281362e+02 
2.904366e-03 1.601046e+02 
2.929937e-03 2.199089e+02 
2.954910e-03 3.015868e+02 
2.978178e-03 3.757189e+02 
3.001574e-03 4.493693e+02 
3.025241e-03 4.854579e+02 
3.048958e-03 4.885655e+02 
3.072738e-03 4.659193e+02 
3.096217e-03 4.362003e+02 
3.119601e-03 4.056451e+02 
3.143461e-03 3.689382e+02 
3.167109e-03 3.397087e+02 
3.191224e-03 3.006500e+02 
3.215118e-03 2.610779e+02 
3.238265e-03 1.941338e+02 
3.260667e-03 9.070277e+01 
3.282395e-03 -6.318745e+00 
3.303752e-03 -2.520778e+01 
3.324819e-03 -2.406873e+01 
3.345659e-03 -2.324078e+01 
3.366375e-03 2.403674e+01 
3.386432e-03 8.377169e+01 
3.407042e-03 1.664966e+02 
3.427716e-03 2.265243e+02 
3.448500e-03 3.099131e+02 
3.469452e-03 3.787815e+02 
3.490621e-03 3.839464e+02 
3.512058e-03 3.645666e+02 
3.533807e-03 3.391318e+02 
3.553563e-03 3.125954e+02 
3.576240e-03 3.198117e+02 
3.599343e-03 3.396382e+02 
3.622622e-03 3.754297e+02 
3.646035e-03 4.123108e+02 
3.669642e-03 4.565230e+02 
3.693516e-03 5.077320e+02 
3.717697e-03 5.541734e+02 
3.742248e-03 5.979559e+02 
3.767260e-03 6.350878e+02 
3.792623e-03 6.696545e+02 
3.817987e-03 6.963053e+02 
3.843436e-03 7.224085e+02 
3.869076e-03 7.477929e+02 
3.895044e-03 7.762318e+02 
3.920862e-03 7.967435e+02 
3.946140e-03 8.255814e+02 
3.971056e-03 8.718395e+02 
3.995548e-03 8.594534e+02 
4.019531e-03 8.399140e+02 
4.043233e-03 8.219650e+02 
4.066379e-03 8.066658e+02 
4.089277e-03 7.961219e+02 
4.112139e-03 7.861450e+02 
4.135030e-03 7.755545e+02 
4.136894e-03 3.246023e+02 
4.139303e-03 6.607601e+02 
4.142502e-03 1.089752e+03 
4.146948e-03 1.503371e+03 
4.147265e-03 -3.975490e+03 
4.147694e-03 -7.350285e+02 
4.148275e-03 3.250894e+03 
4.149051e-03 4.900655e+03 
4.150111e-03 5.584432e+03 
4.151482e-03 5.382513e+03 
4.153358e-03 5.117539e+03 
4.155927e-03 4.768888e+03 
4.159435e-03 4.371070e+03 
4.164290e-03 4.052676e+03 
4.171254e-03 3.904335e+03 
4.179875e-03 3.807973e+03 
4.189825e-03 3.591281e+03 
4.200997e-03 3.374963e+03 
4.212489e-03 3.189208e+03 
4.225461e-03 3.005707e+03 
4.241611e-03 2.907102e+03 
4.250031e-03 3.221696e+03 
4.252571e-03 3.640428e+03 
4.255888e-03 3.306071e+03 
4.260783e-03 3.001020e+03 
4.266726e-03 2.758113e+03 
4.274405e-03 2.518336e+03 
4.278745e-03 2.445505e+03 
4.284728e-03 2.214006e+03 
4.292179e-03 2.039863e+03 
4.301663e-03 1.886667e+03 
4.314120e-03 1.745023e+03 
4.329978e-03 1.612712e+03 
4.345879e-03 1.484711e+03 
4.361222e-03 1.355291e+03 
4.376056e-03 1.200147e+03 
4.390156e-03 1.078705e+03 
4.403575e-03 1.003513e+03 
4.416919e-03 8.230666e+02 
4.430132e-03 6.739434e+02 
4.443011e-03 5.361145e+02 
4.455583e-03 4.103155e+02 
4.467557e-03 2.800666e+02 
4.478929e-03 1.285071e+02 
4.488871e-03 -4.473752e+01 
4.497914e-03 -2.204144e+02 
4.507866e-03 -3.473374e+02 
4.517478e-03 -4.541484e+02 
4.526820e-03 -5.774755e+02 
4.535946e-03 -6.927718e+02 
4.544917e-03 -7.860193e+02 
4.553780e-03 -8.822416e+02 
4.562564e-03 -9.859117e+02 
4.571240e-03 -1.110498e+03 
4.579805e-03 -1.227039e+03 
4.588317e-03 -1.342563e+03 
4.596766e-03 -1.443181e+03 
4.605152e-03 -1.519694e+03 
4.613488e-03 -1.561916e+03 
4.621813e-03 -1.578710e+03 
4.630134e-03 -1.562428e+03 
4.638469e-03 -1.524226e+03 
4.646831e-03 -1.473794e+03 
4.655207e-03 -1.410145e+03 
4.663580e-03 -1.336073e+03 
4.671939e-03 -1.240554e+03 
4.680270e-03 -1.140148e+03 
4.688575e-03 -1.019667e+03 
4.696870e-03 -8.875465e+02 
4.705147e-03 -7.411321e+02 
4.713395e-03 -5.784863e+02 
4.721624e-03 -4.089648e+02 
4.729837e-03 -2.265422e+02 
4.738004e-03 -3.408335e+01 
4.740414e-03 4.644478e+02 
4.743499e-03 5.639508e+02 
4.747612e-03 7.504038e+02 
4.752968e-03 1.005169e+03 
4.757783e-03 1.234496e+03 
4.764394e-03 1.505670e+03 
4.772042e-03 1.808995e+03 
4.779663e-03 2.021792e+03 
4.782331e-03 1.118769e+03 
4.786042e-03 1.737444e+03 
4.790958e-03 2.097787e+03 
4.797732e-03 2.603885e+03 
4.805306e-03 2.565296e+03 
4.812989e-03 2.570694e+03 
4.820972e-03 2.508128e+03 
