1.748287e-04 4.025754e-01 
3.110707e-04 4.025800e-01 
4.245727e-04 4.025871e-01 
5.221636e-04 4.025966e-01 
6.073016e-04 4.026083e-01 
6.825897e-04 4.026221e-01 
7.505952e-04 4.026378e-01 
8.122323e-04 4.026555e-01 
8.683823e-04 4.026747e-01 
9.200358e-04 4.026957e-01 
9.679436e-04 4.027182e-01 
1.012518e-03 4.027422e-01 
1.054251e-03 4.027675e-01 
1.063742e-03 4.027738e-01 
1.102750e-03 4.028010e-01 
1.139768e-03 4.028296e-01 
1.175120e-03 4.028597e-01 
1.209014e-03 4.028910e-01 
1.241711e-03 4.029238e-01 
1.273420e-03 4.029580e-01 
1.304138e-03 4.029935e-01 
1.334276e-03 4.030306e-01 
1.363662e-03 4.030690e-01 
1.391928e-03 4.031078e-01 
1.419351e-03 4.031474e-01 
1.446159e-03 4.031877e-01 
1.472534e-03 4.032288e-01 
1.498570e-03 4.032709e-01 
1.524473e-03 4.033141e-01 
1.550165e-03 4.033582e-01 
1.575954e-03 4.034037e-01 
1.601816e-03 4.034506e-01 
1.627874e-03 4.034989e-01 
1.654124e-03 4.035487e-01 
1.680656e-03 4.036002e-01 
1.707419e-03 4.036533e-01 
1.734609e-03 4.037082e-01 
1.762137e-03 4.037649e-01 
1.790009e-03 4.038234e-01 
1.818290e-03 4.038837e-01 
1.846913e-03 4.039457e-01 
1.875798e-03 4.040093e-01 
1.905093e-03 4.040747e-01 
1.934630e-03 4.041416e-01 
1.964602e-03 4.042104e-01 
1.994833e-03 4.042807e-01 
2.025324e-03 4.043526e-01 
2.056003e-03 4.044258e-01 
2.086982e-03 4.045007e-01 
2.118110e-03 4.045768e-01 
2.149523e-03 4.046546e-01 
2.181094e-03 4.047337e-01 
2.212842e-03 4.048141e-01 
2.244833e-03 4.048961e-01 
2.276875e-03 4.049791e-01 
2.309145e-03 4.050635e-01 
2.341644e-03 4.051495e-01 
2.374139e-03 4.052364e-01 
2.406968e-03 4.053250e-01 
2.439977e-03 4.054150e-01 
2.473181e-03 4.055064e-01 
2.506544e-03 4.055991e-01 
2.540016e-03 4.056930e-01 
2.573694e-03 4.057883e-01 
2.607503e-03 4.058848e-01 
2.641515e-03 4.059827e-01 
2.675701e-03 4.060820e-01 
2.710013e-03 4.061824e-01 
2.744468e-03 4.062841e-01 
2.779145e-03 4.063873e-01 
2.813955e-03 4.064917e-01 
2.848955e-03 4.065975e-01 
2.884112e-03 4.067045e-01 
2.919384e-03 4.068127e-01 
2.954791e-03 4.069222e-01 
2.990319e-03 4.070328e-01 
3.026035e-03 4.071448e-01 
3.061881e-03 4.072580e-01 
3.097895e-03 4.073725e-01 
3.134023e-03 4.074882e-01 
3.170283e-03 4.076051e-01 
3.206713e-03 4.077234e-01 
3.243223e-03 4.078427e-01 
3.279880e-03 4.079633e-01 
3.316608e-03 4.080850e-01 
3.353512e-03 4.082080e-01 
3.390462e-03 4.083320e-01 
3.427581e-03 4.084574e-01 
3.464783e-03 4.085838e-01 
3.502083e-03 4.087114e-01 
3.539481e-03 4.088401e-01 
3.577038e-03 4.089701e-01 
3.614623e-03 4.091011e-01 
3.652328e-03 4.092333e-01 
3.690076e-03 4.093665e-01 
3.727927e-03 4.095009e-01 
3.765876e-03 4.096364e-01 
3.803973e-03 4.097732e-01 
3.842152e-03 4.099111e-01 
3.880375e-03 4.100501e-01 
3.918652e-03 4.101900e-01 
3.956994e-03 4.103310e-01 
3.995391e-03 4.104730e-01 
4.033870e-03 4.106161e-01 
4.072409e-03 4.107602e-01 
4.110961e-03 4.109052e-01 
4.149550e-03 4.110511e-01 
4.188218e-03 4.111982e-01 
4.226904e-03 4.113460e-01 
4.265668e-03 4.114950e-01 
4.304455e-03 4.116449e-01 
4.343301e-03 4.117957e-01 
4.382167e-03 4.119474e-01 
4.421090e-03 4.121001e-01 
4.460075e-03 4.122538e-01 
4.499099e-03 4.124085e-01 
4.538127e-03 4.125639e-01 
4.577201e-03 4.127202e-01 
4.616259e-03 4.128773e-01 
4.655378e-03 4.130353e-01 
4.694526e-03 4.131941e-01 
4.733670e-03 4.133537e-01 
4.772810e-03 4.135139e-01 
4.811969e-03 4.136750e-01 
4.851152e-03 4.138368e-01 
4.890383e-03 4.139995e-01 
4.929604e-03 4.141629e-01 
4.968868e-03 4.143271e-01 
5.008142e-03 4.144920e-01 
