-0.000000e+00 0.000000e+00 0.000000e+00 3.181861e-01 2.389948e-01 -3.980878e-01 4.625929e-18 3.188965e-01 -9.552686e-01 9.251859e-18
-1.960784e-02 -4.686936e-03 0.000000e+00 3.175992e-01 2.386037e-01 -3.974033e-01 6.938894e-17 3.184078e-01 -9.536063e-01 1.387779e-16
1.960784e-02 4.686936e-03 0.000000e+00 3.175992e-01 2.386037e-01 -3.974033e-01 -8.789266e-17 3.184078e-01 -9.536063e-01 -1.757853e-16
-3.921569e-02 -9.358369e-03 0.000000e+00 3.164910e-01 2.374979e-01 -3.957434e-01 1.052399e-16 3.167503e-01 -9.497323e-01 2.104798e-16
3.921569e-02 9.358369e-03 0.000000e+00 3.164910e-01 2.374979e-01 -3.957434e-01 -1.919761e-16 3.167503e-01 -9.497323e-01 -3.839521e-16
-5.882353e-02 -1.400419e-02 0.000000e+00 3.149229e-01 2.358215e-01 -3.932829e-01 3.481012e-16 3.141815e-01 -9.440273e-01 6.962024e-16
5.882353e-02 1.400419e-02 0.000000e+00 3.149229e-01 2.358215e-01 -3.932829e-01 -3.515706e-16 3.141815e-01 -9.440273e-01 -7.031412e-16
-7.843137e-02 -1.861337e-02 0.000000e+00 3.128947e-01 2.335742e-01 -3.900216e-01 5.019133e-16 3.107011e-01 -9.364905e-01 1.003827e-15
7.843137e-02 1.861337e-02 0.000000e+00 3.128947e-01 2.335742e-01 -3.900216e-01 -8.789266e-17 3.107011e-01 -9.364905e-01 -1.757853e-16
-9.803922e-02 -2.317479e-02 0.000000e+00 3.104103e-01 2.307676e-01 -3.859727e-01 5.990578e-16 3.063300e-01 -9.271505e-01 1.198116e-15
9.803922e-02 2.317479e-02 0.000000e+00 3.104103e-01 2.307676e-01 -3.859727e-01 -2.359224e-16 3.063300e-01 -9.271505e-01 -4.718448e-16
-1.176471e-01 -2.767762e-02 0.000000e+00 3.074795e-01 2.274211e-01 -3.811609e-01 5.736152e-16 3.011025e-01 -9.160615e-01 1.147230e-15
1.176471e-01 2.767762e-02 0.000000e+00 3.074795e-01 2.274211e-01 -3.811609e-01 -1.780983e-16 3.011025e-01 -9.160615e-01 -3.561966e-16
-1.372549e-01 -3.211142e-02 0.000000e+00 3.041149e-01 2.235600e-01 -3.756174e-01 9.714451e-16 2.950625e-01 -9.032923e-01 1.942890e-15
1.372549e-01 3.211142e-02 0.000000e+00 3.041149e-01 2.235600e-01 -3.756174e-01 -6.938894e-17 2.950625e-01 -9.032923e-01 -1.387779e-16
-1.568627e-01 -3.646630e-02 0.000000e+00 3.003309e-01 2.192134e-01 -3.693788e-01 1.231654e-15 2.882613e-01 -8.889231e-01 2.463307e-15
1.568627e-01 3.646630e-02 0.000000e+00 3.003309e-01 2.192134e-01 -3.693788e-01 -1.410908e-16 2.882613e-01 -8.889231e-01 -2.821817e-16
-1.764706e-01 -4.073294e-02 0.000000e+00 2.961435e-01 2.144138e-01 -3.624855e-01 1.461794e-15 2.807558e-01 -8.730428e-01 2.923587e-15
1.764706e-01 4.073294e-02 0.000000e+00 2.961435e-01 2.144138e-01 -3.624855e-01 3.585095e-16 2.807558e-01 -8.730428e-01 7.170190e-16
-1.960784e-01 -4.490270e-02 0.000000e+00 2.915700e-01 2.091965e-01 -3.549815e-01 1.475671e-15 2.726081e-01 -8.557481e-01 2.951343e-15
1.960784e-01 4.490270e-02 0.000000e+00 2.915700e-01 2.091965e-01 -3.549815e-01 -5.319819e-17 2.726081e-01 -8.557481e-01 -1.063964e-16
-2.156863e-01 -4.896762e-02 0.000000e+00 2.866289e-01 2.035992e-01 -3.469136e-01 1.462950e-15 2.638839e-01 -8.371417e-01 2.925900e-15
2.156863e-01 4.896762e-02 0.000000e+00 2.866289e-01 2.035992e-01 -3.469136e-01 -2.243576e-16 2.638839e-01 -8.371417e-01 -4.487151e-16
-2.352941e-01 -5.292052e-02 0.000000e+00 2.813395e-01 1.976608e-01 -3.383306e-01 1.434038e-15 2.546519e-01 -8.173308e-01 2.868076e-15
2.352941e-01 5.292052e-02 0.000000e+00 2.813395e-01 1.976608e-01 -3.383306e-01 1.619075e-16 2.546519e-01 -8.173308e-01 3.238150e-16
-2.549020e-01 -5.675496e-02 0.000000e+00 2.757220e-01 1.914217e-01 -3.292827e-01 1.274444e-15 2.449824e-01 -7.964264e-01 2.548887e-15
2.549020e-01 5.675496e-02 0.000000e+00 2.757220e-01 1.914217e-01 -3.292827e-01 4.348374e-16 2.449824e-01 -7.964264e-01 8.696747e-16
-2.745098e-01 -6.046532e-02 0.000000e+00 2.697974e-01 1.849226e-01 -3.198213e-01 1.503427e-15 2.349465e-01 -7.745413e-01 3.006854e-15
2.745098e-01 6.046532e-02 0.000000e+00 2.697974e-01 1.849226e-01 -3.198213e-01 7.864080e-16 2.349465e-01 -7.745413e-01 1.572816e-15
-2.941176e-01 -6.404677e-02 0.000000e+00 2.635868e-01 1.782045e-01 -3.099979e-01 1.620232e-15 2.246156e-01 -7.517893e-01 3.240463e-15
2.941176e-01 6.404677e-02 0.000000e+00 2.635868e-01 1.782045e-01 -3.099979e-01 1.121788e-15 2.246156e-01 -7.517893e-01 2.243576e-15
-3.137255e-01 -6.749528e-02 0.000000e+00 2.571120e-01 1.713080e-01 -2.998640e-01 1.703498e-15 2.140599e-01 -7.282839e-01 3.406997e-15
3.137255e-01 6.749528e-02 0.000000e+00 2.571120e-01 1.713080e-01 -2.998640e-01 1.299886e-15 2.140599e-01 -7.282839e-01 2.599772e-15
-3.333333e-01 -7.080762e-02 0.000000e+00 2.503946e-01 1.642728e-01 -2.894702e-01 1.983367e-15 2.033483e-01 -7.041376e-01 3.966734e-15
3.333333e-01 7.080762e-02 0.000000e+00 2.503946e-01 1.642728e-01 -2.894702e-01 4.394633e-16 2.033483e-01 -7.041376e-01 8.789266e-16
-3.529412e-01 -7.398132e-02 0.000000e+00 2.434565e-01 1.571378e-01 -2.788661e-01 1.880440e-15 1.925474e-01 -6.794604e-01 3.760880e-15
3.529412e-01 7.398132e-02 0.000000e+00 2.434565e-01 1.571378e-01 -2.788661e-01 4.070818e-16 1.925474e-01 -6.794604e-01 8.141636e-16
-3.725490e-01 -7.701467e-02 0.000000e+00 2.363192e-01 1.499402e-01 -2.680998e-01 1.604041e-15 1.817207e-01 -6.543591e-01 3.208082e-15
3.725490e-01 7.701467e-02 0.000000e+00 2.363192e-01 1.499402e-01 -2.680998e-01 9.205599e-16 1.817207e-01 -6.543591e-01 1.841120e-15
-3.921569e-01 -7.990668e-02 0.000000e+00 2.290041e-01 1.427154e-01 -2.572174e-01 1.168047e-15 1.709287e-01 -6.289370e-01 2.336094e-15
3.921569e-01 7.990668e-02 0.000000e+00 2.290041e-01 1.427154e-01 -2.572174e-01 3.561966e-16 1.709287e-01 -6.289370e-01 7.123931e-16
-4.117647e-01 -8.265703e-02 0.000000e+00 2.215322e-01 1.354971e-01 -2.462632e-01 4.290549e-16 1.602281e-01 -6.032924e-01 8.581099e-16
4.117647e-01 8.265703e-02 0.000000e+00 2.215322e-01 1.354971e-01 -2.462632e-01 2.312965e-18 1.602281e-01 -6.032924e-01 4.625929e-18
-4.313725e-01 -8.526607e-02 0.000000e+00 2.139238e-01 1.283166e-01 -2.352785e-01 3.481012e-16 1.496713e-01 -5.775189e-01 6.962024e-16
4.313725e-01 8.526607e-02 0.000000e+00 2.139238e-01 1.283166e-01 -2.352785e-01 -3.677614e-16 1.496713e-01 -5.775189e-01 -7.355228e-16
-4.509804e-01 -8.773473e-02 0.000000e+00 2.061990e-01 1.212031e-01 -2.243026e-01 5.435467e-17 1.393066e-01 -5.517046e-01 1.087093e-16
4.509804e-01 8.773473e-02 0.000000e+00 2.061990e-01 1.212031e-01 -2.243026e-01 -1.052399e-16 1.393066e-01 -5.517046e-01 -2.104798e-16
-4.705882e-01 -9.006450e-02 0.000000e+00 1.983769e-01 1.141831e-01 -2.133716e-01 2.509567e-16 1.291778e-01 -5.259317e-01 5.019133e-16
4.705882e-01 9.006450e-02 0.000000e+00 1.983769e-01 1.141831e-01 -2.133716e-01 3.885781e-16 1.291778e-01 -5.259317e-01 7.771561e-16
-4.901961e-01 -9.225737e-02 0.000000e+00 1.904760e-01 1.072811e-01 -2.025191e-01 2.393918e-16 1.193242e-01 -5.002763e-01 4.787837e-16
4.901961e-01 9.225737e-02 0.000000e+00 1.904760e-01 1.072811e-01 -2.025191e-01 4.764707e-16 1.193242e-01 -5.002763e-01 9.529414e-16
-5.098039e-01 -9.431581e-02 0.000000e+00 1.825140e-01 1.005187e-01 -1.917757e-01 6.418477e-16 1.097804e-01 -4.748085e-01 1.283695e-15
5.098039e-01 9.431581e-02 0.000000e+00 1.825140e-01 1.005187e-01 -1.917757e-01 2.093233e-16 1.097804e-01 -4.748085e-01 4.186466e-16
-5.294118e-01 -9.624268e-02 0.000000e+00 1.745078e-01 9.391526e-02 -1.811692e-01 2.241263e-15 1.005766e-01 -4.495922e-01 4.482525e-15
5.294118e-01 9.624268e-02 0.000000e+00 1.745078e-01 9.391526e-02 -1.811692e-01 -5.400772e-16 1.005766e-01 -4.495922e-01 -1.080154e-15
-5.490196e-01 -9.804120e-02 0.000000e+00 1.664733e-01 8.748761e-02 -1.707242e-01 2.334938e-15 9.173858e-02 -4.246851e-01 4.669876e-15
5.490196e-01 9.804120e-02 0.000000e+00 1.664733e-01 8.748761e-02 -1.707242e-01 -9.194034e-16 9.173858e-02 -4.246851e-01 -1.838807e-15
-5.686275e-01 -9.971494e-02 0.000000e+00 1.584256e-01 8.125027e-02 -1.604631e-01 2.014592e-15 8.328776e-02 -4.001389e-01 4.029184e-15
5.686275e-01 9.971494e-02 0.000000e+00 1.584256e-01 8.125027e-02 -1.604631e-01 -1.154169e-15 8.328776e-02 -4.001389e-01 -2.308339e-15
-5.882353e-01 -1.012677e-01 0.000000e+00 1.503789e-01 7.521549e-02 -1.504049e-01 2.123302e-15 7.524154e-02 -3.759993e-01 4.246603e-15
5.882353e-01 1.012677e-01 0.000000e+00 1.503789e-01 7.521549e-02 -1.504049e-01 -6.140921e-16 7.524154e-02 -3.759993e-01 -1.228184e-15
-6.078431e-01 -1.027035e-01 0.000000e+00 1.423464e-01 6.939333e-02 -1.405665e-01 1.977585e-15 6.761344e-02 -3.523063e-01 3.955170e-15
6.078431e-01 1.027035e-01 0.000000e+00 1.423464e-01 6.939333e-02 -1.405665e-01 -1.291791e-15 6.761344e-02 -3.523063e-01 -2.583581e-15
-6.274510e-01 -1.040266e-01 0.000000e+00 1.343406e-01 6.379181e-02 -1.309621e-01 1.874658e-15 6.041330e-02 -3.290946e-01 3.749316e-15
6.274510e-01 1.040266e-01 0.000000e+00 1.343406e-01 6.379181e-02 -1.309621e-01 -2.025001e-15 6.041330e-02 -3.290946e-01 -4.050001e-15
-6.470588e-01 -1.052413e-01 0.000000e+00 1.263730e-01 5.841704e-02 -1.216035e-01 1.650300e-15 5.364761e-02 -3.063935e-01 3.300601e-15
6.470588e-01 1.052413e-01 0.000000e+00 1.263730e-01 5.841704e-02 -1.216035e-01 -1.467576e-15 5.364761e-02 -3.063935e-01 -2.935152e-15
-6.666667e-01 -1.063522e-01 0.000000e+00 1.184540e-01 5.327334e-02 -1.125003e-01 1.946360e-15 4.731967e-02 -2.842277e-01 3.892719e-15
6.666667e-01 1.063522e-01 0.000000e+00 1.184540e-01 5.327334e-02 -1.125003e-01 -1.310294e-15 4.731967e-02 -2.842277e-01 -2.620589e-15
-6.862745e-01 -1.073638e-01 0.000000e+00 1.105936e-01 4.836336e-02 -1.036601e-01 2.522288e-15 4.142993e-02 -2.626171e-01 5.044576e-15
6.862745e-01 1.073638e-01 0.000000e+00 1.105936e-01 4.836336e-02 -1.036601e-01 -1.483767e-15 4.142993e-02 -2.626171e-01 -2.967534e-15
-7.058824e-01 -1.082806e-01 0.000000e+00 1.028006e-01 4.368826e-02 -9.508856e-02 2.593990e-15 3.597622e-02 -2.415774e-01 5.187980e-15
7.058824e-01 1.082806e-01 0.000000e+00 1.028006e-01 4.368826e-02 -9.508856e-02 -1.144917e-15 3.597622e-02 -2.415774e-01 -2.289835e-15
-7.254902e-01 -1.091073e-01 0.000000e+00 9.508331e-02 3.924783e-02 -8.678948e-02 2.826443e-15 3.095400e-02 -2.211206e-01 5.652886e-15
7.254902e-01 1.091073e-01 0.000000e+00 9.508331e-02 3.924783e-02 -8.678948e-02 -5.285124e-16 3.095400e-02 -2.211206e-01 -1.057025e-15
-7.450980e-01 -1.098485e-01 0.000000e+00 8.744918e-02 3.504059e-02 -7.876518e-02 2.888893e-15 2.635659e-02 -2.012550e-01 5.777786e-15
7.450980e-01 1.098485e-01 0.000000e+00 8.744918e-02 3.504059e-02 -7.876518e-02 -1.804112e-16 2.635659e-02 -2.012550e-01 -3.608225e-16
-7.647059e-01 -1.105087e-01 0.000000e+00 7.990507e-02 3.106396e-02 -7.101649e-02 2.736237e-15 2.217538e-02 -1.819855e-01 5.472474e-15
7.647059e-01 1.105087e-01 0.000000e+00 7.990507e-02 3.106396e-02 -7.101649e-02 -1.977585e-16 2.217538e-02 -1.819855e-01 -3.955170e-16
-7.843137e-01 -1.110924e-01 0.000000e+00 7.245726e-02 2.731433e-02 -6.354296e-02 1.876393e-15 1.840003e-02 -1.633146e-01 3.752785e-15
7.843137e-01 1.110924e-01 0.000000e+00 7.245726e-02 2.731433e-02 -6.354296e-02 9.251859e-18 1.840003e-02 -1.633146e-01 1.850372e-17
-8.039216e-01 -1.116041e-01 0.000000e+00 6.511157e-02 2.378718e-02 -5.634297e-02 1.550843e-15 1.501858e-02 -1.452417e-01 3.101686e-15
8.039216e-01 1.116041e-01 0.000000e+00 6.511157e-02 2.378718e-02 -5.634297e-02 -4.932397e-16 1.501858e-02 -1.452417e-01 -9.864794e-16
-8.235294e-01 -1.120480e-01 0.000000e+00 5.787356e-02 2.047713e-02 -4.941391e-02 1.981054e-15 1.201748e-02 -1.277646e-01 3.962108e-15
8.235294e-01 1.120480e-01 0.000000e+00 5.787356e-02 2.047713e-02 -4.941391e-02 -6.938894e-17 1.201748e-02 -1.277646e-01 -1.387779e-16
-8.431373e-01 -1.124284e-01 0.000000e+00 5.074872e-02 1.737797e-02 -4.275233e-02 2.765727e-15 9.381577e-03 -1.108790e-01 5.531455e-15
8.431373e-01 1.124284e-01 0.000000e+00 5.074872e-02 1.737797e-02 -4.275233e-02 2.070103e-16 9.381577e-03 -1.108790e-01 4.140207e-16
-8.627451e-01 -1.127494e-01 0.000000e+00 4.374300e-02 1.448263e-02 -3.635414e-02 1.835337e-15 7.093763e-03 -9.457977e-02 3.670675e-15
8.627451e-01 1.127494e-01 0.000000e+00 4.374300e-02 1.448263e-02 -3.635414e-02 3.729655e-16 7.093763e-03 -9.457977e-02 7.459311e-16
-8.823529e-01 -1.130148e-01 0.000000e+00 3.686362e-02 1.178309e-02 -3.021490e-02 8.743006e-16 5.134365e-03 -7.886160e-02 1.748601e-15
8.823529e-01 1.130148e-01 0.000000e+00 3.686362e-02 1.178309e-02 -3.021490e-02 -5.360296e-16 5.134365e-03 -7.886160e-02 -1.072059e-15
-9.019608e-01 -1.132285e-01 0.000000e+00 3.012075e-02 9.270074e-03 -2.433045e-02 1.085937e-15 3.479775e-03 -6.372127e-02 2.171874e-15
9.019608e-01 1.132285e-01 0.000000e+00 3.012075e-02 9.270074e-03 -2.433045e-02 -1.104441e-15 3.479775e-03 -6.372127e-02 -2.208881e-15
-9.215686e-01 -1.133940e-01 0.000000e+00 2.353115e-02 6.932718e-03 -1.869829e-02 1.205055e-15 2.099861e-03 -4.916216e-02 2.410109e-15
9.215686e-01 1.133940e-01 0.000000e+00 2.353115e-02 6.932718e-03 -1.869829e-02 -1.525400e-15 2.099861e-03 -4.916216e-02 -3.050800e-15
-9.411765e-01 -1.135143e-01 0.000000e+00 1.712637e-02 4.758204e-03 -1.332139e-02 1.240327e-15 9.532230e-04 -3.520596e-02 2.480655e-15
9.411765e-01 1.135143e-01 0.000000e+00 1.712637e-02 4.758204e-03 -1.332139e-02 -1.606932e-15 9.532230e-04 -3.520596e-02 -3.213864e-15
-9.607843e-01 -1.135923e-01 0.000000e+00 1.097334e-02 2.733114e-03 -8.219782e-03 2.300243e-15 -2.043946e-05 -2.192623e-02 4.600487e-15
9.607843e-01 1.135923e-01 0.000000e+00 1.097334e-02 2.733114e-03 -8.219782e-03 -9.974660e-16 -2.043946e-05 -2.192623e-02 -1.994932e-15
-9.803922e-01 -1.136298e-01 0.000000e+00 5.239111e-03 8.560806e-04 -3.475636e-03 2.679570e-15 -9.073945e-04 -9.570828e-03 5.359139e-15
9.803922e-01 1.136298e-01 0.000000e+00 5.239111e-03 8.560806e-04 -3.475636e-03 -2.602085e-16 -9.073945e-04 -9.570828e-03 -5.204170e-16
-1.000000e+00 -1.136284e-01 0.000000e+00 1.209714e-03 -7.010257e-05 -5.347546e-04 3.049644e-15 -7.450623e-04 -1.674366e-03 6.099288e-15
1.000000e+00 1.136284e-01 0.000000e+00 1.209714e-03 -7.010257e-05 -5.347546e-04 2.220446e-16 -7.450623e-04 -1.674366e-03 4.440892e-16
