# x y topography
350000 500023 23.2301
400000 500025 25.2061
400000 500025 25.2061
450000 500026 26.3127
450000 500026 26.3127
500000 500027 26.6671
250000 500015 15.4086
275000 500018 17.7617
275000 500018 17.7617
300000 500020 20.1128
300000 500020 20.1128
325000 500022 21.669
325000 500022 21.669
350000 500023 23.2301
200000 500008 8.03491
225000 500012 11.7607
225000 500012 11.7607
250000 500015 15.4086
0 499934 -65.9628
25000 499935 -64.6348
25000 499935 -64.6348
50000 499940 -60.2616
175000 500003 2.69224
200000 500008 8.03491
150000 499996 -4.22959
162500 499999 -0.739991
162500 499999 -0.739991
175000 500003 2.69224
50000 499940 -60.2616
62500 499944 -56.3789
62500 499944 -56.3789
75000 499948 -51.629
75000 499948 -51.629
87500 499954 -45.9207
87500 499954 -45.9207
100000 499967 -33.2663
100000 499967 -33.2663
112500 499979 -20.5023
112500 499979 -20.5023
125000 499986 -14.3474
125000 499986 -14.3474
137500 499991 -8.649
137500 499991 -8.649
150000 499996 -4.22959
