1.562500000000000000e-02 -5.327545477492421355e+01
4.687500000000000000e-02 6.203727803544125674e-01
7.812500000000000000e-02 -6.367996456629007263e+00
1.093750000000000000e-01 1.683603464726644849e-01
1.406250000000000000e-01 -2.109063564613220088e+00
1.718750000000000000e-01 -1.925562518050141503e-01
2.031250000000000000e-01 -9.350278957976274619e-01
2.343750000000000000e-01 -2.498717258075931757e-01
2.656250000000000000e-01 -4.921134476302775340e-01
2.968750000000000000e-01 -2.146621619198744169e-01
3.281250000000000000e-01 -2.817064544572601692e-01
3.593750000000000000e-01 -1.529966495117502656e-01
3.906250000000000000e-01 -1.565969136669717321e-01
4.218750000000000000e-01 -8.420404667239209107e-02
4.531250000000000000e-01 -6.529213525155566633e-02
4.843750000000000000e-01 -1.223918745935656874e-02
5.156250000000000000e-01 1.223918745934340219e-02
5.468750000000000000e-01 6.529213525153276798e-02
5.781250000000000000e-01 8.420404667233291618e-02
6.093750000000000000e-01 1.565969136669510542e-01
6.406250000000000000e-01 1.529966495116252267e-01
6.718750000000000000e-01 2.817064544572322471e-01
7.031250000000000000e-01 2.146621619196772968e-01
7.343750000000000000e-01 4.921134476302808092e-01
7.656250000000000000e-01 2.498717258070345393e-01
7.968750000000000000e-01 9.350278957973278127e-01
8.281250000000000000e-01 1.925562518046192995e-01
8.593750000000000000e-01 2.109063564613604669e+00
8.906250000000000000e-01 -1.683603464735694555e-01
9.218750000000000000e-01 6.367996456629383850e+00
9.531250000000000000e-01 -6.203727803545614483e-01
9.843750000000000000e-01 5.327545477492458303e+01
