0.000000e+00 2.500000e+05 7.500000e+03 2.535047e-09 0.000000e+00 0.000000e+00 1.202103e+08 
1.666667e+04 2.500000e+05 7.500000e+03 2.540567e-09 4.915746e-10 2.100780e-22 1.171993e+08 
3.333333e+04 2.500000e+05 7.500000e+03 2.550711e-09 4.534190e-10 3.117828e-22 1.141882e+08 
5.000000e+04 2.500000e+05 7.500000e+03 2.560164e-09 5.004159e-10 6.210317e-23 1.111540e+08 
6.666667e+04 2.500000e+05 7.500000e+03 2.572061e-09 5.123954e-10 1.505986e-22 1.081198e+08 
8.333333e+04 2.500000e+05 7.500000e+03 2.583777e-09 5.371122e-10 3.829846e-22 1.050578e+08 
1.000000e+05 2.500000e+05 7.500000e+03 2.599898e-09 5.622538e-10 2.924342e-22 1.019957e+08 
1.166667e+05 2.500000e+05 7.500000e+03 2.615759e-09 5.954674e-10 1.935603e-22 9.889591e+07 
1.333333e+05 2.500000e+05 7.500000e+03 2.638777e-09 6.316259e-10 1.448342e-22 9.579608e+07 
1.500000e+05 2.500000e+05 7.500000e+03 2.661391e-09 6.757515e-10 4.863822e-22 9.264233e+07 
1.666667e+05 2.500000e+05 7.500000e+03 2.694920e-09 7.229821e-10 5.764415e-23 8.948859e+07 
1.833333e+05 2.500000e+05 7.500000e+03 2.727848e-09 7.779793e-10 4.284796e-22 8.625631e+07 
2.000000e+05 2.500000e+05 7.500000e+03 2.776771e-09 8.358511e-10 2.905472e-22 8.302403e+07 
2.166667e+05 2.500000e+05 7.500000e+03 2.824834e-09 9.003993e-10 2.152802e-22 7.967709e+07 
2.333333e+05 2.500000e+05 7.500000e+03 2.895459e-09 9.670602e-10 4.209574e-22 7.633016e+07 
2.500000e+05 2.500000e+05 7.500000e+03 2.964907e-09 1.037530e-09 4.615668e-22 7.281755e+07 
2.666667e+05 2.500000e+05 7.500000e+03 3.064752e-09 1.108478e-09 -1.595683e-22 6.930494e+07 
2.833333e+05 2.500000e+05 7.500000e+03 3.162879e-09 1.178410e-09 8.354524e-22 6.555811e+07 
3.000000e+05 2.500000e+05 7.500000e+03 3.301687e-09 1.244883e-09 -2.455951e-22 6.181129e+07 
3.166667e+05 2.500000e+05 7.500000e+03 3.437732e-09 1.297958e-09 3.507246e-22 5.773821e+07 
3.333333e+05 2.500000e+05 7.500000e+03 3.619054e-09 1.340440e-09 1.230716e-21 5.366513e+07 
3.500000e+05 2.500000e+05 7.500000e+03 3.791465e-09 1.365032e-09 -2.018321e-22 4.917196e+07 
3.666667e+05 2.500000e+05 7.500000e+03 4.030779e-09 1.366011e-09 5.062345e-22 4.467880e+07 
3.833333e+05 2.500000e+05 7.500000e+03 4.250677e-09 1.293015e-09 1.003784e-21 3.963266e+07 
4.000000e+05 2.500000e+05 7.500000e+03 4.480218e-09 1.203225e-09 5.859024e-22 3.458652e+07 
4.166667e+05 2.500000e+05 7.500000e+03 4.736226e-09 1.001355e-09 2.266475e-22 2.898709e+07 
4.333333e+05 2.500000e+05 7.500000e+03 4.830496e-09 7.700570e-10 1.220660e-21 2.338767e+07 
4.500000e+05 2.500000e+05 7.500000e+03 4.935575e-09 5.501641e-10 -2.332649e-22 1.753721e+07 
4.666667e+05 2.500000e+05 7.500000e+03 4.933485e-09 3.360335e-10 2.038302e-21 1.168676e+07 
4.833333e+05 2.500000e+05 7.500000e+03 4.933498e-09 1.635373e-10 -1.058791e-22 5.843379e+06 
5.000000e+05 2.500000e+05 7.500000e+03 4.934122e-09 5.854888e-23 1.150763e-21 -6.556511e-06 
5.166667e+05 2.500000e+05 7.500000e+03 4.933498e-09 -1.635373e-10 8.371068e-22 -5.843379e+06 
5.333333e+05 2.500000e+05 7.500000e+03 4.933485e-09 -3.360335e-10 3.342585e-22 -1.168676e+07 
5.500000e+05 2.500000e+05 7.500000e+03 4.935575e-09 -5.501641e-10 4.466775e-22 -1.753721e+07 
5.666667e+05 2.500000e+05 7.500000e+03 4.830496e-09 -7.700570e-10 2.189780e-21 -2.338767e+07 
5.833333e+05 2.500000e+05 7.500000e+03 4.736226e-09 -1.001355e-09 -9.198248e-22 -2.898709e+07 
6.000000e+05 2.500000e+05 7.500000e+03 4.480218e-09 -1.203225e-09 3.690854e-21 -3.458652e+07 
6.166667e+05 2.500000e+05 7.500000e+03 4.250677e-09 -1.293015e-09 -5.525566e-22 -3.963266e+07 
6.333333e+05 2.500000e+05 7.500000e+03 4.030779e-09 -1.366011e-09 6.953487e-22 -4.467880e+07 
6.500000e+05 2.500000e+05 7.500000e+03 3.791465e-09 -1.365032e-09 1.849576e-21 -4.917196e+07 
6.666667e+05 2.500000e+05 7.500000e+03 3.619054e-09 -1.340440e-09 -2.964964e-21 -5.366513e+07 
6.833333e+05 2.500000e+05 7.500000e+03 3.437732e-09 -1.297958e-09 2.977850e-21 -5.773821e+07 
7.000000e+05 2.500000e+05 7.500000e+03 3.301687e-09 -1.244883e-09 -2.928685e-21 -6.181129e+07 
7.166667e+05 2.500000e+05 7.500000e+03 3.162879e-09 -1.178410e-09 2.540104e-21 -6.555811e+07 
7.333333e+05 2.500000e+05 7.500000e+03 3.064752e-09 -1.108478e-09 -2.808666e-21 -6.930494e+07 
7.500000e+05 2.500000e+05 7.500000e+03 2.964907e-09 -1.037530e-09 2.517938e-21 -7.281755e+07 
7.666667e+05 2.500000e+05 7.500000e+03 2.895459e-09 -9.670602e-10 -1.699365e-21 -7.633016e+07 
7.833333e+05 2.500000e+05 7.500000e+03 2.824834e-09 -9.003993e-10 2.356027e-21 -7.967709e+07 
8.000000e+05 2.500000e+05 7.500000e+03 2.776771e-09 -8.358511e-10 2.661712e-22 -8.302403e+07 
8.166667e+05 2.500000e+05 7.500000e+03 2.727848e-09 -7.779793e-10 -5.724090e-22 -8.625631e+07 
8.333333e+05 2.500000e+05 7.500000e+03 2.694920e-09 -7.229821e-10 -1.738113e-22 -8.948859e+07 
8.500000e+05 2.500000e+05 7.500000e+03 2.661391e-09 -6.757515e-10 2.290153e-21 -9.264233e+07 
8.666667e+05 2.500000e+05 7.500000e+03 2.638777e-09 -6.316259e-10 3.994895e-22 -9.579608e+07 
8.833333e+05 2.500000e+05 7.500000e+03 2.615759e-09 -5.954674e-10 1.882902e-22 -9.889591e+07 
9.000000e+05 2.500000e+05 7.500000e+03 2.599898e-09 -5.622538e-10 3.273697e-21 -1.019957e+08 
9.166667e+05 2.500000e+05 7.500000e+03 2.583777e-09 -5.371122e-10 -2.423516e-21 -1.050578e+08 
9.333333e+05 2.500000e+05 7.500000e+03 2.572061e-09 -5.123954e-10 2.547716e-21 -1.081198e+08 
9.500000e+05 2.500000e+05 7.500000e+03 2.560164e-09 -5.004159e-10 2.914707e-21 -1.111540e+08 
9.666667e+05 2.500000e+05 7.500000e+03 2.550711e-09 -4.534190e-10 3.732239e-21 -1.141882e+08 
9.833333e+05 2.500000e+05 7.500000e+03 2.540567e-09 -4.915746e-10 5.777198e-22 -1.171993e+08 
1.000000e+06 2.500000e+05 7.500000e+03 2.535047e-09 0.000000e+00 0.000000e+00 -1.202103e+08 
