0.000000e+00 0.000000e+00 5.235443e-13 0.000000e+00 8.021872e-01
7.692308e-03 0.000000e+00 5.234930e-13 -4.674506e-05 7.945034e-01
1.538462e-02 0.000000e+00 5.234283e-13 -9.354597e-05 7.868197e-01
1.538462e-02 0.000000e+00 5.234283e-13 -9.354597e-05 7.868197e-01
2.307692e-02 0.000000e+00 5.234850e-13 -1.404585e-04 7.791531e-01
3.076923e-02 0.000000e+00 5.235021e-13 -1.875387e-04 7.714866e-01
3.076923e-02 0.000000e+00 5.235021e-13 -1.875387e-04 7.714866e-01
3.846154e-02 0.000000e+00 5.231787e-13 -2.348423e-04 7.638376e-01
4.615385e-02 0.000000e+00 5.232481e-13 -2.824257e-04 7.561886e-01
4.615385e-02 0.000000e+00 5.232481e-13 -2.824257e-04 7.561886e-01
5.384615e-02 0.000000e+00 5.227555e-13 -3.303447e-04 7.485577e-01
6.153846e-02 0.000000e+00 5.228196e-13 -3.786560e-04 7.409268e-01
6.153846e-02 0.000000e+00 5.228196e-13 -3.786560e-04 7.409268e-01
6.923077e-02 0.000000e+00 5.225959e-13 -4.274156e-04 7.333146e-01
7.692308e-02 0.000000e+00 5.229386e-13 -4.766806e-04 7.257024e-01
7.692308e-02 0.000000e+00 5.229386e-13 -4.766806e-04 7.257024e-01
8.461538e-02 0.000000e+00 5.231995e-13 -5.265074e-04 7.181100e-01
9.230769e-02 0.000000e+00 5.234008e-13 -5.769535e-04 7.105176e-01
9.230769e-02 0.000000e+00 5.234008e-13 -5.769535e-04 7.105176e-01
1.000000e-01 0.000000e+00 5.227346e-13 -6.280754e-04 7.029462e-01
1.076923e-01 0.000000e+00 5.227069e-13 -6.799313e-04 6.953747e-01
1.076923e-01 0.000000e+00 5.227069e-13 -6.799313e-04 6.953747e-01
1.153846e-01 0.000000e+00 5.227138e-13 -7.325779e-04 6.878258e-01
1.230769e-01 0.000000e+00 5.229983e-13 -7.860740e-04 6.802768e-01
1.230769e-01 0.000000e+00 5.229983e-13 -7.860740e-04 6.802768e-01
1.307692e-01 0.000000e+00 5.227901e-13 -8.404765e-04 6.727522e-01
1.384615e-01 0.000000e+00 5.232897e-13 -8.958445e-04 6.652275e-01
1.384615e-01 0.000000e+00 5.232897e-13 -8.958445e-04 6.652275e-01
1.461538e-01 0.000000e+00 5.221032e-13 -9.522351e-04 6.577293e-01
1.538462e-01 0.000000e+00 5.224085e-13 -1.009708e-03 6.502311e-01
1.538462e-01 0.000000e+00 5.224085e-13 -1.009708e-03 6.502311e-01
1.615385e-01 0.000000e+00 5.221379e-13 -1.068320e-03 6.427619e-01
1.692308e-01 0.000000e+00 5.221171e-13 -1.128130e-03 6.352927e-01
1.692308e-01 0.000000e+00 5.221171e-13 -1.128130e-03 6.352927e-01
1.769231e-01 0.000000e+00 5.217825e-13 -1.189196e-03 6.278555e-01
1.846154e-01 0.000000e+00 5.216091e-13 -1.251576e-03 6.204183e-01
1.846154e-01 0.000000e+00 5.216091e-13 -1.251576e-03 6.204183e-01
1.923077e-01 0.000000e+00 5.214778e-13 -1.315327e-03 6.130167e-01
2.000000e-01 0.000000e+00 5.217300e-13 -1.380506e-03 6.056150e-01
2.000000e-01 0.000000e+00 5.217300e-13 -1.380506e-03 6.056150e-01
2.076923e-01 0.000000e+00 5.213055e-13 -1.447169e-03 5.982531e-01
2.153846e-01 0.000000e+00 5.207534e-13 -1.515371e-03 5.908912e-01
2.153846e-01 0.000000e+00 5.207534e-13 -1.515371e-03 5.908912e-01
2.230769e-01 0.000000e+00 5.211598e-13 -1.585164e-03 5.835740e-01
2.307692e-01 0.000000e+00 5.209503e-13 -1.656603e-03 5.762567e-01
2.307692e-01 0.000000e+00 5.209503e-13 -1.656603e-03 5.762567e-01
2.384615e-01 0.000000e+00 5.207729e-13 -1.729734e-03 5.689899e-01
2.461538e-01 0.000000e+00 5.205715e-13 -1.804608e-03 5.617231e-01
2.461538e-01 0.000000e+00 5.205715e-13 -1.804608e-03 5.617231e-01
2.538462e-01 0.000000e+00 5.203511e-13 -1.881265e-03 5.545135e-01
2.615385e-01 0.000000e+00 5.201356e-13 -1.959748e-03 5.473039e-01
2.615385e-01 0.000000e+00 5.201356e-13 -1.959748e-03 5.473039e-01
2.692308e-01 0.000000e+00 5.199039e-13 -2.040088e-03 5.401598e-01
2.769231e-01 0.000000e+00 5.196954e-13 -2.122318e-03 5.330156e-01
2.769231e-01 0.000000e+00 5.196954e-13 -2.122318e-03 5.330156e-01
2.846154e-01 0.000000e+00 5.192582e-13 -2.206453e-03 5.259465e-01
2.923077e-01 0.000000e+00 5.187656e-13 -2.292512e-03 5.188775e-01
2.923077e-01 0.000000e+00 5.187656e-13 -2.292512e-03 5.188775e-01
3.000000e-01 0.000000e+00 5.187795e-13 -2.380489e-03 5.118951e-01
3.076923e-01 0.000000e+00 5.187859e-13 -2.470378e-03 5.049127e-01
3.076923e-01 0.000000e+00 5.187859e-13 -2.470378e-03 5.049127e-01
3.153846e-01 0.000000e+00 5.185711e-13 -2.562142e-03 4.980310e-01
3.230769e-01 0.000000e+00 5.183578e-13 -2.655739e-03 4.911493e-01
3.230769e-01 0.000000e+00 5.183578e-13 -2.655739e-03 4.911493e-01
3.307692e-01 0.000000e+00 5.181972e-13 -2.751088e-03 4.843849e-01
3.384615e-01 0.000000e+00 5.180934e-13 -2.848089e-03 4.776206e-01
3.384615e-01 0.000000e+00 5.180934e-13 -2.848089e-03 4.776206e-01
3.461538e-01 0.000000e+00 5.179772e-13 -2.946595e-03 4.709937e-01
3.538462e-01 0.000000e+00 5.178757e-13 -3.046424e-03 4.643669e-01
3.538462e-01 0.000000e+00 5.178757e-13 -3.046424e-03 4.643669e-01
3.615385e-01 0.000000e+00 5.178314e-13 -3.147323e-03 4.579012e-01
3.692308e-01 0.000000e+00 5.178410e-13 -3.248982e-03 4.514356e-01
3.692308e-01 0.000000e+00 5.178410e-13 -3.248982e-03 4.514356e-01
3.769231e-01 0.000000e+00 5.179366e-13 -3.350994e-03 4.451583e-01
3.846154e-01 0.000000e+00 5.179438e-13 -3.452852e-03 4.388810e-01
3.846154e-01 0.000000e+00 5.179438e-13 -3.452852e-03 4.388810e-01
3.923077e-01 0.000000e+00 5.184911e-13 -3.553913e-03 4.328208e-01
4.000000e-01 0.000000e+00 5.182833e-13 -3.653370e-03 4.267606e-01
4.000000e-01 0.000000e+00 5.182833e-13 -3.653370e-03 4.267606e-01
4.076923e-01 0.000000e+00 5.190288e-13 -3.750240e-03 4.209387e-01
4.153846e-01 0.000000e+00 5.193901e-13 -3.843289e-03 4.151167e-01
4.153846e-01 0.000000e+00 5.193901e-13 -3.843289e-03 4.151167e-01
4.230769e-01 0.000000e+00 5.192149e-13 -3.931076e-03 4.095366e-01
4.307692e-01 0.000000e+00 5.182556e-13 -4.011837e-03 4.039566e-01
4.307692e-01 0.000000e+00 5.182556e-13 -4.011837e-03 4.039566e-01
4.384615e-01 0.000000e+00 5.162554e-13 -4.083748e-03 3.985299e-01
4.461538e-01 0.000000e+00 5.126205e-13 -4.144787e-03 3.931032e-01
4.461538e-01 0.000000e+00 5.126205e-13 -4.144787e-03 3.931032e-01
4.538462e-01 0.000000e+00 5.064896e-13 -4.193122e-03 3.877083e-01
4.615385e-01 0.000000e+00 4.969840e-13 -4.227174e-03 3.823134e-01
4.615385e-01 0.000000e+00 4.969840e-13 -4.227174e-03 3.823134e-01
4.692308e-01 0.000000e+00 4.827960e-13 -4.247025e-03 3.762794e-01
4.769231e-01 0.000000e+00 4.628060e-13 -4.254039e-03 3.702454e-01
4.769231e-01 0.000000e+00 4.628060e-13 -4.254039e-03 3.702454e-01
4.846154e-01 0.000000e+00 4.092408e-13 -4.254147e-03 2.987516e-01
4.923077e-01 0.000000e+00 3.556846e-13 -4.254476e-03 2.272577e-01
4.923077e-01 0.000000e+00 3.556846e-13 -4.254476e-03 2.272577e-01
5.000000e-01 0.000000e+00 3.021429e-13 -4.254870e-03 2.422595e-01
5.076923e-01 0.000000e+00 2.486145e-13 -4.255168e-03 2.572612e-01
5.076923e-01 0.000000e+00 2.486145e-13 -4.255168e-03 2.572612e-01
5.153846e-01 0.000000e+00 1.950965e-13 -4.255422e-03 2.471566e-01
5.230769e-01 0.000000e+00 1.415780e-13 -4.255678e-03 2.370520e-01
5.230769e-01 0.000000e+00 1.415780e-13 -4.255678e-03 2.370520e-01
5.307692e-01 0.000000e+00 8.805720e-14 -4.255927e-03 2.332401e-01
5.384615e-01 0.000000e+00 3.452447e-14 -4.256156e-03 2.294282e-01
5.384615e-01 0.000000e+00 3.452447e-14 -4.256156e-03 2.294282e-01
5.461538e-01 0.000000e+00 -1.902168e-14 -4.256370e-03 2.237320e-01
5.538462e-01 0.000000e+00 -7.260360e-14 -4.256572e-03 2.180358e-01
5.538462e-01 0.000000e+00 -7.260360e-14 -4.256572e-03 2.180358e-01
5.615385e-01 0.000000e+00 -1.262141e-13 -4.256758e-03 2.129557e-01
5.692308e-01 0.000000e+00 -1.800999e-13 -4.256926e-03 2.078756e-01
5.692308e-01 0.000000e+00 -1.800999e-13 -4.256926e-03 2.078756e-01
5.769231e-01 0.000000e+00 -2.332093e-13 -4.257076e-03 2.028401e-01
5.846154e-01 0.000000e+00 -2.864784e-13 -4.257205e-03 1.978045e-01
5.846154e-01 0.000000e+00 -2.864784e-13 -4.257205e-03 1.978045e-01
5.923077e-01 0.000000e+00 -3.407431e-13 -4.257314e-03 1.929330e-01
6.000000e-01 0.000000e+00 -3.938113e-13 -4.257400e-03 1.880615e-01
6.000000e-01 0.000000e+00 -3.938113e-13 -4.257400e-03 1.880615e-01
6.076923e-01 0.000000e+00 -4.476411e-13 -4.257465e-03 1.832255e-01
6.153846e-01 0.000000e+00 -5.009151e-13 -4.257507e-03 1.783894e-01
6.153846e-01 0.000000e+00 -5.009151e-13 -4.257507e-03 1.783894e-01
6.230769e-01 0.000000e+00 -5.546522e-13 -4.257527e-03 1.734814e-01
6.307692e-01 0.000000e+00 -6.063909e-13 -4.257527e-03 1.685734e-01
6.307692e-01 0.000000e+00 -6.063909e-13 -4.257527e-03 1.685734e-01
6.384615e-01 0.000000e+00 -6.623768e-13 -4.257506e-03 1.636967e-01
6.461538e-01 0.000000e+00 -7.166815e-13 -4.257465e-03 1.588200e-01
6.461538e-01 0.000000e+00 -7.166815e-13 -4.257465e-03 1.588200e-01
6.538462e-01 0.000000e+00 -7.700317e-13 -4.257407e-03 1.535433e-01
6.615385e-01 0.000000e+00 -8.234941e-13 -4.257331e-03 1.482667e-01
6.615385e-01 0.000000e+00 -8.234941e-13 -4.257331e-03 1.482667e-01
6.692308e-01 0.000000e+00 -8.768210e-13 -4.257236e-03 1.446431e-01
6.769231e-01 0.000000e+00 -9.301499e-13 -4.257118e-03 1.410195e-01
6.769231e-01 0.000000e+00 -9.301499e-13 -4.257118e-03 1.410195e-01
6.846154e-01 0.000000e+00 -9.834643e-13 -4.256984e-03 1.325194e-01
6.923077e-01 0.000000e+00 -1.036788e-12 -4.256842e-03 1.240192e-01
6.923077e-01 0.000000e+00 -1.036788e-12 -4.256842e-03 1.240192e-01
7.000000e-01 0.000000e+00 -1.090138e-12 -4.256651e-03 1.359127e-01
7.076923e-01 0.000000e+00 -1.143521e-12 -4.256369e-03 1.478061e-01
7.076923e-01 0.000000e+00 -1.143521e-12 -4.256369e-03 1.478061e-01
7.153846e-01 0.000000e+00 -1.196954e-12 -4.256126e-03 8.939695e-02
7.230769e-01 0.000000e+00 -1.250446e-12 -4.256048e-03 3.098780e-02
7.230769e-01 0.000000e+00 -1.250446e-12 -4.256048e-03 3.098780e-02
7.307692e-01 0.000000e+00 -1.277001e-12 -4.249327e-03 2.652285e-02
7.384615e-01 0.000000e+00 -1.308957e-12 -4.224131e-03 2.205790e-02
7.384615e-01 0.000000e+00 -1.308957e-12 -4.224131e-03 2.205790e-02
7.461538e-01 0.000000e+00 -1.346860e-12 -4.195334e-03 1.100512e-02
7.538462e-01 0.000000e+00 -1.391033e-12 -4.182589e-03 -4.767245e-05
7.538462e-01 0.000000e+00 -1.391033e-12 -4.182589e-03 -4.767245e-05
7.615385e-01 0.000000e+00 -1.291259e-12 -4.110284e-03 -4.993748e-05
7.692308e-01 0.000000e+00 -1.191158e-12 -4.039628e-03 -5.220251e-05
7.692308e-01 0.000000e+00 -1.191158e-12 -4.039628e-03 -5.220251e-05
7.769231e-01 0.000000e+00 -1.098725e-12 -3.960818e-03 -4.786594e-05
7.846154e-01 0.000000e+00 -1.012163e-12 -3.863191e-03 -4.352938e-05
7.846154e-01 0.000000e+00 -1.012163e-12 -3.863191e-03 -4.352938e-05
7.923077e-01 0.000000e+00 -9.306445e-13 -3.753049e-03 -4.155410e-05
8.000000e-01 0.000000e+00 -8.580812e-13 -3.636258e-03 -3.957882e-05
8.000000e-01 0.000000e+00 -8.580812e-13 -3.636258e-03 -3.957882e-05
8.076923e-01 0.000000e+00 -7.852395e-13 -3.513606e-03 -3.747957e-05
8.153846e-01 0.000000e+00 -7.172954e-13 -3.385503e-03 -3.538033e-05
8.153846e-01 0.000000e+00 -7.172954e-13 -3.385503e-03 -3.538033e-05
8.230769e-01 0.000000e+00 -6.576592e-13 -3.253304e-03 -3.373171e-05
8.307692e-01 0.000000e+00 -5.979149e-13 -3.118166e-03 -3.208309e-05
8.307692e-01 0.000000e+00 -5.979149e-13 -3.118166e-03 -3.208309e-05
8.384615e-01 0.000000e+00 -5.428344e-13 -2.980713e-03 -3.065790e-05
8.461538e-01 0.000000e+00 -4.940203e-13 -2.841450e-03 -2.923270e-05
8.461538e-01 0.000000e+00 -4.940203e-13 -2.841450e-03 -2.923270e-05
8.538462e-01 0.000000e+00 -4.473034e-13 -2.700837e-03 -2.803529e-05
8.615385e-01 0.000000e+00 -4.040364e-13 -2.559265e-03 -2.683789e-05
8.615385e-01 0.000000e+00 -4.040364e-13 -2.559265e-03 -2.683789e-05
8.692308e-01 0.000000e+00 -3.647173e-13 -2.417013e-03 -2.582423e-05
8.769231e-01 0.000000e+00 -3.226864e-13 -2.274315e-03 -2.481058e-05
8.769231e-01 0.000000e+00 -3.226864e-13 -2.274315e-03 -2.481058e-05
8.846154e-01 0.000000e+00 -2.867567e-13 -2.131350e-03 -2.395979e-05
8.923077e-01 0.000000e+00 -2.515211e-13 -1.988269e-03 -2.310901e-05
8.923077e-01 0.000000e+00 -2.515211e-13 -1.988269e-03 -2.310901e-05
9.000000e-01 0.000000e+00 -2.230716e-13 -1.845178e-03 -2.240165e-05
9.076923e-01 0.000000e+00 -1.955426e-13 -1.702166e-03 -2.169428e-05
9.076923e-01 0.000000e+00 -1.955426e-13 -1.702166e-03 -2.169428e-05
9.153846e-01 0.000000e+00 -1.707107e-13 -1.559290e-03 -2.111628e-05
9.230769e-01 0.000000e+00 -1.448785e-13 -1.416595e-03 -2.053828e-05
9.230769e-01 0.000000e+00 -1.448785e-13 -1.416595e-03 -2.053828e-05
9.307692e-01 0.000000e+00 -1.198530e-13 -1.274105e-03 -2.007860e-05
9.384615e-01 0.000000e+00 -1.006149e-13 -1.131835e-03 -1.961893e-05
9.384615e-01 0.000000e+00 -1.006149e-13 -1.131835e-03 -1.961893e-05
9.461538e-01 0.000000e+00 -8.614482e-14 -9.897826e-04 -1.926931e-05
9.538462e-01 0.000000e+00 -7.354013e-14 -8.479417e-04 -1.891969e-05
9.538462e-01 0.000000e+00 -7.354013e-14 -8.479417e-04 -1.891969e-05
9.615385e-01 0.000000e+00 -5.994539e-14 -7.062937e-04 -1.867407e-05
9.692308e-01 0.000000e+00 -4.990376e-14 -5.648173e-04 -1.842844e-05
9.692308e-01 0.000000e+00 -4.990376e-14 -5.648173e-04 -1.842844e-05
9.769231e-01 0.000000e+00 -3.942811e-14 -4.234829e-04 -1.828267e-05
9.846154e-01 0.000000e+00 -3.677329e-14 -2.822593e-04 -1.813690e-05
9.846154e-01 0.000000e+00 -3.677329e-14 -2.822593e-04 -1.813690e-05
9.923077e-01 0.000000e+00 -3.868289e-14 -1.411105e-04 -1.808858e-05
1.000000e+00 0.000000e+00 -3.165079e-14 0.000000e+00 -1.804025e-05
