1.000000000000000000e+00
1.731607012022700343e-01
1.257983780123970163e-01
6.818917541034602570e-02
4.741692165444851004e-02
3.227469501221529036e-02
2.786022924661967978e-02
2.412163883693917155e-02
2.053982833090133367e-02
1.717349551506970259e-02
1.448403287632832673e-02
1.231700112792475862e-02
1.181139705305571039e-02
1.100696700606278167e-02
1.007588850916712152e-02
9.117379021415737347e-03
8.186238933707141313e-03
7.310916499025810027e-03
6.504519367601777416e-03
5.771376947584596663e-03
5.110899672010549982e-03
4.601952683719922992e-03
4.349004077720272990e-03
4.112996723457400597e-03
3.892670585815477709e-03
3.686854875888126177e-03
3.494466319354637245e-03
3.314505326266438054e-03
3.146051065085090932e-03
2.988256063460892689e-03
2.840340715178510823e-03
2.701587917368115585e-03
2.571337964484082372e-03
2.448983763242320970e-03
2.333966395174705711e-03
2.225771029710733092e-03
2.123923177365085076e-03
2.027985265086892919e-03
1.937553511835249159e-03
1.852255081488052551e-03
1.771745489719906037e-03
1.695706242842878134e-03
1.623842687595949703e-03
1.555882052482731887e-03
1.491571662932907700e-03
1.430677313995716354e-03
1.372981785795138491e-03
1.318283488504525631e-03
1.266395224603733202e-03
1.217143057648157473e-03
1.170365277670656901e-03
1.125911454297423087e-03
1.083641569596869008e-03
1.043425223459299410e-03
1.005140904850989345e-03
9.686753231833544319e-04
9.339227943543888062e-04
9.007846766970903580e-04
8.691688523386543238e-04
8.389892502259523174e-04
8.101654069414896808e-04
7.826220623488626882e-04
7.574204425685502435e-04
7.334821249854048741e-04
7.100208613781051371e-04
6.870539856292298946e-04
6.645954782669864823e-04
6.426562857734025762e-04
6.212446150040301955e-04
6.007889306475951152e-04
5.820783193495034178e-04
5.641124153738400013e-04
5.468539314245771457e-04
5.302677842404969347e-04
5.143209487106104733e-04
4.989823224456950640e-04
4.842226001148608808e-04
4.700141566778727594e-04
4.593592414147335315e-04
4.491595443858221472e-04
4.390562221042246661e-04
4.290591513428844320e-04
4.191771259048537239e-04
4.094179386948734864e-04
3.997884582147629416e-04
3.902946993482430131e-04
3.809418894904463971e-04
3.717345298534043452e-04
3.626764526289521498e-04
3.537708740477263358e-04
3.450204437776078960e-04
3.364272908893340872e-04
3.279930665451752424e-04
3.197189837617644102e-04
3.116058543435456791e-04
3.036541232205530001e-04
2.958639003284242231e-04
2.882349903897319277e-04
2.807669203945873694e-04
2.734589651380388482e-04
