3.139498e+00 -9.613367e+07 7.097858e+03 -3.388978e+06 
3.133208e+00 -1.288974e+08 2.839115e+04 -3.386199e+06 
3.124844e+00 -1.289054e+08 5.671333e+04 -3.385844e+06 
3.122743e+00 -3.062376e+07 6.397761e+04 -3.393715e+06 
3.129026e+00 -1.945251e+08 4.248522e+04 -3.380689e+06 
3.135309e+00 -3.064176e+07 2.132699e+04 -3.394251e+06 
3.120642e+00 -1.288958e+08 7.094003e+04 -3.385575e+06 
3.108076e+00 -1.288765e+08 1.134777e+05 -3.384417e+06 
3.112278e+00 -1.288702e+08 9.925550e+04 -3.384864e+06 
3.110177e+00 -3.059955e+07 1.066181e+05 -3.392644e+06 
3.103894e+00 -1.945034e+08 1.274288e+05 -3.378553e+06 
3.097610e+00 -3.060714e+07 1.492418e+05 -3.391036e+06 
3.091327e+00 -1.944989e+08 1.698738e+05 -3.376685e+06 
3.095509e+00 -1.288832e+08 1.559975e+05 -3.382723e+06 
3.099711e+00 -1.288820e+08 1.417820e+05 -3.383349e+06 
3.116460e+00 -1.945062e+08 8.496374e+04 -3.379888e+06 
3.082943e+00 -1.288827e+08 1.984926e+05 -3.380496e+06 
3.087145e+00 -1.288783e+08 1.842861e+05 -3.381300e+06 
3.085044e+00 -3.060383e+07 1.918419e+05 -3.388893e+06 
3.078761e+00 -1.944952e+08 2.122920e+05 -3.374284e+06 
3.074579e+00 -1.288665e+08 2.267611e+05 -3.378718e+06 
3.070377e+00 -1.288782e+08 2.409564e+05 -3.377735e+06 
3.072478e+00 -3.059725e+07 2.344117e+05 -3.386215e+06 
3.057810e+00 -1.288780e+08 2.833821e+05 -3.374440e+06 
3.062012e+00 -1.288786e+08 2.692003e+05 -3.375601e+06 
3.059911e+00 -3.060092e+07 2.769445e+05 -3.383002e+06 
3.053628e+00 -1.945008e+08 2.970210e+05 -3.367884e+06 
3.066194e+00 -1.945017e+08 2.546766e+05 -3.371350e+06 
3.049446e+00 -1.288792e+08 3.115970e+05 -3.371952e+06 
3.045244e+00 -1.288629e+08 3.257631e+05 -3.370613e+06 
3.036879e+00 -1.288812e+08 3.539445e+05 -3.367770e+06 
3.041062e+00 -1.944950e+08 3.393185e+05 -3.363885e+06 
3.047345e+00 -3.059707e+07 3.194336e+05 -3.379254e+06 
3.034779e+00 -3.060906e+07 3.618722e+05 -3.374973e+06 
3.028495e+00 -1.945015e+08 3.815624e+05 -3.359356e+06 
3.020111e+00 -1.288650e+08 4.103640e+05 -3.361362e+06 
3.024313e+00 -1.288683e+08 3.962360e+05 -3.363057e+06 
3.022212e+00 -3.059218e+07 4.042537e+05 -3.370160e+06 
3.015929e+00 -1.944959e+08 4.237461e+05 -3.354296e+06 
3.032678e+00 -1.288874e+08 3.680926e+05 -3.366253e+06 
3.007545e+00 -1.288850e+08 4.525706e+05 -3.355940e+06 
3.011747e+00 -1.288891e+08 4.384651e+05 -3.357812e+06 
3.009646e+00 -3.061172e+07 4.465713e+05 -3.364814e+06 
3.003363e+00 -1.944965e+08 4.658629e+05 -3.348706e+06 
2.999180e+00 -1.288703e+08 4.806248e+05 -3.352037e+06 
2.994978e+00 -1.288788e+08 4.947057e+05 -3.349988e+06 
2.986614e+00 -1.288751e+08 5.227087e+05 -3.345733e+06 
2.984513e+00 -3.060287e+07 5.309884e+05 -3.352529e+06 
2.990796e+00 -1.944952e+08 5.079060e+05 -3.342588e+06 
2.997079e+00 -3.059982e+07 4.888185e+05 -3.358936e+06 
2.982412e+00 -1.288855e+08 5.367628e+05 -3.343507e+06 
2.969846e+00 -1.288692e+08 5.787350e+05 -3.336498e+06 
2.974048e+00 -1.288704e+08 5.647101e+05 -3.338900e+06 
2.971947e+00 -3.059436e+07 5.730745e+05 -3.345592e+06 
2.965663e+00 -1.945013e+08 5.917452e+05 -3.328768e+06 
2.957279e+00 -1.288812e+08 6.206159e+05 -3.328962e+06 
2.948915e+00 -1.288646e+08 6.484386e+05 -3.323655e+06 
2.946814e+00 -3.059663e+07 6.569685e+05 -3.330134e+06 
2.953097e+00 -1.944953e+08 6.335279e+05 -3.321070e+06 
2.959380e+00 -3.060941e+07 6.150701e+05 -3.338126e+06 
2.961481e+00 -1.288871e+08 6.066222e+05 -3.331541e+06 
2.944713e+00 -1.288763e+08 6.623988e+05 -3.320901e+06 
2.978230e+00 -1.944964e+08 5.498690e+05 -3.335941e+06 
2.932147e+00 -1.288791e+08 7.040770e+05 -3.312315e+06 
2.936349e+00 -1.288748e+08 6.901526e+05 -3.315244e+06 
2.934248e+00 -3.060151e+07 6.987632e+05 -3.321615e+06 
2.927964e+00 -1.944984e+08 7.167866e+05 -3.304100e+06 
2.923782e+00 -1.288701e+08 7.317576e+05 -3.306310e+06 
2.919580e+00 -1.288757e+08 7.456441e+05 -3.303206e+06 
2.911216e+00 -1.288770e+08 7.732470e+05 -3.296853e+06 
2.909115e+00 -3.060328e+07 7.820151e+05 -3.303006e+06 
2.915398e+00 -1.944994e+08 7.582495e+05 -3.294832e+06 
2.921681e+00 -3.059867e+07 7.404476e+05 -3.312572e+06 
2.907014e+00 -1.288805e+08 7.870935e+05 -3.293575e+06 
2.940531e+00 -1.945005e+08 6.752106e+05 -3.312846e+06 
2.898649e+00 -1.288728e+08 8.146144e+05 -3.286876e+06 
2.896548e+00 -3.060050e+07 8.234590e+05 -3.292919e+06 
2.890265e+00 -1.944965e+08 8.408095e+05 -3.274737e+06 
2.894447e+00 -1.288791e+08 8.284185e+05 -3.283424e+06 
2.902832e+00 -1.944955e+08 7.995926e+05 -3.285044e+06 
2.881881e+00 -1.288853e+08 8.696127e+05 -3.272755e+06 
2.886083e+00 -1.288756e+08 8.558531e+05 -3.276380e+06 
2.883982e+00 -3.060353e+07 8.647730e+05 -3.282311e+06 
2.877699e+00 -1.944964e+08 8.818936e+05 -3.263912e+06 
2.869315e+00 -1.288724e+08 9.106697e+05 -3.261569e+06 
2.873517e+00 -1.288707e+08 8.969566e+05 -3.265367e+06 
2.871416e+00 -3.059487e+07 9.059503e+05 -3.271185e+06 
2.865133e+00 -1.944991e+08 9.228384e+05 -3.252573e+06 
2.860950e+00 -1.288814e+08 9.379185e+05 -3.253838e+06 
2.858849e+00 -3.060087e+07 9.469847e+05 -3.259543e+06 
2.852566e+00 -1.944978e+08 9.636375e+05 -3.240720e+06 
2.848384e+00 -1.288773e+08 9.787323e+05 -3.241795e+06 
2.846283e+00 -3.060004e+07 9.878694e+05 -3.247385e+06 
2.840000e+00 -1.944987e+08 1.004284e+06 -3.228355e+06 
2.835818e+00 -1.288780e+08 1.019392e+06 -3.229240e+06 
2.844182e+00 -1.288722e+08 9.923456e+05 -3.237654e+06 
2.856748e+00 -1.288716e+08 9.515828e+05 -3.249868e+06 
2.833717e+00 -3.060044e+07 1.028598e+06 -3.234715e+06 
2.827433e+00 -1.944991e+08 1.044773e+06 -3.215480e+06 
2.823251e+00 -1.288793e+08 1.059890e+06 -3.216176e+06 
2.831616e+00 -1.288722e+08 1.032952e+06 -3.224928e+06 
2.821150e+00 -3.060181e+07 1.069165e+06 -3.221535e+06 
2.814867e+00 -1.945000e+08 1.085096e+06 -3.202097e+06 
2.810685e+00 -1.288770e+08 1.100221e+06 -3.202603e+06 
2.808584e+00 -3.059704e+07 1.109562e+06 -3.207845e+06 
2.806483e+00 -1.288649e+08 1.113668e+06 -3.197952e+06 
2.819049e+00 -1.288746e+08 1.073395e+06 -3.211694e+06 
2.798118e+00 -1.288797e+08 1.140378e+06 -3.188525e+06 
2.796017e+00 -3.060787e+07 1.149784e+06 -3.193649e+06 
2.793916e+00 -1.288848e+08 1.153766e+06 -3.183705e+06 
2.802301e+00 -1.944956e+08 1.125248e+06 -3.188209e+06 
2.785552e+00 -1.288699e+08 1.180355e+06 -3.173943e+06 
2.783451e+00 -3.059436e+07 1.189825e+06 -3.178949e+06 
2.781350e+00 -1.288709e+08 1.193681e+06 -3.168955e+06 
2.789734e+00 -1.945006e+08 1.165222e+06 -3.173818e+06 
2.777168e+00 -1.944957e+08 1.205013e+06 -3.158925e+06 
2.772986e+00 -1.288855e+08 1.220146e+06 -3.158860e+06 
2.770885e+00 -3.060422e+07 1.229678e+06 -3.163746e+06 
2.768784e+00 -1.288740e+08 1.233408e+06 -3.153705e+06 
2.760419e+00 -1.288809e+08 1.259744e+06 -3.143278e+06 
2.752035e+00 -1.944947e+08 1.284016e+06 -3.127645e+06 
2.758318e+00 -3.060691e+07 1.269337e+06 -3.148044e+06 
2.747853e+00 -1.288654e+08 1.299143e+06 -3.127200e+06 
2.756217e+00 -1.288797e+08 1.272941e+06 -3.137957e+06 
2.764602e+00 -1.945001e+08 1.244613e+06 -3.143533e+06 
2.735287e+00 -1.288742e+08 1.338337e+06 -3.110628e+06 
2.739469e+00 -1.945005e+08 1.323217e+06 -3.111263e+06 
2.745752e+00 -3.059692e+07 1.308795e+06 -3.131845e+06 
2.743651e+00 -1.288771e+08 1.312272e+06 -3.121714e+06 
2.733186e+00 -3.060155e+07 1.348046e+06 -3.115151e+06 
2.726902e+00 -1.944997e+08 1.362209e+06 -3.094390e+06 
2.722720e+00 -1.288727e+08 1.377319e+06 -3.093565e+06 
2.720619e+00 -3.060026e+07 1.387085e+06 -3.097966e+06 
2.731085e+00 -1.288787e+08 1.351396e+06 -3.104977e+06 
2.718518e+00 -1.288775e+08 1.390306e+06 -3.087750e+06 
2.710154e+00 -1.288703e+08 1.416085e+06 -3.076013e+06 
2.708053e+00 -3.059967e+07 1.425905e+06 -3.080291e+06 
2.705952e+00 -1.288794e+08 1.428997e+06 -3.070036e+06 
2.714336e+00 -1.944978e+08 1.400985e+06 -3.077028e+06 
2.701770e+00 -1.944990e+08 1.439541e+06 -3.059180e+06 
2.693386e+00 -1.288743e+08 1.467463e+06 -3.051836e+06 
2.697587e+00 -1.288746e+08 1.454626e+06 -3.057976e+06 
2.695486e+00 -3.059774e+07 1.464499e+06 -3.062130e+06 
2.689203e+00 -1.944989e+08 1.477869e+06 -3.040849e+06 
2.685021e+00 -1.288802e+08 1.492938e+06 -3.039455e+06 
2.680819e+00 -1.288715e+08 1.505696e+06 -3.033155e+06 
2.672455e+00 -1.288788e+08 1.531014e+06 -3.020455e+06 
2.676637e+00 -1.944974e+08 1.515964e+06 -3.022038e+06 
2.682920e+00 -3.060025e+07 1.502862e+06 -3.043485e+06 
2.670354e+00 -3.060080e+07 1.540988e+06 -3.024360e+06 
2.664071e+00 -1.945008e+08 1.553819e+06 -3.002750e+06 
2.659888e+00 -1.288753e+08 1.568848e+06 -3.000978e+06 
2.657787e+00 -3.060250e+07 1.578871e+06 -3.004757e+06 
2.655686e+00 -1.288748e+08 1.581444e+06 -2.994359e+06 
2.668253e+00 -1.288710e+08 1.543692e+06 -3.013995e+06 
2.647322e+00 -1.288687e+08 1.606435e+06 -2.981027e+06 
2.638938e+00 -1.944993e+08 1.628788e+06 -2.962754e+06 
2.645221e+00 -3.060017e+07 1.616504e+06 -2.984680e+06 
2.634756e+00 -1.288761e+08 1.643768e+06 -2.960605e+06 
2.643120e+00 -1.288803e+08 1.618947e+06 -2.974250e+06 
2.651504e+00 -1.944993e+08 1.591429e+06 -2.982987e+06 
2.632655e+00 -3.059851e+07 1.653882e+06 -2.964131e+06 
2.626371e+00 -1.944988e+08 1.665889e+06 -2.942053e+06 
2.617987e+00 -1.288687e+08 1.693179e+06 -2.932627e+06 
2.622189e+00 -1.288805e+08 1.680841e+06 -2.939715e+06 
2.620088e+00 -3.060024e+07 1.690999e+06 -2.943114e+06 
2.613805e+00 -1.944987e+08 1.702728e+06 -2.920887e+06 
2.609623e+00 -1.288745e+08 1.717649e+06 -2.918362e+06 
2.630554e+00 -1.288758e+08 1.656193e+06 -2.953672e+06 
2.094392e-03 -1.299979e+08 7.097858e+03 3.388978e+06 
1.256637e-02 -2.286876e+08 4.248522e+04 3.380689e+06 
6.283185e-03 -6.417408e+07 2.132699e+04 3.394251e+06 
8.384175e-03 -1.628445e+08 2.839115e+04 3.386199e+06 
2.513274e-02 -2.282912e+08 8.496374e+04 3.379888e+06 
1.884956e-02 -6.390705e+07 6.397761e+04 3.393715e+06 
2.095055e-02 -1.625480e+08 7.094003e+04 3.385575e+06 
1.674857e-02 -1.626841e+08 5.671333e+04 3.385844e+06 
2.931494e-02 -1.621973e+08 9.925550e+04 3.384864e+06 
3.351692e-02 -1.619957e+08 1.134777e+05 3.384417e+06 
4.188131e-02 -1.615239e+08 1.417820e+05 3.383349e+06 
4.608329e-02 -1.612444e+08 1.559975e+05 3.382723e+06 
4.398230e-02 -6.270477e+07 1.492418e+05 3.391036e+06 
5.026548e-02 -2.268217e+08 1.698738e+05 3.376685e+06 
3.769911e-02 -2.276676e+08 1.274288e+05 3.378553e+06 
3.141593e-02 -6.340225e+07 1.066181e+05 3.392644e+06 
6.283185e-02 -2.257716e+08 2.122920e+05 3.374284e+06 
5.654867e-02 -6.178857e+07 1.918419e+05 3.388893e+06 
5.864966e-02 -1.602750e+08 1.984926e+05 3.380496e+06 
5.444768e-02 -1.606196e+08 1.842861e+05 3.381300e+06 
7.539822e-02 -2.245565e+08 2.546766e+05 3.371350e+06 
6.911504e-02 -6.068649e+07 2.344117e+05 3.386215e+06 
7.121603e-02 -1.591202e+08 2.409564e+05 3.377735e+06 
6.701405e-02 -1.595160e+08 2.267611e+05 3.378718e+06 
8.378240e-02 -1.578166e+08 2.833821e+05 3.374440e+06 
7.958042e-02 -1.582745e+08 2.692003e+05 3.375601e+06 
8.796459e-02 -2.231856e+08 2.970210e+05 3.367884e+06 
9.424778e-02 -5.805488e+07 3.194336e+05 3.379254e+06 
9.214679e-02 -1.568843e+08 3.115970e+05 3.371952e+06 
9.634877e-02 -1.563716e+08 3.257631e+05 3.370613e+06 
8.168141e-02 -5.943945e+07 2.769445e+05 3.383002e+06 
1.005310e-01 -2.216913e+08 3.393185e+05 3.363885e+06 
1.130973e-01 -2.201325e+08 3.815624e+05 3.359356e+06 
1.068142e-01 -5.658735e+07 3.618722e+05 3.374973e+06 
1.089151e-01 -1.548723e+08 3.680926e+05 3.366253e+06 
1.047132e-01 -1.553871e+08 3.539445e+05 3.367770e+06 
1.172795e-01 -1.538050e+08 3.962360e+05 3.363057e+06 
1.256637e-01 -2.184958e+08 4.237461e+05 3.354296e+06 
1.193805e-01 -5.502142e+07 4.042537e+05 3.370160e+06 
1.214815e-01 -1.532572e+08 4.103640e+05 3.361362e+06 
1.340479e-01 -1.516542e+08 4.525706e+05 3.355940e+06 
1.382301e-01 -2.168491e+08 4.658629e+05 3.348706e+06 
1.319469e-01 -5.345110e+07 4.465713e+05 3.364814e+06 
1.298459e-01 -1.522066e+08 4.384651e+05 3.357812e+06 
1.507964e-01 -2.151921e+08 5.079060e+05 3.342588e+06 
1.445133e-01 -5.182987e+07 4.888185e+05 3.358936e+06 
1.466143e-01 -1.500052e+08 4.947057e+05 3.349988e+06 
1.424123e-01 -1.505484e+08 4.806248e+05 3.352037e+06 
1.633628e-01 -2.135619e+08 5.498690e+05 3.335941e+06 
1.570796e-01 -5.023564e+07 5.309884e+05 3.352529e+06 
1.591806e-01 -1.483899e+08 5.367628e+05 3.343507e+06 
1.549786e-01 -1.489235e+08 5.227087e+05 3.345733e+06 
1.717470e-01 -1.467840e+08 5.787350e+05 3.336498e+06 
1.675450e-01 -1.473176e+08 5.647101e+05 3.338900e+06 
1.801114e-01 -1.457740e+08 6.066222e+05 3.331541e+06 
1.843134e-01 -1.452583e+08 6.206159e+05 3.328962e+06 
1.822124e-01 -4.714845e+07 6.150701e+05 3.338126e+06 
1.884956e-01 -2.104335e+08 6.335279e+05 3.321070e+06 
1.759292e-01 -2.119713e+08 5.917452e+05 3.328768e+06 
1.696460e-01 -4.865800e+07 5.730745e+05 3.345592e+06 
2.010619e-01 -2.089699e+08 6.752106e+05 3.312846e+06 
1.947787e-01 -4.566969e+07 6.569685e+05 3.330134e+06 
1.968797e-01 -1.437748e+08 6.623988e+05 3.320901e+06 
1.926778e-01 -1.442528e+08 6.484386e+05 3.323655e+06 
2.052441e-01 -1.428365e+08 6.901526e+05 3.315244e+06 
2.094461e-01 -1.423787e+08 7.040770e+05 3.312315e+06 
2.136283e-01 -2.075806e+08 7.167866e+05 3.304100e+06 
2.199115e-01 -4.295754e+07 7.404476e+05 3.312572e+06 
2.178105e-01 -1.414799e+08 7.317576e+05 3.306310e+06 
2.220125e-01 -1.410505e+08 7.456441e+05 3.303206e+06 
2.073451e-01 -4.428067e+07 6.987632e+05 3.321615e+06 
2.261947e-01 -2.062763e+08 7.582495e+05 3.294832e+06 
2.303769e-01 -1.402247e+08 7.732470e+05 3.296853e+06 
2.387610e-01 -2.050588e+08 7.995926e+05 3.285044e+06 
2.324779e-01 -4.172926e+07 7.820151e+05 3.303006e+06 
2.345788e-01 -1.398237e+08 7.870935e+05 3.293575e+06 
2.429432e-01 -1.390420e+08 8.146144e+05 3.286876e+06 
2.471452e-01 -1.386727e+08 8.284185e+05 3.283424e+06 
2.513274e-01 -2.039327e+08 8.408095e+05 3.274737e+06 
2.450442e-01 -4.057549e+07 8.234590e+05 3.292919e+06 
2.638938e-01 -2.028967e+08 8.818936e+05 3.263912e+06 
2.576106e-01 -3.951498e+07 8.647730e+05 3.282311e+06 
2.597116e-01 -1.376201e+08 8.696127e+05 3.272755e+06 
2.680760e-01 -1.369507e+08 8.969566e+05 3.265367e+06 
2.555096e-01 -1.379555e+08 8.558531e+05 3.276380e+06 
2.722780e-01 -1.366355e+08 9.106697e+05 3.261569e+06 
2.701770e-01 -3.852870e+07 9.059503e+05 3.271185e+06 
2.764602e-01 -2.019489e+08 9.228384e+05 3.252573e+06 
2.806423e-01 -1.360433e+08 9.379185e+05 3.253838e+06 
2.848443e-01 -1.357454e+08 9.515828e+05 3.249868e+06 
2.827433e-01 -3.763835e+07 9.469847e+05 3.259543e+06 
2.890265e-01 -2.010831e+08 9.636375e+05 3.240720e+06 
2.932087e-01 -1.352064e+08 9.787323e+05 3.241795e+06 
2.974107e-01 -1.349399e+08 9.923456e+05 3.237654e+06 
2.953097e-01 -3.682332e+07 9.878694e+05 3.247385e+06 
3.015929e-01 -2.003002e+08 1.004284e+06 3.228355e+06 
3.057751e-01 -1.344530e+08 1.019392e+06 3.229240e+06 
3.099771e-01 -1.342110e+08 1.032952e+06 3.224928e+06 
3.078761e-01 -3.608592e+07 1.028598e+06 3.234715e+06 
3.141593e-01 -1.995917e+08 1.044773e+06 3.215480e+06 
3.183415e-01 -1.337709e+08 1.059890e+06 3.216176e+06 
3.225434e-01 -1.335539e+08 1.073395e+06 3.211694e+06 
3.204425e-01 -3.541916e+07 1.069165e+06 3.221535e+06 
3.309078e-01 -1.331559e+08 1.100221e+06 3.202603e+06 
3.351098e-01 -1.329538e+08 1.113668e+06 3.197952e+06 
3.267256e-01 -1.989554e+08 1.085096e+06 3.202097e+06 
3.330088e-01 -3.481478e+07 1.109562e+06 3.207845e+06 
3.392920e-01 -1.983806e+08 1.125248e+06 3.188209e+06 
3.518584e-01 -1.978756e+08 1.165222e+06 3.173818e+06 
3.455752e-01 -3.428836e+07 1.149784e+06 3.193649e+06 
3.476762e-01 -1.324453e+08 1.153766e+06 3.183705e+06 
3.434742e-01 -1.326102e+08 1.140378e+06 3.188525e+06 
3.602426e-01 -1.319587e+08 1.193681e+06 3.168955e+06 
3.560406e-01 -1.321094e+08 1.180355e+06 3.173943e+06 
3.686069e-01 -1.316894e+08 1.220146e+06 3.158860e+06 
3.644247e-01 -1.974159e+08 1.205013e+06 3.158925e+06 
3.581416e-01 -3.379360e+07 1.189825e+06 3.178949e+06 
3.728089e-01 -1.315445e+08 1.233408e+06 3.153705e+06 
3.832743e-01 -3.299995e+07 1.269337e+06 3.148044e+06 
3.811733e-01 -1.312982e+08 1.259744e+06 3.143278e+06 
3.853753e-01 -1.311780e+08 1.272941e+06 3.137957e+06 
3.769911e-01 -1.970197e+08 1.244613e+06 3.143533e+06 
3.707079e-01 -3.337694e+07 1.229678e+06 3.163746e+06 
3.937397e-01 -1.309409e+08 1.299143e+06 3.127200e+06 
3.979417e-01 -1.308473e+08 1.312272e+06 3.121714e+06 
3.895575e-01 -1.966576e+08 1.284016e+06 3.127645e+06 
3.958407e-01 -3.265410e+07 1.308795e+06 3.131845e+06 
4.021239e-01 -1.963481e+08 1.323217e+06 3.111263e+06 
4.146902e-01 -1.960715e+08 1.362209e+06 3.094390e+06 
4.084070e-01 -3.236252e+07 1.348046e+06 3.115151e+06 
4.105080e-01 -1.305606e+08 1.351396e+06 3.104977e+06 
4.063061e-01 -1.306480e+08 1.338337e+06 3.110628e+06 
4.188724e-01 -1.303814e+08 1.377319e+06 3.093565e+06 
4.230744e-01 -1.303055e+08 1.390306e+06 3.087750e+06 
4.272566e-01 -1.958274e+08 1.400985e+06 3.077028e+06 
4.209734e-01 -3.210048e+07 1.387085e+06 3.097966e+06 
4.356408e-01 -1.300846e+08 1.428997e+06 3.070036e+06 
4.314388e-01 -1.301465e+08 1.416085e+06 3.076013e+06 
4.398230e-01 -1.956158e+08 1.439541e+06 3.059180e+06 
4.461062e-01 -3.166814e+07 1.464499e+06 3.062130e+06 
4.440052e-01 -1.299462e+08 1.454626e+06 3.057976e+06 
4.482071e-01 -1.298851e+08 1.467463e+06 3.051836e+06 
4.335398e-01 -3.187079e+07 1.425905e+06 3.080291e+06 
4.523893e-01 -1.954330e+08 1.477869e+06 3.040849e+06 
4.649557e-01 -1.952702e+08 1.515964e+06 3.022038e+06 
4.586725e-01 -3.149704e+07 1.502862e+06 3.043485e+06 
4.607735e-01 -1.297140e+08 1.505696e+06 3.033155e+06 
4.565715e-01 -1.297765e+08 1.492938e+06 3.039455e+06 
4.733399e-01 -1.295657e+08 1.543692e+06 3.013995e+06 
4.691379e-01 -1.296198e+08 1.531014e+06 3.020455e+06 
4.775221e-01 -1.951341e+08 1.553819e+06 3.002750e+06 
4.838053e-01 -3.121325e+07 1.578871e+06 3.004757e+06 
4.817043e-01 -1.294814e+08 1.568848e+06 3.000978e+06 
4.859063e-01 -1.294406e+08 1.581444e+06 2.994359e+06 
4.712389e-01 -3.134461e+07 1.540988e+06 3.024360e+06 
4.900885e-01 -1.950124e+08 1.591429e+06 2.982987e+06 
5.026548e-01 -1.949096e+08 1.628788e+06 2.962754e+06 
4.963716e-01 -3.109954e+07 1.616504e+06 2.984680e+06 
4.984726e-01 -1.293402e+08 1.618947e+06 2.974250e+06 
5.068370e-01 -1.292676e+08 1.643768e+06 2.960605e+06 
4.942707e-01 -1.293629e+08 1.606435e+06 2.981027e+06 
5.110390e-01 -1.292377e+08 1.656193e+06 2.953672e+06 
5.152212e-01 -1.948199e+08 1.665889e+06 2.942053e+06 
5.089380e-01 -3.099695e+07 1.653882e+06 2.964131e+06 
5.277876e-01 -1.947453e+08 1.702728e+06 2.920887e+06 
5.215044e-01 -3.091517e+07 1.690999e+06 2.943114e+06 
5.236054e-01 -1.291511e+08 1.693179e+06 2.932627e+06 
5.319698e-01 -1.291113e+08 1.717649e+06 2.918362e+06 
5.194034e-01 -1.291879e+08 1.680841e+06 2.939715e+06 
2.601239e+00 -1.945005e+08 1.739297e+06 -2.899260e+06 
2.607522e+00 -3.060224e+07 1.727849e+06 -2.921633e+06 
2.597057e+00 -1.288707e+08 1.754185e+06 -2.896547e+06 
2.592855e+00 -1.288825e+08 1.766341e+06 -2.889151e+06 
2.594956e+00 -3.060166e+07 1.764426e+06 -2.899690e+06 
2.588672e+00 -1.944993e+08 1.775592e+06 -2.877175e+06 
2.584490e+00 -1.288727e+08 1.790445e+06 -2.874275e+06 
2.580288e+00 -1.288697e+08 1.802507e+06 -2.866727e+06 
2.571924e+00 -1.288861e+08 1.826422e+06 -2.851550e+06 
2.569823e+00 -3.060559e+07 1.836738e+06 -2.854434e+06 
2.567722e+00 -1.288787e+08 1.838388e+06 -2.843850e+06 
2.576106e+00 -1.944965e+08 1.811607e+06 -2.854635e+06 
2.582389e+00 -3.059451e+07 1.800724e+06 -2.877289e+06 
2.559357e+00 -1.288767e+08 1.862110e+06 -2.828374e+06 
2.555155e+00 -1.288688e+08 1.873979e+06 -2.820524e+06 
2.557256e+00 -3.059929e+07 1.872462e+06 -2.831128e+06 
2.563540e+00 -1.944984e+08 1.847335e+06 -2.831645e+06 
2.550973e+00 -1.944995e+08 1.882772e+06 -2.808208e+06 
2.546791e+00 -1.288754e+08 1.897505e+06 -2.804751e+06 
2.542589e+00 -1.288749e+08 1.909273e+06 -2.796753e+06 
2.544690e+00 -3.060259e+07 1.907890e+06 -2.807375e+06 
2.538407e+00 -1.945006e+08 1.917911e+06 -2.784327e+06 
2.534225e+00 -1.288706e+08 1.932600e+06 -2.780685e+06 
2.532124e+00 -3.060160e+07 1.943017e+06 -2.783179e+06 
2.530023e+00 -1.288823e+08 1.944267e+06 -2.772540e+06 
2.525840e+00 -1.944990e+08 1.952748e+06 -2.760007e+06 
2.521658e+00 -1.288726e+08 1.967389e+06 -2.756181e+06 
2.517456e+00 -1.288699e+08 1.978953e+06 -2.747890e+06 
2.519557e+00 -3.059451e+07 1.977837e+06 -2.758543e+06 
2.513274e+00 -1.944967e+08 1.987276e+06 -2.735251e+06 
2.509092e+00 -1.288869e+08 2.001868e+06 -2.731241e+06 
2.506991e+00 -3.060663e+07 2.012345e+06 -2.733471e+06 
2.504890e+00 -1.288795e+08 2.013327e+06 -2.722805e+06 
2.500708e+00 -1.944999e+08 2.021490e+06 -2.710062e+06 
2.496526e+00 -1.288745e+08 2.036031e+06 -2.705870e+06 
2.492324e+00 -1.288668e+08 2.047383e+06 -2.697290e+06 
2.494425e+00 -3.059660e+07 2.046535e+06 -2.707968e+06 
2.483959e+00 -1.288840e+08 2.069872e+06 -2.680071e+06 
2.479757e+00 -1.288783e+08 2.081116e+06 -2.671350e+06 
2.481858e+00 -3.060429e+07 2.080402e+06 -2.682038e+06 
2.471393e+00 -1.288806e+08 2.103387e+06 -2.653849e+06 
2.469292e+00 -3.060119e+07 2.113940e+06 -2.655684e+06 
2.467191e+00 -1.288707e+08 2.114520e+06 -2.644988e+06 
2.463009e+00 -1.944958e+08 2.122197e+06 -2.631946e+06 
2.458826e+00 -1.288781e+08 2.136569e+06 -2.627209e+06 
2.475575e+00 -1.944983e+08 2.088956e+06 -2.658406e+06 
2.488141e+00 -1.944964e+08 2.055385e+06 -2.684446e+06 
2.446260e+00 -1.288719e+08 2.169414e+06 -2.600153e+06 
2.444159e+00 -3.059721e+07 2.180010e+06 -2.601721e+06 
2.450442e+00 -1.945004e+08 2.155102e+06 -2.605071e+06 
2.456725e+00 -3.060659e+07 2.147145e+06 -2.628910e+06 
2.442058e+00 -1.288744e+08 2.180321e+06 -2.591014e+06 
2.437876e+00 -1.944989e+08 2.187667e+06 -2.577784e+06 
2.433694e+00 -1.288807e+08 2.201916e+06 -2.572687e+06 
2.431593e+00 -3.060037e+07 2.212531e+06 -2.574122e+06 
2.429492e+00 -1.288710e+08 2.212707e+06 -2.563412e+06 
2.454624e+00 -1.288828e+08 2.147590e+06 -2.618208e+06 
2.425310e+00 -1.944983e+08 2.219887e+06 -2.550090e+06 
2.421127e+00 -1.288788e+08 2.234071e+06 -2.544814e+06 
2.416925e+00 -1.288743e+08 2.244744e+06 -2.535404e+06 
2.412743e+00 -1.944996e+08 2.251757e+06 -2.521994e+06 
2.419026e+00 -3.060125e+07 2.244703e+06 -2.546116e+06 
2.404359e+00 -1.288712e+08 2.276427e+06 -2.506997e+06 
2.406460e+00 -3.060127e+07 2.276520e+06 -2.517708e+06 
2.395995e+00 -1.288736e+08 2.297317e+06 -2.487868e+06 
2.400177e+00 -1.944999e+08 2.283270e+06 -2.493499e+06 
2.393894e+00 -3.060150e+07 2.307978e+06 -2.488902e+06 
2.391793e+00 -1.288732e+08 2.307750e+06 -2.478193e+06 
2.408561e+00 -1.288796e+08 2.265873e+06 -2.516540e+06 
2.605421e+00 -1.288747e+08 1.729896e+06 -2.911119e+06 
2.387610e+00 -1.945010e+08 2.314423e+06 -2.464611e+06 
2.383428e+00 -1.288765e+08 2.328398e+06 -2.458804e+06 
2.379226e+00 -1.288874e+08 2.338709e+06 -2.448998e+06 
2.381327e+00 -3.060607e+07 2.339072e+06 -2.459703e+06 
2.370862e+00 -1.288715e+08 2.359112e+06 -2.429351e+06 
2.366660e+00 -1.288699e+08 2.369299e+06 -2.419416e+06 
2.362478e+00 -1.945009e+08 2.375628e+06 -2.405671e+06 
2.368761e+00 -3.059495e+07 2.369796e+06 -2.430116e+06 
2.375044e+00 -1.944961e+08 2.345211e+06 -2.435333e+06 
2.354094e+00 -1.288794e+08 2.399514e+06 -2.389453e+06 
2.356194e+00 -3.060499e+07 2.400146e+06 -2.400146e+06 
2.349911e+00 -1.945014e+08 2.405671e+06 -2.375628e+06 
2.358295e+00 -1.288792e+08 2.389453e+06 -2.399514e+06 
2.341527e+00 -1.288713e+08 2.429351e+06 -2.359112e+06 
2.343628e+00 -3.059497e+07 2.430116e+06 -2.369796e+06 
2.333163e+00 -1.288878e+08 2.448998e+06 -2.338709e+06 
2.337345e+00 -1.944968e+08 2.435333e+06 -2.345211e+06 
2.331062e+00 -3.060611e+07 2.459703e+06 -2.339072e+06 
2.345729e+00 -1.288699e+08 2.419416e+06 -2.369299e+06 
2.328961e+00 -1.288762e+08 2.458804e+06 -2.328398e+06 
2.324779e+00 -1.945004e+08 2.464611e+06 -2.314423e+06 
2.320596e+00 -1.288732e+08 2.478193e+06 -2.307750e+06 
2.316394e+00 -1.288741e+08 2.487868e+06 -2.297317e+06 
2.318495e+00 -3.060168e+07 2.488902e+06 -2.307978e+06 
2.308030e+00 -1.288714e+08 2.506997e+06 -2.276427e+06 
2.305929e+00 -3.060142e+07 2.517708e+06 -2.276520e+06 
2.303828e+00 -1.288795e+08 2.516540e+06 -2.265873e+06 
2.299646e+00 -1.945001e+08 2.521994e+06 -2.251757e+06 
2.312212e+00 -1.945007e+08 2.493499e+06 -2.283270e+06 
2.295464e+00 -1.288744e+08 2.535404e+06 -2.244744e+06 
2.287079e+00 -1.944989e+08 2.550090e+06 -2.219887e+06 
2.280796e+00 -3.060065e+07 2.574122e+06 -2.212531e+06 
2.278695e+00 -1.288809e+08 2.572687e+06 -2.201916e+06 
2.282897e+00 -1.288711e+08 2.563412e+06 -2.212707e+06 
2.293363e+00 -3.060137e+07 2.546116e+06 -2.244703e+06 
2.291262e+00 -1.288788e+08 2.544814e+06 -2.234071e+06 
2.270331e+00 -1.288751e+08 2.591014e+06 -2.180321e+06 
2.274513e+00 -1.944999e+08 2.577784e+06 -2.187667e+06 
2.268230e+00 -3.059768e+07 2.601721e+06 -2.180010e+06 
2.266129e+00 -1.288720e+08 2.600153e+06 -2.169414e+06 
2.257765e+00 -1.288836e+08 2.618208e+06 -2.147590e+06 
2.261947e+00 -1.945003e+08 2.605071e+06 -2.155102e+06 
2.255664e+00 -3.060731e+07 2.628910e+06 -2.147145e+06 
2.249380e+00 -1.944960e+08 2.631946e+06 -2.122197e+06 
2.253563e+00 -1.288790e+08 2.627209e+06 -2.136569e+06 
2.240996e+00 -1.288817e+08 2.653849e+06 -2.103387e+06 
2.245198e+00 -1.288718e+08 2.644988e+06 -2.114520e+06 
2.243097e+00 -3.060207e+07 2.655684e+06 -2.113940e+06 
2.236814e+00 -1.944987e+08 2.658406e+06 -2.088956e+06 
2.228430e+00 -1.288849e+08 2.680071e+06 -2.069872e+06 
2.230531e+00 -3.060516e+07 2.682038e+06 -2.080402e+06 
2.220065e+00 -1.288674e+08 2.697290e+06 -2.047383e+06 
2.224248e+00 -1.944964e+08 2.684446e+06 -2.055385e+06 
2.217964e+00 -3.059739e+07 2.707968e+06 -2.046535e+06 
2.232632e+00 -1.288794e+08 2.671350e+06 -2.081116e+06 
2.215863e+00 -1.288757e+08 2.705870e+06 -2.036031e+06 
2.211681e+00 -1.945015e+08 2.710062e+06 -2.021490e+06 
2.207499e+00 -1.288807e+08 2.722805e+06 -2.013327e+06 
2.199115e+00 -1.944969e+08 2.735251e+06 -1.987276e+06 
2.205398e+00 -3.060754e+07 2.733471e+06 -2.012345e+06 
2.203297e+00 -1.288874e+08 2.731241e+06 -2.001868e+06 
2.194933e+00 -1.288711e+08 2.747890e+06 -1.978953e+06 
2.186548e+00 -1.944999e+08 2.760007e+06 -1.952748e+06 
2.180265e+00 -3.060275e+07 2.783179e+06 -1.943017e+06 
2.178164e+00 -1.288717e+08 2.780685e+06 -1.932600e+06 
2.182366e+00 -1.288837e+08 2.772540e+06 -1.944267e+06 
2.192832e+00 -3.059559e+07 2.758543e+06 -1.977837e+06 
2.173982e+00 -1.945011e+08 2.784327e+06 -1.917911e+06 
2.169800e+00 -1.288758e+08 2.796753e+06 -1.909273e+06 
2.167699e+00 -3.060361e+07 2.807375e+06 -1.907890e+06 
2.190731e+00 -1.288739e+08 2.756181e+06 -1.967389e+06 
2.165598e+00 -1.288766e+08 2.804751e+06 -1.897505e+06 
2.161416e+00 -1.945011e+08 2.808208e+06 -1.882772e+06 
2.157234e+00 -1.288698e+08 2.820524e+06 -1.873979e+06 
2.148849e+00 -1.945000e+08 2.831645e+06 -1.847335e+06 
2.153032e+00 -1.288775e+08 2.828374e+06 -1.862110e+06 
2.155133e+00 -3.060027e+07 2.831128e+06 -1.872462e+06 
2.140465e+00 -1.288869e+08 2.851550e+06 -1.826422e+06 
2.142566e+00 -3.060677e+07 2.854434e+06 -1.836738e+06 
2.132101e+00 -1.288713e+08 2.866727e+06 -1.802507e+06 
2.136283e+00 -1.944970e+08 2.854635e+06 -1.811607e+06 
2.130000e+00 -3.059593e+07 2.877289e+06 -1.800724e+06 
2.123717e+00 -1.945005e+08 2.877175e+06 -1.775592e+06 
2.127899e+00 -1.288744e+08 2.874275e+06 -1.790445e+06 
2.144667e+00 -1.288801e+08 2.843850e+06 -1.838388e+06 
2.115332e+00 -1.288721e+08 2.896547e+06 -1.754185e+06 
2.117433e+00 -3.060316e+07 2.899690e+06 -1.764426e+06 
2.106968e+00 -1.288759e+08 2.911119e+06 -1.729896e+06 
2.111150e+00 -1.945014e+08 2.899260e+06 -1.739297e+06 
2.104867e+00 -3.060362e+07 2.921633e+06 -1.727849e+06 
2.102766e+00 -1.288761e+08 2.918362e+06 -1.717649e+06 
2.119534e+00 -1.288842e+08 2.889151e+06 -1.766341e+06 
2.094402e+00 -1.288701e+08 2.932627e+06 -1.693179e+06 
2.098584e+00 -1.945006e+08 2.920887e+06 -1.702728e+06 
2.092301e+00 -3.060160e+07 2.943114e+06 -1.690999e+06 
2.090200e+00 -1.288817e+08 2.939715e+06 -1.680841e+06 
2.081835e+00 -1.288776e+08 2.953672e+06 -1.656193e+06 
2.086018e+00 -1.945007e+08 2.942053e+06 -1.665889e+06 
2.079734e+00 -3.060005e+07 2.964131e+06 -1.653882e+06 
2.077633e+00 -1.288774e+08 2.960605e+06 -1.643768e+06 
2.069269e+00 -1.288821e+08 2.974250e+06 -1.618947e+06 
2.067168e+00 -3.060189e+07 2.984680e+06 -1.616504e+06 
2.065067e+00 -1.288705e+08 2.981027e+06 -1.606435e+06 
2.073451e+00 -1.945003e+08 2.962754e+06 -1.628788e+06 
2.060885e+00 -1.945005e+08 2.982987e+06 -1.591429e+06 
2.048318e+00 -1.945031e+08 3.002750e+06 -1.553819e+06 
2.054602e+00 -3.060420e+07 3.004757e+06 -1.578871e+06 
2.042035e+00 -3.060238e+07 3.024360e+06 -1.540988e+06 
2.052501e+00 -1.288771e+08 3.000978e+06 -1.568848e+06 
2.044136e+00 -1.288727e+08 3.013995e+06 -1.543692e+06 
2.035752e+00 -1.944993e+08 3.022038e+06 -1.515964e+06 
2.039934e+00 -1.288801e+08 3.020455e+06 -1.531014e+06 
2.027368e+00 -1.288818e+08 3.039455e+06 -1.492938e+06 
2.031570e+00 -1.288730e+08 3.033155e+06 -1.505696e+06 
2.029469e+00 -3.060191e+07 3.043485e+06 -1.502862e+06 
2.056703e+00 -1.288763e+08 2.994359e+06 -1.581444e+06 
2.019003e+00 -1.288765e+08 3.051836e+06 -1.467463e+06 
2.010619e+00 -1.945004e+08 3.059180e+06 -1.439541e+06 
2.016902e+00 -3.059966e+07 3.062130e+06 -1.464499e+06 
2.004336e+00 -3.060182e+07 3.080291e+06 -1.425905e+06 
2.014801e+00 -1.288762e+08 3.057976e+06 -1.454626e+06 
2.006437e+00 -1.288816e+08 3.070036e+06 -1.428997e+06 
1.998053e+00 -1.944996e+08 3.077028e+06 -1.400985e+06 
2.002235e+00 -1.288726e+08 3.076013e+06 -1.416085e+06 
1.989669e+00 -1.288750e+08 3.093565e+06 -1.377319e+06 
1.993871e+00 -1.288800e+08 3.087750e+06 -1.390306e+06 
1.991770e+00 -3.060257e+07 3.097966e+06 -1.387085e+06 
2.023186e+00 -1.945013e+08 3.040849e+06 -1.477869e+06 
1.979203e+00 -3.060390e+07 3.115151e+06 -1.348046e+06 
1.977102e+00 -1.288766e+08 3.110628e+06 -1.338337e+06 
1.981304e+00 -1.288813e+08 3.104977e+06 -1.351396e+06 
1.985487e+00 -1.945016e+08 3.094390e+06 -1.362209e+06 
1.972920e+00 -1.945021e+08 3.111263e+06 -1.323217e+06 
1.964536e+00 -1.288677e+08 3.127200e+06 -1.299143e+06 
1.966637e+00 -3.059916e+07 3.131845e+06 -1.308795e+06 
1.968738e+00 -1.288791e+08 3.121714e+06 -1.312272e+06 
1.960354e+00 -1.944975e+08 3.127645e+06 -1.284016e+06 
1.951970e+00 -1.288829e+08 3.143278e+06 -1.259744e+06 
1.943605e+00 -1.288774e+08 3.153705e+06 -1.233408e+06 
1.947787e+00 -1.945034e+08 3.143533e+06 -1.244613e+06 
1.941504e+00 -3.060687e+07 3.163746e+06 -1.229678e+06 
1.939403e+00 -1.288879e+08 3.158860e+06 -1.220146e+06 
1.954071e+00 -3.060905e+07 3.148044e+06 -1.269337e+06 
1.931039e+00 -1.288719e+08 3.168955e+06 -1.193681e+06 
1.928938e+00 -3.059579e+07 3.178949e+06 -1.189825e+06 
1.926837e+00 -1.288713e+08 3.173943e+06 -1.180355e+06 
1.935221e+00 -1.944968e+08 3.158925e+06 -1.205013e+06 
1.956172e+00 -1.288816e+08 3.137957e+06 -1.272941e+06 
1.922655e+00 -1.945034e+08 3.173818e+06 -1.165222e+06 
1.910088e+00 -1.944978e+08 3.188209e+06 -1.125248e+06 
1.916372e+00 -3.061178e+07 3.193649e+06 -1.149784e+06 
1.903805e+00 -3.059942e+07 3.207845e+06 -1.109562e+06 
1.914271e+00 -1.288838e+08 3.188525e+06 -1.140378e+06 
1.905906e+00 -1.288672e+08 3.197952e+06 -1.113668e+06 
1.897522e+00 -1.945030e+08 3.202097e+06 -1.085096e+06 
1.901704e+00 -1.288794e+08 3.202603e+06 -1.100221e+06 
1.889138e+00 -1.288816e+08 3.216176e+06 -1.059890e+06 
1.893340e+00 -1.288770e+08 3.211694e+06 -1.073395e+06 
1.891239e+00 -3.060426e+07 3.221535e+06 -1.069165e+06 
1.918473e+00 -1.288893e+08 3.183705e+06 -1.153766e+06 
1.880773e+00 -1.288748e+08 3.224928e+06 -1.032952e+06 
1.878672e+00 -3.060305e+07 3.234715e+06 -1.028598e+06 
1.876571e+00 -1.288805e+08 3.229240e+06 -1.019392e+06 
1.884956e+00 -1.945020e+08 3.215480e+06 -1.044773e+06 
1.866106e+00 -3.060278e+07 3.247385e+06 -9.878694e+05 
1.868207e+00 -1.288749e+08 3.237654e+06 -9.923456e+05 
1.864005e+00 -1.288798e+08 3.241795e+06 -9.787323e+05 
1.872389e+00 -1.945019e+08 3.228355e+06 -1.004284e+06 
1.859823e+00 -1.945010e+08 3.240720e+06 -9.636375e+05 
1.851439e+00 -1.288842e+08 3.253838e+06 -9.379185e+05 
1.853540e+00 -3.060375e+07 3.259543e+06 -9.469847e+05 
1.847256e+00 -1.945027e+08 3.252573e+06 -9.228384e+05 
1.838872e+00 -1.288737e+08 3.265367e+06 -8.969566e+05 
1.843074e+00 -1.288756e+08 3.261569e+06 -9.106697e+05 
1.840973e+00 -3.059805e+07 3.271185e+06 -9.059503e+05 
1.855641e+00 -1.288744e+08 3.249868e+06 -9.515828e+05 
1.834690e+00 -1.944998e+08 3.263912e+06 -8.818936e+05 
1.822124e+00 -1.944992e+08 3.274737e+06 -8.408095e+05 
1.826306e+00 -1.288773e+08 3.276380e+06 -8.558531e+05 
1.815841e+00 -3.060391e+07 3.292919e+06 -8.234590e+05 
1.817942e+00 -1.288825e+08 3.283424e+06 -8.284185e+05 
1.813740e+00 -1.288763e+08 3.286876e+06 -8.146144e+05 
1.828407e+00 -3.060575e+07 3.282311e+06 -8.647730e+05 
1.809557e+00 -1.944994e+08 3.285044e+06 -7.995926e+05 
1.796991e+00 -1.945022e+08 3.294832e+06 -7.582495e+05 
1.803274e+00 -3.060755e+07 3.303006e+06 -7.820151e+05 
1.792809e+00 -1.288793e+08 3.303206e+06 -7.456441e+05 
1.790708e+00 -3.060219e+07 3.312572e+06 -7.404476e+05 
1.801173e+00 -1.288811e+08 3.296853e+06 -7.732470e+05 
1.805375e+00 -1.288853e+08 3.293575e+06 -7.870935e+05 
1.788607e+00 -1.288736e+08 3.306310e+06 -7.317576e+05 
1.780242e+00 -1.288830e+08 3.312315e+06 -7.040770e+05 
1.778141e+00 -3.060518e+07 3.321615e+06 -6.987632e+05 
1.784425e+00 -1.945015e+08 3.304100e+06 -7.167866e+05 
1.776040e+00 -1.288784e+08 3.315244e+06 -6.901526e+05 
1.765575e+00 -3.060033e+07 3.330134e+06 -6.569685e+05 
1.767676e+00 -1.288799e+08 3.320901e+06 -6.623988e+05 
1.763474e+00 -1.288682e+08 3.323655e+06 -6.484386e+05 
1.771858e+00 -1.945035e+08 3.312846e+06 -6.752106e+05 
1.830508e+00 -1.288874e+08 3.272755e+06 -8.696127e+05 
1.759292e+00 -1.944995e+08 3.321070e+06 -6.335279e+05 
1.746726e+00 -1.945053e+08 3.328768e+06 -5.917452e+05 
1.742543e+00 -1.288730e+08 3.336498e+06 -5.787350e+05 
1.753009e+00 -3.061278e+07 3.338126e+06 -6.150701e+05 
1.740442e+00 -3.059804e+07 3.345592e+06 -5.730745e+05 
1.750908e+00 -1.288902e+08 3.331541e+06 -6.066222e+05 
1.738341e+00 -1.288738e+08 3.338900e+06 -5.647101e+05 
1.727876e+00 -3.060661e+07 3.352529e+06 -5.309884e+05 
1.729977e+00 -1.288890e+08 3.343507e+06 -5.367628e+05 
1.734159e+00 -1.945005e+08 3.335941e+06 -5.498690e+05 
1.725775e+00 -1.288785e+08 3.345733e+06 -5.227087e+05 
1.717411e+00 -1.288825e+08 3.349988e+06 -4.947057e+05 
1.715310e+00 -3.060353e+07 3.358936e+06 -4.888185e+05 
1.713209e+00 -1.288735e+08 3.352037e+06 -4.806248e+05 
1.702743e+00 -3.061570e+07 3.364814e+06 -4.465713e+05 
1.704844e+00 -1.288892e+08 3.355940e+06 -4.525706e+05 
1.700642e+00 -1.288929e+08 3.357812e+06 -4.384651e+05 
1.709026e+00 -1.945008e+08 3.348706e+06 -4.658629e+05 
1.721593e+00 -1.944994e+08 3.342588e+06 -5.079060e+05 
1.755110e+00 -1.288846e+08 3.328962e+06 -6.206159e+05 
1.696460e+00 -1.944994e+08 3.354296e+06 -4.237461e+05 
1.683894e+00 -1.945051e+08 3.359356e+06 -3.815624e+05 
1.679711e+00 -1.288921e+08 3.366253e+06 -3.680926e+05 
1.690177e+00 -3.059630e+07 3.370160e+06 -4.042537e+05 
1.677610e+00 -3.061360e+07 3.374973e+06 -3.618722e+05 
1.688076e+00 -1.288721e+08 3.363057e+06 -3.962360e+05 
1.675509e+00 -1.288856e+08 3.367770e+06 -3.539445e+05 
1.665044e+00 -3.060077e+07 3.379254e+06 -3.194336e+05 
1.667145e+00 -1.288671e+08 3.370613e+06 -3.257631e+05 
1.662943e+00 -1.288830e+08 3.371952e+06 -3.115970e+05 
1.671327e+00 -1.944986e+08 3.363885e+06 -3.393185e+05 
1.652478e+00 -3.060372e+07 3.383002e+06 -2.769445e+05 
1.654579e+00 -1.288808e+08 3.374440e+06 -2.833821e+05 
1.650377e+00 -1.288804e+08 3.375601e+06 -2.692003e+05 
1.646195e+00 -1.945056e+08 3.371350e+06 -2.546766e+05 
1.637810e+00 -1.288721e+08 3.378718e+06 -2.267611e+05 
1.642012e+00 -1.288843e+08 3.377735e+06 -2.409564e+05 
1.627345e+00 -3.060653e+07 3.388893e+06 -1.918419e+05 
1.633628e+00 -1.944996e+08 3.374284e+06 -2.122920e+05 
1.639911e+00 -3.060286e+07 3.386215e+06 -2.344117e+05 
1.658761e+00 -1.945048e+08 3.367884e+06 -2.970210e+05 
1.629446e+00 -1.288856e+08 3.380496e+06 -1.984926e+05 
1.616880e+00 -1.288872e+08 3.382723e+06 -1.559975e+05 
1.621062e+00 -1.945016e+08 3.376685e+06 -1.698738e+05 
1.614779e+00 -3.061014e+07 3.391036e+06 -1.492418e+05 
1.612678e+00 -1.288844e+08 3.383349e+06 -1.417820e+05 
1.625244e+00 -1.288795e+08 3.381300e+06 -1.842861e+05 
1.602212e+00 -3.059988e+07 3.392644e+06 -1.066181e+05 
1.604313e+00 -1.288792e+08 3.384417e+06 -1.134777e+05 
1.600111e+00 -1.288673e+08 3.384864e+06 -9.925550e+04 
1.608495e+00 -1.945046e+08 3.378553e+06 -1.274288e+05 
1.591747e+00 -1.288861e+08 3.385575e+06 -7.094003e+04 
1.589646e+00 -3.061381e+07 3.393715e+06 -6.397761e+04 
1.587545e+00 -1.288914e+08 3.385844e+06 -5.671333e+04 
1.577080e+00 -3.059804e+07 3.394251e+06 -2.132699e+04 
1.579181e+00 -1.288730e+08 3.386199e+06 -2.839115e+04 
1.574979e+00 -1.288741e+08 3.386289e+06 -1.416221e+04 
1.583363e+00 -1.945060e+08 3.380689e+06 -4.248522e+04 
1.595929e+00 -1.944998e+08 3.379888e+06 -8.496374e+04 
1.692278e+00 -1.288696e+08 3.361362e+06 -4.103640e+05 
5.445361e-01 -1.290440e+08 1.754185e+06 2.896547e+06 
5.361717e-01 -1.290896e+08 1.729896e+06 2.911119e+06 
5.403539e-01 -1.946819e+08 1.739297e+06 2.899260e+06 
5.340708e-01 -3.084633e+07 1.727849e+06 2.921633e+06 
5.487381e-01 -1.290379e+08 1.766341e+06 2.889151e+06 
5.529203e-01 -1.946263e+08 1.775592e+06 2.877175e+06 
5.466371e-01 -3.078318e+07 1.764426e+06 2.899690e+06 
5.613045e-01 -1.289762e+08 1.802507e+06 2.866727e+06 
5.571025e-01 -1.289942e+08 1.790445e+06 2.874275e+06 
5.654867e-01 -1.945783e+08 1.811607e+06 2.854635e+06 
5.696689e-01 -1.289640e+08 1.826422e+06 2.851550e+06 
5.738709e-01 -1.289438e+08 1.838388e+06 2.843850e+06 
5.717699e-01 -3.069177e+07 1.836738e+06 2.854434e+06 
5.592035e-01 -3.072433e+07 1.800724e+06 2.877289e+06 
5.780530e-01 -1.945421e+08 1.847335e+06 2.831645e+06 
5.822352e-01 -1.289181e+08 1.862110e+06 2.828374e+06 
5.864372e-01 -1.288999e+08 1.873979e+06 2.820524e+06 
5.843362e-01 -3.064905e+07 1.872462e+06 2.831128e+06 
5.906194e-01 -1.945121e+08 1.882772e+06 2.808208e+06 
5.948016e-01 -1.288871e+08 1.897505e+06 2.804751e+06 
5.990036e-01 -1.288780e+08 1.909273e+06 2.796753e+06 
5.969026e-01 -3.062224e+07 1.907890e+06 2.807375e+06 
6.031858e-01 -1.944869e+08 1.917911e+06 2.784327e+06 
6.073680e-01 -1.288561e+08 1.932600e+06 2.780685e+06 
6.115700e-01 -1.288607e+08 1.944267e+06 2.772540e+06 
6.094690e-01 -3.059523e+07 1.943017e+06 2.783179e+06 
6.157522e-01 -1.944645e+08 1.952748e+06 2.760007e+06 
6.199344e-01 -1.288411e+08 1.967389e+06 2.756181e+06 
6.241363e-01 -1.288332e+08 1.978953e+06 2.747890e+06 
6.220353e-01 -3.057031e+07 1.977837e+06 2.758543e+06 
6.283185e-01 -1.944463e+08 1.987276e+06 2.735251e+06 
6.325007e-01 -1.288361e+08 2.001868e+06 2.731241e+06 
6.367027e-01 -1.288244e+08 2.013327e+06 2.722805e+06 
6.346017e-01 -3.056374e+07 2.012345e+06 2.733471e+06 
6.408849e-01 -1.944363e+08 2.021490e+06 2.710062e+06 
6.450671e-01 -1.288136e+08 2.036031e+06 2.705870e+06 
6.492691e-01 -1.288021e+08 2.047383e+06 2.697290e+06 
6.471681e-01 -3.054229e+07 2.046535e+06 2.707968e+06 
6.534513e-01 -1.944224e+08 2.055385e+06 2.684446e+06 
6.576335e-01 -1.288133e+08 2.069872e+06 2.680071e+06 
6.660176e-01 -1.944171e+08 2.088956e+06 2.658406e+06 
6.597345e-01 -3.054021e+07 2.080402e+06 2.682038e+06 
6.618354e-01 -1.288052e+08 2.081116e+06 2.671350e+06 
6.744018e-01 -1.287914e+08 2.114520e+06 2.644988e+06 
6.701998e-01 -1.288031e+08 2.103387e+06 2.653849e+06 
6.827662e-01 -1.287957e+08 2.136569e+06 2.627209e+06 
6.785840e-01 -1.944096e+08 2.122197e+06 2.631946e+06 
6.723008e-01 -3.052990e+07 2.113940e+06 2.655684e+06 
6.911504e-01 -1.944102e+08 2.155102e+06 2.605071e+06 
6.995346e-01 -1.287882e+08 2.180321e+06 2.591014e+06 
6.869682e-01 -1.287990e+08 2.147590e+06 2.618208e+06 
6.974336e-01 -3.051698e+07 2.180010e+06 2.601721e+06 
6.953326e-01 -1.287854e+08 2.169414e+06 2.600153e+06 
6.848672e-01 -3.052994e+07 2.147145e+06 2.628910e+06 
7.037168e-01 -1.944094e+08 2.187667e+06 2.577784e+06 
7.078990e-01 -1.287952e+08 2.201916e+06 2.572687e+06 
7.121009e-01 -1.287850e+08 2.212707e+06 2.563412e+06 
7.099999e-01 -3.051972e+07 2.212531e+06 2.574122e+06 
7.162831e-01 -1.944071e+08 2.219887e+06 2.550090e+06 
7.204653e-01 -1.287894e+08 2.234071e+06 2.544814e+06 
7.288495e-01 -1.944093e+08 2.251757e+06 2.521994e+06 
7.246673e-01 -1.287853e+08 2.244744e+06 2.535404e+06 
7.225663e-01 -3.051747e+07 2.244703e+06 2.546116e+06 
7.330317e-01 -1.287925e+08 2.265873e+06 2.516540e+06 
7.351327e-01 -3.051914e+07 2.276520e+06 2.517708e+06 
7.372337e-01 -1.287849e+08 2.276427e+06 2.506997e+06 
7.476991e-01 -3.052190e+07 2.307978e+06 2.488902e+06 
7.455981e-01 -1.287902e+08 2.297317e+06 2.487868e+06 
7.498000e-01 -1.287901e+08 2.307750e+06 2.478193e+06 
7.414159e-01 -1.944124e+08 2.283270e+06 2.493499e+06 
1.566614e+00 -1.288910e+08 3.386289e+06 1.416221e+04 
1.564513e+00 -3.060985e+07 3.394251e+06 2.132699e+04 
1.562412e+00 -1.288802e+08 3.386199e+06 2.839115e+04 
1.554048e+00 -1.288872e+08 3.385844e+06 5.671333e+04 
1.549846e+00 -1.288857e+08 3.385575e+06 7.094003e+04 
1.551947e+00 -3.061264e+07 3.393715e+06 6.397761e+04 
1.558230e+00 -1.945066e+08 3.380689e+06 4.248522e+04 
1.545664e+00 -1.944988e+08 3.379888e+06 8.496374e+04 
1.537279e+00 -1.288793e+08 3.384417e+06 1.134777e+05 
1.539380e+00 -3.059969e+07 3.392644e+06 1.066181e+05 
1.541481e+00 -1.288673e+08 3.384864e+06 9.925550e+04 
1.533097e+00 -1.945057e+08 3.378553e+06 1.274288e+05 
1.524713e+00 -1.288893e+08 3.382723e+06 1.559975e+05 
1.526814e+00 -3.061203e+07 3.391036e+06 1.492418e+05 
1.528915e+00 -1.288866e+08 3.383349e+06 1.417820e+05 
1.520531e+00 -1.945026e+08 3.376685e+06 1.698738e+05 
1.512147e+00 -1.288867e+08 3.380496e+06 1.984926e+05 
1.516349e+00 -1.288810e+08 3.381300e+06 1.842861e+05 
1.514248e+00 -3.060759e+07 3.388893e+06 1.918419e+05 
1.507964e+00 -1.944992e+08 3.374284e+06 2.122920e+05 
1.503782e+00 -1.288715e+08 3.378718e+06 2.267611e+05 
1.491216e+00 -1.288833e+08 3.375601e+06 2.692003e+05 
1.501681e+00 -3.060278e+07 3.386215e+06 2.344117e+05 
1.487014e+00 -1.288833e+08 3.374440e+06 2.833821e+05 
1.489115e+00 -3.060598e+07 3.383002e+06 2.769445e+05 
1.495398e+00 -1.945069e+08 3.371350e+06 2.546766e+05 
1.499580e+00 -1.288843e+08 3.377735e+06 2.409564e+05 
1.482832e+00 -1.945056e+08 3.367884e+06 2.970210e+05 
1.474448e+00 -1.288682e+08 3.370613e+06 3.257631e+05 
1.476549e+00 -3.060176e+07 3.379254e+06 3.194336e+05 
1.478650e+00 -1.288835e+08 3.371952e+06 3.115970e+05 
1.470265e+00 -1.945004e+08 3.363885e+06 3.393185e+05 
1.461881e+00 -1.288931e+08 3.366253e+06 3.680926e+05 
1.466083e+00 -1.288869e+08 3.367770e+06 3.539445e+05 
1.451416e+00 -3.059782e+07 3.370160e+06 4.042537e+05 
1.453517e+00 -1.288732e+08 3.363057e+06 3.962360e+05 
1.463982e+00 -3.061477e+07 3.374973e+06 3.618722e+05 
1.457699e+00 -1.945066e+08 3.359356e+06 3.815624e+05 
1.449315e+00 -1.288713e+08 3.361362e+06 4.103640e+05 
1.440950e+00 -1.288956e+08 3.357812e+06 4.384651e+05 
1.438849e+00 -3.061770e+07 3.364814e+06 4.465713e+05 
1.436748e+00 -1.288909e+08 3.355940e+06 4.525706e+05 
1.428384e+00 -1.288737e+08 3.352037e+06 4.806248e+05 
1.424182e+00 -1.288835e+08 3.349988e+06 4.947057e+05 
1.426283e+00 -3.060430e+07 3.358936e+06 4.888185e+05 
1.432566e+00 -1.945012e+08 3.348706e+06 4.658629e+05 
1.420000e+00 -1.945018e+08 3.342588e+06 5.079060e+05 
1.411616e+00 -1.288925e+08 3.343507e+06 5.367628e+05 
1.413717e+00 -3.060982e+07 3.352529e+06 5.309884e+05 
1.415818e+00 -1.288822e+08 3.345733e+06 5.227087e+05 
1.407434e+00 -1.945024e+08 3.335941e+06 5.498690e+05 
1.399049e+00 -1.288753e+08 3.336498e+06 5.787350e+05 
1.403251e+00 -1.288759e+08 3.338900e+06 5.647101e+05 
1.388584e+00 -3.061530e+07 3.338126e+06 6.150701e+05 
1.390685e+00 -1.288931e+08 3.331541e+06 6.066222e+05 
1.401150e+00 -3.060019e+07 3.345592e+06 5.730745e+05 
1.394867e+00 -1.945073e+08 3.328768e+06 5.917452e+05 
1.445133e+00 -1.945022e+08 3.354296e+06 4.237461e+05 
1.386483e+00 -1.288873e+08 3.328962e+06 6.206159e+05 
1.378119e+00 -1.288689e+08 3.323655e+06 6.484386e+05 
1.376018e+00 -3.060144e+07 3.330134e+06 6.569685e+05 
1.373917e+00 -1.288810e+08 3.320901e+06 6.623988e+05 
1.365552e+00 -1.288821e+08 3.315244e+06 6.901526e+05 
1.361350e+00 -1.288868e+08 3.312315e+06 7.040770e+05 
1.363451e+00 -3.060866e+07 3.321615e+06 6.987632e+05 
1.369734e+00 -1.945060e+08 3.312846e+06 6.752106e+05 
1.357168e+00 -1.945046e+08 3.304100e+06 7.167866e+05 
1.348784e+00 -1.288811e+08 3.303206e+06 7.456441e+05 
1.350885e+00 -3.060422e+07 3.312572e+06 7.404476e+05 
1.344602e+00 -1.945043e+08 3.294832e+06 7.582495e+05 
1.352986e+00 -1.288756e+08 3.306310e+06 7.317576e+05 
1.340419e+00 -1.288818e+08 3.296853e+06 7.732470e+05 
1.315287e+00 -1.288797e+08 3.276380e+06 8.558531e+05 
1.319469e+00 -1.945014e+08 3.274737e+06 8.408095e+05 
1.327853e+00 -1.288801e+08 3.286876e+06 8.146144e+05 
1.338318e+00 -3.060855e+07 3.303006e+06 7.820151e+05 
1.323651e+00 -1.288862e+08 3.283424e+06 8.284185e+05 
1.325752e+00 -3.060728e+07 3.292919e+06 8.234590e+05 
1.332035e+00 -1.945017e+08 3.285044e+06 7.995926e+05 
1.336217e+00 -1.288859e+08 3.293575e+06 7.870935e+05 
1.313186e+00 -3.060801e+07 3.282311e+06 8.647730e+05 
1.382301e+00 -1.945006e+08 3.321070e+06 6.335279e+05 
1.311085e+00 -1.288897e+08 3.272755e+06 8.696127e+05 
7.539822e-01 -1.944141e+08 2.314423e+06 2.464611e+06 
7.581644e-01 -1.287913e+08 2.328398e+06 2.458804e+06 
7.623664e-01 -1.288038e+08 2.338709e+06 2.448998e+06 
7.602654e-01 -3.052587e+07 2.339072e+06 2.459703e+06 
7.707308e-01 -1.287932e+08 2.359112e+06 2.429351e+06 
7.665486e-01 -1.944136e+08 2.345211e+06 2.435333e+06 
7.791150e-01 -1.944212e+08 2.375628e+06 2.405671e+06 
7.749328e-01 -1.287926e+08 2.369299e+06 2.419416e+06 
7.728318e-01 -3.052004e+07 2.369796e+06 2.430116e+06 
7.832972e-01 -1.288011e+08 2.389453e+06 2.399514e+06 
7.853982e-01 -3.053062e+07 2.400146e+06 2.400146e+06 
7.874992e-01 -1.288022e+08 2.399514e+06 2.389453e+06 
7.958635e-01 -1.287971e+08 2.419416e+06 2.369299e+06 
7.916813e-01 -1.944244e+08 2.405671e+06 2.375628e+06 
8.042477e-01 -1.944236e+08 2.435333e+06 2.345211e+06 
8.126319e-01 -1.288076e+08 2.458804e+06 2.328398e+06 
8.105309e-01 -3.053919e+07 2.459703e+06 2.339072e+06 
8.084299e-01 -1.288174e+08 2.448998e+06 2.338709e+06 
8.000655e-01 -1.287997e+08 2.429351e+06 2.359112e+06 
7.979645e-01 -3.052510e+07 2.430116e+06 2.369796e+06 
8.168141e-01 -1.944324e+08 2.464611e+06 2.314423e+06 
8.251983e-01 -1.288105e+08 2.487868e+06 2.297317e+06 
8.230973e-01 -3.053955e+07 2.488902e+06 2.307978e+06 
8.209963e-01 -1.288087e+08 2.478193e+06 2.307750e+06 
8.335627e-01 -1.288092e+08 2.506997e+06 2.276427e+06 
8.293805e-01 -1.944361e+08 2.493499e+06 2.283270e+06 
8.419468e-01 -1.944393e+08 2.521994e+06 2.251757e+06 
8.356636e-01 -3.054186e+07 2.517708e+06 2.276520e+06 
8.377646e-01 -1.288188e+08 2.516540e+06 2.265873e+06 
8.461290e-01 -1.288151e+08 2.535404e+06 2.244744e+06 
8.545132e-01 -1.944414e+08 2.550090e+06 2.219887e+06 
8.503310e-01 -1.288206e+08 2.544814e+06 2.234071e+06 
8.628974e-01 -1.288284e+08 2.572687e+06 2.201916e+06 
8.607964e-01 -3.054878e+07 2.574122e+06 2.212531e+06 
8.586954e-01 -1.288171e+08 2.563412e+06 2.212707e+06 
8.482300e-01 -3.054455e+07 2.546116e+06 2.244703e+06 
8.712618e-01 -1.288262e+08 2.591014e+06 2.180321e+06 
8.754637e-01 -1.288242e+08 2.600153e+06 2.169414e+06 
8.733628e-01 -3.055023e+07 2.601721e+06 2.180010e+06 
8.670796e-01 -1.944475e+08 2.577784e+06 2.187667e+06 
8.796459e-01 -1.944510e+08 2.605071e+06 2.155102e+06 
8.859291e-01 -3.056076e+07 2.628910e+06 2.147145e+06 
8.838281e-01 -1.288346e+08 2.618208e+06 2.147590e+06 
8.880301e-01 -1.288315e+08 2.627209e+06 2.136569e+06 
8.922123e-01 -1.944512e+08 2.631946e+06 2.122197e+06 
1.302720e+00 -1.288760e+08 3.265367e+06 8.969566e+05 
1.294336e+00 -1.945048e+08 3.252573e+06 9.228384e+05 
1.300619e+00 -3.060037e+07 3.271185e+06 9.059503e+05 
1.290154e+00 -1.288869e+08 3.253838e+06 9.379185e+05 
1.288053e+00 -3.060613e+07 3.259543e+06 9.469847e+05 
1.298518e+00 -1.288783e+08 3.261569e+06 9.106697e+05 
1.306903e+00 -1.945013e+08 3.263912e+06 8.818936e+05 
1.285952e+00 -1.288770e+08 3.249868e+06 9.515828e+05 
1.277588e+00 -1.288801e+08 3.241795e+06 9.787323e+05 
1.275487e+00 -3.060347e+07 3.247385e+06 9.878694e+05 
1.273386e+00 -1.288753e+08 3.237654e+06 9.923456e+05 
1.265021e+00 -1.288840e+08 3.229240e+06 1.019392e+06 
1.260819e+00 -1.288780e+08 3.224928e+06 1.032952e+06 
1.262920e+00 -3.060593e+07 3.234715e+06 1.028598e+06 
1.269203e+00 -1.945039e+08 3.228355e+06 1.004284e+06 
1.256637e+00 -1.945036e+08 3.215480e+06 1.044773e+06 
1.281770e+00 -1.945023e+08 3.240720e+06 9.636375e+05 
1.248253e+00 -1.288782e+08 3.211694e+06 1.073395e+06 
1.252455e+00 -1.288830e+08 3.216176e+06 1.059890e+06 
1.250354e+00 -3.060554e+07 3.221535e+06 1.069165e+06 
1.244071e+00 -1.945034e+08 3.202097e+06 1.085096e+06 
1.235687e+00 -1.288685e+08 3.197952e+06 1.113668e+06 
1.239888e+00 -1.288801e+08 3.202603e+06 1.100221e+06 
1.225221e+00 -3.061272e+07 3.193649e+06 1.149784e+06 
1.227322e+00 -1.288849e+08 3.188525e+06 1.140378e+06 
1.237788e+00 -3.060045e+07 3.207845e+06 1.109562e+06 
1.231504e+00 -1.944998e+08 3.188209e+06 1.125248e+06 
1.223120e+00 -1.288901e+08 3.183705e+06 1.153766e+06 
1.214756e+00 -1.288706e+08 3.173943e+06 1.180355e+06 
1.212655e+00 -3.059524e+07 3.178949e+06 1.189825e+06 
1.210554e+00 -1.288708e+08 3.168955e+06 1.193681e+06 
1.189623e+00 -1.288820e+08 3.143278e+06 1.259744e+06 
1.202189e+00 -1.288882e+08 3.158860e+06 1.220146e+06 
1.200088e+00 -3.060706e+07 3.163746e+06 1.229678e+06 
1.197987e+00 -1.288777e+08 3.153705e+06 1.233408e+06 
1.193805e+00 -1.945034e+08 3.143533e+06 1.244613e+06 
1.206372e+00 -1.944967e+08 3.158925e+06 1.205013e+06 
1.187522e+00 -3.060815e+07 3.148044e+06 1.269337e+06 
1.218938e+00 -1.945043e+08 3.173818e+06 1.165222e+06 
1.185421e+00 -1.288803e+08 3.137957e+06 1.272941e+06 
8.963945e-01 -1.288296e+08 2.644988e+06 2.114520e+06 
8.984955e-01 -3.056126e+07 2.655684e+06 2.113940e+06 
9.047787e-01 -1.944572e+08 2.658406e+06 2.088956e+06 
9.005965e-01 -1.288405e+08 2.653849e+06 2.103387e+06 
9.089609e-01 -1.288394e+08 2.671350e+06 2.081116e+06 
9.173451e-01 -1.944582e+08 2.684446e+06 2.055385e+06 
9.110619e-01 -3.056669e+07 2.682038e+06 2.080402e+06 
9.257292e-01 -1.288404e+08 2.705870e+06 2.036031e+06 
9.236282e-01 -3.056230e+07 2.707968e+06 2.046535e+06 
9.215273e-01 -1.288310e+08 2.697290e+06 2.047383e+06 
9.131629e-01 -1.288460e+08 2.680071e+06 2.069872e+06 
9.340936e-01 -1.288461e+08 2.722805e+06 2.013327e+06 
9.299114e-01 -1.944664e+08 2.710062e+06 2.021490e+06 
9.424778e-01 -1.944655e+08 2.735251e+06 1.987276e+06 
9.361946e-01 -3.057448e+07 2.733471e+06 2.012345e+06 
9.382956e-01 -1.288540e+08 2.731241e+06 2.001868e+06 
9.466600e-01 -1.288407e+08 2.747890e+06 1.978953e+06 
9.759947e-01 -1.288523e+08 2.804751e+06 1.897505e+06 
9.550442e-01 -1.944713e+08 2.760007e+06 1.952748e+06 
9.508620e-01 -1.288443e+08 2.756181e+06 1.967389e+06 
9.738937e-01 -3.057963e+07 2.807375e+06 1.907890e+06 
9.634283e-01 -1.288449e+08 2.780685e+06 1.932600e+06 
9.613274e-01 -3.057616e+07 2.783179e+06 1.943017e+06 
9.592264e-01 -1.288559e+08 2.772540e+06 1.944267e+06 
9.676105e-01 -1.944755e+08 2.784327e+06 1.917911e+06 
9.717927e-01 -1.288511e+08 2.796753e+06 1.909273e+06 
9.487610e-01 -3.056635e+07 2.758543e+06 1.977837e+06 
1.177057e+00 -1.288676e+08 3.127200e+06 1.299143e+06 
1.174956e+00 -3.059884e+07 3.131845e+06 1.308795e+06 
1.181239e+00 -1.944965e+08 3.127645e+06 1.284016e+06 
1.172855e+00 -1.288790e+08 3.121714e+06 1.312272e+06 
1.164490e+00 -1.288743e+08 3.110628e+06 1.338337e+06 
1.162389e+00 -3.060175e+07 3.115151e+06 1.348046e+06 
1.160288e+00 -1.288788e+08 3.104977e+06 1.351396e+06 
1.168672e+00 -1.945010e+08 3.111263e+06 1.323217e+06 
1.156106e+00 -1.944996e+08 3.094390e+06 1.362209e+06 
1.147722e+00 -1.288775e+08 3.087750e+06 1.390306e+06 
1.151924e+00 -1.288726e+08 3.093565e+06 1.377319e+06 
1.149823e+00 -3.060013e+07 3.097966e+06 1.387085e+06 
1.143540e+00 -1.944971e+08 3.077028e+06 1.400985e+06 
1.122589e+00 -1.288723e+08 3.051836e+06 1.467463e+06 
1.135156e+00 -1.288766e+08 3.070036e+06 1.428997e+06 
1.139358e+00 -1.288683e+08 3.076013e+06 1.416085e+06 
1.124690e+00 -3.059551e+07 3.062130e+06 1.464499e+06 
1.126791e+00 -1.288720e+08 3.057976e+06 1.454626e+06 
1.137257e+00 -3.059752e+07 3.080291e+06 1.425905e+06 
1.130973e+00 -1.944959e+08 3.059180e+06 1.439541e+06 
1.118407e+00 -1.944973e+08 3.040849e+06 1.477869e+06 
9.843591e-01 -1.288475e+08 2.820524e+06 1.873979e+06 
9.801769e-01 -1.944770e+08 2.808208e+06 1.882772e+06 
9.927433e-01 -1.944784e+08 2.831645e+06 1.847335e+06 
9.885611e-01 -1.288560e+08 2.828374e+06 1.862110e+06 
9.864601e-01 -3.057867e+07 2.831128e+06 1.872462e+06 
9.969255e-01 -1.288598e+08 2.843850e+06 1.838388e+06 
1.005310e+00 -1.944789e+08 2.854635e+06 1.811607e+06 
9.990265e-01 -3.058741e+07 2.854434e+06 1.836738e+06 
1.013694e+00 -1.288567e+08 2.874275e+06 1.790445e+06 
1.011593e+00 -3.057855e+07 2.877289e+06 1.800724e+06 
1.009492e+00 -1.288532e+08 2.866727e+06 1.802507e+06 
1.017876e+00 -1.944839e+08 2.877175e+06 1.775592e+06 
1.001127e+00 -1.288679e+08 2.851550e+06 1.826422e+06 
1.110023e+00 -1.288686e+08 3.033155e+06 1.505696e+06 
1.114225e+00 -1.288782e+08 3.039455e+06 1.492938e+06 
1.112124e+00 -3.059772e+07 3.043485e+06 1.502862e+06 
1.105841e+00 -1.944931e+08 3.022038e+06 1.515964e+06 
1.097456e+00 -1.288659e+08 3.013995e+06 1.543692e+06 
1.101658e+00 -1.288738e+08 3.020455e+06 1.531014e+06 
1.086991e+00 -3.059663e+07 3.004757e+06 1.578871e+06 
1.089092e+00 -1.288694e+08 3.000978e+06 1.568848e+06 
1.099557e+00 -3.059591e+07 3.024360e+06 1.540988e+06 
1.093274e+00 -1.944952e+08 3.002750e+06 1.553819e+06 
1.084890e+00 -1.288687e+08 2.994359e+06 1.581444e+06 
1.022058e+00 -1.288681e+08 2.889151e+06 1.766341e+06 
1.030442e+00 -1.944872e+08 2.899260e+06 1.739297e+06 
1.024159e+00 -3.058779e+07 2.899690e+06 1.764426e+06 
1.038827e+00 -1.288625e+08 2.918362e+06 1.717649e+06 
1.036726e+00 -3.059020e+07 2.921633e+06 1.727849e+06 
1.034625e+00 -1.288622e+08 2.911119e+06 1.729896e+06 
1.026260e+00 -1.288567e+08 2.896547e+06 1.754185e+06 
1.076526e+00 -1.288617e+08 2.981027e+06 1.606435e+06 
1.074425e+00 -3.059313e+07 2.984680e+06 1.616504e+06 
1.072324e+00 -1.288729e+08 2.974250e+06 1.618947e+06 
1.047191e+00 -1.288579e+08 2.932627e+06 1.693179e+06 
1.051393e+00 -1.288702e+08 2.939715e+06 1.680841e+06 
1.049292e+00 -3.058984e+07 2.943114e+06 1.690999e+06 
1.043009e+00 -1.944872e+08 2.920887e+06 1.702728e+06 
1.063959e+00 -1.288675e+08 2.960605e+06 1.643768e+06 
1.068142e+00 -1.944911e+08 2.962754e+06 1.628788e+06 
1.061858e+00 -3.058985e+07 2.964131e+06 1.653882e+06 
1.059757e+00 -1.288668e+08 2.953672e+06 1.656193e+06 
1.055575e+00 -1.944890e+08 2.942053e+06 1.665889e+06 
1.080708e+00 -1.944927e+08 2.982987e+06 1.591429e+06 
1.570796e+00 -1.945001e+08 3.380956e+06 -2.364686e-11 
