# # x,y,z,gx,gy,gz
0.000000000000000000e+00 0.000000000000000000e+00 0.000000000000000000e+00 -6.405686663610646314e-21 1.936998500657767993e-21 0.000000000000000000e+00
1.128643216080402016e-02 0.000000000000000000e+00 0.000000000000000000e+00 2.659760227301702195e-07 4.465999825962080981e-21 0.000000000000000000e+00
2.257286432160804032e-02 0.000000000000000000e+00 0.000000000000000000e+00 5.321334629941788751e-07 -4.176331515203667602e-21 0.000000000000000000e+00
3.385929648241205875e-02 0.000000000000000000e+00 0.000000000000000000e+00 7.986541204378124685e-07 -1.328141871030455060e-22 0.000000000000000000e+00
4.514572864321608064e-02 0.000000000000000000e+00 0.000000000000000000e+00 1.065720560587939607e-06 -4.279315501466519547e-21 0.000000000000000000e+00
5.643216080402010254e-02 0.000000000000000000e+00 0.000000000000000000e+00 1.333516501949243413e-06 -5.123505015365168854e-21 0.000000000000000000e+00
6.771859296482411750e-02 0.000000000000000000e+00 0.000000000000000000e+00 1.602227208122443593e-06 7.257062309080850049e-21 0.000000000000000000e+00
7.900502512562813939e-02 0.000000000000000000e+00 0.000000000000000000e+00 1.872039886675526441e-06 4.256774829774449543e-21 0.000000000000000000e+00
9.029145728643216129e-02 0.000000000000000000e+00 0.000000000000000000e+00 2.143144096550449172e-06 8.989385306920028257e-22 0.000000000000000000e+00
1.015778894472361693e-01 0.000000000000000000e+00 0.000000000000000000e+00 2.415732165850635072e-06 -3.512570772418147457e-21 0.000000000000000000e+00
1.128643216080402051e-01 0.000000000000000000e+00 0.000000000000000000e+00 2.689999621934008277e-06 4.712964937597444306e-21 0.000000000000000000e+00
1.241507537688442131e-01 0.000000000000000000e+00 0.000000000000000000e+00 2.966145635829021549e-06 -1.755070464684386469e-21 0.000000000000000000e+00
1.354371859296482350e-01 0.000000000000000000e+00 0.000000000000000000e+00 3.244373483102266803e-06 -8.800167741798523176e-22 0.000000000000000000e+00
1.467236180904522569e-01 0.000000000000000000e+00 0.000000000000000000e+00 3.524891023432493817e-06 7.725866921245278483e-22 0.000000000000000000e+00
1.580100502512562788e-01 0.000000000000000000e+00 0.000000000000000000e+00 3.807911201294112152e-06 4.919863488312270353e-21 0.000000000000000000e+00
1.692964824120603007e-01 0.000000000000000000e+00 0.000000000000000000e+00 4.093652570320366473e-06 3.176270154627057143e-21 0.000000000000000000e+00
1.805829145728643226e-01 0.000000000000000000e+00 0.000000000000000000e+00 4.382339844107211993e-06 3.913288080411804801e-21 0.000000000000000000e+00
1.918693467336683445e-01 0.000000000000000000e+00 0.000000000000000000e+00 4.674204476435712693e-06 -1.424094822086606271e-21 0.000000000000000000e+00
2.031557788944723386e-01 0.000000000000000000e+00 0.000000000000000000e+00 4.969485274134824955e-06 4.218310931290733756e-21 0.000000000000000000e+00
2.144422110552763883e-01 0.000000000000000000e+00 0.000000000000000000e+00 5.268429046082340861e-06 9.668707384979202235e-22 0.000000000000000000e+00
2.257286432160804102e-01 0.000000000000000000e+00 0.000000000000000000e+00 5.571291292152401228e-06 -3.062843013130723223e-21 0.000000000000000000e+00
2.370150753768844043e-01 0.000000000000000000e+00 0.000000000000000000e+00 5.878336936268041303e-06 -8.732959317028589677e-21 0.000000000000000000e+00
2.483015075376884262e-01 0.000000000000000000e+00 0.000000000000000000e+00 6.189841108110781798e-06 -2.491054414703442843e-21 0.000000000000000000e+00
2.595879396984924758e-01 0.000000000000000000e+00 0.000000000000000000e+00 6.506089978482247323e-06 -3.453375659832321414e-21 0.000000000000000000e+00
2.708743718592964700e-01 0.000000000000000000e+00 0.000000000000000000e+00 6.827381653812303215e-06 3.723967117713730592e-21 0.000000000000000000e+00
2.821608040201005196e-01 0.000000000000000000e+00 0.000000000000000000e+00 7.154027135869162842e-06 4.697041710805798523e-21 0.000000000000000000e+00
2.934472361809045138e-01 0.000000000000000000e+00 0.000000000000000000e+00 7.486351353361274848e-06 1.886075194197472227e-21 0.000000000000000000e+00
3.047336683417085634e-01 0.000000000000000000e+00 0.000000000000000000e+00 7.824694272834582616e-06 -3.558944585509401571e-22 0.000000000000000000e+00
3.160201005025125576e-01 0.000000000000000000e+00 0.000000000000000000e+00 8.169412097076195932e-06 6.496469735838341102e-22 0.000000000000000000e+00
3.273065326633166072e-01 0.000000000000000000e+00 0.000000000000000000e+00 8.520878560147209418e-06 -5.120041196550103051e-21 0.000000000000000000e+00
3.385929648241206014e-01 0.000000000000000000e+00 0.000000000000000000e+00 8.879486329200537726e-06 -4.712654744867736921e-21 0.000000000000000000e+00
3.498793969849246510e-01 0.000000000000000000e+00 0.000000000000000000e+00 9.245648524410457226e-06 -1.920920177501268518e-21 0.000000000000000000e+00
3.611658291457286452e-01 0.000000000000000000e+00 0.000000000000000000e+00 9.619800369668772067e-06 6.050205795365982671e-21 0.000000000000000000e+00
3.724522613065326393e-01 0.000000000000000000e+00 0.000000000000000000e+00 1.000240098821444156e-05 -1.493888186270767981e-21 0.000000000000000000e+00
3.837386934673366889e-01 0.000000000000000000e+00 0.000000000000000000e+00 1.039393535908417280e-05 -2.889755469954002182e-21 0.000000000000000000e+00
3.950251256281406831e-01 0.000000000000000000e+00 0.000000000000000000e+00 1.079491645223483368e-05 8.631629691990843787e-22 0.000000000000000000e+00
4.063115577889446772e-01 0.000000000000000000e+00 0.000000000000000000e+00 1.120588756243296357e-05 -8.805337620626979599e-22 0.000000000000000000e+00
4.175979899497487824e-01 0.000000000000000000e+00 0.000000000000000000e+00 1.162742486457638584e-05 -1.692411533283494623e-21 0.000000000000000000e+00
4.288844221105527765e-01 0.000000000000000000e+00 0.000000000000000000e+00 1.206014021606147695e-05 2.968130832993401554e-21 0.000000000000000000e+00
4.401708542713567707e-01 0.000000000000000000e+00 0.000000000000000000e+00 1.250468423519948429e-05 -2.731143587496959126e-21 0.000000000000000000e+00
4.514572864321608203e-01 0.000000000000000000e+00 0.000000000000000000e+00 1.296174968859156248e-05 -2.545441539978804412e-21 0.000000000000000000e+00
4.627437185929648145e-01 0.000000000000000000e+00 0.000000000000000000e+00 1.343207522488142462e-05 -1.647536985052492871e-21 0.000000000000000000e+00
4.740301507537688086e-01 0.000000000000000000e+00 0.000000000000000000e+00 1.391644949752532703e-05 -1.595424606461652128e-21 0.000000000000000000e+00
4.853165829145728583e-01 0.000000000000000000e+00 0.000000000000000000e+00 1.441571572527271419e-05 -2.398823776403780257e-22 0.000000000000000000e+00
4.966030150753768524e-01 0.000000000000000000e+00 0.000000000000000000e+00 1.493077674609406087e-05 4.763319557386609866e-21 0.000000000000000000e+00
5.078894472361809020e-01 0.000000000000000000e+00 0.000000000000000000e+00 1.546260062850075416e-05 2.720597034686908023e-21 0.000000000000000000e+00
5.191758793969849517e-01 0.000000000000000000e+00 0.000000000000000000e+00 1.601222691379935038e-05 4.471738391461667610e-21 0.000000000000000000e+00
5.304623115577888903e-01 0.000000000000000000e+00 0.000000000000000000e+00 1.658077357407091676e-05 -2.464998225408022471e-22 0.000000000000000000e+00
5.417487437185929400e-01 0.000000000000000000e+00 0.000000000000000000e+00 1.716944478388770389e-05 3.887748878999230072e-23 0.000000000000000000e+00
5.530351758793969896e-01 0.000000000000000000e+00 0.000000000000000000e+00 1.777953961936790413e-05 6.852777784695557772e-21 0.000000000000000000e+00
5.643216080402010393e-01 0.000000000000000000e+00 0.000000000000000000e+00 1.841246181660162535e-05 -3.307895269599557672e-21 0.000000000000000000e+00
5.756080402010050889e-01 0.000000000000000000e+00 0.000000000000000000e+00 1.906973074334588586e-05 -5.274517175944380969e-21 0.000000000000000000e+00
5.868944723618090276e-01 0.000000000000000000e+00 0.000000000000000000e+00 1.975299376391134726e-05 5.882908516477132824e-21 0.000000000000000000e+00
5.981809045226130772e-01 0.000000000000000000e+00 0.000000000000000000e+00 2.046404020823966059e-05 -8.216385024489223894e-21 0.000000000000000000e+00
6.094673366834171269e-01 0.000000000000000000e+00 0.000000000000000000e+00 2.120481719341778189e-05 -3.683848858004908750e-21 0.000000000000000000e+00
6.207537688442210655e-01 0.000000000000000000e+00 0.000000000000000000e+00 2.197744759067958036e-05 1.227122438722416556e-21 0.000000000000000000e+00
6.320402010050251151e-01 0.000000000000000000e+00 0.000000000000000000e+00 2.278425048504998635e-05 3.965503856579214673e-21 0.000000000000000000e+00
6.433266331658290538e-01 0.000000000000000000e+00 0.000000000000000000e+00 2.362776454038649761e-05 -3.010110249080467709e-21 0.000000000000000000e+00
6.546130653266332144e-01 0.000000000000000000e+00 0.000000000000000000e+00 2.451077476244402373e-05 -8.384302688837488512e-21 0.000000000000000000e+00
6.658994974874372641e-01 0.000000000000000000e+00 0.000000000000000000e+00 2.543634325026430379e-05 7.512454323206597343e-21 0.000000000000000000e+00
6.771859296482412027e-01 0.000000000000000000e+00 0.000000000000000000e+00 2.640784464618986348e-05 7.231212914938567934e-21 0.000000000000000000e+00
6.884723618090452524e-01 0.000000000000000000e+00 0.000000000000000000e+00 2.742900714293457058e-05 3.111853464424490113e-21 0.000000000000000000e+00
6.997587939698493020e-01 0.000000000000000000e+00 0.000000000000000000e+00 2.850396008993635652e-05 -2.294599019222098770e-21 0.000000000000000000e+00
7.110452261306532407e-01 0.000000000000000000e+00 0.000000000000000000e+00 2.963728947045260708e-05 -7.800313176375050974e-21 0.000000000000000000e+00
7.223316582914572903e-01 0.000000000000000000e+00 0.000000000000000000e+00 3.083410280837940059e-05 4.632211430296954979e-23 0.000000000000000000e+00
7.336180904522613400e-01 0.000000000000000000e+00 0.000000000000000000e+00 3.210010542650710457e-05 5.293955920339377119e-22 0.000000000000000000e+00
7.449045226130652786e-01 0.000000000000000000e+00 0.000000000000000000e+00 3.344169043836820837e-05 2.327686243724219877e-21 0.000000000000000000e+00
7.561909547738693282e-01 0.000000000000000000e+00 0.000000000000000000e+00 3.486604544412199105e-05 1.935602633374084759e-22 0.000000000000000000e+00
7.674773869346733779e-01 0.000000000000000000e+00 0.000000000000000000e+00 3.638127965772727638e-05 5.178150634581953245e-22 0.000000000000000000e+00
7.787638190954773165e-01 0.000000000000000000e+00 0.000000000000000000e+00 3.799657617334593207e-05 6.617444900424221399e-23 0.000000000000000000e+00
7.900502512562813662e-01 0.000000000000000000e+00 0.000000000000000000e+00 3.972237535954219878e-05 -4.956466230417741828e-21 0.000000000000000000e+00
8.013366834170854158e-01 0.000000000000000000e+00 0.000000000000000000e+00 4.157059705585280013e-05 -4.413835748582955673e-21 0.000000000000000000e+00
8.126231155778893545e-01 0.000000000000000000e+00 0.000000000000000000e+00 4.355491148539112804e-05 3.017554874593444958e-21 0.000000000000000000e+00
8.239095477386934041e-01 0.000000000000000000e+00 0.000000000000000000e+00 4.569107179843918986e-05 -3.556876633978019002e-21 0.000000000000000000e+00
8.351959798994975648e-01 0.000000000000000000e+00 0.000000000000000000e+00 4.799732522490780372e-05 7.937625158058853568e-21 0.000000000000000000e+00
8.464824120603015034e-01 0.000000000000000000e+00 0.000000000000000000e+00 5.049492537224678062e-05 -1.352274865401689643e-20 0.000000000000000000e+00
8.577688442211055531e-01 0.000000000000000000e+00 0.000000000000000000e+00 5.320877589745415839e-05 -1.101142831430590441e-20 0.000000000000000000e+00
8.690552763819096027e-01 0.000000000000000000e+00 0.000000000000000000e+00 5.616824655708841388e-05 7.246102165964522432e-22 0.000000000000000000e+00
8.803417085427135413e-01 0.000000000000000000e+00 0.000000000000000000e+00 5.940821793403923445e-05 6.385834328909373650e-21 0.000000000000000000e+00
8.916281407035175910e-01 0.000000000000000000e+00 0.000000000000000000e+00 6.297043316254160390e-05 1.727153119010721785e-21 0.000000000000000000e+00
9.029145728643216406e-01 0.000000000000000000e+00 0.000000000000000000e+00 6.690526717914264466e-05 2.911675756186657416e-21 0.000000000000000000e+00
9.142010050251255793e-01 0.000000000000000000e+00 0.000000000000000000e+00 7.127407193003420366e-05 -2.175154138769441574e-20 0.000000000000000000e+00
9.254874371859296289e-01 0.000000000000000000e+00 0.000000000000000000e+00 7.615232854704300435e-05 -5.267486140737680234e-21 0.000000000000000000e+00
9.367738693467336786e-01 0.000000000000000000e+00 0.000000000000000000e+00 8.163394974407281132e-05 -1.086584452649657154e-20 0.000000000000000000e+00
9.480603015075376172e-01 0.000000000000000000e+00 0.000000000000000000e+00 8.783725320382205126e-05 1.437309032372140888e-20 0.000000000000000000e+00
9.593467336683416669e-01 0.000000000000000000e+00 0.000000000000000000e+00 9.491341460088033788e-05 8.695322599157426918e-21 0.000000000000000000e+00
9.706331658291457165e-01 0.000000000000000000e+00 0.000000000000000000e+00 1.030586889936696549e-04 -5.479244377551255318e-21 0.000000000000000000e+00
9.819195979899496551e-01 0.000000000000000000e+00 0.000000000000000000e+00 1.125325155724063409e-04 1.347311781726371477e-20 0.000000000000000000e+00
9.932060301507537048e-01 0.000000000000000000e+00 0.000000000000000000e+00 1.236850945470006598e-04 -1.209668927797547672e-20 0.000000000000000000e+00
1.004492462311557865e+00 0.000000000000000000e+00 0.000000000000000000e+00 1.370007637077325210e-04 3.102258169318874992e-20 0.000000000000000000e+00
1.015778894472361804e+00 0.000000000000000000e+00 0.000000000000000000e+00 1.531688388770580903e-04 3.621065849512133950e-20 0.000000000000000000e+00
1.027065326633165743e+00 0.000000000000000000e+00 0.000000000000000000e+00 1.732045766874496559e-04 -1.058791184067875424e-22 0.000000000000000000e+00
1.038351758793969903e+00 0.000000000000000000e+00 0.000000000000000000e+00 1.986671207908403567e-04 -3.155197728522268763e-20 0.000000000000000000e+00
1.049638190954773842e+00 0.000000000000000000e+00 0.000000000000000000e+00 2.320790438601158415e-04 -3.494010907423988899e-20 0.000000000000000000e+00
1.060924623115577781e+00 0.000000000000000000e+00 0.000000000000000000e+00 2.778044507641597074e-04 -8.893845946170153560e-20 0.000000000000000000e+00
1.072211055276381941e+00 0.000000000000000000e+00 0.000000000000000000e+00 3.440999733158541288e-04 -1.685595565036057675e-19 0.000000000000000000e+00
1.083497487437185880e+00 0.000000000000000000e+00 0.000000000000000000e+00 4.486875622899377239e-04 -5.632769099241097255e-19 0.000000000000000000e+00
1.094783919597989819e+00 0.000000000000000000e+00 0.000000000000000000e+00 6.377224978151327210e-04 -1.107919095008624844e-18 0.000000000000000000e+00
1.106070351758793979e+00 0.000000000000000000e+00 0.000000000000000000e+00 1.080746724869738719e-03 -2.561427632497004225e-18 0.000000000000000000e+00
1.117356783919598140e+00 0.000000000000000000e+00 0.000000000000000000e+00 3.439575774114964242e-03 7.849623728795052102e-17 0.000000000000000000e+00
1.128643216080402079e+00 0.000000000000000000e+00 0.000000000000000000e+00 -3.531978828060671101e-03 7.697835424647081481e-17 0.000000000000000000e+00
1.139929648241206017e+00 0.000000000000000000e+00 0.000000000000000000e+00 -1.152771036806088042e-03 -2.764715539838036307e-18 0.000000000000000000e+00
1.151216080402010178e+00 0.000000000000000000e+00 0.000000000000000000e+00 -7.011723518645209333e-04 -1.500942382534620201e-18 0.000000000000000000e+00
1.162502512562814116e+00 0.000000000000000000e+00 0.000000000000000000e+00 -5.065111538806560095e-04 -5.039846036163087017e-19 0.000000000000000000e+00
1.173788944723618055e+00 0.000000000000000000e+00 0.000000000000000000e+00 -3.977408136804171492e-04 -2.668153783851046068e-19 0.000000000000000000e+00
1.185075376884422216e+00 0.000000000000000000e+00 0.000000000000000000e+00 -3.281235402002713312e-04 -1.240903267727549997e-19 0.000000000000000000e+00
1.196361809045226154e+00 0.000000000000000000e+00 0.000000000000000000e+00 -2.796496952041709018e-04 -1.143494478793305458e-20 0.000000000000000000e+00
1.207648241206030093e+00 0.000000000000000000e+00 0.000000000000000000e+00 -2.438991670283594362e-04 -3.451659260061273882e-20 0.000000000000000000e+00
1.218934673366834254e+00 0.000000000000000000e+00 0.000000000000000000e+00 -2.164059349374227814e-04 -6.013933925505532407e-20 0.000000000000000000e+00
1.230221105527638192e+00 0.000000000000000000e+00 0.000000000000000000e+00 -1.945795455243184622e-04 2.048760941171338945e-20 0.000000000000000000e+00
1.241507537688442131e+00 0.000000000000000000e+00 0.000000000000000000e+00 -1.768133374140258400e-04 -1.212315905757717360e-20 0.000000000000000000e+00
1.252793969849246292e+00 0.000000000000000000e+00 0.000000000000000000e+00 -1.620574734912639484e-04 -3.200196353845153469e-20 0.000000000000000000e+00
1.264080402010050230e+00 0.000000000000000000e+00 0.000000000000000000e+00 -1.495966751021065915e-04 1.376428539288238051e-21 0.000000000000000000e+00
1.275366834170854391e+00 0.000000000000000000e+00 0.000000000000000000e+00 -1.389266060024048506e-04 2.382280164152719704e-20 0.000000000000000000e+00
1.286653266331658108e+00 0.000000000000000000e+00 0.000000000000000000e+00 -1.296813283043512686e-04 -5.426304818347861547e-22 0.000000000000000000e+00
1.297939698492462490e+00 0.000000000000000000e+00 0.000000000000000000e+00 -1.215887910420786173e-04 1.061438162028045112e-20 0.000000000000000000e+00
1.309226130653266429e+00 0.000000000000000000e+00 0.000000000000000000e+00 -1.144424733825455647e-04 -2.289635935546780604e-21 0.000000000000000000e+00
1.320512562814070368e+00 0.000000000000000000e+00 0.000000000000000000e+00 -1.080827294423573599e-04 -1.110407254291184351e-20 0.000000000000000000e+00
1.331798994974874528e+00 0.000000000000000000e+00 0.000000000000000000e+00 -1.023841693354849932e-04 -6.749793798432705827e-22 0.000000000000000000e+00
1.343085427135678467e+00 0.000000000000000000e+00 0.000000000000000000e+00 -9.724691314270436486e-05 -8.900463391070577782e-21 0.000000000000000000e+00
1.354371859296482405e+00 0.000000000000000000e+00 0.000000000000000000e+00 -9.259039768612759263e-05 3.513863242125261563e-21 0.000000000000000000e+00
1.365658291457286566e+00 0.000000000000000000e+00 0.000000000000000000e+00 -8.834890655236090511e-05 9.390154313701970165e-21 0.000000000000000000e+00
1.376944723618090505e+00 0.000000000000000000e+00 0.000000000000000000e+00 -8.446828834346854602e-05 8.569591146049366712e-22 0.000000000000000000e+00
1.388231155778894443e+00 0.000000000000000000e+00 0.000000000000000000e+00 -8.090350999305015857e-05 9.661469554619363242e-22 0.000000000000000000e+00
1.399517587939698604e+00 0.000000000000000000e+00 0.000000000000000000e+00 -7.761680711613164359e-05 3.973775662704744950e-21 0.000000000000000000e+00
1.410804020100502543e+00 0.000000000000000000e+00 0.000000000000000000e+00 -7.457626790912378527e-05 -4.625593985396530758e-21 0.000000000000000000e+00
1.422090452261306481e+00 0.000000000000000000e+00 0.000000000000000000e+00 -7.175473637927375179e-05 -2.147360870187659844e-21 0.000000000000000000e+00
1.433376884422110642e+00 0.000000000000000000e+00 0.000000000000000000e+00 -6.912895384642140956e-05 -3.206152054255535268e-21 0.000000000000000000e+00
1.444663316582914581e+00 0.000000000000000000e+00 0.000000000000000000e+00 -6.667888036620621915e-05 2.139089064062129567e-21 0.000000000000000000e+00
1.455949748743718519e+00 0.000000000000000000e+00 0.000000000000000000e+00 -6.438715351372132582e-05 -3.679299364635867098e-21 0.000000000000000000e+00
1.467236180904522680e+00 0.000000000000000000e+00 0.000000000000000000e+00 -6.223865310485721960e-05 2.149015231412765899e-21 0.000000000000000000e+00
1.478522613065326619e+00 0.000000000000000000e+00 0.000000000000000000e+00 -6.022014839399924662e-05 1.296853764360636789e-20 0.000000000000000000e+00
1.489809045226130557e+00 0.000000000000000000e+00 0.000000000000000000e+00 -5.832001004744920481e-05 -2.967924037840263297e-21 0.000000000000000000e+00
1.501095477386934718e+00 0.000000000000000000e+00 0.000000000000000000e+00 -5.652797340796201901e-05 3.462578044146973847e-21 0.000000000000000000e+00
1.512381909547738656e+00 0.000000000000000000e+00 0.000000000000000000e+00 -5.483494268414460904e-05 -2.407095582529310534e-21 0.000000000000000000e+00
1.523668341708542595e+00 0.000000000000000000e+00 0.000000000000000000e+00 -5.323282802789820875e-05 -2.058025364031932855e-21 0.000000000000000000e+00
1.534954773869346756e+00 0.000000000000000000e+00 0.000000000000000000e+00 -5.171440921938046814e-05 4.375785440405516400e-22 0.000000000000000000e+00
1.546241206030150694e+00 0.000000000000000000e+00 0.000000000000000000e+00 -5.027322101468150264e-05 3.024172319493869179e-21 0.000000000000000000e+00
1.557527638190954633e+00 0.000000000000000000e+00 0.000000000000000000e+00 -4.890345623563004769e-05 -1.943874439499615036e-22 0.000000000000000000e+00
1.568814070351758794e+00 0.000000000000000000e+00 0.000000000000000000e+00 -4.759988347254509697e-05 -1.453356336255669625e-21 0.000000000000000000e+00
1.580100502512562732e+00 0.000000000000000000e+00 0.000000000000000000e+00 -4.635777688673792116e-05 1.439294265842268154e-22 0.000000000000000000e+00
1.591386934673366671e+00 0.000000000000000000e+00 0.000000000000000000e+00 -4.517285608231139777e-05 4.078827600498979465e-21 0.000000000000000000e+00
1.602673366834170832e+00 0.000000000000000000e+00 0.000000000000000000e+00 -4.404123439759801160e-05 2.771055052052642711e-22 0.000000000000000000e+00
1.613959798994974770e+00 0.000000000000000000e+00 0.000000000000000000e+00 -4.295937426879937646e-05 5.427131998960414575e-21 0.000000000000000000e+00
1.625246231155778709e+00 0.000000000000000000e+00 0.000000000000000000e+00 -4.192404855967552072e-05 -9.992341799640574312e-22 0.000000000000000000e+00
1.636532663316583092e+00 0.000000000000000000e+00 0.000000000000000000e+00 -4.093230694482352867e-05 -2.353328842713363735e-22 0.000000000000000000e+00
1.647819095477386808e+00 0.000000000000000000e+00 0.000000000000000000e+00 -3.998144659040554115e-05 -1.393799332151851632e-21 0.000000000000000000e+00
1.659105527638190747e+00 0.000000000000000000e+00 0.000000000000000000e+00 -3.906898650298556877e-05 5.834932040949057219e-21 0.000000000000000000e+00
1.670391959798995130e+00 0.000000000000000000e+00 0.000000000000000000e+00 -3.819264502047424388e-05 -1.531524904141930740e-21 0.000000000000000000e+00
1.681678391959799068e+00 0.000000000000000000e+00 0.000000000000000000e+00 -3.735032000380311207e-05 1.687448449608176457e-21 0.000000000000000000e+00
1.692964824120603007e+00 0.000000000000000000e+00 0.000000000000000000e+00 -3.654007135753171938e-05 4.135903062765138374e-22 0.000000000000000000e+00
1.704251256281407167e+00 0.000000000000000000e+00 0.000000000000000000e+00 -3.576010556507210856e-05 7.440489609914483935e-22 0.000000000000000000e+00
1.715537688442211106e+00 0.000000000000000000e+00 0.000000000000000000e+00 -3.500876197186030377e-05 1.312735632121654920e-21 0.000000000000000000e+00
1.726824120603015045e+00 0.000000000000000000e+00 0.000000000000000000e+00 -3.428450058948042994e-05 1.405379860727594020e-21 0.000000000000000000e+00
1.738110552763819205e+00 0.000000000000000000e+00 0.000000000000000000e+00 -3.358589122688709411e-05 2.162250121213614342e-21 0.000000000000000000e+00
1.749396984924623144e+00 0.000000000000000000e+00 0.000000000000000000e+00 -3.291160378266193303e-05 -3.344291216551890890e-21 0.000000000000000000e+00
1.760683417085427083e+00 0.000000000000000000e+00 0.000000000000000000e+00 -3.226039955562311776e-05 4.461398633804754764e-21 0.000000000000000000e+00
1.771969849246231243e+00 0.000000000000000000e+00 0.000000000000000000e+00 -3.163112345084067130e-05 -2.212708138579349030e-21 0.000000000000000000e+00
1.783256281407035182e+00 0.000000000000000000e+00 0.000000000000000000e+00 -3.102269697482849364e-05 -9.287170327439118220e-22 0.000000000000000000e+00
1.794542713567839121e+00 0.000000000000000000e+00 0.000000000000000000e+00 -3.043411192787566635e-05 2.548336672122740009e-21 0.000000000000000000e+00
1.805829145728643281e+00 0.000000000000000000e+00 0.000000000000000000e+00 -2.986442471357756388e-05 2.878174941378259795e-21 0.000000000000000000e+00
1.817115577889447220e+00 0.000000000000000000e+00 0.000000000000000000e+00 -2.931275119595872530e-05 -1.462868913300029443e-21 0.000000000000000000e+00
1.828402010050251159e+00 0.000000000000000000e+00 0.000000000000000000e+00 -2.877826204343058908e-05 -1.355128638514997588e-21 0.000000000000000000e+00
1.839688442211055319e+00 0.000000000000000000e+00 0.000000000000000000e+00 -2.826017850643031712e-05 -1.140888859863763421e-21 0.000000000000000000e+00
1.850974874371859258e+00 0.000000000000000000e+00 0.000000000000000000e+00 -2.775776858213732795e-05 4.468843259317732013e-22 0.000000000000000000e+00
1.862261306532663196e+00 0.000000000000000000e+00 0.000000000000000000e+00 -2.727034352531113113e-05 8.437242248040882284e-22 0.000000000000000000e+00
1.873547738693467357e+00 0.000000000000000000e+00 0.000000000000000000e+00 -2.679725466919183333e-05 -1.035423331763252392e-21 0.000000000000000000e+00
1.884834170854271296e+00 0.000000000000000000e+00 0.000000000000000000e+00 -2.633789052464318155e-05 -3.703701192706181414e-22 0.000000000000000000e+00
1.896120603015075234e+00 0.000000000000000000e+00 0.000000000000000000e+00 -2.589167412940657695e-05 6.526455033043388355e-22 0.000000000000000000e+00
1.907407035175879395e+00 0.000000000000000000e+00 0.000000000000000000e+00 -2.545806062255070009e-05 -7.419810094600658244e-22 0.000000000000000000e+00
1.918693467336683334e+00 0.000000000000000000e+00 0.000000000000000000e+00 -2.503653502200436657e-05 -1.272617372412833078e-21 0.000000000000000000e+00
1.929979899497487272e+00 0.000000000000000000e+00 0.000000000000000000e+00 -2.462661018551354404e-05 -1.266827108124961884e-21 0.000000000000000000e+00
1.941266331658291433e+00 0.000000000000000000e+00 0.000000000000000000e+00 -2.422782493751962133e-05 -1.607935713226516671e-21 0.000000000000000000e+00
1.952552763819095372e+00 0.000000000000000000e+00 0.000000000000000000e+00 -2.383974234633974733e-05 -1.358230565812071442e-21 0.000000000000000000e+00
1.963839195979899310e+00 0.000000000000000000e+00 0.000000000000000000e+00 -2.346194813769752593e-05 -1.065201833815161388e-21 0.000000000000000000e+00
1.975125628140703471e+00 0.000000000000000000e+00 0.000000000000000000e+00 -2.309404923211589122e-05 9.418485249681911363e-22 0.000000000000000000e+00
1.986412060301507410e+00 0.000000000000000000e+00 0.000000000000000000e+00 -2.273567239497800233e-05 4.032505486196009915e-24 0.000000000000000000e+00
1.997698492462311348e+00 0.000000000000000000e+00 0.000000000000000000e+00 -2.238646298920942231e-05 2.157700627844572690e-21 0.000000000000000000e+00
2.008984924623115731e+00 0.000000000000000000e+00 0.000000000000000000e+00 -2.204608382154675829e-05 7.930594122852152833e-22 0.000000000000000000e+00
2.020271356783919448e+00 0.000000000000000000e+00 0.000000000000000000e+00 -2.171421407426061975e-05 2.686269039265957374e-22 0.000000000000000000e+00
2.031557788944723608e+00 0.000000000000000000e+00 0.000000000000000000e+00 -2.139054831500030371e-05 9.781410743439552255e-23 0.000000000000000000e+00
2.042844221105527769e+00 0.000000000000000000e+00 0.000000000000000000e+00 -2.107479557814084047e-05 -6.439601068725320449e-22 0.000000000000000000e+00
2.054130653266331485e+00 0.000000000000000000e+00 0.000000000000000000e+00 -2.076667851164830570e-05 -5.025122221259643125e-23 0.000000000000000000e+00
2.065417085427135646e+00 0.000000000000000000e+00 0.000000000000000000e+00 -2.046593258404743600e-05 7.316412518031529784e-22 0.000000000000000000e+00
2.076703517587939807e+00 0.000000000000000000e+00 0.000000000000000000e+00 -2.017230534658262620e-05 2.469134128470787609e-22 0.000000000000000000e+00
2.087989949748743523e+00 0.000000000000000000e+00 0.000000000000000000e+00 -1.988555574611852787e-05 9.217893951137802152e-22 0.000000000000000000e+00
2.099276381909547684e+00 0.000000000000000000e+00 0.000000000000000000e+00 -1.960545348473288169e-05 -1.096221106785899926e-21 0.000000000000000000e+00
2.110562814070351845e+00 0.000000000000000000e+00 0.000000000000000000e+00 -1.933177842232296689e-05 -1.788778074645922347e-23 0.000000000000000000e+00
2.121849246231155561e+00 0.000000000000000000e+00 0.000000000000000000e+00 -1.906432001887169191e-05 -1.310047295130857580e-22 0.000000000000000000e+00
2.133135678391959722e+00 0.000000000000000000e+00 0.000000000000000000e+00 -1.880287681332126315e-05 4.629626490882726768e-22 0.000000000000000000e+00
2.144422110552763883e+00 0.000000000000000000e+00 0.000000000000000000e+00 -1.854725593626384452e-05 5.810943803185019416e-22 0.000000000000000000e+00
2.155708542713567599e+00 0.000000000000000000e+00 0.000000000000000000e+00 -1.829727265390376206e-05 2.281984514880665098e-22 0.000000000000000000e+00
2.166994974874371760e+00 0.000000000000000000e+00 0.000000000000000000e+00 -1.805274994096159783e-05 1.897862517926352872e-22 0.000000000000000000e+00
2.178281407035175921e+00 0.000000000000000000e+00 0.000000000000000000e+00 -1.781351808038757786e-05 7.032586170349272163e-22 0.000000000000000000e+00
2.189567839195979637e+00 0.000000000000000000e+00 0.000000000000000000e+00 -1.757941428793129116e-05 4.979110299686380960e-22 0.000000000000000000e+00
2.200854271356784242e+00 0.000000000000000000e+00 0.000000000000000000e+00 -1.735028235977416417e-05 2.138778871332422182e-22 0.000000000000000000e+00
2.212140703517587959e+00 0.000000000000000000e+00 0.000000000000000000e+00 -1.712597234158097942e-05 7.162350128943528380e-22 0.000000000000000000e+00
2.223427135678392119e+00 0.000000000000000000e+00 0.000000000000000000e+00 -1.690634021745677343e-05 -1.235807835154223346e-21 0.000000000000000000e+00
2.234713567839196280e+00 0.000000000000000000e+00 0.000000000000000000e+00 -1.669124761741978678e-05 -1.645572431097679431e-22 0.000000000000000000e+00
2.245999999999999996e+00 0.000000000000000000e+00 0.000000000000000000e+00 -1.648056154210892575e-05 -8.144627106350248744e-22 0.000000000000000000e+00
