351.56248838816595 1405.3856615215404
358.8082728279368 1407.9406365886102
362.9506320553504 1410.5089884884924
366.57352427523574 1411.7864760220273
371.7525880455704 1415.6434628161205
376.4099553362415 1416.916491405385
380.03507702826226 1419.4870727774019
384.17520678354055 1420.7623308388017
387.2808614680331 1422.042047844472
391.4276796397173 1427.1965874213183
395.05948974814396 1433.6464503087818
398.69129985657065 1440.0963131962458
402.32310996499723 1446.5461760837093
404.92267447477354 1454.2935917539257
408.035017575672 1459.4525902750424
411.6712866283693 1468.4886408394705
415.30309673679596 1474.9385037269342
418.93267737308724 1480.0952727759159
423.0750366005009 1482.6636246757976
427.21739582791446 1485.2319765756793
431.35975505532804 1487.8003284755614
436.53435988139205 1489.0711275926903
441.7111941795914 1491.6350205483013
445.33408639947686 1492.9125080818364
450.5131501698114 1496.76949487593
455.6899844680108 1499.3333878315411
460.3495812308172 1501.8995102592876
466.5608905998023 1504.458944270628
471.7377248980016 1507.0228372262393
476.39955113294343 1510.882053492468
482.09139349440034 1512.1506231374617
487.78323585585713 1513.4191927824554
493.47953716158474 1517.2739501044136
498.656371459784 1519.8378430600246
503.3137387504552 1521.110871649289
506.42162290708296 1523.6836824934417
510.05343301550965 1530.1335453809052
514.1980217150585 1533.9949911192693
517.8298318234853 1540.4448540067328
521.9766499951695 1545.599393583579
527.1601727097748 1552.0425680546368
530.7942122903366 1559.7855247805828
536.4860546517937 1561.0540944255763
541.6606594778575 1562.3248935427055
547.3525018393145 1563.5934631876992
552.5315656096491 1567.4504499817926
558.7384160343636 1567.4236963161688
564.9497254033487 1569.9831303275093
570.6415677648056 1571.251699972503
577.3701146691835 1573.8089045117083
583.0597275585051 1573.78438031822
588.7537993920972 1576.3460438016957
595.9973543597328 1577.6079250302837
602.7259012641107 1580.1651295694887
608.9327516888252 1580.138375903865
615.1440610578102 1582.6978099152057
621.8703784900528 1583.9619206159286
629.118392401959 1587.809989521481
636.8791849049874 1589.0696412779334
643.6077318093653 1591.6268458171385
650.3340492416079 1592.8909565178615
657.5776042092433 1594.1528377464492

