6.000000e+05 0.000000e+00 8.584778e+02 
 5.987500e+05 1.250000e+03 8.553315e+02 
 5.975000e+05 2.500000e+03 8.550358e+02 
 5.962500e+05 3.750000e+03 8.544675e+02 
 5.950000e+05 5.000000e+03 8.541562e+02 
 5.937500e+05 6.250000e+03 8.538141e+02 
 5.925000e+05 7.500000e+03 8.534933e+02 
 5.912500e+05 8.750000e+03 8.531692e+02 
 5.900000e+05 1.000000e+04 8.528458e+02 
 5.887500e+05 1.125000e+04 8.525216e+02 
 5.875000e+05 1.250000e+04 8.521965e+02 
 5.862500e+05 1.375000e+04 8.518708e+02 
 5.850000e+05 1.500000e+04 8.515440e+02 
 5.837500e+05 1.625000e+04 8.512167e+02 
 5.825000e+05 1.750000e+04 8.508882e+02 
 5.812500e+05 1.875000e+04 8.505592e+02 
 5.800000e+05 2.000000e+04 8.502290e+02 
 5.787500e+05 2.125000e+04 8.498984e+02 
 5.775000e+05 2.250000e+04 8.495666e+02 
 5.762500e+05 2.375000e+04 8.492343e+02 
 5.750000e+05 2.500000e+04 8.489007e+02 
 5.737500e+05 2.625000e+04 8.485667e+02 
 5.725000e+05 2.750000e+04 8.482315e+02 
 5.712500e+05 2.875000e+04 8.478958e+02 
 5.700000e+05 3.000000e+04 8.475589e+02 
 5.687500e+05 3.125000e+04 8.472214e+02 
 5.675000e+05 3.250000e+04 8.468828e+02 
 5.662500e+05 3.375000e+04 8.465436e+02 
 5.650000e+05 3.500000e+04 8.462032e+02 
 5.637500e+05 3.625000e+04 8.458623e+02 
 5.625000e+05 3.750000e+04 8.455202e+02 
 5.612500e+05 3.875000e+04 8.451775e+02 
 5.600000e+05 4.000000e+04 8.448336e+02 
 5.587500e+05 4.125000e+04 8.444891e+02 
 5.575000e+05 4.250000e+04 8.441434e+02 
 5.562500e+05 4.375000e+04 8.437972e+02 
 5.550000e+05 4.500000e+04 8.434497e+02 
 5.537500e+05 4.625000e+04 8.431016e+02 
 5.525000e+05 4.750000e+04 8.427523e+02 
 5.512500e+05 4.875000e+04 8.424024e+02 
 5.500000e+05 5.000000e+04 8.420512e+02 
 5.487500e+05 5.125000e+04 8.416995e+02 
 5.475000e+05 5.250000e+04 8.413465e+02 
 5.462500e+05 5.375000e+04 8.409929e+02 
 5.450000e+05 5.500000e+04 8.406379e+02 
 5.437500e+05 5.625000e+04 8.402825e+02 
 5.425000e+05 5.750000e+04 8.399257e+02 
 5.412500e+05 5.875000e+04 8.395683e+02 
 5.400000e+05 6.000000e+04 8.392095e+02 
 5.387500e+05 6.125000e+04 8.388502e+02 
 5.375000e+05 6.250000e+04 8.384896e+02 
 5.362500e+05 6.375000e+04 8.381284e+02 
 5.350000e+05 6.500000e+04 8.377657e+02 
 5.337500e+05 6.625000e+04 8.374025e+02 
 5.325000e+05 6.750000e+04 8.370380e+02 
 5.312500e+05 6.875000e+04 8.366728e+02 
 5.300000e+05 7.000000e+04 8.363062e+02 
 5.287500e+05 7.125000e+04 8.359390e+02 
 5.275000e+05 7.250000e+04 8.355705e+02 
 5.262500e+05 7.375000e+04 8.352013e+02 
 5.250000e+05 7.500000e+04 8.348306e+02 
 5.237500e+05 7.625000e+04 8.344594e+02 
 5.225000e+05 7.750000e+04 8.340867e+02 
 5.212500e+05 7.875000e+04 8.337134e+02 
 5.200000e+05 8.000000e+04 8.333387e+02 
 5.187500e+05 8.125000e+04 8.329633e+02 
 5.175000e+05 8.250000e+04 8.325865e+02 
 5.162500e+05 8.375000e+04 8.322090e+02 
 5.150000e+05 8.500000e+04 8.318300e+02 
 5.137500e+05 8.625000e+04 8.314504e+02 
 5.125000e+05 8.750000e+04 8.310693e+02 
 5.112500e+05 8.875000e+04 8.306876e+02 
 5.100000e+05 9.000000e+04 8.303043e+02 
 5.087500e+05 9.125000e+04 8.299204e+02 
 5.075000e+05 9.250000e+04 8.295349e+02 
 5.062500e+05 9.375000e+04 8.291488e+02 
 5.050000e+05 9.500000e+04 8.287611e+02 
 5.037500e+05 9.625000e+04 8.283728e+02 
 5.025000e+05 9.750000e+04 8.279829e+02 
 5.012500e+05 9.875000e+04 8.275923e+02 
 5.000000e+05 1.000000e+05 8.272002e+02 
 4.987500e+05 1.012500e+05 8.268073e+02 
 4.975000e+05 1.025000e+05 8.264129e+02 
 4.962500e+05 1.037500e+05 8.260178e+02 
 4.950000e+05 1.050000e+05 8.256210e+02 
 4.937500e+05 1.062500e+05 8.252236e+02 
 4.925000e+05 1.075000e+05 8.248245e+02 
 4.912500e+05 1.087500e+05 8.244247e+02 
 4.900000e+05 1.100000e+05 8.240233e+02 
 4.887500e+05 1.112500e+05 8.236211e+02 
 4.875000e+05 1.125000e+05 8.232173e+02 
 4.862500e+05 1.137500e+05 8.228127e+02 
 4.850000e+05 1.150000e+05 8.224065e+02 
 4.837500e+05 1.162500e+05 8.219995e+02 
 4.825000e+05 1.175000e+05 8.215909e+02 
 4.812500e+05 1.187500e+05 8.211815e+02 
 4.800000e+05 1.200000e+05 8.207703e+02 
 4.787500e+05 1.212500e+05 8.203584e+02 
 4.775000e+05 1.225000e+05 8.199448e+02 
 4.762500e+05 1.237500e+05 8.195304e+02 
 4.750000e+05 1.250000e+05 8.191142e+02 
 4.737500e+05 1.262500e+05 8.186973e+02 
 4.725000e+05 1.275000e+05 8.182786e+02 
 4.712500e+05 1.287500e+05 8.178591e+02 
 4.700000e+05 1.300000e+05 8.174378e+02 
 4.687500e+05 1.312500e+05 8.170158e+02 
 4.675000e+05 1.325000e+05 8.165919e+02 
 4.662500e+05 1.337500e+05 8.161672e+02 
 4.650000e+05 1.350000e+05 8.157407e+02 
 4.637500e+05 1.362500e+05 8.153133e+02 
 4.625000e+05 1.375000e+05 8.148841e+02 
 4.612500e+05 1.387500e+05 8.144541e+02 
 4.600000e+05 1.400000e+05 8.140222e+02 
 4.587500e+05 1.412500e+05 8.135894e+02 
 4.575000e+05 1.425000e+05 8.131548e+02 
 4.562500e+05 1.437500e+05 8.127193e+02 
 4.550000e+05 1.450000e+05 8.122819e+02 
 4.537500e+05 1.462500e+05 8.118437e+02 
 4.525000e+05 1.475000e+05 8.114034e+02 
 4.512500e+05 1.487500e+05 8.109624e+02 
 4.500000e+05 1.500000e+05 8.105193e+02 
 4.487500e+05 1.512500e+05 8.100754e+02 
 4.475000e+05 1.525000e+05 8.096295e+02 
 4.462500e+05 1.537500e+05 8.091827e+02 
 4.450000e+05 1.550000e+05 8.087339e+02 
 4.437500e+05 1.562500e+05 8.082842e+02 
 4.425000e+05 1.575000e+05 8.078324e+02 
 4.412500e+05 1.587500e+05 8.073797e+02 
 4.400000e+05 1.600000e+05 8.069250e+02 
 4.387500e+05 1.612500e+05 8.064694e+02 
 4.375000e+05 1.625000e+05 8.060116e+02 
 4.362500e+05 1.637500e+05 8.055529e+02 
 4.350000e+05 1.650000e+05 8.050921e+02 
 4.337500e+05 1.662500e+05 8.046304e+02 
 4.325000e+05 1.675000e+05 8.041665e+02 
 4.312500e+05 1.687500e+05 8.037017e+02 
 4.300000e+05 1.700000e+05 8.032347e+02 
 4.287500e+05 1.712500e+05 8.027667e+02 
 4.275000e+05 1.725000e+05 8.022965e+02 
 4.262500e+05 1.737500e+05 8.018254e+02 
 4.250000e+05 1.750000e+05 8.013520e+02 
 4.237500e+05 1.762500e+05 8.008776e+02 
 4.225000e+05 1.775000e+05 8.004010e+02 
 4.212500e+05 1.787500e+05 7.999233e+02 
 4.200000e+05 1.800000e+05 7.994434e+02 
 4.187500e+05 1.812500e+05 7.989625e+02 
 4.175000e+05 1.825000e+05 7.984792e+02 
 4.162500e+05 1.837500e+05 7.979949e+02 
 4.150000e+05 1.850000e+05 7.975083e+02 
 4.137500e+05 1.862500e+05 7.970206e+02 
 4.125000e+05 1.875000e+05 7.965305e+02 
 4.112500e+05 1.887500e+05 7.960394e+02 
 4.100000e+05 1.900000e+05 7.955459e+02 
 4.087500e+05 1.912500e+05 7.950513e+02 
 4.075000e+05 1.925000e+05 7.945543e+02 
 4.062500e+05 1.937500e+05 7.940562e+02 
 4.050000e+05 1.950000e+05 7.935555e+02 
 4.037500e+05 1.962500e+05 7.930539e+02 
 4.025000e+05 1.975000e+05 7.925496e+02 
 4.012500e+05 1.987500e+05 7.920443e+02 
 4.000000e+05 2.000000e+05 7.915365e+02 
 3.987500e+05 2.012500e+05 7.910275e+02 
 3.975000e+05 2.025000e+05 7.905159e+02 
 3.962500e+05 2.037500e+05 7.900032e+02 
 3.950000e+05 2.050000e+05 7.894878e+02 
 3.937500e+05 2.062500e+05 7.889714e+02 
 3.925000e+05 2.075000e+05 7.884522e+02 
 3.912500e+05 2.087500e+05 7.879319e+02 
 3.900000e+05 2.100000e+05 7.874089e+02 
 3.887500e+05 2.112500e+05 7.868847e+02 
 3.875000e+05 2.125000e+05 7.863577e+02 
 3.862500e+05 2.137500e+05 7.858296e+02 
 3.850000e+05 2.150000e+05 7.852987e+02 
 3.837500e+05 2.162500e+05 7.847666e+02 
 3.825000e+05 2.175000e+05 7.842317e+02 
 3.812500e+05 2.187500e+05 7.836955e+02 
 3.800000e+05 2.200000e+05 7.831565e+02 
 3.787500e+05 2.212500e+05 7.826162e+02 
 3.775000e+05 2.225000e+05 7.820730e+02 
 3.762500e+05 2.237500e+05 7.815286e+02 
 3.750000e+05 2.250000e+05 7.809812e+02 
 3.737500e+05 2.262500e+05 7.804326e+02 
 3.725000e+05 2.275000e+05 7.798809e+02 
 3.712500e+05 2.287500e+05 7.793280e+02 
 3.700000e+05 2.300000e+05 7.787720e+02 
 3.687500e+05 2.312500e+05 7.782147e+02 
 3.675000e+05 2.325000e+05 7.776543e+02 
 3.662500e+05 2.337500e+05 7.770926e+02 
 3.650000e+05 2.350000e+05 7.765278e+02 
 3.637500e+05 2.362500e+05 7.759616e+02 
 3.625000e+05 2.375000e+05 7.753923e+02 
 3.612500e+05 2.387500e+05 7.748215e+02 
 3.600000e+05 2.400000e+05 7.742476e+02 
 3.587500e+05 2.412500e+05 7.736722e+02 
 3.575000e+05 2.425000e+05 7.730936e+02 
 3.562500e+05 2.437500e+05 7.725136e+02 
 3.550000e+05 2.450000e+05 7.719302e+02 
 3.537500e+05 2.462500e+05 7.713454e+02 
 3.525000e+05 2.475000e+05 7.707573e+02 
 3.512500e+05 2.487500e+05 7.701677e+02 
 3.500000e+05 2.500000e+05 7.695746e+02 
 3.487500e+05 2.512500e+05 7.689801e+02 
 3.475000e+05 2.525000e+05 7.683821e+02 
 3.462500e+05 2.537500e+05 7.677826e+02 
 3.450000e+05 2.550000e+05 7.671795e+02 
 3.437500e+05 2.562500e+05 7.665750e+02 
 3.425000e+05 2.575000e+05 7.659668e+02 
 3.412500e+05 2.587500e+05 7.653571e+02 
 3.400000e+05 2.600000e+05 7.647437e+02 
 3.387500e+05 2.612500e+05 7.641288e+02 
 3.375000e+05 2.625000e+05 7.635101e+02 
 3.362500e+05 2.637500e+05 7.628899e+02 
 3.350000e+05 2.650000e+05 7.622659e+02 
 3.337500e+05 2.662500e+05 7.616402e+02 
 3.325000e+05 2.675000e+05 7.610108e+02 
 3.312500e+05 2.687500e+05 7.603797e+02 
 3.300000e+05 2.700000e+05 7.597446e+02 
 3.287500e+05 2.712500e+05 7.591080e+02 
 3.275000e+05 2.725000e+05 7.584673e+02 
 3.262500e+05 2.737500e+05 7.578250e+02 
 3.250000e+05 2.750000e+05 7.571786e+02 
 3.237500e+05 2.762500e+05 7.565305e+02 
 3.225000e+05 2.775000e+05 7.558783e+02 
 3.212500e+05 2.787500e+05 7.552243e+02 
 3.200000e+05 2.800000e+05 7.545662e+02 
 3.187500e+05 2.812500e+05 7.539063e+02 
 3.175000e+05 2.825000e+05 7.532421e+02 
 3.162500e+05 2.837500e+05 7.525761e+02 
 3.150000e+05 2.850000e+05 7.519058e+02 
 3.137500e+05 2.862500e+05 7.512337e+02 
 3.125000e+05 2.875000e+05 7.505572e+02 
 3.112500e+05 2.887500e+05 7.498788e+02 
 3.100000e+05 2.900000e+05 7.491959e+02 
 3.087500e+05 2.912500e+05 7.485112e+02 
 3.075000e+05 2.925000e+05 7.478218e+02 
 3.062500e+05 2.937500e+05 7.471306e+02 
 3.050000e+05 2.950000e+05 7.464347e+02 
 3.037500e+05 2.962500e+05 7.457369e+02 
 3.025000e+05 2.975000e+05 7.450343e+02 
 3.012500e+05 2.987500e+05 7.443297e+02 
 3.000000e+05 3.000000e+05 7.436203e+02 
 2.987500e+05 3.012500e+05 7.429089e+02 
 2.975000e+05 3.025000e+05 7.421926e+02 
 2.962500e+05 3.037500e+05 7.414743e+02 
 2.950000e+05 3.050000e+05 7.407509e+02 
 2.937500e+05 3.062500e+05 7.400254e+02 
 2.925000e+05 3.075000e+05 7.392949e+02 
 2.912500e+05 3.087500e+05 7.385622e+02 
 2.900000e+05 3.100000e+05 7.378243e+02 
 2.887500e+05 3.112500e+05 7.370843e+02 
 2.875000e+05 3.125000e+05 7.363390e+02 
 2.862500e+05 3.137500e+05 7.355915e+02 
 2.850000e+05 3.150000e+05 7.348385e+02 
 2.837500e+05 3.162500e+05 7.340834e+02 
 2.825000e+05 3.175000e+05 7.333227e+02 
 2.812500e+05 3.187500e+05 7.325598e+02 
 2.800000e+05 3.200000e+05 7.317913e+02 
 2.787500e+05 3.212500e+05 7.310204e+02 
 2.775000e+05 3.225000e+05 7.302438e+02 
 2.762500e+05 3.237500e+05 7.294649e+02 
 2.750000e+05 3.250000e+05 7.286801e+02 
 2.737500e+05 3.262500e+05 7.278929e+02 
 2.725000e+05 3.275000e+05 7.270998e+02 
 2.712500e+05 3.287500e+05 7.263042e+02 
 2.700000e+05 3.300000e+05 7.255026e+02 
 2.687500e+05 3.312500e+05 7.246985e+02 
 2.675000e+05 3.325000e+05 7.238881e+02 
 2.662500e+05 3.337500e+05 7.230753e+02 
 2.650000e+05 3.350000e+05 7.222561e+02 
 2.637500e+05 3.362500e+05 7.214343e+02 
 2.625000e+05 3.375000e+05 7.206060e+02 
 2.612500e+05 3.387500e+05 7.197752e+02 
 2.600000e+05 3.400000e+05 7.189377e+02 
 2.587500e+05 3.412500e+05 7.180975e+02 
 2.575000e+05 3.425000e+05 7.172507e+02 
 2.562500e+05 3.437500e+05 7.164010e+02 
 2.550000e+05 3.450000e+05 7.155445e+02 
 2.537500e+05 3.462500e+05 7.146852e+02 
 2.525000e+05 3.475000e+05 7.138189e+02 
 2.512500e+05 3.487500e+05 7.129497e+02 
 2.500000e+05 3.500000e+05 7.120734e+02 
 2.487500e+05 3.512500e+05 7.111942e+02 
 2.475000e+05 3.525000e+05 7.103076e+02 
 2.462500e+05 3.537500e+05 7.094180e+02 
 2.450000e+05 3.550000e+05 7.085210e+02 
 2.437500e+05 3.562500e+05 7.076209e+02 
 2.425000e+05 3.575000e+05 7.067132e+02 
 2.412500e+05 3.587500e+05 7.058023e+02 
 2.400000e+05 3.600000e+05 7.048837e+02 
 2.387500e+05 3.612500e+05 7.039619e+02 
 2.375000e+05 3.625000e+05 7.030321e+02 
 2.362500e+05 3.637500e+05 7.020990e+02 
 2.350000e+05 3.650000e+05 7.011578e+02 
 2.337500e+05 3.662500e+05 7.002132e+02 
 2.325000e+05 3.675000e+05 6.992603e+02 
 2.312500e+05 3.687500e+05 6.983040e+02 
 2.300000e+05 3.700000e+05 6.973392e+02 
 2.287500e+05 3.712500e+05 6.963708e+02 
 2.275000e+05 3.725000e+05 6.953938e+02 
 2.262500e+05 3.737500e+05 6.944132e+02 
 2.250000e+05 3.750000e+05 6.934236e+02 
 2.237500e+05 3.762500e+05 6.924304e+02 
 2.225000e+05 3.775000e+05 6.914280e+02 
 2.212500e+05 3.787500e+05 6.904219e+02 
 2.200000e+05 3.800000e+05 6.894064e+02 
 2.187500e+05 3.812500e+05 6.883871e+02 
 2.175000e+05 3.825000e+05 6.873582e+02 
 2.162500e+05 3.837500e+05 6.863253e+02 
 2.150000e+05 3.850000e+05 6.852827e+02 
 2.137500e+05 3.862500e+05 6.842360e+02 
 2.125000e+05 3.875000e+05 6.831792e+02 
 2.112500e+05 3.887500e+05 6.821183e+02 
 2.100000e+05 3.900000e+05 6.810471e+02 
 2.087500e+05 3.912500e+05 6.799717e+02 
 2.075000e+05 3.925000e+05 6.788856e+02 
 2.062500e+05 3.937500e+05 6.777953e+02 
 2.050000e+05 3.950000e+05 6.766940e+02 
 2.037500e+05 3.962500e+05 6.755884e+02 
 2.025000e+05 3.975000e+05 6.744715e+02 
 2.012500e+05 3.987500e+05 6.733502e+02 
 2.000000e+05 4.000000e+05 6.722173e+02 
 1.987500e+05 4.012500e+05 6.710799e+02 
 1.975000e+05 4.025000e+05 6.699305e+02 
 1.962500e+05 4.037500e+05 6.687765e+02 
 1.950000e+05 4.050000e+05 6.676103e+02 
 1.937500e+05 4.062500e+05 6.664393e+02 
 1.925000e+05 4.075000e+05 6.652557e+02 
 1.912500e+05 4.087500e+05 6.640672e+02 
 1.900000e+05 4.100000e+05 6.628658e+02 
 1.887500e+05 4.112500e+05 6.616594e+02 
 1.875000e+05 4.125000e+05 6.604396e+02 
 1.862500e+05 4.137500e+05 6.592147e+02 
 1.850000e+05 4.150000e+05 6.579761e+02 
 1.837500e+05 4.162500e+05 6.567322e+02 
 1.825000e+05 4.175000e+05 6.554741e+02 
 1.812500e+05 4.187500e+05 6.542106e+02 
 1.800000e+05 4.200000e+05 6.529326e+02 
 1.787500e+05 4.212500e+05 6.516489e+02 
 1.775000e+05 4.225000e+05 6.503503e+02 
 1.762500e+05 4.237500e+05 6.490459e+02 
 1.750000e+05 4.250000e+05 6.477260e+02 
 1.737500e+05 4.262500e+05 6.464002e+02 
 1.725000e+05 4.275000e+05 6.450584e+02 
 1.712500e+05 4.287500e+05 6.437105e+02 
 1.700000e+05 4.300000e+05 6.423461e+02 
 1.687500e+05 4.312500e+05 6.409754e+02 
 1.675000e+05 4.325000e+05 6.395877e+02 
 1.662500e+05 4.337500e+05 6.381935e+02 
 1.650000e+05 4.350000e+05 6.367817e+02 
 1.637500e+05 4.362500e+05 6.353632e+02 
 1.625000e+05 4.375000e+05 6.339264e+02 
 1.612500e+05 4.387500e+05 6.324827e+02 
 1.600000e+05 4.400000e+05 6.310202e+02 
 1.587500e+05 4.412500e+05 6.295505e+02 
 1.575000e+05 4.425000e+05 6.280613e+02 
 1.562500e+05 4.437500e+05 6.265646e+02 
 1.550000e+05 4.450000e+05 6.250477e+02 
 1.537500e+05 4.462500e+05 6.235232e+02 
 1.525000e+05 4.475000e+05 6.219776e+02 
 1.512500e+05 4.487500e+05 6.204240e+02 
 1.500000e+05 4.500000e+05 6.188487e+02 
 1.487500e+05 4.512500e+05 6.172650e+02 
 1.475000e+05 4.525000e+05 6.156587e+02 
 1.462500e+05 4.537500e+05 6.140438e+02 
 1.450000e+05 4.550000e+05 6.124053e+02 
 1.437500e+05 4.562500e+05 6.107579e+02 
 1.425000e+05 4.575000e+05 6.090859e+02 
 1.412500e+05 4.587500e+05 6.074046e+02 
 1.400000e+05 4.600000e+05 6.056977e+02 
 1.387500e+05 4.612500e+05 6.039811e+02 
 1.375000e+05 4.625000e+05 6.022376e+02 
 1.362500e+05 4.637500e+05 6.004841e+02 
 1.350000e+05 4.650000e+05 5.987026e+02 
 1.337500e+05 4.662500e+05 5.969105e+02 
 1.325000e+05 4.675000e+05 5.950890e+02 
 1.312500e+05 4.687500e+05 5.932566e+02 
 1.300000e+05 4.700000e+05 5.913933e+02 
 1.287500e+05 4.712500e+05 5.895185e+02 
 1.275000e+05 4.725000e+05 5.876112e+02 
 1.262500e+05 4.737500e+05 5.856918e+02 
 1.250000e+05 4.750000e+05 5.837383e+02 
 1.237500e+05 4.762500e+05 5.817721e+02 
 1.225000e+05 4.775000e+05 5.797698e+02 
 1.212500e+05 4.787500e+05 5.777541e+02 
 1.200000e+05 4.800000e+05 5.757002e+02 
 1.187500e+05 4.812500e+05 5.736322e+02 
 1.175000e+05 4.825000e+05 5.715237e+02 
 1.162500e+05 4.837500e+05 5.694002e+02 
 1.150000e+05 4.850000e+05 5.672336e+02 
 1.137500e+05 4.862500e+05 5.650512e+02 
 1.125000e+05 4.875000e+05 5.628228e+02 
 1.112500e+05 4.887500e+05 5.605773e+02 
 1.100000e+05 4.900000e+05 5.582828e+02 
 1.087500e+05 4.912500e+05 5.559700e+02 
 1.075000e+05 4.925000e+05 5.536045e+02 
 1.062500e+05 4.937500e+05 5.512194e+02 
 1.050000e+05 4.950000e+05 5.487774e+02 
 1.037500e+05 4.962500e+05 5.463142e+02 
 1.025000e+05 4.975000e+05 5.437895e+02 
 1.012500e+05 4.987500e+05 5.412416e+02 
 1.000000e+05 5.000000e+05 5.386268e+02 
 9.875000e+04 5.012500e+05 5.359867e+02 
 9.750000e+04 5.025000e+05 5.332734e+02 
 9.625000e+04 5.037500e+05 5.305322e+02 
 9.500000e+04 5.050000e+05 5.277104e+02 
 9.375000e+04 5.062500e+05 5.248575e+02 
 9.250000e+04 5.075000e+05 5.219155e+02 
 9.125000e+04 5.087500e+05 5.189385e+02 
 9.000000e+04 5.100000e+05 5.158620e+02 
 8.875000e+04 5.112500e+05 5.127459e+02 
 8.750000e+04 5.125000e+05 5.095177e+02 
 8.625000e+04 5.137500e+05 5.062441e+02 
 8.500000e+04 5.150000e+05 5.028429e+02 
 8.375000e+04 5.162500e+05 4.993891e+02 
 8.250000e+04 5.175000e+05 4.957884e+02 
 8.125000e+04 5.187500e+05 4.921258e+02 
 8.000000e+04 5.200000e+05 4.882919e+02 
 7.875000e+04 5.212500e+05 4.843840e+02 
 7.750000e+04 5.225000e+05 4.802733e+02 
 7.625000e+04 5.237500e+05 4.760726e+02 
 7.500000e+04 5.250000e+05 4.716276e+02 
 7.375000e+04 5.262500e+05 4.670710e+02 
 7.250000e+04 5.275000e+05 4.622142e+02 
 7.125000e+04 5.287500e+05 4.572158e+02 
 7.000000e+04 5.300000e+05 4.518404e+02 
 6.875000e+04 5.312500e+05 4.462808e+02 
 6.750000e+04 5.325000e+05 4.402352e+02 
 6.625000e+04 5.337500e+05 4.339435e+02 
 6.500000e+04 5.350000e+05 4.270069e+02 
 6.375000e+04 5.362500e+05 4.197325e+02 
 6.250000e+04 5.375000e+05 4.115735e+02 
 6.125000e+04 5.387500e+05 4.029378e+02 
 6.000000e+04 5.400000e+05 3.930449e+02 
 5.875000e+04 5.412500e+05 3.824630e+02 
 5.750000e+04 5.425000e+05 3.700215e+02 
 5.625000e+04 5.437500e+05 3.565591e+02 
 5.500000e+04 5.450000e+05 3.401927e+02 
 5.375000e+04 5.462500e+05 3.219932e+02 
 5.250000e+04 5.475000e+05 2.976960e+02 
 5.125000e+04 5.487500e+05 2.728490e+02 
 5.000000e+04 5.500000e+05 2.552356e+02 
 4.875000e+04 5.512500e+05 2.397668e+02 
 4.750000e+04 5.525000e+05 2.269236e+02 
 4.625000e+04 5.537500e+05 2.161195e+02 
 4.500000e+04 5.550000e+05 2.070856e+02 
 4.375000e+04 5.562500e+05 1.989902e+02 
 4.250000e+04 5.575000e+05 1.919197e+02 
 4.125000e+04 5.587500e+05 1.853264e+02 
 4.000000e+04 5.600000e+05 1.793994e+02 
 3.875000e+04 5.612500e+05 1.737213e+02 
 3.750000e+04 5.625000e+05 1.685168e+02 
 3.625000e+04 5.637500e+05 1.634325e+02 
 3.500000e+04 5.650000e+05 1.587062e+02 
 3.375000e+04 5.662500e+05 1.540195e+02 
 3.250000e+04 5.675000e+05 1.496151e+02 
 3.125000e+04 5.687500e+05 1.451946e+02 
 3.000000e+04 5.700000e+05 1.410031e+02 
 2.875000e+04 5.712500e+05 1.367532e+02 
 2.750000e+04 5.725000e+05 1.326920e+02 
 2.625000e+04 5.737500e+05 1.285372e+02 
 2.500000e+04 5.750000e+05 1.245384e+02 
 2.375000e+04 5.762500e+05 1.204138e+02 
 2.250000e+04 5.775000e+05 1.164165e+02 
 2.125000e+04 5.787500e+05 1.122611e+02 
 2.000000e+04 5.800000e+05 1.082056e+02 
 1.875000e+04 5.812500e+05 1.039570e+02 
 1.750000e+04 5.825000e+05 9.977930e+01 
 1.625000e+04 5.837500e+05 9.536756e+01 
 1.500000e+04 5.850000e+05 9.099259e+01 
 1.375000e+04 5.862500e+05 8.633216e+01 
 1.250000e+04 5.875000e+05 8.166360e+01 
 1.125000e+04 5.887500e+05 7.663960e+01 
 1.000000e+04 5.900000e+05 7.154083e+01 
 8.750000e+03 5.912500e+05 6.598152e+01 
 7.500000e+03 5.925000e+05 6.023365e+01 
 6.250000e+03 5.937500e+05 5.384355e+01 
 5.000000e+03 5.950000e+05 4.703036e+01 
 3.750000e+03 5.962500e+05 3.917688e+01 
 2.500000e+03 5.975000e+05 3.021919e+01 
 1.250000e+03 5.987500e+05 1.858177e+01 
 0.000000e+00 6.000000e+05 0.000000e+00 
 