0 -3.565687e-14 1.033140e-14 
1 -1.883896e-13 4.486642e-14 
2 -6.930350e-13 1.683536e-13 
3 -1.759849e-12 4.428612e-13 
4 -3.339739e-12 8.653200e-13 
5 -5.054008e-12 1.336197e-12 
6 -6.429900e-12 1.724843e-12 
7 -7.169077e-12 1.944645e-12 
8 -7.233315e-12 1.976792e-12 
9 -6.768375e-12 1.858924e-12 
10 -5.984307e-12 1.648886e-12 
11 -5.070653e-12 1.399979e-12 
12 -4.161623e-12 1.150392e-12 
13 -3.334962e-12 9.224796e-13 
14 -2.625191e-12 7.263488e-13 
15 -2.039060e-12 5.641874e-13 
16 -1.568066e-12 4.338049e-13 
17 -1.196906e-12 3.310404e-13 
18 -9.085243e-13 2.512005e-13 
19 -6.867628e-13 1.898181e-13 
20 -5.175213e-13 1.429877e-13 
21 -3.890835e-13 1.074609e-13 
22 -2.920153e-13 8.062166e-14 
23 -2.188807e-13 6.040818e-14 
24 -1.639044e-13 4.521952e-14 
25 -1.226482e-13 3.382589e-14 
26 -9.172733e-14 2.528979e-14 
27 -6.857445e-14 1.890049e-14 
28 -5.125028e-14 1.412137e-14 
29 -3.829424e-14 1.054846e-14 
30 -2.860873e-14 7.878330e-15 
31 -2.137027e-14 5.883425e-15 
32 -1.596179e-14 4.393296e-15 
33 -1.192129e-14 3.280384e-15 
34 -8.903136e-15 2.449291e-15 
35 -6.648847e-15 1.828701e-15 
36 -4.965209e-15 1.365324e-15 
37 -3.707829e-15 1.019348e-15 
38 -2.768824e-15 7.610352e-16 
39 -2.067598e-15 5.681778e-16 
40 -1.543951e-15 4.241916e-16 
41 -1.152918e-15 3.166934e-16 
42 -8.609170e-16 2.364372e-16 
43 -6.428698e-16 1.765194e-16 
44 -4.800472e-16 1.317861e-16 
45 -3.584628e-16 9.838912e-17 
46 -2.676727e-16 7.345568e-17 
47 -1.998776e-16 5.484091e-17 
48 -1.492532e-16 4.094343e-17 
49 -1.114510e-16 3.056786e-17 
