  0 1.000000e-06 1.000000e-06 
  1 2.460227e-04 1.308557e+01 
  2 2.458453e-06 3.380228e+01 
  3 1.000024e-06 5.800262e+01 
  4 1.000001e-06 7.640716e+01 
  5 1.000001e-06 8.656271e+01 
  6 1.000000e-06 9.155969e+01 
  7 1.000000e-06 9.407341e+01 
  8 1.000000e-06 9.538016e+01 
  9 1.000000e-06 9.606425e+01 
 10 1.000000e-06 9.641311e+01 
 11 1.000000e-06 9.657736e+01 
 12 1.000000e-06 9.663892e+01 
 13 1.000000e-06 9.664333e+01 
 14 1.000000e-06 9.661625e+01 
 15 1.000000e-06 9.657232e+01 
 16 1.000000e-06 9.651993e+01 
 17 1.000000e-06 9.646399e+01 
 18 1.000000e-06 9.640733e+01 
 19 1.000000e-06 9.635165e+01 
 20 1.000000e-06 9.629793e+01 
 21 1.000000e-06 9.624672e+01 
 22 1.000000e-06 9.619834e+01 
 23 1.000000e-06 9.615291e+01 
 24 1.000000e-06 9.611047e+01 
 25 1.000000e-06 9.607097e+01 
 26 1.000000e-06 9.603434e+01 
 27 1.000000e-06 9.600043e+01 
 28 1.000000e-06 9.596911e+01 
 29 1.000000e-06 9.594022e+01 
 30 1.000000e-06 9.591359e+01 
 31 1.000000e-06 9.588907e+01 
 32 1.000000e-06 9.586647e+01 
 33 1.000000e-06 9.584565e+01 
 34 1.000000e-06 9.582645e+01 
 35 1.000000e-06 9.580873e+01 
 36 1.000000e-06 9.579234e+01 
 37 1.000000e-06 9.577718e+01 
 38 1.000000e-06 9.576311e+01 
 39 1.000000e-06 9.575004e+01 
 40 1.000000e-06 9.573787e+01 
 41 1.000000e-06 9.572651e+01 
 42 1.000000e-06 9.571588e+01 
 43 1.000000e-06 9.570592e+01 
 44 1.000000e-06 9.569656e+01 
 45 1.000000e-06 9.568775e+01 
 46 1.000000e-06 9.567943e+01 
 47 1.000000e-06 9.567157e+01 
 48 1.000000e-06 9.566411e+01 
 49 1.000000e-06 9.565704e+01 
