0.000000e+00 0.000000e+00 -1.582272e-12 0.000000e+00 8.017956e-01
5.154639e-03 0.000000e+00 -1.582231e-12 -3.140577e-05 7.966448e-01
1.030928e-02 0.000000e+00 -1.581742e-12 -6.282853e-05 7.914940e-01
1.030928e-02 0.000000e+00 -1.581742e-12 -6.282853e-05 7.914940e-01
1.546392e-02 0.000000e+00 -1.581399e-12 -9.428525e-05 7.863508e-01
2.061856e-02 0.000000e+00 -1.581157e-12 -1.257929e-04 7.812077e-01
2.061856e-02 0.000000e+00 -1.581157e-12 -1.257929e-04 7.812077e-01
2.577320e-02 0.000000e+00 -1.580319e-12 -1.573686e-04 7.760723e-01
3.092784e-02 0.000000e+00 -1.581375e-12 -1.890292e-04 7.709370e-01
3.092784e-02 0.000000e+00 -1.581375e-12 -1.890292e-04 7.709370e-01
3.608247e-02 0.000000e+00 -1.580621e-12 -2.207919e-04 7.658094e-01
4.123711e-02 0.000000e+00 -1.579092e-12 -2.526737e-04 7.606819e-01
4.123711e-02 0.000000e+00 -1.579092e-12 -2.526737e-04 7.606819e-01
4.639175e-02 0.000000e+00 -1.579698e-12 -2.846916e-04 7.555624e-01
5.154639e-02 0.000000e+00 -1.578238e-12 -3.168628e-04 7.504429e-01
5.154639e-02 0.000000e+00 -1.578238e-12 -3.168628e-04 7.504429e-01
5.670103e-02 0.000000e+00 -1.578392e-12 -3.492044e-04 7.453315e-01
6.185567e-02 0.000000e+00 -1.576408e-12 -3.817337e-04 7.402202e-01
6.185567e-02 0.000000e+00 -1.576408e-12 -3.817337e-04 7.402202e-01
6.701031e-02 0.000000e+00 -1.574872e-12 -4.144677e-04 7.351172e-01
7.216495e-02 0.000000e+00 -1.573172e-12 -4.474239e-04 7.300143e-01
7.216495e-02 0.000000e+00 -1.573172e-12 -4.474239e-04 7.300143e-01
7.731959e-02 0.000000e+00 -1.572507e-12 -4.806195e-04 7.249201e-01
8.247423e-02 0.000000e+00 -1.571144e-12 -5.140718e-04 7.198258e-01
8.247423e-02 0.000000e+00 -1.571144e-12 -5.140718e-04 7.198258e-01
8.762887e-02 0.000000e+00 -1.569259e-12 -5.477982e-04 7.147406e-01
9.278351e-02 0.000000e+00 -1.567330e-12 -5.818162e-04 7.096554e-01
9.278351e-02 0.000000e+00 -1.567330e-12 -5.818162e-04 7.096554e-01
9.793814e-02 0.000000e+00 -1.566225e-12 -6.161432e-04 7.045796e-01
1.030928e-01 0.000000e+00 -1.564318e-12 -6.507970e-04 6.995038e-01
1.030928e-01 0.000000e+00 -1.564318e-12 -6.507970e-04 6.995038e-01
1.082474e-01 0.000000e+00 -1.562837e-12 -6.857948e-04 6.944379e-01
1.134021e-01 0.000000e+00 -1.561223e-12 -7.211546e-04 6.893719e-01
1.134021e-01 0.000000e+00 -1.561223e-12 -7.211546e-04 6.893719e-01
1.185567e-01 0.000000e+00 -1.559545e-12 -7.568939e-04 6.843163e-01
1.237113e-01 0.000000e+00 -1.558520e-12 -7.930306e-04 6.792607e-01
1.237113e-01 0.000000e+00 -1.558520e-12 -7.930306e-04 6.792607e-01
1.288660e-01 0.000000e+00 -1.556342e-12 -8.295823e-04 6.742161e-01
1.340206e-01 0.000000e+00 -1.554485e-12 -8.665671e-04 6.691714e-01
1.340206e-01 0.000000e+00 -1.554485e-12 -8.665671e-04 6.691714e-01
1.391753e-01 0.000000e+00 -1.552677e-12 -9.040026e-04 6.641382e-01
1.443299e-01 0.000000e+00 -1.551048e-12 -9.419071e-04 6.591051e-01
1.443299e-01 0.000000e+00 -1.551048e-12 -9.419071e-04 6.591051e-01
1.494845e-01 0.000000e+00 -1.549331e-12 -9.802981e-04 6.540842e-01
1.546392e-01 0.000000e+00 -1.547035e-12 -1.019194e-03 6.490633e-01
1.546392e-01 0.000000e+00 -1.547035e-12 -1.019194e-03 6.490633e-01
1.597938e-01 0.000000e+00 -1.545312e-12 -1.058613e-03 6.440555e-01
1.649485e-01 0.000000e+00 -1.538874e-12 -1.098572e-03 6.390477e-01
1.649485e-01 0.000000e+00 -1.538874e-12 -1.098572e-03 6.390477e-01
1.701031e-01 0.000000e+00 -1.544784e-12 -1.139091e-03 6.340538e-01
1.752577e-01 0.000000e+00 -1.542391e-12 -1.180186e-03 6.290599e-01
1.752577e-01 0.000000e+00 -1.542391e-12 -1.180186e-03 6.290599e-01
1.804124e-01 0.000000e+00 -1.540743e-12 -1.221876e-03 6.240809e-01
1.855670e-01 0.000000e+00 -1.538990e-12 -1.264179e-03 6.191020e-01
1.855670e-01 0.000000e+00 -1.538990e-12 -1.264179e-03 6.191020e-01
1.907216e-01 0.000000e+00 -1.537062e-12 -1.307113e-03 6.141390e-01
1.958763e-01 0.000000e+00 -1.535581e-12 -1.350696e-03 6.091761e-01
1.958763e-01 0.000000e+00 -1.535581e-12 -1.350696e-03 6.091761e-01
2.010309e-01 0.000000e+00 -1.533523e-12 -1.394945e-03 6.042305e-01
2.061856e-01 0.000000e+00 -1.532360e-12 -1.439878e-03 5.992848e-01
2.061856e-01 0.000000e+00 -1.532360e-12 -1.439878e-03 5.992848e-01
2.113402e-01 0.000000e+00 -1.529772e-12 -1.485513e-03 5.943578e-01
2.164948e-01 0.000000e+00 -1.527749e-12 -1.531866e-03 5.894308e-01
2.164948e-01 0.000000e+00 -1.527749e-12 -1.531866e-03 5.894308e-01
2.216495e-01 0.000000e+00 -1.525584e-12 -1.578956e-03 5.845240e-01
2.268041e-01 0.000000e+00 -1.523407e-12 -1.626798e-03 5.796171e-01
2.268041e-01 0.000000e+00 -1.523407e-12 -1.626798e-03 5.796171e-01
2.319588e-01 0.000000e+00 -1.521133e-12 -1.675409e-03 5.747322e-01
2.371134e-01 0.000000e+00 -1.518786e-12 -1.724806e-03 5.698473e-01
2.371134e-01 0.000000e+00 -1.518786e-12 -1.724806e-03 5.698473e-01
2.422680e-01 0.000000e+00 -1.516357e-12 -1.775003e-03 5.649862e-01
2.474227e-01 0.000000e+00 -1.513855e-12 -1.826017e-03 5.601250e-01
2.474227e-01 0.000000e+00 -1.513855e-12 -1.826017e-03 5.601250e-01
2.525773e-01 0.000000e+00 -1.511274e-12 -1.877861e-03 5.552899e-01
2.577320e-01 0.000000e+00 -1.508631e-12 -1.930550e-03 5.504548e-01
2.577320e-01 0.000000e+00 -1.508631e-12 -1.930550e-03 5.504548e-01
2.628866e-01 0.000000e+00 -1.505934e-12 -1.984096e-03 5.456481e-01
2.680412e-01 0.000000e+00 -1.503173e-12 -2.038512e-03 5.408413e-01
2.680412e-01 0.000000e+00 -1.503173e-12 -2.038512e-03 5.408413e-01
2.731959e-01 0.000000e+00 -1.500344e-12 -2.093808e-03 5.360658e-01
2.783505e-01 0.000000e+00 -1.497443e-12 -2.149996e-03 5.312902e-01
2.783505e-01 0.000000e+00 -1.497443e-12 -2.149996e-03 5.312902e-01
2.835052e-01 0.000000e+00 -1.494465e-12 -2.207082e-03 5.265489e-01
2.886598e-01 0.000000e+00 -1.491447e-12 -2.265074e-03 5.218075e-01
2.886598e-01 0.000000e+00 -1.491447e-12 -2.265074e-03 5.218075e-01
2.938144e-01 0.000000e+00 -1.488413e-12 -2.323977e-03 5.171039e-01
2.989691e-01 0.000000e+00 -1.485374e-12 -2.383795e-03 5.124004e-01
2.989691e-01 0.000000e+00 -1.485374e-12 -2.383795e-03 5.124004e-01
3.041237e-01 0.000000e+00 -1.482368e-12 -2.444527e-03 5.077385e-01
3.092784e-01 0.000000e+00 -1.479091e-12 -2.506173e-03 5.030767e-01
3.092784e-01 0.000000e+00 -1.479091e-12 -2.506173e-03 5.030767e-01
3.144330e-01 0.000000e+00 -1.476568e-12 -2.568725e-03 4.984612e-01
3.195876e-01 0.000000e+00 -1.473414e-12 -2.632177e-03 4.938457e-01
3.195876e-01 0.000000e+00 -1.473414e-12 -2.632177e-03 4.938457e-01
3.247423e-01 0.000000e+00 -1.470421e-12 -2.696514e-03 4.892817e-01
3.298969e-01 0.000000e+00 -1.466910e-12 -2.761720e-03 4.847177e-01
3.298969e-01 0.000000e+00 -1.466910e-12 -2.761720e-03 4.847177e-01
3.350515e-01 0.000000e+00 -1.464033e-12 -2.827771e-03 4.802112e-01
3.402062e-01 0.000000e+00 -1.460567e-12 -2.894639e-03 4.757047e-01
3.402062e-01 0.000000e+00 -1.460567e-12 -2.894639e-03 4.757047e-01
3.453608e-01 0.000000e+00 -1.458453e-12 -2.962287e-03 4.712627e-01
3.505155e-01 0.000000e+00 -1.455447e-12 -3.030673e-03 4.668207e-01
3.505155e-01 0.000000e+00 -1.455447e-12 -3.030673e-03 4.668207e-01
3.556701e-01 0.000000e+00 -1.452346e-12 -3.099740e-03 4.624512e-01
3.608247e-01 0.000000e+00 -1.449302e-12 -3.169427e-03 4.580817e-01
3.608247e-01 0.000000e+00 -1.449302e-12 -3.169427e-03 4.580817e-01
3.659794e-01 0.000000e+00 -1.446047e-12 -3.239654e-03 4.537939e-01
3.711340e-01 0.000000e+00 -1.442700e-12 -3.310332e-03 4.495062e-01
3.711340e-01 0.000000e+00 -1.442700e-12 -3.310332e-03 4.495062e-01
3.762887e-01 0.000000e+00 -1.439341e-12 -3.381351e-03 4.453110e-01
3.814433e-01 0.000000e+00 -1.435946e-12 -3.452585e-03 4.411159e-01
3.814433e-01 0.000000e+00 -1.435946e-12 -3.452585e-03 4.411159e-01
3.865979e-01 0.000000e+00 -1.432536e-12 -3.523880e-03 4.370258e-01
3.917526e-01 0.000000e+00 -1.429112e-12 -3.595060e-03 4.329357e-01
3.917526e-01 0.000000e+00 -1.429112e-12 -3.595060e-03 4.329357e-01
3.969072e-01 0.000000e+00 -1.425832e-12 -3.665914e-03 4.289650e-01
4.020619e-01 0.000000e+00 -1.421967e-12 -3.736195e-03 4.249942e-01
4.020619e-01 0.000000e+00 -1.421967e-12 -3.736195e-03 4.249942e-01
4.072165e-01 0.000000e+00 -1.419045e-12 -3.805612e-03 4.211583e-01
4.123711e-01 0.000000e+00 -1.415611e-12 -3.873822e-03 4.173224e-01
4.123711e-01 0.000000e+00 -1.415611e-12 -3.873822e-03 4.173224e-01
4.175258e-01 0.000000e+00 -1.412146e-12 -3.940420e-03 4.136380e-01
4.226804e-01 0.000000e+00 -1.408457e-12 -4.004925e-03 4.099537e-01
4.226804e-01 0.000000e+00 -1.408457e-12 -4.004925e-03 4.099537e-01
4.278351e-01 0.000000e+00 -1.405054e-12 -4.066787e-03 4.064290e-01
4.329897e-01 0.000000e+00 -1.401164e-12 -4.125347e-03 4.029044e-01
4.329897e-01 0.000000e+00 -1.401164e-12 -4.125347e-03 4.029044e-01
4.381443e-01 0.000000e+00 -1.399439e-12 -4.179851e-03 3.995504e-01
4.432990e-01 0.000000e+00 -1.391799e-12 -4.229415e-03 3.961964e-01
4.432990e-01 0.000000e+00 -1.391799e-12 -4.229415e-03 3.961964e-01
4.484536e-01 0.000000e+00 -1.385442e-12 -4.273183e-03 3.929210e-01
4.536082e-01 0.000000e+00 -1.375551e-12 -4.310229e-03 3.896456e-01
4.536082e-01 0.000000e+00 -1.375551e-12 -4.310229e-03 3.896456e-01
4.587629e-01 0.000000e+00 -1.362631e-12 -4.339523e-03 3.865224e-01
4.639175e-01 0.000000e+00 -1.344876e-12 -4.360137e-03 3.833992e-01
4.639175e-01 0.000000e+00 -1.344876e-12 -4.360137e-03 3.833992e-01
4.690722e-01 0.000000e+00 -1.320659e-12 -4.372671e-03 3.790797e-01
4.742268e-01 0.000000e+00 -1.288187e-12 -4.376946e-03 3.747602e-01
4.742268e-01 0.000000e+00 -1.288187e-12 -4.376946e-03 3.747602e-01
4.793814e-01 0.000000e+00 -1.183094e-12 -4.377035e-03 3.160878e-01
4.845361e-01 0.000000e+00 -1.078046e-12 -4.377251e-03 2.574155e-01
4.845361e-01 0.000000e+00 -1.078046e-12 -4.377251e-03 2.574155e-01
4.896907e-01 0.000000e+00 -9.730577e-13 -4.377496e-03 2.651938e-01
4.948454e-01 0.000000e+00 -8.681497e-13 -4.377704e-03 2.729722e-01
4.948454e-01 0.000000e+00 -8.681497e-13 -4.377704e-03 2.729722e-01
5.000000e-01 0.000000e+00 -7.633066e-13 -4.377893e-03 2.659638e-01
5.051546e-01 0.000000e+00 -6.585210e-13 -4.378083e-03 2.589555e-01
5.051546e-01 0.000000e+00 -6.585210e-13 -4.378083e-03 2.589555e-01
5.103093e-01 0.000000e+00 -5.537840e-13 -4.378268e-03 2.557636e-01
5.154639e-01 0.000000e+00 -4.490910e-13 -4.378446e-03 2.525718e-01
5.154639e-01 0.000000e+00 -4.490910e-13 -4.378446e-03 2.525718e-01
5.206186e-01 0.000000e+00 -3.444103e-13 -4.378617e-03 2.482476e-01
5.257732e-01 0.000000e+00 -2.397284e-13 -4.378782e-03 2.439233e-01
5.257732e-01 0.000000e+00 -2.397284e-13 -4.378782e-03 2.439233e-01
5.309278e-01 0.000000e+00 -1.350742e-13 -4.378943e-03 2.398863e-01
5.360825e-01 0.000000e+00 -3.029044e-14 -4.379097e-03 2.358492e-01
5.360825e-01 0.000000e+00 -3.029044e-14 -4.379097e-03 2.358492e-01
5.412371e-01 0.000000e+00 7.479174e-14 -4.379246e-03 2.317899e-01
5.463918e-01 0.000000e+00 1.822240e-13 -4.379388e-03 2.277305e-01
5.463918e-01 0.000000e+00 1.822240e-13 -4.379388e-03 2.277305e-01
5.515464e-01 0.000000e+00 2.862155e-13 -4.379523e-03 2.237749e-01
5.567010e-01 0.000000e+00 3.944493e-13 -4.379652e-03 2.198193e-01
5.567010e-01 0.000000e+00 3.944493e-13 -4.379652e-03 2.198193e-01
5.618557e-01 0.000000e+00 5.011959e-13 -4.379773e-03 2.159516e-01
5.670103e-01 0.000000e+00 6.006333e-13 -4.379887e-03 2.120839e-01
5.670103e-01 0.000000e+00 6.006333e-13 -4.379887e-03 2.120839e-01
5.721649e-01 0.000000e+00 7.063452e-13 -4.379992e-03 2.083087e-01
5.773196e-01 0.000000e+00 8.100604e-13 -4.380090e-03 2.045336e-01
5.773196e-01 0.000000e+00 8.100604e-13 -4.380090e-03 2.045336e-01
5.824742e-01 0.000000e+00 9.127388e-13 -4.380179e-03 2.008371e-01
5.876289e-01 0.000000e+00 1.015422e-12 -4.380260e-03 1.971407e-01
5.876289e-01 0.000000e+00 1.015422e-12 -4.380260e-03 1.971407e-01
5.927835e-01 0.000000e+00 1.118808e-12 -4.380331e-03 1.935055e-01
5.979381e-01 0.000000e+00 1.222273e-12 -4.380394e-03 1.898704e-01
5.979381e-01 0.000000e+00 1.222273e-12 -4.380394e-03 1.898704e-01
6.030928e-01 0.000000e+00 1.325866e-12 -4.380447e-03 1.862755e-01
6.082474e-01 0.000000e+00 1.429531e-12 -4.380491e-03 1.826807e-01
6.082474e-01 0.000000e+00 1.429531e-12 -4.380491e-03 1.826807e-01
6.134021e-01 0.000000e+00 1.533297e-12 -4.380526e-03 1.791060e-01
6.185567e-01 0.000000e+00 1.637127e-12 -4.380552e-03 1.755313e-01
6.185567e-01 0.000000e+00 1.637127e-12 -4.380552e-03 1.755313e-01
6.237113e-01 0.000000e+00 1.741030e-12 -4.380569e-03 1.719610e-01
6.288660e-01 0.000000e+00 1.844992e-12 -4.380576e-03 1.683907e-01
6.288660e-01 0.000000e+00 1.844992e-12 -4.380576e-03 1.683907e-01
6.340206e-01 0.000000e+00 1.949004e-12 -4.380575e-03 1.648164e-01
6.391753e-01 0.000000e+00 2.053047e-12 -4.380565e-03 1.612421e-01
6.391753e-01 0.000000e+00 2.053047e-12 -4.380565e-03 1.612421e-01
6.443299e-01 0.000000e+00 2.157105e-12 -4.380546e-03 1.576666e-01
6.494845e-01 0.000000e+00 2.261163e-12 -4.380518e-03 1.540911e-01
6.494845e-01 0.000000e+00 2.261163e-12 -4.380518e-03 1.540911e-01
6.546392e-01 0.000000e+00 2.365214e-12 -4.380482e-03 1.505201e-01
6.597938e-01 0.000000e+00 2.469254e-12 -4.380437e-03 1.469490e-01
6.597938e-01 0.000000e+00 2.469254e-12 -4.380437e-03 1.469490e-01
6.649485e-01 0.000000e+00 2.573290e-12 -4.380383e-03 1.434169e-01
6.701031e-01 0.000000e+00 2.677327e-12 -4.380320e-03 1.398847e-01
6.701031e-01 0.000000e+00 2.677327e-12 -4.380320e-03 1.398847e-01
6.752577e-01 0.000000e+00 2.781380e-12 -4.380247e-03 1.363217e-01
6.804124e-01 0.000000e+00 2.885464e-12 -4.380164e-03 1.327588e-01
6.804124e-01 0.000000e+00 2.885464e-12 -4.380164e-03 1.327588e-01
6.855670e-01 0.000000e+00 2.989497e-12 -4.380071e-03 1.293937e-01
6.907216e-01 0.000000e+00 3.093675e-12 -4.379966e-03 1.260285e-01
6.907216e-01 0.000000e+00 3.093675e-12 -4.379966e-03 1.260285e-01
6.958763e-01 0.000000e+00 3.197761e-12 -4.379849e-03 1.215914e-01
7.010309e-01 0.000000e+00 3.302042e-12 -4.379721e-03 1.171542e-01
7.010309e-01 0.000000e+00 3.302042e-12 -4.379721e-03 1.171542e-01
7.061856e-01 0.000000e+00 3.405884e-12 -4.379578e-03 1.149979e-01
7.113402e-01 0.000000e+00 3.509939e-12 -4.379419e-03 1.128416e-01
7.113402e-01 0.000000e+00 3.509939e-12 -4.379419e-03 1.128416e-01
7.164948e-01 0.000000e+00 3.613101e-12 -4.379273e-03 9.561678e-02
7.216495e-01 0.000000e+00 3.717765e-12 -4.379165e-03 7.839197e-02
7.216495e-01 0.000000e+00 3.717765e-12 -4.379165e-03 7.839197e-02
7.268041e-01 0.000000e+00 3.821163e-12 -4.378967e-03 4.853231e-02
7.319588e-01 0.000000e+00 3.924145e-12 -4.378796e-03 1.867266e-02
7.319588e-01 0.000000e+00 3.924145e-12 -4.378796e-03 1.867266e-02
7.371134e-01 0.000000e+00 3.959502e-12 -4.374705e-03 1.953743e-02
7.422680e-01 0.000000e+00 4.001635e-12 -4.351307e-03 2.040220e-02
7.422680e-01 0.000000e+00 4.001635e-12 -4.351307e-03 2.040220e-02
7.474227e-01 0.000000e+00 4.060556e-12 -4.323854e-03 1.082842e-02
7.525773e-01 0.000000e+00 4.132660e-12 -4.311664e-03 1.254635e-03
7.525773e-01 0.000000e+00 4.132660e-12 -4.311664e-03 1.254635e-03
7.577320e-01 0.000000e+00 3.906264e-12 -4.297425e-03 5.355410e-04
7.628866e-01 0.000000e+00 3.683445e-12 -4.009899e-03 -1.835530e-04
7.628866e-01 0.000000e+00 3.683445e-12 -4.009899e-03 -1.835530e-04
7.680412e-01 0.000000e+00 3.479947e-12 -4.184265e-03 -9.843025e-05
7.731959e-01 0.000000e+00 3.281779e-12 -4.138794e-03 -1.330749e-05
7.731959e-01 0.000000e+00 3.281779e-12 -4.138794e-03 -1.330749e-05
7.783505e-01 0.000000e+00 3.095713e-12 -4.009727e-03 -3.360530e-05
7.835052e-01 0.000000e+00 2.921407e-12 -3.933262e-03 -5.390311e-05
7.835052e-01 0.000000e+00 2.921407e-12 -3.933262e-03 -5.390311e-05
7.886598e-01 0.000000e+00 2.744401e-12 -3.873747e-03 -4.628391e-05
7.938144e-01 0.000000e+00 2.572895e-12 -3.795474e-03 -3.866471e-05
7.938144e-01 0.000000e+00 2.572895e-12 -3.795474e-03 -3.866471e-05
7.989691e-01 0.000000e+00 2.414825e-12 -3.708656e-03 -3.879375e-05
8.041237e-01 0.000000e+00 2.264022e-12 -3.623453e-03 -3.892278e-05
8.041237e-01 0.000000e+00 2.264022e-12 -3.623453e-03 -3.892278e-05
8.092784e-01 0.000000e+00 2.120027e-12 -3.537621e-03 -3.719808e-05
8.144330e-01 0.000000e+00 1.975593e-12 -3.448876e-03 -3.547338e-05
8.144330e-01 0.000000e+00 1.975593e-12 -3.448876e-03 -3.547338e-05
8.195876e-01 0.000000e+00 1.844851e-12 -3.358185e-03 -3.443381e-05
8.247423e-01 0.000000e+00 1.727429e-12 -3.266487e-03 -3.339425e-05
8.247423e-01 0.000000e+00 1.727429e-12 -3.266487e-03 -3.339425e-05
8.298969e-01 0.000000e+00 1.611016e-12 -3.173796e-03 -3.233346e-05
8.350515e-01 0.000000e+00 1.498903e-12 -3.080105e-03 -3.127268e-05
8.350515e-01 0.000000e+00 1.498903e-12 -3.080105e-03 -3.127268e-05
8.402062e-01 0.000000e+00 1.391045e-12 -2.985616e-03 -3.035954e-05
8.453608e-01 0.000000e+00 1.297719e-12 -2.890515e-03 -2.944641e-05
8.453608e-01 0.000000e+00 1.297719e-12 -2.890515e-03 -2.944641e-05
8.505155e-01 0.000000e+00 1.199158e-12 -2.794902e-03 -2.861942e-05
8.556701e-01 0.000000e+00 1.089388e-12 -2.698866e-03 -2.779243e-05
8.556701e-01 0.000000e+00 1.089388e-12 -2.698866e-03 -2.779243e-05
8.608247e-01 0.000000e+00 1.000782e-12 -2.602497e-03 -2.705492e-05
8.659794e-01 0.000000e+00 9.243729e-13 -2.505875e-03 -2.631741e-05
8.659794e-01 0.000000e+00 9.243729e-13 -2.505875e-03 -2.631741e-05
8.711340e-01 0.000000e+00 8.463103e-13 -2.409062e-03 -2.565773e-05
8.762887e-01 0.000000e+00 7.695776e-13 -2.312117e-03 -2.499805e-05
8.762887e-01 0.000000e+00 7.695776e-13 -2.312117e-03 -2.499805e-05
8.814433e-01 0.000000e+00 6.957527e-13 -2.215084e-03 -2.441041e-05
8.865979e-01 0.000000e+00 6.360589e-13 -2.118008e-03 -2.382278e-05
8.865979e-01 0.000000e+00 6.360589e-13 -2.118008e-03 -2.382278e-05
8.917526e-01 0.000000e+00 5.721051e-13 -2.020921e-03 -2.330133e-05
8.969072e-01 0.000000e+00 4.867287e-13 -1.923853e-03 -2.277988e-05
8.969072e-01 0.000000e+00 4.867287e-13 -1.923853e-03 -2.277988e-05
9.020619e-01 0.000000e+00 4.289961e-13 -1.826828e-03 -2.231998e-05
9.072165e-01 0.000000e+00 3.606837e-13 -1.729865e-03 -2.186007e-05
9.072165e-01 0.000000e+00 3.606837e-13 -1.729865e-03 -2.186007e-05
9.123711e-01 0.000000e+00 3.065982e-13 -1.632979e-03 -2.145775e-05
9.175258e-01 0.000000e+00 2.852864e-13 -1.536184e-03 -2.105543e-05
9.175258e-01 0.000000e+00 2.852864e-13 -1.536184e-03 -2.105543e-05
9.226804e-01 0.000000e+00 2.379138e-13 -1.439486e-03 -2.070739e-05
9.278351e-01 0.000000e+00 2.126444e-13 -1.342892e-03 -2.035935e-05
9.278351e-01 0.000000e+00 2.126444e-13 -1.342892e-03 -2.035935e-05
9.329897e-01 0.000000e+00 1.734059e-13 -1.246405e-03 -2.006282e-05
9.381443e-01 0.000000e+00 1.254667e-13 -1.150027e-03 -1.976629e-05
9.381443e-01 0.000000e+00 1.254667e-13 -1.150027e-03 -1.976629e-05
9.432990e-01 0.000000e+00 9.480292e-14 -1.053754e-03 -1.951899e-05
9.484536e-01 0.000000e+00 6.809802e-14 -9.575857e-04 -1.927169e-05
9.484536e-01 0.000000e+00 6.809802e-14 -9.575857e-04 -1.927169e-05
9.536082e-01 0.000000e+00 4.801051e-14 -8.615161e-04 -1.907177e-05
9.587629e-01 0.000000e+00 2.806444e-14 -7.655395e-04 -1.887184e-05
9.587629e-01 0.000000e+00 2.806444e-14 -7.655395e-04 -1.887184e-05
9.639175e-01 0.000000e+00 5.657201e-15 -6.696483e-04 -1.871781e-05
9.690722e-01 0.000000e+00 -1.766840e-14 -5.738344e-04 -1.856379e-05
9.690722e-01 0.000000e+00 -1.766840e-14 -5.738344e-04 -1.856379e-05
9.742268e-01 0.000000e+00 -3.740725e-14 -4.780882e-04 -1.845455e-05
9.793814e-01 0.000000e+00 -4.869460e-14 -3.823997e-04 -1.834531e-05
9.793814e-01 0.000000e+00 -4.869460e-14 -3.823997e-04 -1.834531e-05
9.845361e-01 0.000000e+00 -5.966298e-14 -2.867581e-04 -1.828008e-05
9.896907e-01 0.000000e+00 -4.873992e-14 -1.911521e-04 -1.821484e-05
9.896907e-01 0.000000e+00 -4.873992e-14 -1.911521e-04 -1.821484e-05
9.948454e-01 0.000000e+00 -6.318627e-14 -9.557002e-05 -1.819315e-05
1.000000e+00 0.000000e+00 -6.417089e-14 0.000000e+00 -1.817145e-05
