-1.000000e+00 -1.000000e+00 0.000000e+00 
-8.750000e-01 -1.000000e+00 4.715353e-01 
-7.500000e-01 -1.000000e+00 8.790914e-01 
-6.250000e-01 -1.000000e+00 1.223898e+00 
-5.000000e-01 -1.000000e+00 1.505883e+00 
-3.750000e-01 -1.000000e+00 1.725168e+00 
-2.500000e-01 -1.000000e+00 1.881777e+00 
-1.250000e-01 -1.000000e+00 1.975735e+00 
0.000000e+00 -1.000000e+00 2.007053e+00 
1.250000e-01 -1.000000e+00 1.975735e+00 
2.500000e-01 -1.000000e+00 1.881777e+00 
3.750000e-01 -1.000000e+00 1.725168e+00 
5.000000e-01 -1.000000e+00 1.505883e+00 
6.250000e-01 -1.000000e+00 1.223898e+00 
7.500000e-01 -1.000000e+00 8.790914e-01 
8.750000e-01 -1.000000e+00 4.715353e-01 
1.000000e+00 -1.000000e+00 0.000000e+00 
