0.000000000000000000e+00 0.000000000000000000e+00 8.138071274026373203e+00
1.250000000000000069e-02 0.000000000000000000e+00 8.135085083518788451e+00
2.500000000000000139e-02 0.000000000000000000e+00 8.126141786236104281e+00
3.750000000000000555e-02 0.000000000000000000e+00 8.111283503722233945e+00
5.000000000000000278e-02 0.000000000000000000e+00 8.090583133587763598e+00
6.250000000000000000e-02 0.000000000000000000e+00 8.064137188998770966e+00
7.500000000000001110e-02 3.552713678800500929e-15 8.032073586753966765e+00
8.750000000000000833e-02 0.000000000000000000e+00 7.994537726456769633e+00
1.000000000000000056e-01 0.000000000000000000e+00 7.951707283028724760e+00
1.125000000000000028e-01 0.000000000000000000e+00 7.903768994759907685e+00
1.250000000000000000e-01 -3.552713678800500929e-15 7.850942761460522945e+00
1.375000000000000111e-01 0.000000000000000000e+00 7.793447653151581278e+00
1.500000000000000222e-01 0.000000000000000000e+00 7.731536536806615345e+00
1.625000000000000056e-01 0.000000000000000000e+00 7.665450987947828310e+00
1.750000000000000167e-01 0.000000000000000000e+00 7.595466503834536809e+00
1.875000000000000000e-01 0.000000000000000000e+00 7.521837148825810004e+00
2.000000000000000111e-01 3.552713678800500929e-15 7.444850304826744036e+00
2.125000000000000222e-01 0.000000000000000000e+00 7.364762878124288648e+00
2.250000000000000056e-01 -3.552713678800500929e-15 7.281863607958229068e+00
2.375000000000000167e-01 0.000000000000000000e+00 7.196403415810664228e+00
2.500000000000000000e-01 -3.552713678800500929e-15 7.108662618375895192e+00
2.625000000000000111e-01 0.000000000000000000e+00 7.018878464436312470e+00
2.750000000000000222e-01 -3.552713678800500929e-15 6.927314211744999284e+00
2.875000000000000333e-01 0.000000000000000000e+00 6.834187070597749880e+00
3.000000000000000444e-01 3.552713678800500929e-15 6.739735996121943629e+00
3.125000000000000000e-01 0.000000000000000000e+00 6.644153175736178696e+00
3.250000000000000111e-01 0.000000000000000000e+00 6.547647518802826028e+00
3.375000000000000222e-01 0.000000000000000000e+00 6.450382544068652635e+00
3.500000000000000333e-01 0.000000000000000000e+00 6.352532859265757281e+00
3.625000000000000444e-01 0.000000000000000000e+00 6.254230889783841008e+00
3.750000000000000000e-01 -3.552713678800500929e-15 6.155614068170372377e+00
3.875000000000000111e-01 0.000000000000000000e+00 6.056782359477644206e+00
4.000000000000000222e-01 0.000000000000000000e+00 5.957834366342247279e+00
4.125000000000000333e-01 0.000000000000000000e+00 5.858837101769793776e+00
4.250000000000000444e-01 3.552713678800500929e-15 5.759849713158935458e+00
4.375000000000000000e-01 0.000000000000000000e+00 5.660906466732932074e+00
4.500000000000000111e-01 0.000000000000000000e+00 5.562027272443508252e+00
4.625000000000000222e-01 0.000000000000000000e+00 5.463214396424312724e+00
4.750000000000000333e-01 0.000000000000000000e+00 5.364449413057130300e+00
4.875000000000000444e-01 0.000000000000000000e+00 5.265703758160313441e+00
5.000000000000000000e-01 3.552713678800500929e-15 5.166922143852211491e+00
5.125000000000000666e-01 0.000000000000000000e+00 5.068046698114997639e+00
5.250000000000000222e-01 0.000000000000000000e+00 4.968987263897624018e+00
5.374999999999999778e-01 0.000000000000000000e+00 4.869658522796051159e+00
5.500000000000000444e-01 3.552713678800500929e-15 4.769937982490439765e+00
5.625000000000000000e-01 0.000000000000000000e+00 4.669715129187594016e+00
5.750000000000000666e-01 0.000000000000000000e+00 4.568838313694612907e+00
5.875000000000000222e-01 0.000000000000000000e+00 4.467174590783621113e+00
6.000000000000000888e-01 0.000000000000000000e+00 4.364547174149450370e+00
6.125000000000000444e-01 0.000000000000000000e+00 4.260804171609450464e+00
6.250000000000000000e-01 3.552713678800500929e-15 4.155748824605083769e+00
6.375000000000000666e-01 0.000000000000000000e+00 4.049214808483277750e+00
6.500000000000000222e-01 0.000000000000000000e+00 3.940992135855488243e+00
6.625000000000000888e-01 0.000000000000000000e+00 3.830906037421286214e+00
6.750000000000000444e-01 -3.552713678800500929e-15 3.718742229042803160e+00
6.875000000000000000e-01 0.000000000000000000e+00 3.604325601334664952e+00
7.000000000000000666e-01 0.000000000000000000e+00 3.487449590827985446e+00
7.125000000000000222e-01 0.000000000000000000e+00 3.367949965323873585e+00
7.250000000000000888e-01 0.000000000000000000e+00 3.245644438563516587e+00
7.375000000000000444e-01 0.000000000000000000e+00 3.120395698579031318e+00
7.500000000000000000e-01 3.552713678800500929e-15 2.992069481714253243e+00
7.625000000000000666e-01 0.000000000000000000e+00 2.860579523452074113e+00
7.750000000000000222e-01 0.000000000000000000e+00 2.725875688105936945e+00
7.875000000000000888e-01 0.000000000000000000e+00 2.587961386473971004e+00
8.000000000000000444e-01 -3.552713678800500929e-15 2.446928857990521067e+00
8.125000000000000000e-01 0.000000000000000000e+00 2.302936087695179879e+00
8.250000000000000666e-01 0.000000000000000000e+00 2.156313810888470073e+00
8.375000000000000222e-01 0.000000000000000000e+00 2.007483080580300339e+00
8.500000000000000888e-01 0.000000000000000000e+00 1.857163680921495086e+00
8.625000000000000444e-01 0.000000000000000000e+00 1.706205197715526367e+00
8.750000000000000000e-01 3.552713678800500929e-15 1.555916718194765735e+00
8.875000000000000666e-01 0.000000000000000000e+00 1.407778136603525354e+00
9.000000000000000222e-01 0.000000000000000000e+00 1.263868732251346216e+00
9.125000000000000888e-01 0.000000000000000000e+00 1.126435800326184733e+00
9.250000000000000444e-01 -3.552713678800500929e-15 9.983250376931067649e-01
9.375000000000000000e-01 0.000000000000000000e+00 8.824312432846923571e-01
9.500000000000000666e-01 0.000000000000000000e+00 7.819762079277197131e-01
9.625000000000000222e-01 0.000000000000000000e+00 6.999519445480970603e-01
9.750000000000000888e-01 0.000000000000000000e+00 6.391369952052983194e-01
9.875000000000000444e-01 0.000000000000000000e+00 6.017094573766854637e-01
1.000000000000000000e+00 0.000000000000000000e+00 5.890609905448087602e-01
