0.000000000000000000e+00 0.000000000000000000e+00 8.114709151169350321e+00
1.041666666666666609e-02 0.000000000000000000e+00 8.112646999814899118e+00
2.083333333333333218e-02 -3.552713678800500929e-15 8.106467882988482643e+00
3.125000000000000000e-02 0.000000000000000000e+00 8.096192018088352427e+00
4.166666666666666435e-02 -7.105427357601001859e-15 8.081854370552839839e+00
5.208333333333332871e-02 0.000000000000000000e+00 8.063501708920270517e+00
6.250000000000000000e-02 -3.552713678800500929e-15 8.041195758037453345e+00
7.291666666666665741e-02 0.000000000000000000e+00 8.015007968347532596e+00
8.333333333333332871e-02 3.552713678800500929e-15 7.985025053793137317e+00
9.375000000000000000e-02 0.000000000000000000e+00 7.951340521590168464e+00
1.041666666666666574e-01 -7.105427357601001859e-15 7.914063493723247689e+00
1.145833333333333287e-01 0.000000000000000000e+00 7.873306298750883059e+00
1.250000000000000000e-01 -7.105427357601001859e-15 7.829197207837196970e+00
1.354166666666666574e-01 0.000000000000000000e+00 7.781863694121021524e+00
1.458333333333333148e-01 -3.552713678800500929e-15 7.731449405093599125e+00
1.562500000000000000e-01 0.000000000000000000e+00 7.678093019233557470e+00
1.666666666666666574e-01 0.000000000000000000e+00 7.621949454833043092e+00
1.770833333333333148e-01 0.000000000000000000e+00 7.563164569712355956e+00
1.875000000000000000e-01 -7.105427357601001859e-15 7.501900299618981194e+00
1.979166666666666574e-01 0.000000000000000000e+00 7.438305730192972476e+00
2.083333333333333148e-01 3.552713678800500929e-15 7.372545588859061638e+00
2.187500000000000000e-01 0.000000000000000000e+00 7.304768449997908419e+00
2.291666666666666574e-01 0.000000000000000000e+00 7.235137789580775802e+00
2.395833333333333148e-01 0.000000000000000000e+00 7.163798253085204237e+00
2.500000000000000000e-01 7.105427357601001859e-15 7.090908331479070625e+00
2.604166666666666297e-01 0.000000000000000000e+00 7.016605722544014156e+00
2.708333333333333148e-01 0.000000000000000000e+00 6.941040602642537749e+00
2.812500000000000000e-01 0.000000000000000000e+00 6.864341148034675655e+00
2.916666666666666297e-01 0.000000000000000000e+00 6.786646355427322419e+00
3.020833333333333148e-01 0.000000000000000000e+00 6.708072768072874226e+00
3.125000000000000000e-01 7.105427357601001859e-15 6.628745831126927612e+00
3.229166666666666297e-01 0.000000000000000000e+00 6.548768798567266458e+00
3.333333333333333148e-01 0.000000000000000000e+00 6.468251685797120842e+00
3.437500000000000000e-01 0.000000000000000000e+00 6.387283230112082322e+00
3.541666666666666297e-01 0.000000000000000000e+00 6.305956610590087053e+00
3.645833333333333148e-01 0.000000000000000000e+00 6.224345209286617830e+00
3.750000000000000000e-01 7.105427357601001859e-15 6.142524395509241231e+00
3.854166666666666297e-01 0.000000000000000000e+00 6.060551698291817502e+00
3.958333333333333148e-01 0.000000000000000000e+00 5.978484088276552200e+00
4.062500000000000000e-01 0.000000000000000000e+00 5.896363033342808535e+00
4.166666666666666297e-01 0.000000000000000000e+00 5.814226848424610239e+00
4.270833333333333148e-01 0.000000000000000000e+00 5.732100972025463648e+00
4.375000000000000000e-01 7.105427357601001859e-15 5.650005086731496817e+00
4.479166666666666297e-01 0.000000000000000000e+00 5.567948828681551277e+00
4.583333333333333148e-01 0.000000000000000000e+00 5.485933506206279731e+00
4.687500000000000000e-01 0.000000000000000000e+00 5.403953338678626039e+00
4.791666666666666297e-01 0.000000000000000000e+00 5.321991716892028990e+00
4.895833333333333148e-01 0.000000000000000000e+00 5.240027961342569540e+00
5.000000000000000000e-01 0.000000000000000000e+00 5.158028177068004538e+00
5.104166666666666297e-01 0.000000000000000000e+00 5.075957421880687548e+00
5.208333333333332593e-01 0.000000000000000000e+00 4.993765313397915406e+00
5.312500000000000000e-01 0.000000000000000000e+00 4.911403401134634805e+00
5.416666666666666297e-01 0.000000000000000000e+00 4.828805788793459897e+00
5.520833333333332593e-01 0.000000000000000000e+00 4.745911405505765401e+00
5.625000000000000000e-01 0.000000000000000000e+00 4.662640017384802604e+00
5.729166666666666297e-01 0.000000000000000000e+00 4.578918987091633142e+00
5.833333333333332593e-01 0.000000000000000000e+00 4.494655171051562093e+00
5.937500000000000000e-01 0.000000000000000000e+00 4.409765637051961562e+00
6.041666666666666297e-01 0.000000000000000000e+00 4.324146083556996700e+00
6.145833333333332593e-01 0.000000000000000000e+00 4.237704846627671884e+00
6.250000000000000000e-01 0.000000000000000000e+00 4.150328641628519222e+00
6.354166666666666297e-01 0.000000000000000000e+00 4.061919028105009488e+00
6.458333333333332593e-01 0.000000000000000000e+00 3.972356468338574587e+00
6.562500000000000000e-01 0.000000000000000000e+00 3.881538227445929579e+00
6.666666666666666297e-01 0.000000000000000000e+00 3.789341975278297525e+00
6.770833333333332593e-01 0.000000000000000000e+00 3.695663874975494423e+00
6.875000000000000000e-01 0.000000000000000000e+00 3.600383236052152824e+00
6.979166666666666297e-01 0.000000000000000000e+00 3.503399283631743799e+00
7.083333333333332593e-01 0.000000000000000000e+00 3.404598723072567168e+00
7.187500000000000000e-01 0.000000000000000000e+00 3.303889376199123262e+00
7.291666666666666297e-01 0.000000000000000000e+00 3.201172986445811830e+00
7.395833333333332593e-01 0.000000000000000000e+00 3.096373538475852172e+00
7.500000000000000000e-01 0.000000000000000000e+00 2.989418304768726387e+00
7.604166666666666297e-01 0.000000000000000000e+00 2.880258185926948045e+00
7.708333333333332593e-01 0.000000000000000000e+00 2.768861018117682704e+00
7.812500000000000000e-01 0.000000000000000000e+00 2.655220589100323991e+00
7.916666666666666297e-01 0.000000000000000000e+00 2.539367754827743795e+00
8.020833333333332593e-01 0.000000000000000000e+00 2.421363739497465417e+00
8.125000000000000000e-01 0.000000000000000000e+00 2.301336653624993289e+00
8.229166666666666297e-01 0.000000000000000000e+00 2.179453079070938770e+00
8.333333333333332593e-01 0.000000000000000000e+00 2.055989546913011168e+00
8.437500000000000000e-01 0.000000000000000000e+00 1.931274198842757528e+00
8.541666666666666297e-01 0.000000000000000000e+00 1.805802842149653031e+00
8.645833333333332593e-01 0.000000000000000000e+00 1.680140262279692820e+00
8.750000000000000000e-01 0.000000000000000000e+00 1.555085333199500042e+00
8.854166666666666297e-01 0.000000000000000000e+00 1.431521297425604189e+00
8.958333333333332593e-01 0.000000000000000000e+00 1.310620823623537490e+00
9.062500000000000000e-01 0.000000000000000000e+00 1.193639930109682723e+00
9.166666666666666297e-01 0.000000000000000000e+00 1.082132797960625226e+00
9.270833333333332593e-01 0.000000000000000000e+00 9.776987628099718108e-01
9.375000000000000000e-01 0.000000000000000000e+00 8.821578933139306855e-01
9.479166666666666297e-01 0.000000000000000000e+00 7.972838763479899171e-01
9.583333333333332593e-01 0.000000000000000000e+00 7.248920074156046667e-01
9.687500000000000000e-01 0.000000000000000000e+00 6.666123504026515434e-01
9.791666666666666297e-01 0.000000000000000000e+00 6.238736499813342107e-01
9.895833333333332593e-01 0.000000000000000000e+00 5.977721589995752538e-01
1.000000000000000000e+00 0.000000000000000000e+00 5.889879100156463210e-01
