#istep,Nusselt,vrms
0.000000e+00 3.9241313817 89.5561178649 -3.9241313817 3.9241313817 
1.000000e+00 13.7955411263 924.4243943928 -13.7955411263 13.7955411263 
2.000000e+00 20.3178803254 1150.7568735157 -20.3178803254 20.3178803254 
3.000000e+00 23.5565800527 1132.1413521892 -23.5565800527 23.5565800527 
4.000000e+00 24.7134736469 1049.2237559863 -24.7134736469 24.7134736469 
5.000000e+00 24.8125792594 970.6372169583 -24.8125792594 24.8125792594 
6.000000e+00 24.4965904194 914.2150035642 -24.4965904194 24.4965904194 
7.000000e+00 24.0973647047 878.7609427062 -24.0973647047 24.0973647047 
8.000000e+00 23.7517573445 858.2003184088 -23.7517573445 23.7517573445 
9.000000e+00 23.4952166375 846.8589044293 -23.4952166375 23.4952166375 
1.000000e+01 23.3203971796 840.7757177180 -23.3203971797 23.3203971796 
1.100000e+01 23.2075297770 837.5487201745 -23.2075297771 23.2075297770 
1.200000e+01 23.1372961347 835.8372828464 -23.1372961347 23.1372961347 
1.300000e+01 23.0947674246 834.9274453684 -23.0947674246 23.0947674246 
1.400000e+01 23.0695884342 834.4454752675 -23.0695884342 23.0695884342 
1.500000e+01 23.0549933534 834.1943143311 -23.0549933534 23.0549933534 
1.600000e+01 23.0467187397 834.0678109083 -23.0467187397 23.0467187397 
1.700000e+01 23.0421426069 834.0076013803 -23.0421426069 23.0421426069 
1.800000e+01 23.0396836717 833.9814076354 -23.0396836717 23.0396836717 
1.900000e+01 23.0384065068 833.9716564439 -23.0384065068 23.0384065068 
2.000000e+01 23.0377696795 833.9691453636 -23.0377696795 23.0377696795 
2.100000e+01 23.0374677987 833.9693522179 -23.0374677987 23.0374677987 
2.200000e+01 23.0373338377 833.9702596059 -23.0373338378 23.0373338377 
2.300000e+01 23.0372797365 833.9711018793 -23.0372797365 23.0372797365 
2.400000e+01 23.0372610711 833.9716792433 -23.0372610711 23.0372610711 
2.500000e+01 23.0372566236 833.9720092601 -23.0372566237 23.0372566236 
2.600000e+01 23.0372569642 833.9721673108 -23.0372569642 23.0372569642 
