# #y,T
0.000000000000000000e+00 9.999999999999993339e-01
2.083333333333333218e-02 8.992668555077001358e-01
4.166666666666666435e-02 8.043459542133135631e-01
6.250000000000000000e-02 7.200584164251212504e-01
8.333333333333332871e-02 6.492067923569296850e-01
1.041666666666666574e-01 5.927449763688581452e-01
1.250000000000000000e-01 5.498859799734965303e-01
1.458333333333333148e-01 5.187505604761807332e-01
1.666666666666666574e-01 4.971754829505777296e-01
1.874999999999999722e-01 4.828555050998123432e-01
2.083333333333333148e-01 4.739971775024032219e-01
2.291666666666666297e-01 4.690245083726527486e-01
2.500000000000000000e-01 4.668662906547044189e-01
2.708333333333333148e-01 4.666599567096611501e-01
2.916666666666666297e-01 4.678272451483120320e-01
3.125000000000000000e-01 4.699234776945713787e-01
3.333333333333333148e-01 4.726392266712230450e-01
3.541666666666666297e-01 4.757465921054130908e-01
3.749999999999999445e-01 4.790845076322280960e-01
3.958333333333333703e-01 4.825429173085613033e-01
4.166666666666666297e-01 4.860486217184692426e-01
4.375000000000000000e-01 4.895599584420010641e-01
4.583333333333332593e-01 4.930562382656374920e-01
4.791666666666665741e-01 4.965341077818573590e-01
5.000000000000000000e-01 5.000000000001918465e-01
5.208333333333332593e-01 5.034658922185272223e-01
5.416666666666666297e-01 5.069437617347491987e-01
5.625000000000000000e-01 5.104400415583884021e-01
5.833333333333332593e-01 5.139513782819215004e-01
6.041666666666666297e-01 5.174570826918252209e-01
6.250000000000000000e-01 5.209154923681492688e-01
6.458333333333332593e-01 5.242534078949523391e-01
6.666666666666666297e-01 5.273607733291291177e-01
6.875000000000000000e-01 5.300765223057684050e-01
7.083333333333332593e-01 5.321727548520134299e-01
7.291666666666666297e-01 5.333400432906445499e-01
7.499999999999998890e-01 5.331337093455745801e-01
7.708333333333332593e-01 5.309754916275938319e-01
7.916666666666667407e-01 5.260028224978060551e-01
8.125000000000000000e-01 5.171444949003551894e-01
8.333333333333332593e-01 5.028245170495465599e-01
8.541666666666665186e-01 4.812494395239057532e-01
8.750000000000000000e-01 4.501140200265589253e-01
8.958333333333332593e-01 4.072550236311733851e-01
9.166666666666665186e-01 3.507932076430839152e-01
9.375000000000000000e-01 2.799415835748835790e-01
9.583333333333331483e-01 1.956540457866870197e-01
9.791666666666665186e-01 1.007331444922993230e-01
1.000000000000000000e+00 -3.452799416096349263e-42
