# #y,T
0.000000000000000000e+00 9.999999999999974465e-01
8.928571428571428076e-03 9.564699066813469042e-01
1.785714285714285615e-02 9.134188530630008573e-01
2.678571428571428423e-02 8.713103331708698107e-01
3.571428571428571230e-02 8.305694120226463362e-01
4.464285714285713691e-02 7.915783758321979224e-01
5.357142857142856845e-02 7.546531510800690290e-01
6.250000000000000000e-02 7.200497762764648257e-01
7.142857142857142461e-02 6.879469104322626372e-01
8.035714285714284921e-02 6.584589841257147969e-01
8.928571428571427382e-02 6.316292567948672554e-01
9.821428571428571230e-02 6.074437725033940971e-01
1.071428571428571369e-01 5.858359003942605892e-01
1.160714285714285754e-01 5.666959436922294202e-01
1.250000000000000000e-01 5.498849440974056257e-01
1.339285714285714246e-01 5.352371979673289371e-01
1.428571428571428492e-01 5.225793701296949090e-01
1.517857142857142461e-01 5.117259218148753064e-01
1.607142857142856984e-01 5.024994505197417638e-01
1.696428571428571230e-01 4.947210109914333409e-01
1.785714285714285476e-01 4.882285939275393671e-01
1.874999999999999722e-01 4.828650695276122118e-01
1.964285714285714246e-01 4.784931263415490577e-01
2.053571428571428215e-01 4.749832685220396478e-01
2.142857142857142738e-01 4.722247863916431698e-01
2.232142857142856984e-01 4.701153936179892079e-01
2.321428571428571508e-01 4.685686193487869633e-01
2.410714285714285476e-01 4.675057649457155518e-01
2.500000000000000000e-01 4.668604797259285899e-01
2.589285714285713969e-01 4.665730377307293342e-01
2.678571428571428492e-01 4.665929093364718505e-01
2.767857142857142461e-01 4.668749858399196540e-01
2.857142857142856984e-01 4.673808382911975867e-01
2.946428571428571508e-01 4.680763972561166608e-01
3.035714285714284921e-01 4.689324141541487689e-01
3.125000000000000000e-01 4.699231359137389652e-01
3.214285714285713969e-01 4.710263187260776974e-01
3.303571428571428492e-01 4.722225344141778303e-01
3.392857142857142461e-01 4.734949576706781182e-01
3.482142857142856984e-01 4.748290469008493719e-01
3.571428571428570953e-01 4.762122362258043307e-01
3.660714285714285476e-01 4.776338222653300214e-01
3.749999999999999445e-01 4.790846341873071235e-01
3.839285714285713969e-01 4.805570225915772875e-01
3.928571428571428492e-01 4.820445454612792835e-01
4.017857142857142461e-01 4.835419985094495665e-01
4.107142857142856429e-01 4.850451342403693800e-01
4.196428571428570953e-01 4.865507002108241386e-01
4.285714285714285476e-01 4.880561969512430265e-01
4.375000000000000000e-01 4.895599067355989042e-01
4.464285714285713969e-01 4.910606901849280947e-01
4.553571428571428492e-01 4.925579972664383965e-01
4.642857142857143016e-01 4.940516997299239099e-01
4.732142857142856984e-01 4.955420808443897207e-01
4.821428571428570953e-01 4.970297000187542391e-01
4.910714285714284921e-01 4.985153599469306918e-01
5.000000000000000000e-01 4.999999999995340949e-01
5.089285714285713969e-01 5.014846400521371095e-01
5.178571428571427937e-01 5.029702999803142838e-01
5.267857142857143016e-01 5.044579191546794128e-01
5.357142857142856984e-01 5.059483002691457232e-01
5.446428571428570953e-01 5.074420027326316252e-01
5.535714285714284921e-01 5.089393098141419269e-01
5.625000000000000000e-01 5.104400932634726162e-01
5.714285714285713969e-01 5.119438030478298263e-01
5.803571428571427937e-01 5.134492997882490473e-01
5.892857142857143016e-01 5.149548657587031952e-01
5.982142857142856984e-01 5.164580014896221760e-01
6.071428571428569843e-01 5.179554545377905717e-01
6.160714285714283811e-01 5.194429774074914574e-01
6.250000000000000000e-01 5.209153658117605667e-01
6.339285714285713969e-01 5.223661777337372802e-01
6.428571428571427937e-01 5.237877637732641922e-01
6.517857142857143016e-01 5.251709530982219265e-01
6.607142857142856984e-01 5.265050423283973435e-01
6.696428571428570953e-01 5.277774655849025720e-01
6.785714285714284921e-01 5.289736812730082560e-01
6.875000000000000000e-01 5.300768640853535940e-01
6.964285714285713969e-01 5.310675858449511733e-01
7.053571428571427937e-01 5.319236027429909974e-01
7.142857142857141906e-01 5.326191617079188978e-01
7.232142857142855874e-01 5.331250141592073222e-01
7.321428571428570953e-01 5.334070906626675601e-01
7.410714285714284921e-01 5.334269622684248979e-01
7.499999999999998890e-01 5.331395202732421845e-01
7.589285714285713969e-01 5.324942350534740410e-01
7.678571428571427937e-01 5.314313806504238347e-01
7.767857142857141906e-01 5.298846063812432394e-01
7.857142857142856984e-01 5.277752136076121481e-01
7.946428571428570953e-01 5.250167314772403726e-01
8.035714285714284921e-01 5.215068736577591624e-01
8.125000000000000000e-01 5.171349304717255402e-01
8.214285714285712858e-01 5.117714060718314695e-01
8.303571428571427937e-01 5.052789890079733004e-01
8.392857142857141906e-01 4.975005494797043459e-01
8.482142857142856984e-01 4.882740781846113820e-01
8.571428571428570953e-01 4.774206298698350781e-01
8.660714285714284921e-01 4.647628020322460696e-01
8.750000000000000000e-01 4.501150559022152331e-01
8.839285714285713969e-01 4.333040563074384011e-01
8.928571428571427937e-01 4.141640996054536394e-01
9.017857142857141906e-01 3.925562274963654841e-01
9.107142857142856984e-01 3.683707432049350694e-01
9.196428571428572063e-01 3.415410158741273849e-01
9.285714285714286031e-01 3.120530895676150718e-01
9.375000000000000000e-01 2.799502237234437474e-01
9.464285714285713969e-01 2.453468489198650793e-01
9.553571428571427937e-01 2.084216241677571968e-01
9.642857142857141906e-01 1.694305879773248258e-01
9.732142857142856984e-01 1.286896668291126478e-01
9.821428571428569843e-01 8.658114693698996944e-02
9.910714285714283811e-01 4.353009331864927944e-02
1.000000000000000000e+00 2.690493051503648776e-43
