# #y,T
0.000000000000000000e+00 1.000000000000000888e+00
3.125000000000000000e-02 8.508112562268731471e-01
6.250000000000000000e-02 7.199546427164167373e-01
9.374999999999998612e-02 6.191708878057664567e-01
1.250000000000000000e-01 5.498797617627823042e-01
1.562500000000000000e-01 5.068288760504424673e-01
1.874999999999999722e-01 4.829322327237938750e-01
2.187500000000000000e-01 4.710732075858281576e-01
2.500000000000000000e-01 4.668947394447474086e-01
2.812500000000000000e-01 4.671032849893465566e-01
3.125000000000000000e-01 4.699294402152417449e-01
3.437500000000000000e-01 4.741562392597483688e-01
3.749999999999999445e-01 4.790846216946358371e-01
4.062500000000000000e-01 4.842934627218685728e-01
4.375000000000000000e-01 4.895596725344540379e-01
4.687500000000000000e-01 4.947973988622331731e-01
5.000000000000000000e-01 5.000000000000336398e-01
5.312500000000000000e-01 5.052026011378329962e-01
5.625000000000000000e-01 5.104403274656114098e-01
5.937500000000000000e-01 5.157065372781990398e-01
6.250000000000000000e-01 5.209153783054285558e-01
6.562500000000000000e-01 5.258437607403084746e-01
6.875000000000000000e-01 5.300705597848103245e-01
7.187500000000000000e-01 5.328967150107030148e-01
7.499999999999998890e-01 5.331052605553021628e-01
7.812500000000000000e-01 5.289267924142216915e-01
8.125000000000000000e-01 5.170677672762511445e-01
8.437500000000000000e-01 4.931711239495933374e-01
8.750000000000000000e-01 4.501202382372416766e-01
9.062500000000000000e-01 3.808291121942446456e-01
9.375000000000000000e-01 2.800453572835832627e-01
9.687500000000000000e-01 1.491887437731255484e-01
1.000000000000000000e+00 -2.690493051503648776e-43
