# #y,T
0.000000000000000000e+00 1.000000000000000444e+00
1.562500000000000000e-02 6.990461328676567110e-01
3.125000000000000000e-02 5.364306846955489982e-01
4.687499999999999306e-02 4.742095773763616018e-01
6.250000000000000000e-02 4.597275156173730171e-01
7.812500000000000000e-02 4.628246490294893878e-01
9.374999999999998612e-02 4.727805706351289050e-01
1.093750000000000000e-01 4.823643157083809530e-01
1.250000000000000000e-01 4.897490816771824518e-01
1.406250000000000000e-01 4.942705624416048882e-01
1.562500000000000000e-01 4.967593221762827138e-01
1.718750000000000000e-01 4.978680075503011393e-01
1.874999999999999722e-01 4.983453147769090208e-01
2.031250000000000000e-01 4.985419445842204089e-01
2.187500000000000000e-01 4.986902211006503660e-01
2.343750000000000000e-01 4.988299847730313097e-01
2.500000000000000000e-01 4.989888378037811156e-01
2.656250000000000000e-01 4.991360669810057660e-01
2.812500000000000000e-01 4.992762688227189716e-01
2.968750000000000000e-01 4.993911006333540681e-01
3.125000000000000000e-01 4.994911518362288305e-01
3.281250000000000000e-01 4.995705424504375824e-01
3.437500000000000000e-01 4.996393367936408092e-01
3.593750000000000000e-01 4.996953573414616434e-01
3.749999999999999445e-01 4.997451996751038905e-01
3.906250000000000000e-01 4.997874103545619784e-01
4.062500000000000000e-01 4.998259406088516044e-01
4.218750000000000000e-01 4.998597846517521814e-01
4.375000000000000000e-01 4.998913752882966355e-01
4.531250000000000000e-01 4.999202047031899854e-01
4.687500000000000000e-01 4.999477925854916571e-01
4.843750000000000000e-01 4.999740948191446765e-01
5.000000000000000000e-01 5.000000000001466605e-01
5.156250000000000000e-01 5.000259051811473121e-01
5.312500000000000000e-01 5.000522074148021634e-01
5.468750000000000000e-01 5.000797952971027804e-01
5.625000000000000000e-01 5.001086247119963524e-01
5.781250000000000000e-01 5.001402153485412505e-01
5.937500000000000000e-01 5.001740593914415500e-01
6.093750000000000000e-01 5.002125896457307874e-01
6.250000000000000000e-01 5.002548003251875430e-01
6.406250000000000000e-01 5.003046426588296791e-01
6.562500000000000000e-01 5.003606632066507354e-01
6.718750000000000000e-01 5.004294575498541287e-01
6.875000000000000000e-01 5.005088481640647124e-01
7.031250000000000000e-01 5.006088993669399745e-01
7.187500000000000000e-01 5.007237311775741828e-01
7.343750000000000000e-01 5.008639330192875549e-01
7.499999999999998890e-01 5.010111621965099848e-01
7.656249999999998890e-01 5.011700152272564601e-01
7.812500000000000000e-01 5.013097788996329074e-01
7.968750000000000000e-01 5.014580554160625869e-01
8.125000000000000000e-01 5.016546852233804143e-01
8.281250000000000000e-01 5.021319924500068366e-01
8.437500000000000000e-01 5.032406778240605671e-01
8.593750000000000000e-01 5.057294375587876312e-01
8.750000000000000000e-01 5.102509183232568635e-01
8.906250000000000000e-01 5.176356842920917245e-01
9.062500000000000000e-01 5.272194293653248431e-01
9.218750000000000000e-01 5.371753509708628860e-01
9.375000000000000000e-01 5.402724843827383383e-01
9.531250000000000000e-01 5.257904226234273448e-01
9.687500000000000000e-01 4.635693153040788550e-01
9.843750000000000000e-01 3.009538671322035119e-01
1.000000000000000000e+00 1.793662034335765851e-42
