0  - 0 0.000000000000e+00 0.000000000000e+00 256 2467 1089 1089 0 0 54 57 168 output-stokes/solution/solution-00000 1.37033786e-05 2.71135031e-05 0.00000000e+00 1.00000000e+00 4.55729167e-02 -5.03197892e-01 1.43529936e-14 5.03197892e-01 
1  - 0 0.000000000000e+00 0.000000000000e+00 352 3439 1521 1521 0 0 78 81 320 output-stokes/solution/solution-00000 1.45507640e-05 2.84600734e-05 0.00000000e+00 1.00000000e+00 4.82855903e-02 -5.03213280e-01 3.47524743e-15 5.03213280e-01 
2  - 0 0.000000000000e+00 0.000000000000e+00 532 5347 2369 2369 0 0 82 85 336 output-stokes/solution/solution-00000 1.46361250e-05 2.90992124e-05 0.00000000e+00 1.00000000e+00 4.73361545e-02 -5.03210389e-01 7.50382422e-15 5.03210389e-01 
3  - 0 0.000000000000e+00 0.000000000000e+00 904 9235 4097 4097 0 0 84 87 344 output-stokes/solution/solution-00000 1.47618740e-05 2.93517334e-05 0.00000000e+00 1.00000000e+00 4.79125977e-02 -5.03212539e-01 -1.93002496e-14 5.03212539e-01 
4  - 0 0.000000000000e+00 0.000000000000e+00 1708 17623 7825 7825 0 0 75 78 308 output-stokes/solution/solution-00000 1.48142639e-05 2.95516380e-05 0.00000000e+00 1.00000000e+00 4.79549832e-02 -5.03212870e-01 8.48391493e-14 5.03212870e-01 
5  - 0 0.000000000000e+00 0.000000000000e+00 3256 33787 15009 15009 0 0 81 84 332 output-stokes/solution/solution-00000 1.48167043e-05 2.96334935e-05 0.00000000e+00 1.00000000e+00 4.78774177e-02 -5.03212408e-01 -2.05857821e-13 5.03212408e-01 
6  - 0 0.000000000000e+00 0.000000000000e+00 6424 66799 29681 29681 0 0 87 90 356 output-stokes/solution/solution-00000 1.48212317e-05 2.96652398e-05 0.00000000e+00 1.00000000e+00 4.78792191e-02 -5.03212334e-01 -3.66996045e-13 5.03212334e-01 
7  - 0 0.000000000000e+00 0.000000000000e+00 12760 132895 59057 59057 0 0 87 90 356 output-stokes/solution/solution-00000 1.48226994e-05 2.96770428e-05 0.00000000e+00 1.00000000e+00 4.78838020e-02 -5.03212294e-01 3.28271065e-14 5.03212294e-01 
8  - 0 0.000000000000e+00 0.000000000000e+00 25660 267283 118785 118785 0 0 96 99 392 output-stokes/solution/solution-00000 1.48240901e-05 2.96862864e-05 0.00000000e+00 1.00000000e+00 4.78839411e-02 -5.03212277e-01 2.24762712e-12 5.03212277e-01 
9  - 0 0.000000000000e+00 0.000000000000e+00 51256 534079 237361 237361 0 0 102 106 420 output-stokes/solution/solution-00000 1.48245332e-05 2.96907729e-05 0.00000000e+00 1.00000000e+00 4.78823864e-02 -5.03212262e-01 2.07840407e-12 5.03212262e-01 
