5.075000e+04 2.500000e+02 5.625903e-15 
5.125000e+04 7.500000e+02 5.572520e-15 
5.125000e+04 1.250000e+03 5.467815e-15 
5.175000e+04 1.750000e+03 5.336784e-15 
5.225000e+04 2.250000e+03 5.246204e-15 
5.275000e+04 2.750000e+03 5.267214e-15 
5.375000e+04 3.250000e+03 5.469316e-15 
5.425000e+04 3.750000e+03 5.933871e-15 
5.475000e+04 4.250000e+03 6.628326e-15 
5.525000e+04 4.750000e+03 7.575551e-15 
5.575000e+04 5.250000e+03 8.812550e-15 
5.625000e+04 5.750000e+03 1.037444e-14 
5.675000e+04 6.250000e+03 1.233627e-14 
5.675000e+04 6.750000e+03 1.464300e-14 
5.725000e+04 7.250000e+03 2.243106e-14 
5.775000e+04 7.750000e+03 2.411300e-14 
6.025000e+04 8.250000e+03 1.796931e-14 
5.925000e+04 8.750000e+03 2.169881e-14 
5.975000e+04 9.250000e+03 1.939514e-14 
5.975000e+04 9.750000e+03 2.456310e-14 
5.775000e+04 1.025000e+04 9.516067e-15 
5.925000e+04 1.075000e+04 5.320975e-14 
6.025000e+04 1.125000e+04 2.612674e-14 
5.825000e+04 1.175000e+04 2.004044e-14 
5.475000e+04 1.225000e+04 1.889609e-14 
5.375000e+04 1.275000e+04 1.857206e-14 
5.275000e+04 1.325000e+04 1.811379e-14 
5.175000e+04 1.375000e+04 1.749785e-14 
5.125000e+04 1.425000e+04 1.730919e-14 
5.025000e+04 1.475000e+04 1.697750e-14 
4.925000e+04 1.525000e+04 1.654487e-14 
4.875000e+04 1.575000e+04 1.636771e-14 
4.775000e+04 1.625000e+04 1.612934e-14 
4.675000e+04 1.675000e+04 1.582517e-14 
4.625000e+04 1.725000e+04 1.562226e-14 
4.525000e+04 1.775000e+04 1.546107e-14 
4.425000e+04 1.825000e+04 1.525370e-14 
4.325000e+04 1.875000e+04 1.501055e-14 
4.275000e+04 1.925000e+04 1.490135e-14 
4.175000e+04 1.975000e+04 1.477122e-14 
4.075000e+04 2.025000e+04 1.461330e-14 
3.975000e+04 2.075000e+04 1.443403e-14 
3.925000e+04 2.125000e+04 1.433665e-14 
3.825000e+04 2.175000e+04 1.424932e-14 
3.725000e+04 2.225000e+04 1.414466e-14 
3.625000e+04 2.275000e+04 1.402685e-14 
3.525000e+04 2.325000e+04 1.389978e-14 
3.475000e+04 2.375000e+04 1.385576e-14 
3.375000e+04 2.425000e+04 1.380509e-14 
3.275000e+04 2.475000e+04 1.374642e-14 
3.175000e+04 2.525000e+04 1.368223e-14 
3.075000e+04 2.575000e+04 1.361484e-14 
3.025000e+04 2.625000e+04 1.356156e-14 
2.925000e+04 2.675000e+04 1.356163e-14 
2.825000e+04 2.725000e+04 1.356487e-14 
2.725000e+04 2.775000e+04 1.356739e-14 
2.625000e+04 2.825000e+04 1.356537e-14 
2.525000e+04 2.875000e+04 1.358133e-14 
2.425000e+04 2.925000e+04 1.358778e-14 
2.325000e+04 2.975000e+04 1.376362e-14 
