0.000000e+00 1.411106e-14 0.000000e+00 0.000000e+00 0.000000e+00
1.600000e+04 1.310895e-14 -1.566798e-12 0.000000e+00 0.000000e+00
3.200000e+04 1.180809e-14 -3.169242e-12 0.000000e+00 0.000000e+00
4.800000e+04 1.079513e-14 -4.843138e-12 0.000000e+00 0.000000e+00
6.400000e+04 9.988069e-15 -6.625705e-12 0.000000e+00 0.000000e+00
8.000000e+04 9.336072e-15 -8.555806e-12 0.000000e+00 0.000000e+00
9.600000e+04 8.806148e-15 -1.067457e-11 0.000000e+00 0.000000e+00
1.120000e+05 8.376160e-15 -1.302597e-11 0.000000e+00 0.000000e+00
1.280000e+05 8.032143e-15 -1.565743e-11 0.000000e+00 0.000000e+00
1.440000e+05 7.767235e-15 -1.862035e-11 0.000000e+00 0.000000e+00
1.600000e+05 7.581495e-15 -2.197060e-11 0.000000e+00 0.000000e+00
1.760000e+05 7.482419e-15 -2.576881e-11 0.000000e+00 0.000000e+00
1.920000e+05 7.485935e-15 -3.008013e-11 0.000000e+00 0.000000e+00
2.080000e+05 7.616583e-15 -3.497312e-11 0.000000e+00 0.000000e+00
2.240000e+05 7.901760e-15 -4.051635e-11 0.000000e+00 0.000000e+00
2.400000e+05 8.343482e-15 -4.677071e-11 0.000000e+00 0.000000e+00
2.560000e+05 8.826787e-15 -5.377267e-11 0.000000e+00 0.000000e+00
2.720000e+05 8.918718e-15 -6.150081e-11 0.000000e+00 0.000000e+00
2.880000e+05 7.782752e-15 -6.981560e-11 0.000000e+00 0.000000e+00
3.040000e+05 5.268433e-15 -7.837382e-11 0.000000e+00 0.000000e+00
3.200000e+05 -1.012863e-14 -8.657565e-11 0.000000e+00 0.000000e+00
3.360000e+05 -2.530523e-14 -9.353265e-11 0.000000e+00 0.000000e+00
3.520000e+05 -2.714014e-14 -9.834333e-11 0.000000e+00 0.000000e+00
3.680000e+05 -2.705862e-14 -1.003729e-10 0.000000e+00 0.000000e+00
3.840000e+05 -2.497071e-14 -9.923643e-11 0.000000e+00 0.000000e+00
4.000000e+05 -2.109345e-14 -9.477843e-11 0.000000e+00 0.000000e+00
4.160000e+05 -1.474828e-14 -8.704706e-11 0.000000e+00 0.000000e+00
4.320000e+05 -5.492338e-15 -7.631930e-11 0.000000e+00 0.000000e+00
4.480000e+05 1.879315e-14 -6.312075e-11 0.000000e+00 0.000000e+00
4.640000e+05 4.597389e-14 -4.824326e-11 0.000000e+00 0.000000e+00
4.800000e+05 6.444740e-14 -3.246769e-11 0.000000e+00 0.000000e+00
4.960000e+05 8.799654e-14 -1.629482e-11 0.000000e+00 0.000000e+00
5.120000e+05 1.058838e-13 0.000000e+00 0.000000e+00 0.000000e+00
8.000000e+03 1.448450e-14 -7.800510e-13 0.000000e+00 0.000000e+00
2.400000e+04 1.474548e-14 -2.358760e-12 0.000000e+00 0.000000e+00
4.000000e+04 1.536756e-14 -3.990538e-12 0.000000e+00 0.000000e+00
5.600000e+04 1.623579e-14 -5.712101e-12 0.000000e+00 0.000000e+00
7.200000e+04 1.736271e-14 -7.561351e-12 0.000000e+00 0.000000e+00
8.800000e+04 1.875034e-14 -9.578150e-12 0.000000e+00 0.000000e+00
1.040000e+05 2.040605e-14 -1.180491e-11 0.000000e+00 0.000000e+00
1.200000e+05 2.234521e-14 -1.428718e-11 0.000000e+00 0.000000e+00
1.360000e+05 2.458985e-14 -1.707420e-11 0.000000e+00 0.000000e+00
1.520000e+05 2.716469e-14 -2.021944e-11 0.000000e+00 0.000000e+00
1.680000e+05 3.008807e-14 -2.378099e-11 0.000000e+00 0.000000e+00
1.840000e+05 3.335151e-14 -2.782163e-11 0.000000e+00 0.000000e+00
2.000000e+05 3.687362e-14 -3.240825e-11 0.000000e+00 0.000000e+00
2.160000e+05 4.039865e-14 -3.760979e-11 0.000000e+00 0.000000e+00
2.320000e+05 4.328175e-14 -4.349219e-11 0.000000e+00 0.000000e+00
2.480000e+05 4.407584e-14 -5.010697e-11 0.000000e+00 0.000000e+00
2.640000e+05 3.991415e-14 -5.746763e-11 0.000000e+00 0.000000e+00
2.800000e+05 2.626862e-14 -6.550419e-11 0.000000e+00 0.000000e+00
2.960000e+05 -8.275347e-16 -7.398768e-11 0.000000e+00 0.000000e+00
3.120000e+05 -3.501273e-14 -8.243916e-11 0.000000e+00 0.000000e+00
3.280000e+05 -6.798575e-14 -9.015811e-11 0.000000e+00 0.000000e+00
3.440000e+05 -1.029636e-13 -9.612070e-11 0.000000e+00 0.000000e+00
3.600000e+05 -1.310577e-13 -9.960135e-11 0.000000e+00 0.000000e+00
3.760000e+05 -1.444137e-13 -1.000800e-10 0.000000e+00 0.000000e+00
3.920000e+05 -1.440141e-13 -9.729289e-11 0.000000e+00 0.000000e+00
4.080000e+05 -1.296620e-13 -9.118663e-11 0.000000e+00 0.000000e+00
4.240000e+05 -9.993952e-14 -8.191755e-11 0.000000e+00 0.000000e+00
4.400000e+05 -6.212911e-14 -6.989738e-11 0.000000e+00 0.000000e+00
4.560000e+05 -2.429012e-14 -5.574242e-11 0.000000e+00 0.000000e+00
4.720000e+05 1.800901e-14 -4.036765e-11 0.000000e+00 0.000000e+00
4.880000e+05 5.801356e-14 -2.436951e-11 0.000000e+00 0.000000e+00
5.040000e+05 9.407159e-14 -8.134441e-12 0.000000e+00 0.000000e+00
