0  - 0 0.000000000000e+00 0.000000000000e+00 256 2467 1089 1089 0 0 51 54 159 output-stokes/solution/solution-00000 8.71207489e-06 1.95698946e-05 0.00000000e+00 1.00000000e+00 4.55729167e-02 -5.03335950e-01 1.44917715e-14 5.03335950e-01 
1  - 0 0.000000000000e+00 0.000000000000e+00 352 3439 1521 1521 0 0 79 82 324 output-stokes/solution/solution-00000 9.26662654e-06 2.04833722e-05 0.00000000e+00 1.00000000e+00 4.82855903e-02 -5.03359564e-01 5.57083405e-15 5.03359564e-01 
2  - 0 0.000000000000e+00 0.000000000000e+00 532 5347 2369 2369 0 0 81 84 332 output-stokes/solution/solution-00000 9.38153938e-06 2.10825223e-05 0.00000000e+00 1.00000000e+00 4.73361545e-02 -5.03355534e-01 4.75486688e-15 5.03355534e-01 
3  - 0 0.000000000000e+00 0.000000000000e+00 904 9235 4097 4097 0 0 81 84 332 output-stokes/solution/solution-00000 9.46606503e-06 2.12688570e-05 0.00000000e+00 1.00000000e+00 4.79125977e-02 -5.03358848e-01 -1.60191947e-14 5.03358848e-01 
4  - 0 0.000000000000e+00 0.000000000000e+00 1708 17623 7825 7825 0 0 83 86 340 output-stokes/solution/solution-00000 9.51075526e-06 2.14424193e-05 0.00000000e+00 1.00000000e+00 4.79549832e-02 -5.03359568e-01 8.74001993e-14 5.03359568e-01 
5  - 0 0.000000000000e+00 0.000000000000e+00 3256 33787 15009 15009 0 0 84 87 344 output-stokes/solution/solution-00000 9.52066287e-06 2.15244326e-05 0.00000000e+00 1.00000000e+00 4.78774177e-02 -5.03359023e-01 -2.05624804e-13 5.03359023e-01 
6  - 0 0.000000000000e+00 0.000000000000e+00 6424 66799 29681 29681 0 0 87 90 356 output-stokes/solution/solution-00000 9.52589869e-06 2.15538982e-05 0.00000000e+00 1.00000000e+00 4.78792191e-02 -5.03358934e-01 -3.75229367e-13 5.03358934e-01 
7  - 0 0.000000000000e+00 0.000000000000e+00 12760 132895 59057 59057 0 0 88 91 360 output-stokes/solution/solution-00000 9.52768811e-06 2.15648485e-05 0.00000000e+00 1.00000000e+00 4.78838020e-02 -5.03358870e-01 3.57311893e-14 5.03358870e-01 
8  - 0 0.000000000000e+00 0.000000000000e+00 25660 267283 118785 118785 0 0 94 97 384 output-stokes/solution/solution-00000 9.52923948e-06 2.15733987e-05 0.00000000e+00 1.00000000e+00 4.78839411e-02 -5.03358853e-01 2.25265261e-12 5.03358853e-01 
9  - 0 0.000000000000e+00 0.000000000000e+00 51256 534079 237361 237361 0 0 115 119 472 output-stokes/solution/solution-00000 9.52989373e-06 2.15776902e-05 0.00000000e+00 1.00000000e+00 4.78823864e-02 -5.03358835e-01 2.05919849e-12 5.03358835e-01 
