0 0.000000e+00 1.508544e-07 
1 0.000000e+00 1.496308e-06 
2 0.000000e+00 1.021085e-05 
3 0.000000e+00 4.718650e-05 
4 0.000000e+00 1.568892e-04 
5 0.000000e+00 4.117758e-04 
6 0.000000e+00 8.846848e-04 
7 0.000000e+00 1.610317e-03 
8 0.000000e+00 2.548394e-03 
9 0.000000e+00 3.573710e-03 
10 0.000000e+00 4.501035e-03 
11 0.000000e+00 5.136537e-03 
12 0.000000e+00 5.336332e-03 
13 0.000000e+00 5.051003e-03 
14 0.000000e+00 4.341117e-03 
15 0.000000e+00 3.359291e-03 
16 0.000000e+00 2.305274e-03 
17 0.000000e+00 1.368468e-03 
18 0.000000e+00 6.756936e-04 
19 0.000000e+00 2.611928e-04 
20 0.000000e+00 7.216177e-05 
21 0.000000e+00 1.248937e-05 
22 0.000000e+00 1.128259e-06 
23 0.000000e+00 4.178089e-08 
24 0.000000e+00 3.826253e-10 
