5.000000e-01 0.000000e+00 -2.894578e-14 0.000000e+00 5.000929e-01
5.000000e-01 6.250000e-02 -2.808604e-14 -1.443129e-06 4.375942e-01
5.000000e-01 3.125000e-02 -2.871613e-14 -7.135513e-07 4.688435e-01
5.000000e-01 0.000000e+00 -2.894578e-14 0.000000e+00 5.000929e-01
5.000000e-01 6.250000e-02 -2.808604e-14 -1.443129e-06 4.375942e-01
5.000000e-01 3.125000e-02 -2.871613e-14 -7.135513e-07 4.688435e-01
5.000000e-01 6.250000e-02 -2.808604e-14 -1.443129e-06 4.375942e-01
5.000000e-01 1.250000e-01 -2.498002e-14 -3.011013e-06 3.750985e-01
5.000000e-01 9.375000e-02 -2.672862e-14 -2.202032e-06 4.063464e-01
5.000000e-01 6.250000e-02 -2.808604e-14 -1.443129e-06 4.375942e-01
5.000000e-01 1.250000e-01 -2.498002e-14 -3.011013e-06 3.750985e-01
5.000000e-01 9.375000e-02 -2.672862e-14 -2.202032e-06 4.063464e-01
5.000000e-01 1.250000e-01 -2.498002e-14 -3.011013e-06 3.750987e-01
5.000000e-01 1.875000e-01 -2.009504e-14 -4.841958e-06 3.126071e-01
5.000000e-01 1.562500e-01 -2.297468e-14 -3.881064e-06 3.438529e-01
5.000000e-01 1.250000e-01 -2.498002e-14 -3.011013e-06 3.750987e-01
5.000000e-01 1.875000e-01 -2.009504e-14 -4.841958e-06 3.126071e-01
5.000000e-01 1.562500e-01 -2.297468e-14 -3.881064e-06 3.438529e-01
5.000000e-01 1.875000e-01 -2.009504e-14 -4.841958e-06 3.126074e-01
5.000000e-01 2.500000e-01 -1.157408e-14 -7.102523e-06 2.501228e-01
5.000000e-01 2.187500e-01 -1.650069e-14 -5.899927e-06 2.813651e-01
5.000000e-01 1.875000e-01 -2.009504e-14 -4.841958e-06 3.126074e-01
5.000000e-01 2.500000e-01 -1.157408e-14 -7.102523e-06 2.501228e-01
5.000000e-01 2.187500e-01 -1.650069e-14 -5.899927e-06 2.813651e-01
5.000000e-01 2.500000e-01 -1.157408e-14 -7.102523e-06 2.501236e-01
5.000000e-01 3.125000e-01 1.519997e-15 -9.981500e-06 1.876528e-01
5.000000e-01 2.812500e-01 -5.897626e-15 -8.437630e-06 2.188882e-01
5.000000e-01 2.500000e-01 -1.157408e-14 -7.102523e-06 2.501236e-01
5.000000e-01 3.125000e-01 1.519997e-15 -9.981500e-06 1.876528e-01
5.000000e-01 2.812500e-01 -5.897626e-15 -8.437630e-06 2.188882e-01
5.000000e-01 3.125000e-01 1.519997e-15 -9.981500e-06 1.876537e-01
5.000000e-01 3.750000e-01 2.331815e-14 -1.339963e-05 1.252160e-01
5.000000e-01 3.437500e-01 1.103371e-14 -1.163362e-05 1.564348e-01
5.000000e-01 3.125000e-01 1.519997e-15 -9.981500e-06 1.876537e-01
5.000000e-01 3.750000e-01 2.331815e-14 -1.339963e-05 1.252160e-01
5.000000e-01 3.437500e-01 1.103371e-14 -1.163362e-05 1.564348e-01
5.000000e-01 3.750000e-01 2.331815e-14 -1.339963e-05 1.251755e-01
5.000000e-01 4.375000e-01 5.955306e-14 -1.513473e-05 6.285395e-02
5.000000e-01 4.062500e-01 4.054049e-14 -1.487404e-05 9.401472e-02
5.000000e-01 3.750000e-01 2.331815e-14 -1.339963e-05 1.251755e-01
5.000000e-01 4.375000e-01 5.955306e-14 -1.513473e-05 6.285395e-02
5.000000e-01 4.062500e-01 4.054049e-14 -1.487404e-05 9.401472e-02
5.000000e-01 4.375000e-01 5.955306e-14 -1.513473e-05 6.204129e-02
5.000000e-01 5.000000e-01 5.619463e-14 -1.514493e-05 -1.321814e-04
5.000000e-01 4.687500e-01 5.778364e-14 -1.514283e-05 3.095455e-02
5.000000e-01 4.375000e-01 5.955306e-14 -1.513473e-05 6.204129e-02
5.000000e-01 5.000000e-01 5.619463e-14 -1.514493e-05 -1.321814e-04
5.000000e-01 4.687500e-01 5.778364e-14 -1.514283e-05 3.095455e-02
5.000000e-01 5.000000e-01 5.619463e-14 -1.514493e-05 1.321814e-04
5.000000e-01 5.625000e-01 5.243186e-14 -1.513473e-05 -6.204129e-02
5.000000e-01 5.312500e-01 5.438353e-14 -1.514283e-05 -3.095455e-02
5.000000e-01 5.000000e-01 5.619463e-14 -1.514493e-05 1.321814e-04
5.000000e-01 5.625000e-01 5.243186e-14 -1.513473e-05 -6.204129e-02
5.000000e-01 5.312500e-01 5.438353e-14 -1.514283e-05 -3.095455e-02
5.000000e-01 5.625000e-01 5.243186e-14 -1.513473e-05 -6.285395e-02
5.000000e-01 6.250000e-01 1.819031e-14 -1.339963e-05 -1.251755e-01
5.000000e-01 5.937500e-01 3.403881e-14 -1.487404e-05 -9.401472e-02
5.000000e-01 5.625000e-01 5.243186e-14 -1.513473e-05 -6.285395e-02
5.000000e-01 6.250000e-01 1.819031e-14 -1.339963e-05 -1.251755e-01
5.000000e-01 5.937500e-01 3.403881e-14 -1.487404e-05 -9.401472e-02
5.000000e-01 6.250000e-01 1.819031e-14 -1.339963e-05 -1.252160e-01
5.000000e-01 6.875000e-01 -1.873501e-15 -9.981500e-06 -1.876537e-01
5.000000e-01 6.562500e-01 6.664808e-15 -1.163362e-05 -1.564348e-01
5.000000e-01 6.250000e-01 1.819031e-14 -1.339963e-05 -1.252160e-01
5.000000e-01 6.875000e-01 -1.873501e-15 -9.981500e-06 -1.876537e-01
5.000000e-01 6.562500e-01 6.664808e-15 -1.163362e-05 -1.564348e-01
5.000000e-01 6.875000e-01 -1.873501e-15 -9.981500e-06 -1.876528e-01
5.000000e-01 7.500000e-01 -1.382922e-14 -7.102523e-06 -2.501236e-01
5.000000e-01 7.187500e-01 -8.396062e-15 -8.437630e-06 -2.188882e-01
5.000000e-01 6.875000e-01 -1.873501e-15 -9.981500e-06 -1.876528e-01
5.000000e-01 7.500000e-01 -1.382922e-14 -7.102523e-06 -2.501236e-01
5.000000e-01 7.187500e-01 -8.396062e-15 -8.437630e-06 -2.188882e-01
5.000000e-01 7.500000e-01 -1.382922e-14 -7.102523e-06 -2.501228e-01
5.000000e-01 8.125000e-01 -2.133016e-14 -4.841958e-06 -3.126074e-01
5.000000e-01 7.812500e-01 -1.812786e-14 -5.899927e-06 -2.813651e-01
5.000000e-01 7.500000e-01 -1.382922e-14 -7.102523e-06 -2.501228e-01
5.000000e-01 8.125000e-01 -2.133016e-14 -4.841958e-06 -3.126074e-01
5.000000e-01 7.812500e-01 -1.812786e-14 -5.899927e-06 -2.813651e-01
5.000000e-01 8.125000e-01 -2.133016e-14 -4.841958e-06 -3.126071e-01
5.000000e-01 8.750000e-01 -2.625677e-14 -3.011013e-06 -3.750987e-01
5.000000e-01 8.437500e-01 -2.406408e-14 -3.881064e-06 -3.438529e-01
5.000000e-01 8.125000e-01 -2.133016e-14 -4.841958e-06 -3.126071e-01
5.000000e-01 8.750000e-01 -2.625677e-14 -3.011013e-06 -3.750987e-01
5.000000e-01 8.437500e-01 -2.406408e-14 -3.881064e-06 -3.438529e-01
5.000000e-01 8.750000e-01 -2.625677e-14 -3.011013e-06 -3.750985e-01
5.000000e-01 9.375000e-01 -2.867151e-14 -1.443129e-06 -4.375942e-01
5.000000e-01 9.062500e-01 -2.774864e-14 -2.202032e-06 -4.063464e-01
5.000000e-01 8.750000e-01 -2.625677e-14 -3.011013e-06 -3.750985e-01
5.000000e-01 9.375000e-01 -2.867151e-14 -1.443129e-06 -4.375942e-01
5.000000e-01 9.062500e-01 -2.774864e-14 -2.202032e-06 -4.063464e-01
5.000000e-01 9.375000e-01 -2.867151e-14 -1.443129e-06 -4.375942e-01
5.000000e-01 1.000000e+00 -2.940703e-14 0.000000e+00 -5.000929e-01
5.000000e-01 9.687500e-01 -2.925438e-14 -7.135513e-07 -4.688435e-01
5.000000e-01 9.375000e-01 -2.867151e-14 -1.443129e-06 -4.375942e-01
5.000000e-01 1.000000e+00 -2.940703e-14 0.000000e+00 -5.000929e-01
5.000000e-01 9.687500e-01 -2.925438e-14 -7.135513e-07 -4.688435e-01
