 0.000000e+00 25 25 1.000000e+00 1.000000e+00
 1.761800e+00 16 36 6.400000e-01 1.440000e+00
 3.523601e+00 12 40 4.800000e-01 1.600000e+00
 5.285401e+00 9 40 3.600000e-01 1.600000e+00
 7.047202e+00 12 38 4.800000e-01 1.520000e+00
 8.809002e+00 12 39 4.800000e-01 1.560000e+00
 1.057080e+01 13 38 5.200000e-01 1.520000e+00
 1.233260e+01 13 37 5.200000e-01 1.480000e+00
 1.409440e+01 7 40 2.800000e-01 1.600000e+00
 1.585620e+01 14 41 5.600000e-01 1.640000e+00
 1.761800e+01 12 39 4.800000e-01 1.560000e+00
 1.937980e+01 11 39 4.400000e-01 1.560000e+00
 2.114161e+01 13 40 5.200000e-01 1.600000e+00
 2.290341e+01 13 41 5.200000e-01 1.640000e+00
 2.466521e+01 12 39 4.800000e-01 1.560000e+00
 2.642701e+01 10 41 4.000000e-01 1.640000e+00
 2.818881e+01 14 39 5.600000e-01 1.560000e+00
 2.995061e+01 13 39 5.200000e-01 1.560000e+00
 3.171241e+01 11 39 4.400000e-01 1.560000e+00
 3.347421e+01 13 39 5.200000e-01 1.560000e+00
 3.523601e+01 12 38 4.800000e-01 1.520000e+00
 3.699781e+01 11 39 4.400000e-01 1.560000e+00
 3.875961e+01 12 40 4.800000e-01 1.600000e+00
 4.052141e+01 12 40 4.800000e-01 1.600000e+00
 4.228321e+01 12 41 4.800000e-01 1.640000e+00
 4.404501e+01 12 41 4.800000e-01 1.640000e+00
 4.580681e+01 12 39 4.800000e-01 1.560000e+00
 4.756861e+01 13 42 5.200000e-01 1.680000e+00
 4.933041e+01 12 38 4.800000e-01 1.520000e+00
 5.109221e+01 12 40 4.800000e-01 1.600000e+00
 5.285401e+01 11 39 4.400000e-01 1.560000e+00
 5.461581e+01 13 40 5.200000e-01 1.600000e+00
 5.637761e+01 12 40 4.800000e-01 1.600000e+00
 5.813941e+01 12 39 4.800000e-01 1.560000e+00
 5.990122e+01 13 41 5.200000e-01 1.640000e+00
 6.166302e+01 9 42 3.600000e-01 1.680000e+00
 6.342482e+01 10 40 4.000000e-01 1.600000e+00
 6.518662e+01 11 39 4.400000e-01 1.560000e+00
 6.694842e+01 11 41 4.400000e-01 1.640000e+00
 6.871022e+01 11 42 4.400000e-01 1.680000e+00
 7.047202e+01 11 40 4.400000e-01 1.600000e+00
 7.223382e+01 12 40 4.800000e-01 1.600000e+00
 7.399562e+01 12 42 4.800000e-01 1.680000e+00
 7.575742e+01 10 41 4.000000e-01 1.640000e+00
 7.751922e+01 12 41 4.800000e-01 1.640000e+00
 7.928102e+01 13 42 5.200000e-01 1.680000e+00
 8.104282e+01 12 39 4.800000e-01 1.560000e+00
 8.280462e+01 12 38 4.800000e-01 1.520000e+00
 8.456642e+01 12 41 4.800000e-01 1.640000e+00
 8.632822e+01 12 40 4.800000e-01 1.600000e+00
 8.809002e+01 11 41 4.400000e-01 1.640000e+00
 8.985182e+01 12 42 4.800000e-01 1.680000e+00
 9.161362e+01 10 40 4.000000e-01 1.600000e+00
 9.337542e+01 12 39 4.800000e-01 1.560000e+00
 9.513722e+01 10 40 4.000000e-01 1.600000e+00
 9.689902e+01 12 41 4.800000e-01 1.640000e+00
 9.866082e+01 11 40 4.400000e-01 1.600000e+00
 1.004226e+02 10 41 4.000000e-01 1.640000e+00
 1.021844e+02 12 39 4.800000e-01 1.560000e+00
 1.039462e+02 10 41 4.000000e-01 1.640000e+00
 1.057080e+02 10 43 4.000000e-01 1.720000e+00
 1.074698e+02 12 39 4.800000e-01 1.560000e+00
 1.092316e+02 10 41 4.000000e-01 1.640000e+00
 1.109934e+02 11 40 4.400000e-01 1.600000e+00
 1.127552e+02 12 40 4.800000e-01 1.600000e+00
 1.145170e+02 11 38 4.400000e-01 1.520000e+00
 1.162788e+02 12 39 4.800000e-01 1.560000e+00
 1.180406e+02 11 41 4.400000e-01 1.640000e+00
 1.198024e+02 12 42 4.800000e-01 1.680000e+00
 1.215642e+02 12 41 4.800000e-01 1.640000e+00
 1.233260e+02 12 43 4.800000e-01 1.720000e+00
 1.250878e+02 13 44 5.200000e-01 1.760000e+00
 1.268496e+02 11 43 4.400000e-01 1.720000e+00
 1.286114e+02 11 41 4.400000e-01 1.640000e+00
 1.303732e+02 12 42 4.800000e-01 1.680000e+00
 1.321350e+02 11 45 4.400000e-01 1.800000e+00
 1.338968e+02 12 40 4.800000e-01 1.600000e+00
 1.356586e+02 10 41 4.000000e-01 1.640000e+00
 1.374204e+02 11 41 4.400000e-01 1.640000e+00
 1.391822e+02 12 42 4.800000e-01 1.680000e+00
 1.409440e+02 12 40 4.800000e-01 1.600000e+00
 1.427058e+02 11 40 4.400000e-01 1.600000e+00
 1.444676e+02 13 42 5.200000e-01 1.680000e+00
 1.462294e+02 12 42 4.800000e-01 1.680000e+00
 1.479912e+02 9 41 3.600000e-01 1.640000e+00
 1.497530e+02 12 41 4.800000e-01 1.640000e+00
 1.515148e+02 12 39 4.800000e-01 1.560000e+00
 1.532766e+02 11 44 4.400000e-01 1.760000e+00
 1.550384e+02 9 42 3.600000e-01 1.680000e+00
 1.568002e+02 9 41 3.600000e-01 1.640000e+00
 1.585620e+02 9 41 3.600000e-01 1.640000e+00
 1.603238e+02 12 40 4.800000e-01 1.600000e+00
 1.620856e+02 11 41 4.400000e-01 1.640000e+00
 1.638474e+02 10 41 4.000000e-01 1.640000e+00
 1.656092e+02 12 40 4.800000e-01 1.600000e+00
 1.673710e+02 12 44 4.800000e-01 1.760000e+00
 1.691328e+02 10 40 4.000000e-01 1.600000e+00
 1.708946e+02 10 41 4.000000e-01 1.640000e+00
 1.726564e+02 11 44 4.400000e-01 1.760000e+00
 1.744182e+02 11 42 4.400000e-01 1.680000e+00
 1.761800e+02 11 42 4.400000e-01 1.680000e+00
 1.779418e+02 12 41 4.800000e-01 1.640000e+00
 1.797036e+02 12 43 4.800000e-01 1.720000e+00
 1.814654e+02 12 40 4.800000e-01 1.600000e+00
 1.832272e+02 12 40 4.800000e-01 1.600000e+00
 1.849890e+02 12 46 4.800000e-01 1.840000e+00
 1.867508e+02 10 45 4.000000e-01 1.800000e+00
 1.885126e+02 11 41 4.400000e-01 1.640000e+00
 1.902744e+02 11 42 4.400000e-01 1.680000e+00
 1.920362e+02 12 42 4.800000e-01 1.680000e+00
 1.937980e+02 10 43 4.000000e-01 1.720000e+00
 1.955598e+02 10 42 4.000000e-01 1.680000e+00
 1.973216e+02 9 42 3.600000e-01 1.680000e+00
 1.990835e+02 11 43 4.400000e-01 1.720000e+00
 2.008453e+02 12 40 4.800000e-01 1.600000e+00
 2.026071e+02 12 41 4.800000e-01 1.640000e+00
 2.043689e+02 10 41 4.000000e-01 1.640000e+00
 2.061307e+02 11 41 4.400000e-01 1.640000e+00
 2.078925e+02 11 40 4.400000e-01 1.600000e+00
 2.096543e+02 10 40 4.000000e-01 1.600000e+00
 2.114161e+02 11 42 4.400000e-01 1.680000e+00
 2.131779e+02 11 42 4.400000e-01 1.680000e+00
 2.149397e+02 11 41 4.400000e-01 1.640000e+00
 2.167015e+02 12 42 4.800000e-01 1.680000e+00
 2.184633e+02 11 40 4.400000e-01 1.600000e+00
 2.202251e+02 11 40 4.400000e-01 1.600000e+00
 2.219869e+02 11 43 4.400000e-01 1.720000e+00
 2.237487e+02 11 40 4.400000e-01 1.600000e+00
 2.255105e+02 11 40 4.400000e-01 1.600000e+00
 2.272723e+02 12 40 4.800000e-01 1.600000e+00
 2.290341e+02 12 40 4.800000e-01 1.600000e+00
 2.307959e+02 12 43 4.800000e-01 1.720000e+00
 2.325577e+02 11 40 4.400000e-01 1.600000e+00
 2.343195e+02 11 39 4.400000e-01 1.560000e+00
 2.360813e+02 11 43 4.400000e-01 1.720000e+00
 2.378431e+02 11 42 4.400000e-01 1.680000e+00
 2.396049e+02 10 41 4.000000e-01 1.640000e+00
 2.413667e+02 10 43 4.000000e-01 1.720000e+00
 2.431285e+02 11 42 4.400000e-01 1.680000e+00
 2.448903e+02 9 41 3.600000e-01 1.640000e+00
 2.466521e+02 9 41 3.600000e-01 1.640000e+00
 2.484139e+02 10 43 4.000000e-01 1.720000e+00
 2.501757e+02 10 44 4.000000e-01 1.760000e+00
 2.519375e+02 9 40 3.600000e-01 1.600000e+00
 2.536993e+02 9 42 3.600000e-01 1.680000e+00
 2.554611e+02 9 43 3.600000e-01 1.720000e+00
 2.572229e+02 9 43 3.600000e-01 1.720000e+00
 2.589847e+02 11 41 4.400000e-01 1.640000e+00
 2.607465e+02 11 42 4.400000e-01 1.680000e+00
 2.625083e+02 10 41 4.000000e-01 1.640000e+00
 2.642701e+02 10 42 4.000000e-01 1.680000e+00
 2.660319e+02 10 40 4.000000e-01 1.600000e+00
 2.677937e+02 8 39 3.200000e-01 1.560000e+00
 2.695555e+02 8 41 3.200000e-01 1.640000e+00
 2.713173e+02 10 41 4.000000e-01 1.640000e+00
 2.730791e+02 10 44 4.000000e-01 1.760000e+00
 2.748409e+02 10 39 4.000000e-01 1.560000e+00
 2.766027e+02 10 42 4.000000e-01 1.680000e+00
 2.783645e+02 10 43 4.000000e-01 1.720000e+00
 2.801263e+02 10 40 4.000000e-01 1.600000e+00
 2.818881e+02 11 44 4.400000e-01 1.760000e+00
 2.836499e+02 13 42 5.200000e-01 1.680000e+00
 2.854117e+02 12 40 4.800000e-01 1.600000e+00
 2.871735e+02 11 45 4.400000e-01 1.800000e+00
 2.889353e+02 11 40 4.400000e-01 1.600000e+00
 2.906971e+02 11 42 4.400000e-01 1.680000e+00
 2.924589e+02 11 42 4.400000e-01 1.680000e+00
 2.942207e+02 11 41 4.400000e-01 1.640000e+00
 2.959825e+02 10 43 4.000000e-01 1.720000e+00
 2.977443e+02 11 39 4.400000e-01 1.560000e+00
 2.995061e+02 12 45 4.800000e-01 1.800000e+00
 3.012679e+02 9 44 3.600000e-01 1.760000e+00
 3.030297e+02 9 43 3.600000e-01 1.720000e+00
 3.047915e+02 11 44 4.400000e-01 1.760000e+00
 3.065533e+02 12 42 4.800000e-01 1.680000e+00
 3.083151e+02 9 41 3.600000e-01 1.640000e+00
 3.100769e+02 10 40 4.000000e-01 1.600000e+00
 3.118387e+02 11 42 4.400000e-01 1.680000e+00
 3.136005e+02 10 44 4.000000e-01 1.760000e+00
 3.153623e+02 11 44 4.400000e-01 1.760000e+00
 3.171241e+02 11 47 4.400000e-01 1.880000e+00
 3.188859e+02 11 42 4.400000e-01 1.680000e+00
 3.206477e+02 8 43 3.200000e-01 1.720000e+00
 3.224095e+02 9 41 3.600000e-01 1.640000e+00
 3.241713e+02 10 47 4.000000e-01 1.880000e+00
 3.259331e+02 10 44 4.000000e-01 1.760000e+00
 3.276949e+02 10 44 4.000000e-01 1.760000e+00
 3.294567e+02 11 45 4.400000e-01 1.800000e+00
 3.312185e+02 11 42 4.400000e-01 1.680000e+00
 3.329803e+02 11 42 4.400000e-01 1.680000e+00
 3.347421e+02 12 40 4.800000e-01 1.600000e+00
 3.365039e+02 13 43 5.200000e-01 1.720000e+00
 3.382657e+02 12 44 4.800000e-01 1.760000e+00
 3.400275e+02 11 46 4.400000e-01 1.840000e+00
 3.417893e+02 11 43 4.400000e-01 1.720000e+00
 3.435511e+02 9 43 3.600000e-01 1.720000e+00
 3.453129e+02 10 41 4.000000e-01 1.640000e+00
 3.470747e+02 11 43 4.400000e-01 1.720000e+00
 3.488365e+02 11 44 4.400000e-01 1.760000e+00
 3.505983e+02 10 41 4.000000e-01 1.640000e+00
 3.523601e+02 12 40 4.800000e-01 1.600000e+00
 3.541219e+02 12 41 4.800000e-01 1.640000e+00
 3.558837e+02 12 40 4.800000e-01 1.600000e+00
 3.576455e+02 11 42 4.400000e-01 1.680000e+00
 3.594073e+02 11 40 4.400000e-01 1.600000e+00
 3.611691e+02 11 40 4.400000e-01 1.600000e+00
 3.629309e+02 10 41 4.000000e-01 1.640000e+00
 3.646927e+02 9 41 3.600000e-01 1.640000e+00
 3.664545e+02 10 42 4.000000e-01 1.680000e+00
 3.682163e+02 11 41 4.400000e-01 1.640000e+00
 3.699781e+02 10 40 4.000000e-01 1.600000e+00
 3.717399e+02 10 42 4.000000e-01 1.680000e+00
 3.735017e+02 11 40 4.400000e-01 1.600000e+00
 3.752635e+02 11 45 4.400000e-01 1.800000e+00
 3.770253e+02 11 42 4.400000e-01 1.680000e+00
 3.787871e+02 11 41 4.400000e-01 1.640000e+00
 3.805489e+02 10 43 4.000000e-01 1.720000e+00
 3.823107e+02 11 45 4.400000e-01 1.800000e+00
 3.840725e+02 12 43 4.800000e-01 1.720000e+00
 3.858343e+02 10 43 4.000000e-01 1.720000e+00
 3.875961e+02 12 42 4.800000e-01 1.680000e+00
 3.893579e+02 12 44 4.800000e-01 1.760000e+00
 3.911197e+02 9 43 3.600000e-01 1.720000e+00
 3.928815e+02 11 41 4.400000e-01 1.640000e+00
 3.946433e+02 8 42 3.200000e-01 1.680000e+00
 3.964051e+02 11 42 4.400000e-01 1.680000e+00
 3.981669e+02 11 43 4.400000e-01 1.720000e+00
 3.999287e+02 10 43 4.000000e-01 1.720000e+00
 4.016905e+02 11 44 4.400000e-01 1.760000e+00
 4.034523e+02 12 44 4.800000e-01 1.760000e+00
 4.052141e+02 10 46 4.000000e-01 1.840000e+00
 4.069759e+02 9 43 3.600000e-01 1.720000e+00
 4.087377e+02 11 45 4.400000e-01 1.800000e+00
 4.104995e+02 12 41 4.800000e-01 1.640000e+00
 4.122613e+02 10 47 4.000000e-01 1.880000e+00
 4.140231e+02 11 43 4.400000e-01 1.720000e+00
 4.157849e+02 11 47 4.400000e-01 1.880000e+00
 4.175467e+02 11 47 4.400000e-01 1.880000e+00
 4.193085e+02 11 47 4.400000e-01 1.880000e+00
 4.210703e+02 8 42 3.200000e-01 1.680000e+00
 4.228321e+02 9 48 3.600000e-01 1.920000e+00
 4.245939e+02 10 43 4.000000e-01 1.720000e+00
 4.263557e+02 10 46 4.000000e-01 1.840000e+00
 4.281175e+02 11 41 4.400000e-01 1.640000e+00
 4.298793e+02 8 45 3.200000e-01 1.800000e+00
 4.316411e+02 8 41 3.200000e-01 1.640000e+00
 4.334029e+02 9 45 3.600000e-01 1.800000e+00
 4.351647e+02 11 41 4.400000e-01 1.640000e+00
 4.369265e+02 9 45 3.600000e-01 1.800000e+00
 4.386883e+02 10 40 4.000000e-01 1.600000e+00
 4.404501e+02 10 46 4.000000e-01 1.840000e+00
 4.422119e+02 11 40 4.400000e-01 1.600000e+00
