 0.000000e+00 25 25 1.000000e+00 1.000000e+00 0.000000e+00 
 4.404501e+00 16 35 6.400000e-01 1.400000e+00 2.090249e+00 
 8.809002e+00 15 37 6.000000e-01 1.480000e+00 2.494917e+00 
 1.321350e+01 12 40 4.800000e-01 1.600000e+00 2.527582e+00 
 1.761800e+01 16 39 6.400000e-01 1.560000e+00 2.577699e+00 
 2.202251e+01 13 38 5.200000e-01 1.520000e+00 2.545676e+00 
 2.642701e+01 14 37 5.600000e-01 1.480000e+00 2.521393e+00 
 3.083151e+01 13 37 5.200000e-01 1.480000e+00 2.626116e+00 
 3.523601e+01 15 38 6.000000e-01 1.520000e+00 2.574666e+00 
 3.964051e+01 16 38 6.400000e-01 1.520000e+00 2.551424e+00 
 4.404501e+01 12 36 4.800000e-01 1.440000e+00 2.674752e+00 
 4.844951e+01 12 36 4.800000e-01 1.440000e+00 2.774043e+00 
 5.285401e+01 14 38 5.600000e-01 1.520000e+00 2.731472e+00 
 5.725851e+01 12 40 4.800000e-01 1.600000e+00 2.687863e+00 
 6.166302e+01 13 38 5.200000e-01 1.520000e+00 2.625372e+00 
 6.606752e+01 15 38 6.000000e-01 1.520000e+00 2.604458e+00 
 7.047202e+01 15 36 6.000000e-01 1.440000e+00 2.553337e+00 
 7.487652e+01 15 38 6.000000e-01 1.520000e+00 2.761694e+00 
 7.928102e+01 12 39 4.800000e-01 1.560000e+00 2.852493e+00 
 8.368552e+01 14 36 5.600000e-01 1.440000e+00 2.681316e+00 
 8.809002e+01 15 36 6.000000e-01 1.440000e+00 2.677671e+00 
 9.249452e+01 14 36 5.600000e-01 1.440000e+00 2.526809e+00 
 9.689902e+01 13 37 5.200000e-01 1.480000e+00 2.774043e+00 
 1.013035e+02 13 36 5.200000e-01 1.440000e+00 2.822205e+00 
 1.057080e+02 11 39 4.400000e-01 1.560000e+00 2.828772e+00 
 1.101125e+02 11 40 4.400000e-01 1.600000e+00 2.789839e+00 
 1.145170e+02 11 40 4.400000e-01 1.600000e+00 2.977782e+00 
 1.189215e+02 10 38 4.000000e-01 1.520000e+00 2.884495e+00 
 1.233260e+02 11 38 4.400000e-01 1.520000e+00 2.824281e+00 
 1.277305e+02 12 39 4.800000e-01 1.560000e+00 2.833601e+00 
 1.321350e+02 14 37 5.600000e-01 1.480000e+00 2.814236e+00 
 1.365395e+02 14 38 5.600000e-01 1.520000e+00 2.841517e+00 
 1.409440e+02 13 40 5.200000e-01 1.600000e+00 3.040418e+00 
 1.453485e+02 15 38 6.000000e-01 1.520000e+00 2.930510e+00 
 1.497530e+02 14 37 5.600000e-01 1.480000e+00 3.052599e+00 
 1.541575e+02 13 37 5.200000e-01 1.480000e+00 2.892609e+00 
 1.585620e+02 12 37 4.800000e-01 1.480000e+00 3.070462e+00 
 1.629665e+02 8 38 3.200000e-01 1.520000e+00 3.004879e+00 
 1.673710e+02 13 36 5.200000e-01 1.440000e+00 2.889231e+00 
 1.717755e+02 13 38 5.200000e-01 1.520000e+00 3.051639e+00 
 1.761800e+02 12 42 4.800000e-01 1.680000e+00 3.173068e+00 
 1.805845e+02 10 39 4.000000e-01 1.560000e+00 3.039775e+00 
 1.849890e+02 13 37 5.200000e-01 1.480000e+00 3.063775e+00 
 1.893935e+02 12 39 4.800000e-01 1.560000e+00 2.952422e+00 
 1.937980e+02 13 38 5.200000e-01 1.520000e+00 2.992830e+00 
 1.982025e+02 13 39 5.200000e-01 1.560000e+00 2.811111e+00 
 2.026071e+02 12 39 4.800000e-01 1.560000e+00 2.970230e+00 
 2.070116e+02 12 39 4.800000e-01 1.560000e+00 3.026575e+00 
 2.114161e+02 14 37 5.600000e-01 1.480000e+00 3.058032e+00 
 2.158206e+02 15 37 6.000000e-01 1.480000e+00 2.976142e+00 
 2.202251e+02 12 37 4.800000e-01 1.480000e+00 2.901037e+00 
 2.246296e+02 10 38 4.000000e-01 1.520000e+00 3.005204e+00 
 2.290341e+02 15 38 6.000000e-01 1.520000e+00 2.837390e+00 
 2.334386e+02 14 39 5.600000e-01 1.560000e+00 3.035918e+00 
 2.378431e+02 14 37 5.600000e-01 1.480000e+00 2.922167e+00 
 2.422476e+02 14 39 5.600000e-01 1.560000e+00 2.985643e+00 
 2.466521e+02 12 41 4.800000e-01 1.640000e+00 2.766993e+00 
 2.510566e+02 12 46 4.800000e-01 1.840000e+00 2.891596e+00 
 2.554611e+02 13 40 5.200000e-01 1.600000e+00 3.009101e+00 
 2.598656e+02 13 37 5.200000e-01 1.480000e+00 2.974829e+00 
 2.642701e+02 12 40 4.800000e-01 1.600000e+00 3.055796e+00 
 2.686746e+02 12 41 4.800000e-01 1.640000e+00 3.153619e+00 
 2.730791e+02 11 37 4.400000e-01 1.480000e+00 3.018498e+00 
 2.774836e+02 14 36 5.600000e-01 1.440000e+00 3.002603e+00 
 2.818881e+02 12 37 4.800000e-01 1.480000e+00 3.072369e+00 
 2.862926e+02 14 39 5.600000e-01 1.560000e+00 3.087272e+00 
 2.906971e+02 14 40 5.600000e-01 1.600000e+00 2.942814e+00 
 2.951016e+02 13 38 5.200000e-01 1.520000e+00 3.002603e+00 
 2.995061e+02 12 39 4.800000e-01 1.560000e+00 3.165056e+00 
 3.039106e+02 12 39 4.800000e-01 1.560000e+00 3.127187e+00 
 3.083151e+02 13 39 5.200000e-01 1.560000e+00 3.112161e+00 
 3.127196e+02 14 39 5.600000e-01 1.560000e+00 2.957710e+00 
 3.171241e+02 12 37 4.800000e-01 1.480000e+00 2.949775e+00 
 3.215286e+02 12 37 4.800000e-01 1.480000e+00 3.017527e+00 
 3.259331e+02 14 37 5.600000e-01 1.480000e+00 2.975486e+00 
 3.303376e+02 14 38 5.600000e-01 1.520000e+00 2.818050e+00 
 3.347421e+02 13 38 5.200000e-01 1.520000e+00 2.953084e+00 
 3.391466e+02 11 40 4.400000e-01 1.600000e+00 3.035596e+00 
 3.435511e+02 12 40 4.800000e-01 1.600000e+00 3.126874e+00 
 3.479556e+02 12 43 4.800000e-01 1.720000e+00 3.074911e+00 
 3.523601e+02 14 46 5.600000e-01 1.840000e+00 3.107136e+00 
 3.567646e+02 13 39 5.200000e-01 1.560000e+00 3.118744e+00 
 3.611691e+02 13 40 5.200000e-01 1.600000e+00 3.076816e+00 
 3.655736e+02 14 41 5.600000e-01 1.640000e+00 3.096747e+00 
 3.699781e+02 14 41 5.600000e-01 1.640000e+00 3.085690e+00 
 3.743826e+02 12 40 4.800000e-01 1.600000e+00 3.166907e+00 
 3.787871e+02 12 40 4.800000e-01 1.600000e+00 3.004229e+00 
 3.831916e+02 14 42 5.600000e-01 1.680000e+00 3.069507e+00 
 3.875961e+02 15 39 6.000000e-01 1.560000e+00 3.193927e+00 
 3.920006e+02 14 39 5.600000e-01 1.560000e+00 3.153309e+00 
 3.964051e+02 14 38 5.600000e-01 1.520000e+00 3.207048e+00 
 4.008096e+02 14 40 5.600000e-01 1.600000e+00 3.135296e+00 
 4.052141e+02 14 37 5.600000e-01 1.480000e+00 2.990872e+00 
 4.096186e+02 13 38 5.200000e-01 1.520000e+00 3.026898e+00 
 4.140231e+02 14 40 5.600000e-01 1.600000e+00 3.161660e+00 
 4.184276e+02 14 40 5.600000e-01 1.600000e+00 3.196678e+00 
 4.228321e+02 13 40 5.200000e-01 1.600000e+00 3.308665e+00 
 4.272366e+02 14 40 5.600000e-01 1.600000e+00 3.349149e+00 
 4.316411e+02 14 41 5.600000e-01 1.640000e+00 3.184435e+00 
 4.360456e+02 13 38 5.200000e-01 1.520000e+00 3.152380e+00 
 4.404501e+02 11 40 4.400000e-01 1.600000e+00 3.240370e+00 
 4.448546e+02 13 39 5.200000e-01 1.560000e+00 3.087905e+00 
 4.492591e+02 10 38 4.000000e-01 1.520000e+00 3.185355e+00 
 4.536636e+02 13 38 5.200000e-01 1.520000e+00 3.169372e+00 
 4.580681e+02 13 39 5.200000e-01 1.560000e+00 3.241274e+00 
 4.624726e+02 13 41 5.200000e-01 1.640000e+00 3.382803e+00 
 4.668771e+02 13 38 5.200000e-01 1.520000e+00 3.239768e+00 
 4.712816e+02 11 40 4.400000e-01 1.600000e+00 3.406680e+00 
 4.756861e+02 11 38 4.400000e-01 1.520000e+00 3.246693e+00 
 4.800906e+02 10 41 4.000000e-01 1.640000e+00 3.132491e+00 
 4.844951e+02 10 38 4.000000e-01 1.520000e+00 3.158879e+00 
 4.888996e+02 10 38 4.000000e-01 1.520000e+00 3.227083e+00 
 4.933041e+02 10 38 4.000000e-01 1.520000e+00 3.399793e+00 
 4.977086e+02 10 38 4.000000e-01 1.520000e+00 3.262895e+00 
 5.021131e+02 9 38 3.600000e-01 1.520000e+00 3.191786e+00 
 5.065176e+02 12 40 4.800000e-01 1.600000e+00 3.216474e+00 
 5.109221e+02 14 38 5.600000e-01 1.520000e+00 3.246091e+00 
 5.153266e+02 13 38 5.200000e-01 1.520000e+00 3.146799e+00 
 5.197311e+02 13 38 5.200000e-01 1.520000e+00 3.138098e+00 
 5.241356e+02 13 38 5.200000e-01 1.520000e+00 3.142762e+00 
 5.285401e+02 12 38 4.800000e-01 1.520000e+00 3.137475e+00 
 5.329446e+02 12 40 4.800000e-01 1.600000e+00 3.177681e+00 
 5.373491e+02 12 38 4.800000e-01 1.520000e+00 3.248497e+00 
 5.417536e+02 11 38 4.400000e-01 1.520000e+00 3.123437e+00 
 5.461581e+02 8 38 3.200000e-01 1.520000e+00 3.193622e+00 
 5.505626e+02 8 39 3.200000e-01 1.560000e+00 3.207657e+00 
 5.549671e+02 8 38 3.200000e-01 1.520000e+00 3.201867e+00 
 5.593716e+02 8 40 3.200000e-01 1.600000e+00 3.224055e+00 
 5.637761e+02 8 41 3.200000e-01 1.640000e+00 3.271862e+00 
 5.681806e+02 7 40 2.800000e-01 1.600000e+00 3.166907e+00 
 5.725851e+02 7 40 2.800000e-01 1.600000e+00 3.235847e+00 
 5.769896e+02 7 43 2.800000e-01 1.720000e+00 3.376736e+00 
 5.813941e+02 7 43 2.800000e-01 1.720000e+00 3.255704e+00 
 5.857986e+02 6 44 2.400000e-01 1.760000e+00 3.320744e+00 
 5.902031e+02 6 42 2.400000e-01 1.680000e+00 3.362244e+00 
 5.946076e+02 6 42 2.400000e-01 1.680000e+00 3.404386e+00 
 5.990122e+02 6 43 2.400000e-01 1.720000e+00 3.266186e+00 
 6.034167e+02 6 42 2.400000e-01 1.680000e+00 3.346815e+00 
 6.078212e+02 6 43 2.400000e-01 1.720000e+00 3.263793e+00 
 6.122257e+02 6 41 2.400000e-01 1.640000e+00 3.419841e+00 
 6.166302e+02 6 41 2.400000e-01 1.640000e+00 3.416698e+00 
 6.210347e+02 7 41 2.800000e-01 1.640000e+00 3.448562e+00 
 6.254392e+02 7 41 2.800000e-01 1.640000e+00 3.345064e+00 
 6.298437e+02 7 42 2.800000e-01 1.680000e+00 3.336587e+00 
 6.342482e+02 7 43 2.800000e-01 1.720000e+00 3.493577e+00 
 6.386527e+02 7 44 2.800000e-01 1.760000e+00 3.313974e+00 
 6.430572e+02 7 44 2.800000e-01 1.760000e+00 3.548492e+00 
 6.474617e+02 8 46 3.200000e-01 1.840000e+00 3.379915e+00 
 6.518662e+02 8 44 3.200000e-01 1.760000e+00 3.377025e+00 
 6.562707e+02 8 44 3.200000e-01 1.760000e+00 3.521419e+00 
 6.606752e+02 7 46 2.800000e-01 1.840000e+00 3.456764e+00 
 6.650797e+02 8 46 3.200000e-01 1.840000e+00 3.418699e+00 
 6.694842e+02 8 44 3.200000e-01 1.760000e+00 3.558935e+00 
 6.738887e+02 8 46 3.200000e-01 1.840000e+00 3.523914e+00 
 6.782932e+02 8 46 3.200000e-01 1.840000e+00 3.633342e+00 
 6.826977e+02 7 44 2.800000e-01 1.760000e+00 3.541605e+00 
 6.871022e+02 8 44 3.200000e-01 1.760000e+00 3.475922e+00 
 6.915067e+02 7 44 2.800000e-01 1.760000e+00 3.438920e+00 
 6.959112e+02 8 44 3.200000e-01 1.760000e+00 3.474236e+00 
 7.003157e+02 8 44 3.200000e-01 1.760000e+00 3.475922e+00 
 7.047202e+02 8 46 3.200000e-01 1.840000e+00 3.449694e+00 
 7.091247e+02 8 47 3.200000e-01 1.880000e+00 3.462128e+00 
 7.135292e+02 7 49 2.800000e-01 1.960000e+00 3.524745e+00 
 7.179337e+02 7 52 2.800000e-01 2.080000e+00 3.549043e+00 
 7.223382e+02 7 47 2.800000e-01 1.880000e+00 3.430960e+00 
 7.267427e+02 7 45 2.800000e-01 1.800000e+00 3.476203e+00 
 7.311472e+02 6 47 2.400000e-01 1.880000e+00 3.518645e+00 
 7.355517e+02 7 44 2.800000e-01 1.760000e+00 3.481256e+00 
 7.399562e+02 7 44 2.800000e-01 1.760000e+00 3.535810e+00 
 7.443607e+02 6 44 2.400000e-01 1.760000e+00 3.534429e+00 
 7.487652e+02 6 44 2.400000e-01 1.760000e+00 3.547666e+00 
 7.531697e+02 6 44 2.400000e-01 1.760000e+00 3.556464e+00 
 7.575742e+02 6 42 2.400000e-01 1.680000e+00 3.544362e+00 
 7.619787e+02 6 43 2.400000e-01 1.720000e+00 3.439488e+00 
 7.663832e+02 6 43 2.400000e-01 1.720000e+00 3.380782e+00 
 7.707877e+02 6 44 2.400000e-01 1.760000e+00 3.394619e+00 
 7.751922e+02 6 43 2.400000e-01 1.720000e+00 3.671842e+00 
 7.795967e+02 7 43 2.800000e-01 1.720000e+00 3.626885e+00 
 7.840012e+02 6 43 2.400000e-01 1.720000e+00 3.610423e+00 
 7.884057e+02 7 43 2.800000e-01 1.720000e+00 3.371526e+00 
 7.928102e+02 7 43 2.800000e-01 1.720000e+00 3.487422e+00 
 7.972147e+02 7 44 2.800000e-01 1.760000e+00 3.569620e+00 
 8.016192e+02 7 44 2.800000e-01 1.760000e+00 3.563048e+00 
 8.060237e+02 7 44 2.800000e-01 1.760000e+00 3.574268e+00 
 8.104282e+02 7 44 2.800000e-01 1.760000e+00 3.655315e+00 
 8.148327e+02 7 44 2.800000e-01 1.760000e+00 3.558660e+00 
 8.192372e+02 7 43 2.800000e-01 1.720000e+00 3.534153e+00 
 8.236417e+02 6 44 2.400000e-01 1.760000e+00 3.455917e+00 
 8.280462e+02 6 44 2.400000e-01 1.760000e+00 3.520309e+00 
 8.324507e+02 6 43 2.400000e-01 1.720000e+00 3.626616e+00 
 8.368552e+02 6 41 2.400000e-01 1.640000e+00 3.637908e+00 
 8.412597e+02 5 41 2.000000e-01 1.640000e+00 3.633073e+00 
 8.456642e+02 5 41 2.000000e-01 1.640000e+00 3.539399e+00 
 8.500687e+02 5 41 2.000000e-01 1.640000e+00 3.452241e+00 
 8.544732e+02 5 41 2.000000e-01 1.640000e+00 3.591168e+00 
 8.588777e+02 5 41 2.000000e-01 1.640000e+00 3.480695e+00 
 8.632822e+02 5 42 2.000000e-01 1.680000e+00 3.694379e+00 
 8.676867e+02 5 45 2.000000e-01 1.800000e+00 3.655849e+00 
 8.720912e+02 5 42 2.000000e-01 1.680000e+00 3.651573e+00 
 8.764957e+02 4 46 1.600000e-01 1.840000e+00 3.525299e+00 
 8.809002e+02 4 43 1.600000e-01 1.720000e+00 3.605280e+00 
 8.853047e+02 4 42 1.600000e-01 1.680000e+00 3.532494e+00 
 8.897092e+02 4 43 1.600000e-01 1.720000e+00 3.420412e+00 
 8.941137e+02 4 43 1.600000e-01 1.720000e+00 3.427257e+00 
 8.985182e+02 3 46 1.200000e-01 1.840000e+00 3.612587e+00 
 9.029227e+02 2 48 8.000000e-02 1.920000e+00 3.527515e+00 
 9.073272e+02 3 46 1.200000e-01 1.840000e+00 3.659854e+00 
 9.117317e+02 3 45 1.200000e-01 1.800000e+00 3.650770e+00 
 9.161362e+02 3 46 1.200000e-01 1.840000e+00 3.541330e+00 
 9.205407e+02 3 45 1.200000e-01 1.800000e+00 3.792468e+00 
 9.249452e+02 3 43 1.200000e-01 1.720000e+00 3.716517e+00 
 9.293497e+02 3 45 1.200000e-01 1.800000e+00 3.796071e+00 
 9.337542e+02 3 45 1.200000e-01 1.800000e+00 3.746874e+00 
 9.381587e+02 3 46 1.200000e-01 1.840000e+00 3.578910e+00 
 9.425632e+02 3 46 1.200000e-01 1.840000e+00 3.664654e+00 
 9.469677e+02 3 44 1.200000e-01 1.760000e+00 3.724392e+00 
 9.513722e+02 3 44 1.200000e-01 1.760000e+00 3.753384e+00 
 9.557767e+02 3 45 1.200000e-01 1.800000e+00 3.584090e+00 
 9.601812e+02 3 45 1.200000e-01 1.800000e+00 3.688824e+00 
 9.645857e+02 3 47 1.200000e-01 1.880000e+00 3.892852e+00 
 9.689902e+02 4 46 1.600000e-01 1.840000e+00 3.844639e+00 
 9.733947e+02 4 45 1.600000e-01 1.800000e+00 3.691999e+00 
 9.777992e+02 4 45 1.600000e-01 1.800000e+00 3.868442e+00 
 9.822037e+02 4 45 1.600000e-01 1.800000e+00 3.781121e+00 
 9.866082e+02 4 44 1.600000e-01 1.760000e+00 3.651573e+00 
 9.910127e+02 4 44 1.600000e-01 1.760000e+00 3.680608e+00 
 9.954173e+02 4 44 1.600000e-01 1.760000e+00 3.822732e+00 
 9.998218e+02 4 44 1.600000e-01 1.760000e+00 3.894858e+00 
 1.004226e+03 4 45 1.600000e-01 1.800000e+00 3.762998e+00 
 1.008631e+03 4 43 1.600000e-01 1.720000e+00 3.765593e+00 
 1.013035e+03 4 45 1.600000e-01 1.800000e+00 3.818387e+00 
 1.017440e+03 4 44 1.600000e-01 1.760000e+00 3.836757e+00 
 1.021844e+03 4 45 1.600000e-01 1.800000e+00 3.808143e+00 
 1.026249e+03 4 44 1.600000e-01 1.760000e+00 3.755465e+00 
 1.030653e+03 4 45 1.600000e-01 1.800000e+00 3.692793e+00 
 1.035058e+03 3 45 1.200000e-01 1.800000e+00 3.775435e+00 
 1.039462e+03 3 45 1.200000e-01 1.800000e+00 3.815317e+00 
 1.043867e+03 3 43 1.200000e-01 1.720000e+00 3.747395e+00 
 1.048271e+03 3 43 1.200000e-01 1.720000e+00 3.902373e+00 
 1.052676e+03 3 43 1.200000e-01 1.720000e+00 3.845401e+00 
 1.057080e+03 3 43 1.200000e-01 1.720000e+00 3.830133e+00 
 1.061485e+03 3 44 1.200000e-01 1.760000e+00 3.951117e+00 
 1.065889e+03 3 43 1.200000e-01 1.720000e+00 3.785767e+00 
 1.070294e+03 3 44 1.200000e-01 1.760000e+00 3.736434e+00 
 1.074698e+03 3 44 1.200000e-01 1.760000e+00 3.873992e+00 
 1.079103e+03 3 45 1.200000e-01 1.800000e+00 3.891096e+00 
 1.083507e+03 3 44 1.200000e-01 1.760000e+00 3.817620e+00 
 1.087912e+03 2 44 8.000000e-02 1.760000e+00 3.719669e+00 
 1.092316e+03 2 44 8.000000e-02 1.760000e+00 3.706519e+00 
 1.096721e+03 2 46 8.000000e-02 1.840000e+00 3.720719e+00 
 1.101125e+03 2 46 8.000000e-02 1.840000e+00 3.746874e+00 
 1.105530e+03 2 46 8.000000e-02 1.840000e+00 3.769481e+00 
 1.109934e+03 2 46 8.000000e-02 1.840000e+00 3.908874e+00 
 1.114339e+03 2 46 8.000000e-02 1.840000e+00 3.826307e+00 
 1.118743e+03 2 46 8.000000e-02 1.840000e+00 3.711258e+00 
 1.123148e+03 2 46 8.000000e-02 1.840000e+00 3.766371e+00 
 1.127552e+03 3 46 1.200000e-01 1.840000e+00 3.871975e+00 
 1.131957e+03 3 47 1.200000e-01 1.880000e+00 3.734342e+00 
 1.136361e+03 3 46 1.200000e-01 1.840000e+00 3.811988e+00 
 1.140766e+03 3 48 1.200000e-01 1.920000e+00 3.809425e+00 
 1.145170e+03 3 48 1.200000e-01 1.920000e+00 3.748958e+00 
 1.149575e+03 4 47 1.600000e-01 1.880000e+00 3.672905e+00 
 1.153979e+03 4 48 1.600000e-01 1.920000e+00 3.730679e+00 
 1.158384e+03 4 48 1.600000e-01 1.920000e+00 3.865412e+00 
 1.162788e+03 4 48 1.600000e-01 1.920000e+00 3.740091e+00 
 1.167193e+03 4 47 1.600000e-01 1.880000e+00 3.773365e+00 
 1.171597e+03 4 47 1.600000e-01 1.880000e+00 3.797614e+00 
 1.176002e+03 4 47 1.600000e-01 1.880000e+00 3.828093e+00 
 1.180406e+03 4 46 1.600000e-01 1.840000e+00 3.817108e+00 
 1.184811e+03 3 46 1.200000e-01 1.840000e+00 3.810450e+00 
 1.189215e+03 3 47 1.200000e-01 1.880000e+00 3.774141e+00 
 1.193620e+03 3 48 1.200000e-01 1.920000e+00 3.742701e+00 
 1.198024e+03 3 49 1.200000e-01 1.960000e+00 3.787314e+00 
 1.202429e+03 3 48 1.200000e-01 1.920000e+00 3.759883e+00 
 1.206833e+03 2 49 8.000000e-02 1.960000e+00 3.801983e+00 
 1.211238e+03 2 49 8.000000e-02 1.960000e+00 3.774917e+00 
 1.215642e+03 2 49 8.000000e-02 1.960000e+00 3.713889e+00 
 1.220047e+03 2 49 8.000000e-02 1.960000e+00 3.871470e+00 
 1.224451e+03 2 49 8.000000e-02 1.960000e+00 3.923089e+00 
 1.228856e+03 2 49 8.000000e-02 1.960000e+00 3.998046e+00 
 1.233260e+03 2 50 8.000000e-02 2.000000e+00 4.011215e+00 
 1.237665e+03 2 50 8.000000e-02 2.000000e+00 3.981157e+00 
 1.242069e+03 2 50 8.000000e-02 2.000000e+00 3.943696e+00 
 1.246474e+03 2 50 8.000000e-02 2.000000e+00 4.047086e+00 
 1.250878e+03 2 51 8.000000e-02 2.040000e+00 3.906125e+00 
 1.255283e+03 2 51 8.000000e-02 2.040000e+00 3.901372e+00 
 1.259687e+03 2 51 8.000000e-02 2.040000e+00 3.919104e+00 
 1.264092e+03 2 51 8.000000e-02 2.040000e+00 3.848447e+00 
 1.268496e+03 2 51 8.000000e-02 2.040000e+00 3.909624e+00 
 1.272901e+03 2 51 8.000000e-02 2.040000e+00 3.824265e+00 
 1.277305e+03 3 52 1.200000e-01 2.080000e+00 3.794270e+00 
 1.281710e+03 3 50 1.200000e-01 2.000000e+00 3.936260e+00 
 1.286114e+03 3 50 1.200000e-01 2.000000e+00 4.007561e+00 
 1.290519e+03 3 50 1.200000e-01 2.000000e+00 4.114095e+00 
 1.294923e+03 2 50 8.000000e-02 2.000000e+00 3.977967e+00 
 1.299328e+03 1 50 4.000000e-02 2.000000e+00 3.952600e+00 
 1.303732e+03 1 50 4.000000e-02 2.000000e+00 3.998046e+00 
 1.308137e+03 0 50 0.000000e+00 2.000000e+00 4.018998e+00 
 1.312541e+03 0 49 0.000000e+00 1.960000e+00 4.027493e+00 
 1.316946e+03 2 50 8.000000e-02 2.000000e+00 3.832682e+00 
 1.321350e+03 2 50 8.000000e-02 2.000000e+00 3.970103e+00 
 1.325755e+03 2 50 8.000000e-02 2.000000e+00 3.891848e+00 
 1.330159e+03 2 50 8.000000e-02 2.000000e+00 4.033066e+00 
 1.334564e+03 2 50 8.000000e-02 2.000000e+00 3.886575e+00 
 1.338968e+03 2 50 8.000000e-02 2.000000e+00 3.893605e+00 
 1.343373e+03 2 48 8.000000e-02 1.920000e+00 3.985325e+00 
 1.347777e+03 2 48 8.000000e-02 1.920000e+00 3.969857e+00 
 1.352182e+03 2 49 8.000000e-02 1.960000e+00 4.047086e+00 
 1.356586e+03 2 50 8.000000e-02 2.000000e+00 3.966658e+00 
 1.360991e+03 2 50 8.000000e-02 2.000000e+00 3.950623e+00 
 1.365395e+03 2 49 8.000000e-02 1.960000e+00 3.945429e+00 
 1.369800e+03 2 49 8.000000e-02 1.960000e+00 3.901122e+00 
 1.374204e+03 2 49 8.000000e-02 1.960000e+00 4.019241e+00 
 1.378609e+03 2 48 8.000000e-02 1.920000e+00 4.026038e+00 
 1.383013e+03 1 48 4.000000e-02 1.920000e+00 3.991201e+00 
 1.387418e+03 1 49 4.000000e-02 1.960000e+00 3.921595e+00 
 1.391822e+03 1 50 4.000000e-02 2.000000e+00 4.047569e+00 
 1.396227e+03 1 50 4.000000e-02 2.000000e+00 3.905875e+00 
 1.400631e+03 1 49 4.000000e-02 1.960000e+00 4.004392e+00 
 1.405036e+03 1 49 4.000000e-02 1.960000e+00 4.041774e+00 
 1.409440e+03 1 49 4.000000e-02 1.960000e+00 4.130914e+00 
 1.413845e+03 1 48 4.000000e-02 1.920000e+00 4.040324e+00 
 1.418249e+03 0 48 0.000000e+00 1.920000e+00 4.021184e+00 
 1.422654e+03 0 48 0.000000e+00 1.920000e+00 3.927070e+00 
 1.427058e+03 0 48 0.000000e+00 1.920000e+00 3.985080e+00 
 1.431463e+03 0 48 0.000000e+00 1.920000e+00 3.969119e+00 
 1.435867e+03 0 48 0.000000e+00 1.920000e+00 3.997314e+00 
 1.440272e+03 0 47 0.000000e+00 1.880000e+00 4.011702e+00 
 1.444676e+03 0 47 0.000000e+00 1.880000e+00 4.057689e+00 
 1.449081e+03 0 48 0.000000e+00 1.920000e+00 4.042982e+00 
 1.453485e+03 0 48 0.000000e+00 1.920000e+00 3.840319e+00 
 1.457890e+03 0 48 0.000000e+00 1.920000e+00 4.004880e+00 
 1.462294e+03 0 48 0.000000e+00 1.920000e+00 4.041291e+00 
 1.466699e+03 0 48 0.000000e+00 1.920000e+00 3.933033e+00 
 1.471103e+03 0 48 0.000000e+00 1.920000e+00 3.977721e+00 
 1.475508e+03 0 48 0.000000e+00 1.920000e+00 3.986550e+00 
 1.479912e+03 0 49 0.000000e+00 1.960000e+00 4.018512e+00 
 1.484317e+03 0 49 0.000000e+00 1.960000e+00 3.929058e+00 
 1.488721e+03 0 50 0.000000e+00 2.000000e+00 4.005855e+00 
 1.493126e+03 0 50 0.000000e+00 2.000000e+00 4.045155e+00 
 1.497530e+03 0 50 0.000000e+00 2.000000e+00 4.022641e+00 
 1.501935e+03 0 49 0.000000e+00 1.960000e+00 4.073543e+00 
 1.506339e+03 1 50 4.000000e-02 2.000000e+00 4.047810e+00 
 1.510744e+03 1 48 4.000000e-02 1.920000e+00 3.993403e+00 
 1.515148e+03 0 48 0.000000e+00 1.920000e+00 4.025068e+00 
 1.519553e+03 0 49 0.000000e+00 1.960000e+00 4.044431e+00 
 1.523957e+03 0 49 0.000000e+00 1.960000e+00 4.065864e+00 
 1.528362e+03 0 49 0.000000e+00 1.960000e+00 4.181899e+00 
 1.532766e+03 0 49 0.000000e+00 1.960000e+00 4.057689e+00 
 1.537171e+03 0 48 0.000000e+00 1.920000e+00 3.993647e+00 
 1.541575e+03 0 46 0.000000e+00 1.840000e+00 4.162237e+00 
 1.545980e+03 0 46 0.000000e+00 1.840000e+00 4.138000e+00 
 1.550384e+03 0 48 0.000000e+00 1.920000e+00 4.057930e+00 
 1.554789e+03 0 48 0.000000e+00 1.920000e+00 4.181199e+00 
 1.559193e+03 0 48 0.000000e+00 1.920000e+00 4.154017e+00 
 1.563598e+03 0 49 0.000000e+00 1.960000e+00 4.085034e+00 
 1.568002e+03 0 49 0.000000e+00 1.960000e+00 4.207276e+00 
 1.572407e+03 0 50 0.000000e+00 2.000000e+00 4.108632e+00 
 1.576811e+03 0 50 0.000000e+00 2.000000e+00 4.160595e+00 
 1.581216e+03 0 49 0.000000e+00 1.960000e+00 4.182600e+00 
 1.585620e+03 0 50 0.000000e+00 2.000000e+00 4.095539e+00 
 1.590025e+03 0 50 0.000000e+00 2.000000e+00 4.167864e+00 
 1.594429e+03 0 51 0.000000e+00 2.040000e+00 4.132332e+00 
 1.598834e+03 0 53 0.000000e+00 2.120000e+00 4.119788e+00 
 1.603238e+03 0 53 0.000000e+00 2.120000e+00 4.091483e+00 
 1.607643e+03 0 53 0.000000e+00 2.120000e+00 4.167630e+00 
 1.612047e+03 0 53 0.000000e+00 2.120000e+00 4.163176e+00 
 1.616452e+03 0 55 0.000000e+00 2.200000e+00 4.145310e+00 
 1.620856e+03 0 55 0.000000e+00 2.200000e+00 4.170675e+00 
 1.625261e+03 0 57 0.000000e+00 2.280000e+00 4.103876e+00 
 1.629665e+03 1 57 4.000000e-02 2.280000e+00 3.993647e+00 
 1.634070e+03 1 57 4.000000e-02 2.280000e+00 4.057449e+00 
 1.638474e+03 1 57 4.000000e-02 2.280000e+00 4.161299e+00 
 1.642879e+03 1 57 4.000000e-02 2.280000e+00 4.139888e+00 
 1.647283e+03 1 56 4.000000e-02 2.240000e+00 4.138472e+00 
 1.651688e+03 2 57 8.000000e-02 2.280000e+00 4.169738e+00 
 1.656092e+03 1 57 4.000000e-02 2.280000e+00 4.159890e+00 
 1.660497e+03 1 57 4.000000e-02 2.280000e+00 4.198679e+00 
 1.664901e+03 1 57 4.000000e-02 2.280000e+00 4.001221e+00 
 1.669306e+03 1 57 4.000000e-02 2.280000e+00 4.142246e+00 
 1.673710e+03 1 57 4.000000e-02 2.280000e+00 4.129259e+00 
 1.678115e+03 0 57 0.000000e+00 2.280000e+00 4.111484e+00 
 1.682519e+03 0 58 0.000000e+00 2.320000e+00 4.224417e+00 
 1.686924e+03 0 58 0.000000e+00 2.320000e+00 4.112196e+00 
 1.691328e+03 0 60 0.000000e+00 2.400000e+00 4.187733e+00 
 1.695733e+03 0 60 0.000000e+00 2.400000e+00 4.173952e+00 
 1.700137e+03 0 60 0.000000e+00 2.400000e+00 4.103876e+00 
 1.704542e+03 0 60 0.000000e+00 2.400000e+00 4.136820e+00 
 1.708946e+03 0 60 0.000000e+00 2.400000e+00 4.134223e+00 
 1.713351e+03 0 61 0.000000e+00 2.440000e+00 4.274059e+00 
 1.717755e+03 0 61 0.000000e+00 2.440000e+00 4.290933e+00 
 1.722160e+03 0 61 0.000000e+00 2.440000e+00 4.127603e+00 
 1.726564e+03 0 62 0.000000e+00 2.480000e+00 4.217708e+00 
 1.730969e+03 0 62 0.000000e+00 2.480000e+00 4.180965e+00 
 1.735373e+03 0 62 0.000000e+00 2.480000e+00 4.269487e+00 
 1.739778e+03 0 62 0.000000e+00 2.480000e+00 4.266512e+00 
 1.744182e+03 0 62 0.000000e+00 2.480000e+00 4.181199e+00 
 1.748587e+03 0 63 0.000000e+00 2.520000e+00 4.210292e+00 
 1.752991e+03 0 62 0.000000e+00 2.480000e+00 4.140360e+00 
 1.757396e+03 0 61 0.000000e+00 2.440000e+00 4.205651e+00 
 1.761800e+03 0 60 0.000000e+00 2.400000e+00 4.227884e+00 
 1.766205e+03 0 60 0.000000e+00 2.400000e+00 4.267885e+00 
 1.770609e+03 1 60 4.000000e-02 2.400000e+00 4.378793e+00 
 1.775014e+03 1 60 4.000000e-02 2.400000e+00 4.282732e+00 
 1.779418e+03 1 60 4.000000e-02 2.400000e+00 4.208204e+00 
 1.783823e+03 1 62 4.000000e-02 2.480000e+00 4.235730e+00 
 1.788227e+03 1 62 4.000000e-02 2.480000e+00 4.224417e+00 
 1.792632e+03 1 62 4.000000e-02 2.480000e+00 4.253445e+00 
 1.797036e+03 1 60 4.000000e-02 2.400000e+00 4.383028e+00 
 1.801441e+03 1 60 4.000000e-02 2.400000e+00 4.297301e+00 
 1.805845e+03 1 61 4.000000e-02 2.440000e+00 4.255052e+00 
 1.810250e+03 1 62 4.000000e-02 2.480000e+00 4.111721e+00 
 1.814654e+03 0 62 0.000000e+00 2.480000e+00 4.214002e+00 
 1.819059e+03 0 59 0.000000e+00 2.360000e+00 4.171378e+00 
 1.823463e+03 0 58 0.000000e+00 2.320000e+00 4.187733e+00 
 1.827868e+03 0 58 0.000000e+00 2.320000e+00 4.314538e+00 
 1.832272e+03 0 58 0.000000e+00 2.320000e+00 4.338013e+00 
 1.836677e+03 0 58 0.000000e+00 2.320000e+00 4.252756e+00 
 1.841081e+03 0 58 0.000000e+00 2.320000e+00 4.177226e+00 
 1.845486e+03 0 59 0.000000e+00 2.360000e+00 4.139888e+00 
 1.849890e+03 0 58 0.000000e+00 2.320000e+00 4.217014e+00 
 1.854295e+03 0 58 0.000000e+00 2.320000e+00 4.221180e+00 
 1.858699e+03 0 59 0.000000e+00 2.360000e+00 4.256658e+00 
 1.863104e+03 0 59 0.000000e+00 2.360000e+00 4.174888e+00 
 1.867508e+03 0 58 0.000000e+00 2.320000e+00 4.243331e+00 
 1.871913e+03 0 58 0.000000e+00 2.320000e+00 4.283872e+00 
 1.876317e+03 0 56 0.000000e+00 2.240000e+00 4.181666e+00 
 1.880722e+03 0 56 0.000000e+00 2.240000e+00 4.198447e+00 
 1.885126e+03 0 57 0.000000e+00 2.280000e+00 4.252756e+00 
 1.889531e+03 0 57 0.000000e+00 2.280000e+00 4.185401e+00 
 1.893935e+03 0 57 0.000000e+00 2.280000e+00 4.231808e+00 
 1.898340e+03 0 58 0.000000e+00 2.320000e+00 4.371427e+00 
 1.902744e+03 0 57 0.000000e+00 2.280000e+00 4.302298e+00 
 1.907149e+03 0 57 0.000000e+00 2.280000e+00 4.341389e+00 
 1.911553e+03 0 58 0.000000e+00 2.320000e+00 4.305928e+00 
 1.915958e+03 0 58 0.000000e+00 2.320000e+00 4.362034e+00 
 1.920362e+03 0 58 0.000000e+00 2.320000e+00 4.150489e+00 
 1.924767e+03 0 57 0.000000e+00 2.280000e+00 4.267656e+00 
 1.929171e+03 0 58 0.000000e+00 2.320000e+00 4.138708e+00 
 1.933576e+03 0 57 0.000000e+00 2.280000e+00 4.215392e+00 
 1.937980e+03 0 57 0.000000e+00 2.280000e+00 4.261244e+00 
 1.942385e+03 0 57 0.000000e+00 2.280000e+00 4.153312e+00 
 1.946789e+03 0 56 0.000000e+00 2.240000e+00 4.111484e+00 
 1.951194e+03 0 56 0.000000e+00 2.240000e+00 4.258264e+00 
 1.955598e+03 0 55 0.000000e+00 2.200000e+00 4.131151e+00 
 1.960003e+03 0 55 0.000000e+00 2.200000e+00 4.110058e+00 
 1.964407e+03 0 55 0.000000e+00 2.200000e+00 4.191929e+00 
 1.968812e+03 0 57 0.000000e+00 2.280000e+00 4.263306e+00 
 1.973216e+03 0 54 0.000000e+00 2.160000e+00 4.214465e+00 
 1.977621e+03 0 54 0.000000e+00 2.160000e+00 4.292299e+00 
 1.982025e+03 0 55 0.000000e+00 2.200000e+00 4.147900e+00 
 1.986430e+03 0 54 0.000000e+00 2.160000e+00 4.162941e+00 
 1.990835e+03 0 53 0.000000e+00 2.120000e+00 4.171378e+00 
 1.995239e+03 0 53 0.000000e+00 2.120000e+00 4.157307e+00 
 1.999644e+03 0 54 0.000000e+00 2.160000e+00 4.328322e+00 
 2.004048e+03 0 54 0.000000e+00 2.160000e+00 4.303432e+00 
 2.008453e+03 0 53 0.000000e+00 2.120000e+00 4.389930e+00 
 2.012857e+03 0 53 0.000000e+00 2.120000e+00 4.374107e+00 
 2.017262e+03 0 53 0.000000e+00 2.120000e+00 4.403922e+00 
 2.021666e+03 0 52 0.000000e+00 2.080000e+00 4.357330e+00 
 2.026071e+03 0 52 0.000000e+00 2.080000e+00 4.373437e+00 
 2.030475e+03 0 52 0.000000e+00 2.080000e+00 4.220023e+00 
 2.034880e+03 0 53 0.000000e+00 2.120000e+00 4.136820e+00 
 2.039284e+03 0 53 0.000000e+00 2.120000e+00 4.190298e+00 
 2.043689e+03 0 53 0.000000e+00 2.120000e+00 4.202399e+00 
 2.048093e+03 1 53 4.000000e-02 2.120000e+00 4.294801e+00 
 2.052498e+03 1 53 4.000000e-02 2.120000e+00 4.266512e+00 
 2.056902e+03 1 52 4.000000e-02 2.080000e+00 4.338689e+00 
 2.061307e+03 1 52 4.000000e-02 2.080000e+00 4.320644e+00 
 2.065711e+03 1 53 4.000000e-02 2.120000e+00 4.373214e+00 
 2.070116e+03 1 54 4.000000e-02 2.160000e+00 4.373214e+00 
 2.074520e+03 1 55 4.000000e-02 2.200000e+00 4.325163e+00 
 2.078925e+03 1 56 4.000000e-02 2.240000e+00 4.358451e+00 
 2.083329e+03 0 56 0.000000e+00 2.240000e+00 4.350377e+00 
 2.087734e+03 0 57 0.000000e+00 2.280000e+00 4.377901e+00 
 2.092138e+03 0 57 0.000000e+00 2.280000e+00 4.487396e+00 
 2.096543e+03 0 57 0.000000e+00 2.280000e+00 4.338013e+00 
 2.100947e+03 0 54 0.000000e+00 2.160000e+00 4.333734e+00 
 2.105352e+03 0 53 0.000000e+00 2.120000e+00 4.258952e+00 
 2.109756e+03 0 58 0.000000e+00 2.320000e+00 4.491746e+00 
 2.114161e+03 0 55 0.000000e+00 2.200000e+00 4.430673e+00 
 2.118565e+03 0 54 0.000000e+00 2.160000e+00 4.413447e+00 
 2.122970e+03 0 53 0.000000e+00 2.120000e+00 4.410127e+00 
 2.127374e+03 0 53 0.000000e+00 2.120000e+00 4.259181e+00 
 2.131779e+03 0 53 0.000000e+00 2.120000e+00 4.452659e+00 
 2.136183e+03 0 52 0.000000e+00 2.080000e+00 4.409462e+00 
 2.140588e+03 0 52 0.000000e+00 2.080000e+00 4.335536e+00 
 2.144992e+03 0 52 0.000000e+00 2.080000e+00 4.360467e+00 
 2.149397e+03 0 52 0.000000e+00 2.080000e+00 4.455071e+00 
 2.153801e+03 0 53 0.000000e+00 2.120000e+00 4.413668e+00 
 2.158206e+03 0 53 0.000000e+00 2.120000e+00 4.376116e+00 
 2.162610e+03 0 51 0.000000e+00 2.040000e+00 4.328548e+00 
 2.167015e+03 0 50 0.000000e+00 2.000000e+00 4.320644e+00 
 2.171419e+03 0 51 0.000000e+00 2.040000e+00 4.390375e+00 
 2.175824e+03 0 53 0.000000e+00 2.120000e+00 4.421406e+00 
 2.180228e+03 0 55 0.000000e+00 2.200000e+00 4.416986e+00 
 2.184633e+03 0 54 0.000000e+00 2.160000e+00 4.341389e+00 
 2.189037e+03 0 53 0.000000e+00 2.120000e+00 4.425821e+00 
 2.193442e+03 0 53 0.000000e+00 2.120000e+00 4.388595e+00 
 2.197846e+03 0 54 0.000000e+00 2.160000e+00 4.304113e+00 
 2.202251e+03 0 54 0.000000e+00 2.160000e+00 4.376785e+00 
 2.206655e+03 0 55 0.000000e+00 2.200000e+00 4.404144e+00 
