0 7.586715e-01 
1 3.623775e-01 
2 2.071622e-01 
3 7.114657e-02 
4 2.695983e-02 
5 6.461980e-03 
6 2.622451e-03 
7 1.400828e-03 
8 9.909406e-04 
9 7.212388e-04 
10 5.035358e-04 
11 3.575906e-04 
12 2.712055e-04 
13 2.128796e-04 
14 1.702673e-04 
15 1.425825e-04 
16 1.177617e-04 
17 1.077405e-04 
18 8.575707e-05 
19 7.456123e-05 
20 6.941758e-05 
21 5.373291e-05 
22 4.809420e-05 
23 4.730505e-05 
24 3.734432e-05 
25 3.537964e-05 
26 3.557587e-05 
27 2.967484e-05 
28 2.932125e-05 
29 2.937354e-05 
30 2.554970e-05 
31 2.521569e-05 
32 2.468254e-05 
33 2.252687e-05 
34 2.223602e-05 
35 2.199583e-05 
36 2.096460e-05 
37 2.062816e-05 
38 1.968827e-05 
39 1.928878e-05 
40 1.863154e-05 
41 1.798363e-05 
42 1.796112e-05 
43 1.715685e-05 
44 1.623377e-05 
45 1.680577e-05 
46 1.572603e-05 
47 1.508185e-05 
48 1.551229e-05 
49 1.415409e-05 
50 1.409566e-05 
51 1.454998e-05 
52 1.358204e-05 
53 1.367362e-05 
54 1.339500e-05 
55 1.288761e-05 
56 1.299558e-05 
57 1.290318e-05 
58 1.334747e-05 
59 1.328719e-05 
60 1.342268e-05 
61 1.349359e-05 
62 1.293310e-05 
63 1.337735e-05 
64 1.432876e-05 
65 1.344236e-05 
66 1.301212e-05 
67 1.221918e-05 
68 1.160448e-05 
69 1.149705e-05 
70 1.128296e-05 
71 1.130302e-05 
72 1.136975e-05 
73 1.128760e-05 
74 1.137475e-05 
75 1.110190e-05 
76 1.157544e-05 
77 1.158687e-05 
78 1.113215e-05 
79 1.138350e-05 
80 1.097683e-05 
81 1.074343e-05 
82 1.071780e-05 
83 1.062517e-05 
84 1.023941e-05 
85 9.906823e-06 
86 9.905121e-06 
87 9.341595e-06 
88 9.004889e-06 
89 9.222582e-06 
90 8.354584e-06 
91 8.224229e-06 
92 8.193795e-06 
93 7.747609e-06 
94 7.805773e-06 
95 7.800524e-06 
96 7.242542e-06 
97 7.014365e-06 
98 6.805273e-06 
99 6.415539e-06 
100 6.259148e-06 
101 6.347715e-06 
102 5.993785e-06 
103 5.903202e-06 
104 5.855075e-06 
105 5.533214e-06 
106 5.349523e-06 
107 5.351849e-06 
108 5.257492e-06 
109 5.207102e-06 
110 4.958424e-06 
111 4.836541e-06 
112 4.770167e-06 
113 4.850378e-06 
114 4.886073e-06 
115 4.681608e-06 
116 4.542805e-06 
117 4.436164e-06 
118 4.363649e-06 
119 4.319900e-06 
120 4.247316e-06 
121 4.199887e-06 
122 4.139887e-06 
123 4.063928e-06 
124 4.014918e-06 
125 3.928136e-06 
126 3.927504e-06 
127 3.756577e-06 
128 3.640389e-06 
129 3.549041e-06 
130 3.433654e-06 
131 3.307721e-06 
132 3.287200e-06 
133 3.310340e-06 
134 3.220376e-06 
135 3.205682e-06 
136 3.241908e-06 
137 3.141582e-06 
138 3.033470e-06 
139 2.832961e-06 
140 2.644251e-06 
141 2.495780e-06 
142 2.355970e-06 
143 2.267051e-06 
144 2.185998e-06 
145 2.175458e-06 
146 2.079704e-06 
147 1.972774e-06 
148 1.884883e-06 
149 1.661438e-06 
150 1.465976e-06 
151 1.307939e-06 
152 1.195939e-06 
153 1.110682e-06 
154 1.069790e-06 
155 1.057009e-06 
156 9.915934e-07 
157 9.449147e-07 
158 8.947062e-07 
159 8.363102e-07 
160 7.907699e-07 
161 7.501110e-07 
162 7.342404e-07 
163 7.035591e-07 
164 7.016517e-07 
165 7.005551e-07 
166 6.482244e-07 
167 6.191673e-07 
168 5.798666e-07 
169 5.360844e-07 
170 5.316989e-07 
171 5.118851e-07 
172 4.894568e-07 
173 4.631036e-07 
174 4.433758e-07 
175 4.046175e-07 
176 3.824442e-07 
177 3.595676e-07 
178 3.053214e-07 
179 2.680847e-07 
180 2.471788e-07 
181 2.295632e-07 
182 2.138784e-07 
183 1.942479e-07 
184 1.703692e-07 
185 1.586235e-07 
186 1.496505e-07 
187 1.329113e-07 
188 1.186619e-07 
189 1.089634e-07 
190 9.730814e-08 
191 9.237822e-08 
192 8.825251e-08 
193 8.062832e-08 
194 7.591358e-08 
195 7.402653e-08 
196 6.910671e-08 
197 6.315299e-08 
198 5.819807e-08 
199 5.735838e-08 
200 5.847485e-08 
201 5.865155e-08 
202 5.957440e-08 
203 5.512293e-08 
204 5.070596e-08 
205 4.752929e-08 
206 4.408714e-08 
207 4.251110e-08 
208 3.737965e-08 
209 3.358986e-08 
210 3.189116e-08 
211 2.947880e-08 
212 2.893598e-08 
213 2.834123e-08 
214 2.635247e-08 
215 2.480940e-08 
216 2.320428e-08 
217 2.233642e-08 
218 2.142222e-08 
219 1.948096e-08 
220 1.692652e-08 
221 1.465344e-08 
222 1.317983e-08 
223 1.143562e-08 
224 9.665799e-09 
