1.000000e-05 1.790853e+02 
2.000000e-05 2.243726e+02 
3.000000e-05 2.811220e+02 
4.000000e-05 3.521972e+02 
5.000000e-05 4.411882e+02 
6.000000e-05 5.525591e+02 
7.000000e-05 6.918359e+02 
8.000000e-05 8.658111e+02 
9.000000e-05 1.082739e+03 
1.000000e-04 1.352466e+03 
1.016357e-04 1.686378e+03 
1.032080e-04 1.754364e+03 
1.047216e-04 1.822210e+03 
1.061808e-04 1.889911e+03 
1.075896e-04 1.957462e+03 
1.089513e-04 2.024858e+03 
1.102692e-04 2.092093e+03 
1.115460e-04 2.159163e+03 
1.127844e-04 2.226064e+03 
1.139865e-04 2.292789e+03 
1.151547e-04 2.359334e+03 
1.162908e-04 2.425695e+03 
1.173966e-04 2.491867e+03 
1.184737e-04 2.557844e+03 
1.195237e-04 2.623623e+03 
1.205481e-04 2.689198e+03 
1.215479e-04 2.754565e+03 
1.225246e-04 2.819719e+03 
1.234792e-04 2.884656e+03 
1.244127e-04 2.949371e+03 
1.253261e-04 3.013860e+03 
1.262204e-04 3.078118e+03 
1.270963e-04 3.142140e+03 
1.279547e-04 3.205924e+03 
1.287962e-04 3.269463e+03 
1.296217e-04 3.332754e+03 
1.304318e-04 3.395793e+03 
1.312270e-04 3.458575e+03 
1.320080e-04 3.521096e+03 
1.327754e-04 3.583353e+03 
1.335295e-04 3.645340e+03 
1.342711e-04 3.707055e+03 
1.350004e-04 3.768493e+03 
1.357179e-04 3.829650e+03 
1.364242e-04 3.890522e+03 
1.371194e-04 3.951105e+03 
1.378042e-04 4.011397e+03 
1.384787e-04 4.071392e+03 
1.391434e-04 4.131088e+03 
1.397986e-04 4.190480e+03 
1.404445e-04 4.249565e+03 
1.410815e-04 4.308339e+03 
1.417100e-04 4.366800e+03 
1.423300e-04 4.424943e+03 
1.429419e-04 4.482765e+03 
1.435460e-04 4.540262e+03 
1.441425e-04 4.597433e+03 
1.447316e-04 4.654272e+03 
1.453135e-04 4.710777e+03 
1.458885e-04 4.766945e+03 
1.464567e-04 4.822773e+03 
1.470184e-04 4.878257e+03 
1.475737e-04 4.933395e+03 
1.481228e-04 4.988184e+03 
1.486658e-04 5.042620e+03 
1.492030e-04 5.096701e+03 
1.497345e-04 5.150425e+03 
1.502605e-04 5.203787e+03 
1.507811e-04 5.256786e+03 
1.512964e-04 5.309419e+03 
1.518066e-04 5.361684e+03 
1.523118e-04 5.413577e+03 
1.528122e-04 5.465096e+03 
1.533078e-04 5.516239e+03 
1.537988e-04 5.567003e+03 
1.542854e-04 5.617387e+03 
1.547675e-04 5.667387e+03 
1.552454e-04 5.717001e+03 
1.557191e-04 5.766227e+03 
1.561887e-04 5.815062e+03 
1.566544e-04 5.863505e+03 
1.571162e-04 5.911553e+03 
1.575742e-04 5.959204e+03 
1.580285e-04 6.006457e+03 
1.584792e-04 6.053309e+03 
1.589264e-04 6.099758e+03 
1.593702e-04 6.145803e+03 
1.598106e-04 6.191442e+03 
1.602477e-04 6.236673e+03 
1.606816e-04 6.281495e+03 
1.611124e-04 6.325905e+03 
1.615402e-04 6.369903e+03 
1.619649e-04 6.413486e+03 
1.623867e-04 6.456653e+03 
1.628057e-04 6.499403e+03 
1.632219e-04 6.541734e+03 
1.636353e-04 6.583645e+03 
1.640461e-04 6.625134e+03 
1.644543e-04 6.666201e+03 
1.648599e-04 6.706843e+03 
1.652631e-04 6.747060e+03 
1.656638e-04 6.786851e+03 
1.660621e-04 6.826214e+03 
1.664581e-04 6.865148e+03 
1.668518e-04 6.903653e+03 
1.672433e-04 6.941727e+03 
1.676325e-04 6.979369e+03 
1.680197e-04 7.016579e+03 
1.684048e-04 7.053355e+03 
1.687878e-04 7.089697e+03 
1.691688e-04 7.125603e+03 
1.695479e-04 7.161074e+03 
1.699251e-04 7.196109e+03 
1.703004e-04 7.230705e+03 
1.706739e-04 7.264864e+03 
1.710456e-04 7.298585e+03 
1.714155e-04 7.331866e+03 
1.717837e-04 7.364707e+03 
1.721503e-04 7.397109e+03 
1.725152e-04 7.429069e+03 
1.728785e-04 7.460589e+03 
1.732403e-04 7.491667e+03 
1.736005e-04 7.522303e+03 
1.739592e-04 7.552496e+03 
1.743165e-04 7.582246e+03 
1.746723e-04 7.611554e+03 
1.750267e-04 7.640417e+03 
1.753798e-04 7.668837e+03 
1.757315e-04 7.696813e+03 
1.760819e-04 7.724345e+03 
1.764310e-04 7.751433e+03 
1.767789e-04 7.778077e+03 
1.771255e-04 7.804277e+03 
1.774710e-04 7.830032e+03 
1.778153e-04 7.855344e+03 
1.781585e-04 7.880211e+03 
1.785005e-04 7.904634e+03 
1.788415e-04 7.928614e+03 
1.791814e-04 7.952149e+03 
1.795203e-04 7.975241e+03 
1.798582e-04 7.997890e+03 
1.801951e-04 8.020095e+03 
1.805310e-04 8.041858e+03 
1.808661e-04 8.063177e+03 
1.812002e-04 8.084055e+03 
1.815334e-04 8.104490e+03 
1.818658e-04 8.124483e+03 
1.821973e-04 8.144035e+03 
1.825281e-04 8.163146e+03 
1.828580e-04 8.181817e+03 
1.831872e-04 8.200047e+03 
1.835157e-04 8.217838e+03 
1.838434e-04 8.235189e+03 
1.841704e-04 8.252102e+03 
1.844967e-04 8.268576e+03 
1.848223e-04 8.284612e+03 
1.851473e-04 8.300210e+03 
1.854717e-04 8.315372e+03 
1.857955e-04 8.330098e+03 
1.861187e-04 8.344388e+03 
1.864413e-04 8.358243e+03 
1.867634e-04 8.371664e+03 
1.870849e-04 8.384652e+03 
1.874060e-04 8.397206e+03 
1.877265e-04 8.409329e+03 
1.880466e-04 8.421021e+03 
1.883663e-04 8.432282e+03 
1.886855e-04 8.443113e+03 
1.890043e-04 8.453515e+03 
1.893227e-04 8.463490e+03 
1.896407e-04 8.473036e+03 
1.899584e-04 8.482157e+03 
1.902755e-04 8.490851e+03 
1.905922e-04 8.499117e+03 
1.909084e-04 8.506955e+03 
1.912241e-04 8.514368e+03 
1.915393e-04 8.521356e+03 
1.918542e-04 8.527922e+03 
1.921686e-04 8.534067e+03 
1.924826e-04 8.539793e+03 
1.927963e-04 8.545101e+03 
1.931095e-04 8.549992e+03 
1.934224e-04 8.554470e+03 
1.937349e-04 8.558534e+03 
1.940471e-04 8.562188e+03 
1.943590e-04 8.565432e+03 
1.946705e-04 8.568269e+03 
1.949818e-04 8.570701e+03 
1.952928e-04 8.572729e+03 
1.956035e-04 8.574355e+03 
1.959140e-04 8.575581e+03 
1.962242e-04 8.576408e+03 
1.965341e-04 8.576840e+03 
1.968439e-04 8.576878e+03 
1.971534e-04 8.576523e+03 
1.974628e-04 8.575778e+03 
1.977719e-04 8.574644e+03 
1.980809e-04 8.573125e+03 
1.983897e-04 8.571221e+03 
1.986984e-04 8.568935e+03 
1.990070e-04 8.566268e+03 
1.993154e-04 8.563224e+03 
1.996237e-04 8.559804e+03 
1.999319e-04 8.556010e+03 
2.002400e-04 8.551844e+03 
2.005480e-04 8.547309e+03 
2.008559e-04 8.542407e+03 
2.011638e-04 8.537140e+03 
2.014716e-04 8.531509e+03 
2.017794e-04 8.525519e+03 
2.020872e-04 8.519170e+03 
2.023949e-04 8.512464e+03 
2.027027e-04 8.505405e+03 
2.030104e-04 8.497994e+03 
2.033181e-04 8.490234e+03 
2.036259e-04 8.482127e+03 
2.039337e-04 8.473676e+03 
2.042416e-04 8.464881e+03 
2.045495e-04 8.455747e+03 
2.048575e-04 8.446275e+03 
2.051656e-04 8.436468e+03 
2.054738e-04 8.426328e+03 
2.057820e-04 8.415857e+03 
2.060904e-04 8.405057e+03 
2.063989e-04 8.393932e+03 
2.067075e-04 8.382483e+03 
2.070163e-04 8.370713e+03 
2.073252e-04 8.358624e+03 
2.076343e-04 8.346219e+03 
2.079436e-04 8.333500e+03 
2.082530e-04 8.320470e+03 
2.085627e-04 8.307131e+03 
2.088725e-04 8.293486e+03 
2.091825e-04 8.279537e+03 
2.094928e-04 8.265287e+03 
2.098033e-04 8.250737e+03 
2.101140e-04 8.235891e+03 
2.104250e-04 8.220751e+03 
2.107363e-04 8.205320e+03 
2.110478e-04 8.189599e+03 
2.113596e-04 8.173592e+03 
2.116717e-04 8.157300e+03 
2.119841e-04 8.140727e+03 
2.122968e-04 8.123875e+03 
2.126099e-04 8.106746e+03 
2.129232e-04 8.089343e+03 
2.132370e-04 8.071668e+03 
2.135510e-04 8.053723e+03 
2.138655e-04 8.035513e+03 
2.141803e-04 8.017037e+03 
