# # xi
1.000000000000000000e+00
2.708621929297011510e-02
2.110823665170925845e-02
1.718740724156388872e-02
1.394200218088227639e-02
1.095757540949877928e-02
8.436390321337021436e-03
6.399999327937060285e-03
4.797235303759316699e-03
3.563697790792036673e-03
2.629316573043953033e-03
1.930005328638919508e-03
1.411333798320264137e-03
1.029250069576319749e-03
7.491576509651217287e-04
5.445644995433120833e-04
3.954790726266521009e-04
2.870559394359352748e-04
2.083021889445920674e-04
1.511277282273493856e-04
1.096583863474096709e-04
7.957620956449971733e-05
5.775997177820985665e-05
4.193531711912375042e-05
3.046355715936228969e-05
2.212852893575217416e-05
1.604363080737750952e-05
1.171856684303372549e-05
8.524936502685060726e-06
6.205358193553176237e-06
4.516041895524535823e-06
3.295167664636772511e-06
2.403087779939835304e-06
1.752797548010514827e-06
1.280154810749942871e-06
9.348092209139442294e-07
6.831808816630772699e-07
4.992688849119374009e-07
3.666127251492481685e-07
2.680042175523488765e-07
1.973155496767870242e-07
1.446327710008636678e-07
1.056254341523184613e-07
