0.000000000000000000e+00 -1.000000000000000000e+00 3.889309216385187834e-12 1.000000000000000000e+00
0.000000000000000000e+00 -1.015625000000000000e+00 3.716507064514487840e-11 1.015625000000000000e+00
0.000000000000000000e+00 -1.031250000000000000e+00 6.797965731054679839e-11 1.031250000000000000e+00
0.000000000000000000e+00 -1.046875000000000000e+00 8.059438505478465766e-11 1.046875000000000000e+00
0.000000000000000000e+00 -1.062500000000000000e+00 9.177958452215485126e-11 1.062500000000000000e+00
0.000000000000000000e+00 -1.078125000000000000e+00 9.210639248436745036e-11 1.078125000000000000e+00
0.000000000000000000e+00 -1.093750000000000000e+00 9.163015320629445259e-11 1.093750000000000000e+00
0.000000000000000000e+00 -1.109375000000000000e+00 8.539150871650319387e-11 1.109375000000000000e+00
0.000000000000000000e+00 -1.125000000000000000e+00 7.873896570877347665e-11 1.125000000000000000e+00
0.000000000000000000e+00 -1.140625000000000000e+00 6.984779079520965576e-11 1.140625000000000000e+00
0.000000000000000000e+00 -1.156250000000000000e+00 6.092741829353194110e-11 1.156250000000000000e+00
0.000000000000000000e+00 -1.171875000000000000e+00 5.216451529666899827e-11 1.171875000000000000e+00
0.000000000000000000e+00 -1.187500000000000000e+00 4.359648932981494582e-11 1.187500000000000000e+00
0.000000000000000000e+00 -1.203125000000000000e+00 3.676194654663766440e-11 1.203125000000000000e+00
0.000000000000000000e+00 -1.218750000000000000e+00 3.024424661994240626e-11 1.218750000000000000e+00
0.000000000000000000e+00 -1.234375000000000000e+00 2.646675616550061828e-11 1.234375000000000000e+00
0.000000000000000000e+00 -1.250000000000000000e+00 2.301550723061341763e-11 1.250000000000000000e+00
0.000000000000000000e+00 -1.265625000000000000e+00 2.292693586175792537e-11 1.265625000000000000e+00
0.000000000000000000e+00 -1.281250000000000000e+00 2.320272668060147579e-11 1.281250000000000000e+00
0.000000000000000000e+00 -1.296875000000000000e+00 2.705548018606110827e-11 1.296875000000000000e+00
0.000000000000000000e+00 -1.312500000000000000e+00 3.131707250692749686e-11 1.312500000000000000e+00
0.000000000000000000e+00 -1.328125000000000000e+00 3.927495381766383508e-11 1.328125000000000000e+00
0.000000000000000000e+00 -1.343750000000000000e+00 4.764719196382344917e-11 1.343750000000000000e+00
0.000000000000000000e+00 -1.359375000000000000e+00 5.979170780696631300e-11 1.359375000000000000e+00
0.000000000000000000e+00 -1.375000000000000000e+00 7.234638010652106726e-11 1.375000000000000000e+00
0.000000000000000000e+00 -1.390625000000000000e+00 8.876534695679219798e-11 1.390625000000000000e+00
0.000000000000000000e+00 -1.406250000000000000e+00 1.056083954028621568e-10 1.406250000000000000e+00
0.000000000000000000e+00 -1.421875000000000000e+00 1.265599684022089291e-10 1.421875000000000000e+00
0.000000000000000000e+00 -1.437500000000000000e+00 1.479634230918111710e-10 1.437500000000000000e+00
0.000000000000000000e+00 -1.453125000000000000e+00 1.739224051220556864e-10 1.453125000000000000e+00
0.000000000000000000e+00 -1.468750000000000000e+00 2.003834389200169453e-10 1.468750000000000000e+00
0.000000000000000000e+00 -1.484375000000000000e+00 2.322210744357467914e-10 1.484375000000000000e+00
0.000000000000000000e+00 -1.500000000000000000e+00 2.646548576546545870e-10 1.500000000000000000e+00
0.000000000000000000e+00 -1.515625000000000000e+00 3.038087342978540012e-10 1.515625000000000000e+00
0.000000000000000000e+00 -1.531250000000000000e+00 3.437219978001806740e-10 1.531250000000000000e+00
0.000000000000000000e+00 -1.546875000000000000e+00 3.924901480166856431e-10 1.546875000000000000e+00
0.000000000000000000e+00 -1.562500000000000000e+00 4.422386313881997461e-10 1.562500000000000000e+00
0.000000000000000000e+00 -1.578125000000000000e+00 5.043406974872151923e-10 1.578125000000000000e+00
0.000000000000000000e+00 -1.593750000000000000e+00 5.678728709896005133e-10 1.593750000000000000e+00
0.000000000000000000e+00 -1.609375000000000000e+00 6.489378931962449577e-10 1.609375000000000000e+00
0.000000000000000000e+00 -1.625000000000000000e+00 7.317490484525993164e-10 1.625000000000000000e+00
0.000000000000000000e+00 -1.640625000000000000e+00 8.421005766671309239e-10 1.640625000000000000e+00
0.000000000000000000e+00 -1.656250000000000000e+00 9.561238186590691521e-10 1.656250000000000000e+00
0.000000000000000000e+00 -1.671875000000000000e+00 1.108651852843416257e-09 1.671875000000000000e+00
0.000000000000000000e+00 -1.687500000000000000e+00 1.262794278503503692e-09 1.687500000000000000e+00
0.000000000000000000e+00 -1.703125000000000000e+00 1.496768281061283667e-09 1.703125000000000000e+00
0.000000000000000000e+00 -1.718750000000000000e+00 1.747647599906751225e-09 1.718750000000000000e+00
0.000000000000000000e+00 -1.734375000000000000e+00 2.072544622547316618e-09 1.734375000000000000e+00
0.000000000000000000e+00 -1.750000000000000000e+00 2.373490870608714549e-09 1.750000000000000000e+00
0.000000000000000000e+00 -1.765625000000000000e+00 3.047577220056287944e-09 1.765625000000000000e+00
0.000000000000000000e+00 -1.781250000000000000e+00 3.875154133863853075e-09 1.781250000000000000e+00
0.000000000000000000e+00 -1.796875000000000000e+00 4.541740513858287260e-09 1.796875000000000000e+00
0.000000000000000000e+00 -1.812500000000000000e+00 4.862402996794086386e-09 1.812500000000000000e+00
0.000000000000000000e+00 -1.828125000000000000e+00 8.132073748741842549e-09 1.828125000000000000e+00
0.000000000000000000e+00 -1.843750000000000000e+00 1.369248347149777118e-08 1.843750000000000000e+00
0.000000000000000000e+00 -1.859375000000000000e+00 1.308109982822218177e-08 1.859375000000000000e+00
0.000000000000000000e+00 -1.875000000000000000e+00 1.254643190259347990e-08 1.875000000000000000e+00
0.000000000000000000e+00 -1.890625000000000000e+00 3.454554213552929168e-08 1.890625000000000000e+00
0.000000000000000000e+00 -1.906250000000000000e+00 1.261847556228522304e-07 1.906250000000000000e+00
0.000000000000000000e+00 -1.921875000000000000e+00 8.602166768730553300e-08 1.921875000000000000e+00
0.000000000000000000e+00 -1.937500000000000000e+00 2.570209113189107407e-07 1.937500000000000000e+00
0.000000000000000000e+00 -1.953125000000000000e+00 2.717659300873663768e-07 1.953125000000000000e+00
0.000000000000000000e+00 -1.968750000000000000e+00 4.526091468925672046e-06 1.968750000000000000e+00
0.000000000000000000e+00 -1.984375000000000000e+00 4.065611724355242496e-06 1.984375000000000000e+00
0.000000000000000000e+00 -2.000000000000000000e+00 1.993029204952658499e-05 2.000000000000000000e+00
