1.000000e-06 2.8275851912e-03
3.000000e-06 9.7794131818e-02
7.000000e-06 4.7480205220e-01
1.500000e-05 1.1878633325e+00
3.100000e-05 2.5889077507e+00
6.300000e-05 5.4799850103e+00
1.270000e-04 1.1520205064e+01
1.695433e-04 2.5012742258e+01
2.000093e-04 3.6843742372e+01
2.242282e-04 4.8090418746e+01
2.442404e-04 5.9865596437e+01
2.611141e-04 7.2680663005e+01
2.755307e-04 8.6920391809e+01
2.879736e-04 1.0294485856e+02
2.988055e-04 1.2112016636e+02
3.083100e-04 1.4182607026e+02
3.167141e-04 1.6545969977e+02
3.241970e-04 1.9243510988e+02
3.309015e-04 2.2316040156e+02
3.369548e-04 2.5801569341e+02
3.424572e-04 2.9740753905e+02
3.474915e-04 3.4168738267e+02
3.521340e-04 3.9113828274e+02
3.564425e-04 4.4602533643e+02
3.603317e-04 5.0642182966e+02
3.637575e-04 5.6999052687e+02
3.667981e-04 6.3384413646e+02
3.695152e-04 6.9684474705e+02
3.719569e-04 7.5792752047e+02
3.741600e-04 8.1615289256e+02
3.761556e-04 8.7073080862e+02
3.779730e-04 9.2114972077e+02
3.796461e-04 9.6724391508e+02
3.812103e-04 1.0092924952e+03
3.826896e-04 1.0478489432e+03
3.841039e-04 1.0833292081e+03
3.854675e-04 1.1161347854e+03
3.867902e-04 1.1465896501e+03
3.880808e-04 1.1749454735e+03
3.893463e-04 1.2014526204e+03
3.905921e-04 1.2263258965e+03
3.918227e-04 1.2497506001e+03
3.930416e-04 1.2718890712e+03
3.942511e-04 1.2928827221e+03
3.954535e-04 1.3128439664e+03
3.966508e-04 1.3318798316e+03
3.978449e-04 1.3500867212e+03
3.990365e-04 1.3675503759e+03
4.002265e-04 1.3843303975e+03
4.014165e-04 1.4004900933e+03
4.026061e-04 1.4160890177e+03
4.037965e-04 1.4311605186e+03
4.049878e-04 1.4457518214e+03
4.061806e-04 1.4598918903e+03
4.073751e-04 1.4736121219e+03
4.085714e-04 1.4869348088e+03
4.097698e-04 1.4998810250e+03
4.109706e-04 1.5124660354e+03
4.121734e-04 1.5247061341e+03
4.133789e-04 1.5366079237e+03
4.145864e-04 1.5481846612e+03
4.157963e-04 1.5594359246e+03
4.170087e-04 1.5703694378e+03
4.182233e-04 1.5809874064e+03
4.194403e-04 1.5912878402e+03
4.206595e-04 1.6012723955e+03
4.218808e-04 1.6109369947e+03
4.231045e-04 1.6202778693e+03
4.243304e-04 1.6292923942e+03
4.255583e-04 1.6379743093e+03
4.267885e-04 1.6463163839e+03
4.280209e-04 1.6543131525e+03
4.292554e-04 1.6619570614e+03
4.304923e-04 1.6692386614e+03
4.317316e-04 1.6761504833e+03
4.329733e-04 1.6826839235e+03
4.342175e-04 1.6888274364e+03
4.354646e-04 1.6945719281e+03
4.367145e-04 1.6999077098e+03
4.379675e-04 1.7048219680e+03
4.392240e-04 1.7093042745e+03
4.404839e-04 1.7133428361e+03
4.417478e-04 1.7169243484e+03
4.430157e-04 1.7200365965e+03
4.442883e-04 1.7226656747e+03
4.455656e-04 1.7247976210e+03
4.468482e-04 1.7264177473e+03
4.481364e-04 1.7275114210e+03
4.494306e-04 1.7280623765e+03
4.507314e-04 1.7280546144e+03
4.520392e-04 1.7274714544e+03
4.533544e-04 1.7262950290e+03
4.546777e-04 1.7245088224e+03
4.560096e-04 1.7220936466e+03
4.573505e-04 1.7190314621e+03
4.587011e-04 1.7153044911e+03
4.600619e-04 1.7108935808e+03
4.614336e-04 1.7057817375e+03
4.628170e-04 1.6999506281e+03
4.642126e-04 1.6933834403e+03
4.656215e-04 1.6860643864e+03
4.670445e-04 1.6779780334e+03
4.684824e-04 1.6691123374e+03
4.699343e-04 1.6594558717e+03
4.714001e-04 1.6490157628e+03
4.728801e-04 1.6378001632e+03
4.743752e-04 1.6258185809e+03
4.758858e-04 1.6130843807e+03
4.774129e-04 1.5996197958e+03
4.789576e-04 1.5854492685e+03
4.805208e-04 1.5706057630e+03
4.821039e-04 1.5551308291e+03
4.837079e-04 1.5390712595e+03
4.853340e-04 1.5224857283e+03
4.869834e-04 1.5054402404e+03
4.886575e-04 1.4880127276e+03
4.903574e-04 1.4702850464e+03
4.920846e-04 1.4523501286e+03
4.938403e-04 1.4343061350e+03
4.956258e-04 1.4162598269e+03
4.974420e-04 1.3983204189e+03
4.992897e-04 1.3806070337e+03
5.011698e-04 1.3632315836e+03
5.030826e-04 1.3463166058e+03
5.050277e-04 1.3299832301e+03
5.070044e-04 1.3143487273e+03
5.090110e-04 1.2995278398e+03
5.110263e-04 1.2856327421e+03
5.130366e-04 1.2728636507e+03
5.150420e-04 1.2613067502e+03
5.170421e-04 1.2509436268e+03
5.190370e-04 1.2417448935e+03
5.210266e-04 1.2336663360e+03
5.230108e-04 1.2266557838e+03
5.249896e-04 1.2206633530e+03
5.269630e-04 1.2156453656e+03
5.289310e-04 1.2115593857e+03
5.308936e-04 1.2083543416e+03
5.328508e-04 1.2059656370e+03
5.348027e-04 1.2043180118e+03
5.367495e-04 1.2033321496e+03
5.386910e-04 1.2029308085e+03
5.406275e-04 1.2030422764e+03
5.425591e-04 1.2036017573e+03
5.444860e-04 1.2045515529e+03
5.464082e-04 1.2058403662e+03
5.483262e-04 1.2074223177e+03
5.502400e-04 1.2092559004e+03
5.521498e-04 1.2113031967e+03
5.540560e-04 1.2135293715e+03
5.559587e-04 1.2159024799e+03
5.578582e-04 1.2183933286e+03
5.597549e-04 1.2209754294e+03
5.616488e-04 1.2236249563e+03
5.635404e-04 1.2263207140e+03
5.654298e-04 1.2290441175e+03
5.673174e-04 1.2317790511e+03
5.692032e-04 1.2345116216e+03
5.710875e-04 1.2372301788e+03
5.729705e-04 1.2399250274e+03
5.748522e-04 1.2425883269e+03
5.767327e-04 1.2452140077e+03
5.786120e-04 1.2477976281e+03
5.804900e-04 1.2503362279e+03
5.823667e-04 1.2528283366e+03
5.842418e-04 1.2552737589e+03
5.861151e-04 1.2576735452e+03
5.879864e-04 1.2600298318e+03
5.898554e-04 1.2623456847e+03
5.917217e-04 1.2646249783e+03
5.935851e-04 1.2668721842e+03
5.954453e-04 1.2690921948e+03
5.973021e-04 1.2712900819e+03
5.991553e-04 1.2734708907e+03
6.010047e-04 1.2756394116e+03
6.028503e-04 1.2777999726e+03
6.046919e-04 1.2799562695e+03
6.065295e-04 1.2821112236e+03
6.083630e-04 1.2842668899e+03
6.101925e-04 1.2864244247e+03
6.120178e-04 1.2885840874e+03
6.138391e-04 1.2907452727e+03
6.156562e-04 1.2929065825e+03
6.174693e-04 1.2950659280e+03
6.192784e-04 1.2972206222e+03
6.210836e-04 1.2993674750e+03
6.228848e-04 1.3015029106e+03
6.246822e-04 1.3036230591e+03
6.264758e-04 1.3057238423e+03
6.282657e-04 1.3078010470e+03
6.300520e-04 1.3098503824e+03
6.318348e-04 1.3118675820e+03
6.336141e-04 1.3138484268e+03
6.353901e-04 1.3157887859e+03
6.371629e-04 1.3176846966e+03
6.389325e-04 1.3195323443e+03
6.406990e-04 1.3213281421e+03
6.424626e-04 1.3230687241e+03
6.442234e-04 1.3247509731e+03
6.459815e-04 1.3263720470e+03
6.477370e-04 1.3279293625e+03
6.494900e-04 1.3294206430e+03
6.512406e-04 1.3308438739e+03
6.529889e-04 1.3321973639e+03
6.547351e-04 1.3334796793e+03
6.564793e-04 1.3346897107e+03
6.582216e-04 1.3358265997e+03
6.599621e-04 1.3368897975e+03
6.617009e-04 1.3378790012e+03
6.634382e-04 1.3387941931e+03
6.651740e-04 1.3396355930e+03
6.669085e-04 1.3404036777e+03
6.686418e-04 1.3410991493e+03
6.703740e-04 1.3417229343e+03
6.721052e-04 1.3422761707e+03
6.738356e-04 1.3427601894e+03
6.755652e-04 1.3431765159e+03
6.772942e-04 1.3435268376e+03
6.790226e-04 1.3438130140e+03
6.807506e-04 1.3440370466e+03
6.824784e-04 1.3442010752e+03
6.842058e-04 1.3443073645e+03
6.859332e-04 1.3443582884e+03
6.876605e-04 1.3443563242e+03
6.893879e-04 1.3443040365e+03
6.911155e-04 1.3442040679e+03
6.928433e-04 1.3440591261e+03
6.945715e-04 1.3438719736e+03
6.963001e-04 1.3436454202e+03
6.980292e-04 1.3433823076e+03
6.997588e-04 1.3430855009e+03
7.014891e-04 1.3427578838e+03
7.032201e-04 1.3424023438e+03
7.049519e-04 1.3420217618e+03
7.066845e-04 1.3416190059e+03
7.084180e-04 1.3411969239e+03
7.101525e-04 1.3407583373e+03
7.118879e-04 1.3403060255e+03
7.136243e-04 1.3398427222e+03
7.153618e-04 1.3393711084e+03
7.171003e-04 1.3388938051e+03
7.188400e-04 1.3384133666e+03
7.205808e-04 1.3379322743e+03
7.223227e-04 1.3374529322e+03
7.240658e-04 1.3369776586e+03
7.258100e-04 1.3365086813e+03
7.275554e-04 1.3360481333e+03
7.293019e-04 1.3355980490e+03
7.310495e-04 1.3351603599e+03
7.327983e-04 1.3347368918e+03
7.345482e-04 1.3343293617e+03
7.362991e-04 1.3339393758e+03
7.380511e-04 1.3335684288e+03
7.398041e-04 1.3332179007e+03
7.415581e-04 1.3328890566e+03
7.433130e-04 1.3325830466e+03
7.450688e-04 1.3323009069e+03
7.468255e-04 1.3320435604e+03
7.485830e-04 1.3318118186e+03
7.503413e-04 1.3316063833e+03
7.521003e-04 1.3314278494e+03
7.538599e-04 1.3312767084e+03
7.556202e-04 1.3311533504e+03
7.573810e-04 1.3310580676e+03
7.591424e-04 1.3309910596e+03
7.609042e-04 1.3309524376e+03
7.626665e-04 1.3309422290e+03
7.644291e-04 1.3309603826e+03
7.661920e-04 1.3310067729e+03
7.679552e-04 1.3310812057e+03
7.697187e-04 1.3311834235e+03
7.714823e-04 1.3313131111e+03
7.732460e-04 1.3314699008e+03
7.750099e-04 1.3316533782e+03
7.767738e-04 1.3318630869e+03
7.785377e-04 1.3320985341e+03
7.803016e-04 1.3323591942e+03
7.820654e-04 1.3326445159e+03
7.838291e-04 1.3329539262e+03
7.855927e-04 1.3332868351e+03
7.873562e-04 1.3336426402e+03
7.891195e-04 1.3340207299e+03
7.908825e-04 1.3344204883e+03
7.926453e-04 1.3348412980e+03
7.944079e-04 1.3352825441e+03
7.961702e-04 1.3357436166e+03
7.979321e-04 1.3362239140e+03
7.996938e-04 1.3367228454e+03
8.014550e-04 1.3372398330e+03
8.032159e-04 1.3377743139e+03
8.049765e-04 1.3383257411e+03
8.067366e-04 1.3388935868e+03
8.084962e-04 1.3394773432e+03
8.102555e-04 1.3400765233e+03
8.120142e-04 1.3406906624e+03
8.137726e-04 1.3413193177e+03
8.155304e-04 1.3419620699e+03
8.172877e-04 1.3426185230e+03
8.190445e-04 1.3432883046e+03
8.208007e-04 1.3439710660e+03
8.225565e-04 1.3446664824e+03
8.243116e-04 1.3453742527e+03
8.260662e-04 1.3460940990e+03
8.278203e-04 1.3468257667e+03
8.295737e-04 1.3475690243e+03
8.313265e-04 1.3483236625e+03
8.330788e-04 1.3490894944e+03
8.348304e-04 1.3498663547e+03
8.365813e-04 1.3506540997e+03
8.383317e-04 1.3514526067e+03
8.400813e-04 1.3522617737e+03
8.418304e-04 1.3530815191e+03
8.435787e-04 1.3539117815e+03
8.453264e-04 1.3547525191e+03
8.470733e-04 1.3556037104e+03
8.488196e-04 1.3564653527e+03
8.505652e-04 1.3573374635e+03
8.523100e-04 1.3582200794e+03
8.540542e-04 1.3591132565e+03
8.557976e-04 1.3600170705e+03
8.575402e-04 1.3609316169e+03
8.592821e-04 1.3618570110e+03
8.610233e-04 1.3627933883e+03
8.627637e-04 1.3637409044e+03
8.645033e-04 1.3646997359e+03
8.662422e-04 1.3656700802e+03
8.679803e-04 1.3666521564e+03
8.697176e-04 1.3676462051e+03
8.714541e-04 1.3686524893e+03
8.731898e-04 1.3696712944e+03
8.749247e-04 1.3707029291e+03
8.766588e-04 1.3717477256e+03
8.783921e-04 1.3728060397e+03
8.801246e-04 1.3738782521e+03
8.818562e-04 1.3749647679e+03
8.835870e-04 1.3760660175e+03
8.853170e-04 1.3771824568e+03
8.870462e-04 1.3783145677e+03
8.887745e-04 1.3794628583e+03
8.905019e-04 1.3806278632e+03
8.922285e-04 1.3818101438e+03
8.939542e-04 1.3830102886e+03
8.956790e-04 1.3842289130e+03
8.974030e-04 1.3854666601e+03
8.991261e-04 1.3867242002e+03
9.008483e-04 1.3880022313e+03
9.025696e-04 1.3893014785e+03
9.042900e-04 1.3906226947e+03
9.060094e-04 1.3919666600e+03
9.077280e-04 1.3933341820e+03
9.094456e-04 1.3947260950e+03
9.111623e-04 1.3961432605e+03
9.128780e-04 1.3975865663e+03
9.145927e-04 1.3990569267e+03
9.163064e-04 1.4005552819e+03
9.180192e-04 1.4020825975e+03
9.197310e-04 1.4036398645e+03
9.214417e-04 1.4052280983e+03
9.231514e-04 1.4068483387e+03
9.248600e-04 1.4085016487e+03
9.265676e-04 1.4101891146e+03
9.282741e-04 1.4119118441e+03
9.299795e-04 1.4136709679e+03
9.316838e-04 1.4154676378e+03
9.333869e-04 1.4173030259e+03
9.350889e-04 1.4191783243e+03
9.367897e-04 1.4210947440e+03
9.384893e-04 1.4230535139e+03
9.401876e-04 1.4250558810e+03
9.418847e-04 1.4271031082e+03
9.435806e-04 1.4291964749e+03
9.452751e-04 1.4313372748e+03
9.469684e-04 1.4335268161e+03
9.486603e-04 1.4357664198e+03
9.503508e-04 1.4380574179e+03
9.520399e-04 1.4404011545e+03
9.537275e-04 1.4427989843e+03
9.554138e-04 1.4452522714e+03
9.570985e-04 1.4477623879e+03
9.587817e-04 1.4503307132e+03
9.604633e-04 1.4529586329e+03
9.621434e-04 1.4556475377e+03
9.638218e-04 1.4583988220e+03
9.654986e-04 1.4612138829e+03
9.671737e-04 1.4640941187e+03
9.688471e-04 1.4670409279e+03
9.705187e-04 1.4700557075e+03
9.721886e-04 1.4731398520e+03
9.738566e-04 1.4762947515e+03
9.755227e-04 1.4795217905e+03
9.771870e-04 1.4828223463e+03
9.788493e-04 1.4861977868e+03
9.805096e-04 1.4896494692e+03
9.821679e-04 1.4931787380e+03
9.838242e-04 1.4967869226e+03
9.854784e-04 1.5004753360e+03
9.871304e-04 1.5042452720e+03
9.887803e-04 1.5080980033e+03
9.904280e-04 1.5120347795e+03
9.920734e-04 1.5160568239e+03
9.937165e-04 1.5201653317e+03
9.953573e-04 1.5243614668e+03
9.969958e-04 1.5286463587e+03
9.986318e-04 1.5330210860e+03
1.000265e-03 1.5374866892e+03
1.001896e-03 1.5420441750e+03
1.003525e-03 1.5466945038e+03
1.005151e-03 1.5514385864e+03
1.006774e-03 1.5562772809e+03
1.008395e-03 1.5612113892e+03
1.010013e-03 1.5662416532e+03
1.011628e-03 1.5713687512e+03
1.013240e-03 1.5765932941e+03
1.014850e-03 1.5819158214e+03
1.016457e-03 1.5873367976e+03
1.018060e-03 1.5928566083e+03
1.019661e-03 1.5984755385e+03
1.021259e-03 1.6041937693e+03
1.022854e-03 1.6100114236e+03
1.024446e-03 1.6159285315e+03
1.026034e-03 1.6219450264e+03
1.027620e-03 1.6280607421e+03
1.029202e-03 1.6342754084e+03
1.030782e-03 1.6405886482e+03
1.032357e-03 1.6469999735e+03
1.033930e-03 1.6535087759e+03
1.035499e-03 1.6601142583e+03
1.037065e-03 1.6668155758e+03
1.038628e-03 1.6736117621e+03
1.040187e-03 1.6805017283e+03
1.041743e-03 1.6874842613e+03
1.043295e-03 1.6945580233e+03
1.044844e-03 1.7017215508e+03
1.046389e-03 1.7089731743e+03
1.047931e-03 1.7163111335e+03
1.049469e-03 1.7237335763e+03
1.051004e-03 1.7312385226e+03
1.052535e-03 1.7388238647e+03
1.054062e-03 1.7464873670e+03
1.055586e-03 1.7542265889e+03
1.057106e-03 1.7620389637e+03
1.058622e-03 1.7699218698e+03
1.060135e-03 1.7778725652e+03
1.061644e-03 1.7858881911e+03
1.063149e-03 1.7939657554e+03
1.064650e-03 1.8021020149e+03
1.066148e-03 1.8102937787e+03
1.067642e-03 1.8185377597e+03
1.069132e-03 1.8268305800e+03
1.070618e-03 1.8351687098e+03
1.072101e-03 1.8435484574e+03
1.073580e-03 1.8519661972e+03
1.075055e-03 1.8604182344e+03
1.076526e-03 1.8689008102e+03
1.077994e-03 1.8774098826e+03
1.079457e-03 1.8859415539e+03
1.080917e-03 1.8944918931e+03
1.082373e-03 1.9030569250e+03
1.083826e-03 1.9116323939e+03
1.085274e-03 1.9202142215e+03
1.086719e-03 1.9287983261e+03
1.088160e-03 1.9373805646e+03
1.089598e-03 1.9459565756e+03
1.091032e-03 1.9545222324e+03
1.092462e-03 1.9630734101e+03
1.093888e-03 1.9716058036e+03
1.095311e-03 1.9801151983e+03
1.096730e-03 1.9885975172e+03
1.098145e-03 1.9970486283e+03
1.099557e-03 2.0054642953e+03
1.100966e-03 2.0138405578e+03
1.102370e-03 2.0221734736e+03
1.103772e-03 2.0304588970e+03
1.105169e-03 2.0386930423e+03
1.106563e-03 2.0468721733e+03
1.107954e-03 2.0549923236e+03
1.109341e-03 2.0630499258e+03
1.110725e-03 2.0710414452e+03
1.112106e-03 2.0789631771e+03
1.113483e-03 2.0868118039e+03
1.114857e-03 2.0945839885e+03
1.116227e-03 2.1022763468e+03
1.117594e-03 2.1098858327e+03
1.118958e-03 2.1174092899e+03
1.120319e-03 2.1248437111e+03
1.121677e-03 2.1321863359e+03
1.123031e-03 2.1394341811e+03
1.124382e-03 2.1465846519e+03
1.125730e-03 2.1536351726e+03
1.127075e-03 2.1605831408e+03
1.128417e-03 2.1674262935e+03
1.129756e-03 2.1741622001e+03
1.131092e-03 2.1807887209e+03
1.132425e-03 2.1873037944e+03
1.133756e-03 2.1937053145e+03
1.135083e-03 2.1999915140e+03
1.136407e-03 2.2061604448e+03
1.137729e-03 2.2122104747e+03
1.139048e-03 2.2181399806e+03
1.140364e-03 2.2239473784e+03
1.141677e-03 2.2296313470e+03
1.142987e-03 2.2351903515e+03
1.144295e-03 2.2406232411e+03
1.145600e-03 2.2459287412e+03
1.146903e-03 2.2511057434e+03
1.148203e-03 2.2561532216e+03
1.149501e-03 2.2610700963e+03
1.150795e-03 2.2658555435e+03
1.152088e-03 2.2705085411e+03
1.153378e-03 2.2750283519e+03
1.154666e-03 2.2794141492e+03
1.155951e-03 2.2836651890e+03
1.157234e-03 2.2877808128e+03
1.158514e-03 2.2917602629e+03
1.159793e-03 2.2956029885e+03
1.161069e-03 2.2993082844e+03
1.162343e-03 2.3028756059e+03
1.163614e-03 2.3063043757e+03
1.164884e-03 2.3095940005e+03
1.166152e-03 2.3127440055e+03
1.167417e-03 2.3157537596e+03
1.168681e-03 2.3186227970e+03
1.169942e-03 2.3213505881e+03
1.171202e-03 2.3239365990e+03
1.172459e-03 2.3263803738e+03
1.173715e-03 2.3286813443e+03
1.174970e-03 2.3308390464e+03
1.176222e-03 2.3328529990e+03
1.177473e-03 2.3347226740e+03
1.178722e-03 2.3364476245e+03
1.179969e-03 2.3380273627e+03
1.181215e-03 2.3394614124e+03
1.182460e-03 2.3407493428e+03
1.183703e-03 2.3418906947e+03
1.184945e-03 2.3428850431e+03
1.186186e-03 2.3437319971e+03
1.187425e-03 2.3444311624e+03
1.188663e-03 2.3449821815e+03
1.189900e-03 2.3453847354e+03
1.191136e-03 2.3456385283e+03
1.192371e-03 2.3457433043e+03
1.193606e-03 2.3456988560e+03
1.194839e-03 2.3455050165e+03
1.196072e-03 2.3451616810e+03
1.197304e-03 2.3446687991e+03
1.198535e-03 2.3440263779e+03
1.199766e-03 2.3432344902e+03
1.200996e-03 2.3422933118e+03
1.202226e-03 2.3412030738e+03
1.203455e-03 2.3399640890e+03
1.204685e-03 2.3385767583e+03
1.205914e-03 2.3370416200e+03
1.207143e-03 2.3353592895e+03
1.208372e-03 2.3335304812e+03
1.209601e-03 2.3315560221e+03
1.210830e-03 2.3294368581e+03
1.212060e-03 2.3271741223e+03
1.213290e-03 2.3247690251e+03
1.214520e-03 2.3222229112e+03
1.215750e-03 2.3195372667e+03
1.216981e-03 2.3167137229e+03
1.218213e-03 2.3137540773e+03
1.219445e-03 2.3106603213e+03
1.220679e-03 2.3074345556e+03
1.221912e-03 2.3040790429e+03
1.223147e-03 2.3005962094e+03
1.224383e-03 2.2969886477e+03
1.225620e-03 2.2932591193e+03
1.226858e-03 2.2894105572e+03
1.228097e-03 2.2854461269e+03
1.229337e-03 2.2813690990e+03
1.230579e-03 2.2771829100e+03
1.231822e-03 2.2728911612e+03
1.233066e-03 2.2684976158e+03
1.234312e-03 2.2640061933e+03
1.235559e-03 2.2594209616e+03
1.236808e-03 2.2547461310e+03
1.238059e-03 2.2499860471e+03
1.239311e-03 2.2451451835e+03
1.240565e-03 2.2402281697e+03
1.241821e-03 2.2352397094e+03
1.243079e-03 2.2301845850e+03
1.244338e-03 2.2250676535e+03
1.245600e-03 2.2198938346e+03
1.246863e-03 2.2146680964e+03
1.248129e-03 2.2093954389e+03
1.249396e-03 2.2040808752e+03
1.250666e-03 2.1987294104e+03
1.251937e-03 2.1933460221e+03
1.253211e-03 2.1879356424e+03
1.254486e-03 2.1825031412e+03
1.255764e-03 2.1770533100e+03
1.257044e-03 2.1715908437e+03
1.258326e-03 2.1661203224e+03
1.259611e-03 2.1606461920e+03
1.260897e-03 2.1551727460e+03
1.262186e-03 2.1497041099e+03
1.263477e-03 2.1442442280e+03
1.264770e-03 2.1387968606e+03
1.266065e-03 2.1333655740e+03
1.267363e-03 2.1279537121e+03
1.268663e-03 2.1225644041e+03
1.269965e-03 2.1172005593e+03
1.271269e-03 2.1118648631e+03
1.272575e-03 2.1065597739e+03
1.273883e-03 2.1012875225e+03
1.275194e-03 2.0960501139e+03
1.276507e-03 2.0908493304e+03
1.277822e-03 2.0856867370e+03
1.279139e-03 2.0805636886e+03
1.280458e-03 2.0754813373e+03
1.281779e-03 2.0704406418e+03
1.283102e-03 2.0654423761e+03
1.284428e-03 2.0604871398e+03
1.285755e-03 2.0555753672e+03
1.287085e-03 2.0507073379e+03
1.288416e-03 2.0458831863e+03
1.289750e-03 2.0411029115e+03
1.291085e-03 2.0363663875e+03
1.292423e-03 2.0316734024e+03
1.293762e-03 2.0270236094e+03
1.295104e-03 2.0224165609e+03
1.296447e-03 2.0178517197e+03
1.297792e-03 2.0133284663e+03
1.299139e-03 2.0088461063e+03
1.300488e-03 2.0044038769e+03
1.301839e-03 2.0000009529e+03
1.303192e-03 1.9956364515e+03
1.304547e-03 1.9913094376e+03
1.305903e-03 1.9870189374e+03
1.307261e-03 1.9827639537e+03
1.308621e-03 1.9785434142e+03
1.309983e-03 1.9743562064e+03
1.311347e-03 1.9702011791e+03
1.312712e-03 1.9660771438e+03
1.314079e-03 1.9619828755e+03
1.315448e-03 1.9579171132e+03
1.316819e-03 1.9538785806e+03
1.318191e-03 1.9498659695e+03
1.319565e-03 1.9458779083e+03
1.320941e-03 1.9419129878e+03
1.322319e-03 1.9379697601e+03
1.323698e-03 1.9340467372e+03
1.325079e-03 1.9301423899e+03
1.326461e-03 1.9262551803e+03
1.327845e-03 1.9223835037e+03
1.329231e-03 1.9185256966e+03
1.330619e-03 1.9146800481e+03
1.332009e-03 1.9108447979e+03
1.333400e-03 1.9070181357e+03
1.334793e-03 1.9031982056e+03
1.336187e-03 1.8993831259e+03
1.337584e-03 1.8955709235e+03
1.338982e-03 1.8917595691e+03
1.340382e-03 1.8879469764e+03
1.341784e-03 1.8841310008e+03
1.343187e-03 1.8803094392e+03
1.344593e-03 1.8764800287e+03
1.346001e-03 1.8726404567e+03
1.347410e-03 1.8687883548e+03
1.348822e-03 1.8649212765e+03
1.350235e-03 1.8610367149e+03
1.351651e-03 1.8571321032e+03
1.353069e-03 1.8532048156e+03
1.354489e-03 1.8492521675e+03
1.355911e-03 1.8452714168e+03
1.357336e-03 1.8412597652e+03
1.358763e-03 1.8372143596e+03
1.360193e-03 1.8331322940e+03
1.361625e-03 1.8290106111e+03
1.363060e-03 1.8248463051e+03
1.364498e-03 1.8206363494e+03
1.365939e-03 1.8163776665e+03
1.367382e-03 1.8120671286e+03
1.368829e-03 1.8077016012e+03
1.370278e-03 1.8032779333e+03
1.371731e-03 1.7987929920e+03
1.373186e-03 1.7942437186e+03
1.374644e-03 1.7896285744e+03
1.376105e-03 1.7849459204e+03
1.377567e-03 1.7801933121e+03
1.379032e-03 1.7753682626e+03
1.380498e-03 1.7704682815e+03
1.381968e-03 1.7654909068e+03
1.383439e-03 1.7604337239e+03
1.384912e-03 1.7552944063e+03
1.386388e-03 1.7500706802e+03
1.387866e-03 1.7447603594e+03
1.389346e-03 1.7393613596e+03
1.390829e-03 1.7338716998e+03
1.392313e-03 1.7282895165e+03
1.393801e-03 1.7226130645e+03
1.395290e-03 1.7168407315e+03
1.396782e-03 1.7109710898e+03
1.398277e-03 1.7050028200e+03
1.399774e-03 1.6989347524e+03
1.401274e-03 1.6927658673e+03
1.402776e-03 1.6864953517e+03
1.404281e-03 1.6801225825e+03
1.405789e-03 1.6736470501e+03
1.407300e-03 1.6670684227e+03
1.408813e-03 1.6603866805e+03
1.410330e-03 1.6536018568e+03
1.411850e-03 1.6467141684e+03
1.413373e-03 1.6397241809e+03
1.414899e-03 1.6326324816e+03
1.416429e-03 1.6254398891e+03
1.417962e-03 1.6181475102e+03
1.419499e-03 1.6107564743e+03
1.421039e-03 1.6032682466e+03
1.422583e-03 1.5956843925e+03
1.424131e-03 1.5880066192e+03
1.425683e-03 1.5802369428e+03
1.427239e-03 1.5723773418e+03
1.428799e-03 1.5644302009e+03
1.430364e-03 1.5563978169e+03
1.431933e-03 1.5482828108e+03
1.433506e-03 1.5400878347e+03
1.435084e-03 1.5318157178e+03
1.436667e-03 1.5234694067e+03
1.438256e-03 1.5150519394e+03
1.439849e-03 1.5065665198e+03
1.441447e-03 1.4980163691e+03
1.443051e-03 1.4894048752e+03
1.444660e-03 1.4807354523e+03
1.446275e-03 1.4720116273e+03
1.447896e-03 1.4632369895e+03
1.449523e-03 1.4544151198e+03
1.451156e-03 1.4455498067e+03
1.452796e-03 1.4366446336e+03
1.454441e-03 1.4277035819e+03
1.456094e-03 1.4187302666e+03
1.457753e-03 1.4097286527e+03
1.459420e-03 1.4007025323e+03
1.461093e-03 1.3916557046e+03
1.462774e-03 1.3825921942e+03
1.464462e-03 1.3735157010e+03
1.466158e-03 1.3644301943e+03
1.467862e-03 1.3553395480e+03
1.469574e-03 1.3462474511e+03
1.471295e-03 1.3371579389e+03
1.473023e-03 1.3280747501e+03
1.474761e-03 1.3190015240e+03
1.476507e-03 1.3099421945e+03
1.478262e-03 1.3009004528e+03
1.480026e-03 1.2918798523e+03
1.481800e-03 1.2828840977e+03
1.483583e-03 1.2739168869e+03
1.485377e-03 1.2649816535e+03
1.487180e-03 1.2560817874e+03
1.488993e-03 1.2472209030e+03
1.490817e-03 1.2384023896e+03
1.492651e-03 1.2296294750e+03
1.494496e-03 1.2209053299e+03
1.496352e-03 1.2122332485e+03
1.498219e-03 1.2036164268e+03
1.500098e-03 1.1950578325e+03
1.501988e-03 1.1865603638e+03
1.503890e-03 1.1781268465e+03
1.505804e-03 1.1697601751e+03
1.507730e-03 1.1614631560e+03
1.509668e-03 1.1532383640e+03
1.511619e-03 1.1450882894e+03
1.513582e-03 1.1370153356e+03
1.515559e-03 1.1290218165e+03
1.517548e-03 1.1211100041e+03
1.519551e-03 1.1132821888e+03
1.521567e-03 1.1055403856e+03
1.523596e-03 1.0978865109e+03
1.525639e-03 1.0903223811e+03
1.527696e-03 1.0828497102e+03
1.529767e-03 1.0754701097e+03
1.531852e-03 1.0681850858e+03
1.533952e-03 1.0609960399e+03
1.536065e-03 1.0539042669e+03
1.538194e-03 1.0469110371e+03
1.540337e-03 1.0400174551e+03
1.542494e-03 1.0332244821e+03
1.544667e-03 1.0265329735e+03
1.546855e-03 1.0199436788e+03
1.549057e-03 1.0134572426e+03
1.551275e-03 1.0070742056e+03
1.553508e-03 1.0007950060e+03
1.555757e-03 9.9461998120e+02
1.558020e-03 9.8854936905e+02
1.560299e-03 9.8258331045e+02
1.562594e-03 9.7672185123e+02
1.564904e-03 9.7096494485e+02
1.567230e-03 9.6531245511e+02
1.569571e-03 9.5976415890e+02
1.571927e-03 9.5431974952e+02
1.574300e-03 9.4897883993e+02
1.576688e-03 9.4374096630e+02
1.579091e-03 9.3860559184e+02
1.581510e-03 9.3357211054e+02
1.583944e-03 9.2863985154e+02
1.586394e-03 9.2380808330e+02
1.588859e-03 9.1907601812e+02
1.591339e-03 9.1444281694e+02
1.593835e-03 9.0990759415e+02
1.596345e-03 9.0546942267e+02
1.598871e-03 9.0112733936e+02
1.601412e-03 8.9688035046e+02
1.603967e-03 8.9272743731e+02
1.606537e-03 8.8866756226e+02
1.609122e-03 8.8469970051e+02
1.611721e-03 8.8082282357e+02
1.614335e-03 8.7703587233e+02
1.616962e-03 8.7333779431e+02
1.619604e-03 8.6972755115e+02
1.622260e-03 8.6620412577e+02
1.624929e-03 8.6276653023e+02
1.627612e-03 8.5941381385e+02
1.630308e-03 8.5614507148e+02
1.633017e-03 8.5295945231e+02
1.635740e-03 8.4985616891e+02
1.638475e-03 8.4683450684e+02
1.641223e-03 8.4389383459e+02
1.643984e-03 8.4103361764e+02
1.646757e-03 8.3825345537e+02
1.649542e-03 8.3555302586e+02
1.652340e-03 8.3293213603e+02
1.655149e-03 8.3039073490e+02
1.657970e-03 8.2792892800e+02
1.660803e-03 8.2554699261e+02
1.663647e-03 8.2324539470e+02
1.666502e-03 8.2102480696e+02
1.669369e-03 8.1888612904e+02
1.672246e-03 8.1683050962e+02
1.675134e-03 8.1485937104e+02
1.678033e-03 8.1297443702e+02
1.680942e-03 8.1117776354e+02
1.683862e-03 8.0947177395e+02
1.686792e-03 8.0785929908e+02
1.689731e-03 8.0634362274e+02
1.692681e-03 8.0492853846e+02
1.695640e-03 8.0361840963e+02
1.698608e-03 8.0241822407e+02
1.701585e-03 8.0133368572e+02
1.704572e-03 8.0037130907e+02
1.707567e-03 7.9953852918e+02
1.710570e-03 7.9884383056e+02
1.713582e-03 7.9829689851e+02
1.716602e-03 7.9790879717e+02
1.719629e-03 7.9769217935e+02
1.722664e-03 7.9766153394e+02
1.725705e-03 7.9783346851e+02
1.728753e-03 7.9822705981e+02
1.731807e-03 7.9886426575e+02
1.734829e-03 7.9977040626e+02
1.737818e-03 8.0095887686e+02
1.740770e-03 8.0245016665e+02
1.743684e-03 8.0426672772e+02
1.746558e-03 8.0643294980e+02
1.749389e-03 8.0897515209e+02
1.752175e-03 8.1192151140e+02
1.754914e-03 8.1530179581e+02
1.757604e-03 8.1914693173e+02
1.760243e-03 8.2348910573e+02
1.762828e-03 8.2836098820e+02
1.765359e-03 8.3379500863e+02
1.767835e-03 8.3982243664e+02
1.770253e-03 8.4647226402e+02
1.772614e-03 8.5376989935e+02
1.774917e-03 8.6173570953e+02
1.777161e-03 8.7038346718e+02
1.779349e-03 8.7971879008e+02
1.781479e-03 8.8973767974e+02
1.783554e-03 9.0042528166e+02
1.785575e-03 9.1175216352e+02
1.787543e-03 9.2367808896e+02
1.789461e-03 9.3615107561e+02
1.791332e-03 9.4910784675e+02
1.793158e-03 9.6247515499e+02
1.794942e-03 9.7617159633e+02
1.796686e-03 9.9010306559e+02
1.798395e-03 1.0041774574e+03
1.800070e-03 1.0183027906e+03
1.801714e-03 1.0323855975e+03
1.803332e-03 1.0463341677e+03
1.804924e-03 1.0600688842e+03
1.806496e-03 1.0735099402e+03
1.808048e-03 1.0865931846e+03
1.809583e-03 1.0992575542e+03
1.811105e-03 1.1114570513e+03
1.812615e-03 1.1231514867e+03
1.814114e-03 1.1343101294e+03
1.815607e-03 1.1449119962e+03
1.817092e-03 1.1549433104e+03
1.818574e-03 1.1643971879e+03
1.820052e-03 1.1732728873e+03
1.821527e-03 1.1815735644e+03
1.823002e-03 1.1893081130e+03
1.824475e-03 1.1964891387e+03
1.825949e-03 1.2031312339e+03
1.827424e-03 1.2092520469e+03
1.828899e-03 1.2148710951e+03
1.830376e-03 1.2200079896e+03
1.831854e-03 1.2246836745e+03
1.833334e-03 1.2289192335e+03
1.834815e-03 1.2327353835e+03
1.836298e-03 1.2361521904e+03
1.837783e-03 1.2391888250e+03
1.839270e-03 1.2418633605e+03
1.840758e-03 1.2441926083e+03
1.842247e-03 1.2461919879e+03
1.843737e-03 1.2478754263e+03
1.845228e-03 1.2492552835e+03
1.846720e-03 1.2503423008e+03
1.848212e-03 1.2511455685e+03
1.849704e-03 1.2516725048e+03
1.851196e-03 1.2519288698e+03
1.852687e-03 1.2519188348e+03
1.854179e-03 1.2516449441e+03
1.855670e-03 1.2511081525e+03
1.857160e-03 1.2503078705e+03
1.858649e-03 1.2492420160e+03
1.860138e-03 1.2479070705e+03
1.861626e-03 1.2462981377e+03
1.863113e-03 1.2444090031e+03
1.864600e-03 1.2422321939e+03
1.866086e-03 1.2397590386e+03
1.867571e-03 1.2369797261e+03
1.869057e-03 1.2338833644e+03
1.870541e-03 1.2304580426e+03
1.872026e-03 1.2266908960e+03
1.873511e-03 1.2225681797e+03
1.874997e-03 1.2180753539e+03
1.876483e-03 1.2131971867e+03
1.877969e-03 1.2079178803e+03
1.879457e-03 1.2022216074e+03
1.880946e-03 1.1960922805e+03
1.882436e-03 1.1895137443e+03
1.883929e-03 1.1824701838e+03
1.885425e-03 1.1749464304e+03
1.886923e-03 1.1669293371e+03
1.888426e-03 1.1584072960e+03
1.889933e-03 1.1493698846e+03
1.891445e-03 1.1398118106e+03
1.892965e-03 1.1297287068e+03
1.894492e-03 1.1191239277e+03
1.896029e-03 1.1080034000e+03
1.897578e-03 1.0963795584e+03
1.899139e-03 1.0842722118e+03
1.900717e-03 1.0717089761e+03
1.902311e-03 1.0587257450e+03
1.903927e-03 1.0453663915e+03
1.905564e-03 1.0316826321e+03
1.907228e-03 1.0177386593e+03
1.908919e-03 1.0036035863e+03
1.910642e-03 9.8935426246e+02
1.912398e-03 9.7507438086e+02
1.914191e-03 9.6085214031e+02
1.916024e-03 9.4677400694e+02
1.917900e-03 9.3293282278e+02
1.919820e-03 9.1941513476e+02
1.921788e-03 9.0630114501e+02
1.923806e-03 8.9366429392e+02
1.925876e-03 8.8156927336e+02
1.928000e-03 8.7007205171e+02
1.930178e-03 8.5921636103e+02
1.932413e-03 8.4903434379e+02
1.934705e-03 8.3954772744e+02
1.937054e-03 8.3076826162e+02
1.939460e-03 8.2269828300e+02
1.941922e-03 8.1533141306e+02
1.944439e-03 8.0865458160e+02
1.947009e-03 8.0264656866e+02
1.949630e-03 7.9728012082e+02
1.952301e-03 7.9252318535e+02
1.955016e-03 7.8834003164e+02
1.957774e-03 7.8469322626e+02
1.960571e-03 7.8154279430e+02
1.963401e-03 7.7884751210e+02
1.966261e-03 7.7656700159e+02
1.969147e-03 7.7466044453e+02
1.972053e-03 7.7308874286e+02
1.974963e-03 7.7181377758e+02
1.977868e-03 7.7080340552e+02
1.980768e-03 7.7002130863e+02
1.983663e-03 7.6943265033e+02
1.986551e-03 7.6900631235e+02
1.989433e-03 7.6871492326e+02
1.992310e-03 7.6853444038e+02
1.995180e-03 7.6844378106e+02
1.998044e-03 7.6842450367e+02
2.000902e-03 7.6846053214e+02
2.003755e-03 7.6853792752e+02
2.006601e-03 7.6864469760e+02
2.009442e-03 7.6877063989e+02
2.012278e-03 7.6890721409e+02
2.015108e-03 7.6904743976e+02
2.017934e-03 7.6918581450e+02
2.020755e-03 7.6931824483e+02
2.023571e-03 7.6944199771e+02
2.026384e-03 7.6955564868e+02
2.029193e-03 7.6965904076e+02
2.032000e-03 7.6975323829e+02
2.034805e-03 7.6984049015e+02
2.037609e-03 7.6992418039e+02
