0.000000000000000000e+00 -1.000000000000000000e+03 1.000000000000000000e+03
1.000000000000000021e-02 -9.199630410327808931e+02 9.199496556728845462e+02
2.000000000000000042e-02 -8.463313573546474800e+02 8.463086455845041201e+02
2.999999999999999889e-02 -7.785924420215305872e+02 7.785637556082801893e+02
4.000000000000000083e-02 -7.162747784913517535e+02 7.162428742824704386e+02
5.000000000000000278e-02 -6.589445651739370078e+02 6.589116999360267073e+02
5.999999999999999778e-02 -6.062027011872851290e+02 6.061707117113401182e+02
7.000000000000000666e-02 -5.576820125872036442e+02 5.576523833346436732e+02
8.000000000000000167e-02 -5.130446999629493803e+02 5.130186201763572171e+02
8.999999999999999667e-02 -4.719799897960620001e+02 4.719584017015295103e+02
1.000000000000000056e-01 -4.342019733672495931e+02 4.341856128444196656e+02
1.100000000000000006e-01 -3.994476182768121362e+02 3.994370491607114673e+02
1.199999999999999956e-01 -3.674749388263444416e+02 3.674705818253569305e+02
1.300000000000000044e-01 -3.380613125977106392e+02 3.380634696607012302e+02
1.400000000000000133e-01 -3.110019315707031637e+02 3.110108064074884169e+02
1.499999999999999944e-01 -2.861083770461846143e+02 2.861240923973964527e+02
1.600000000000000033e-01 -2.632073084939620458e+02 2.632299206540337764e+02
1.700000000000000122e-01 -2.421392572308541276e+02 2.421687682507908903e+02
1.799999999999999933e-01 -2.227575165583984926e+02 2.227938844885793515e+02
1.900000000000000022e-01 -2.049271206555422395e+02 2.049702681333874352e+02
2.000000000000000111e-01 -1.885239051358657889e+02 1.885737265768111683e+02
2.099999999999999922e-01 -1.734336427445523441e+02 1.734900103537365794e+02
2.200000000000000011e-01 -1.595512481895275414e+02 1.596140169790014625e+02
2.300000000000000100e-01 -1.467800465814652853e+02 1.468490585487452336e+02
2.399999999999999911e-01 -1.350311003975803033e+02 1.351061879973858595e+02
2.500000000000000000e-01 -1.242225902901845984e+02 1.243035793107119389e+02
2.600000000000000089e-01 -1.142792454349109903e+02 1.143659573727636598e+02
2.700000000000000178e-01 -1.051318194566993043e+02 1.052240734702791087e+02
2.800000000000000266e-01 -9.671660828881431371e+01 9.681422279705293477e+01
2.899999999999999800e-01 -8.897500661102822050e+01 8.907780059467768297e+01
2.999999999999999889e-01 -8.185309978103032336e+01 8.196089383406797424e+01
3.099999999999999978e-01 -7.530128842015983537e+01 7.541390559199498966e+01
3.200000000000000067e-01 -6.927394304069457576e+01 6.939120950351934880e+01
3.300000000000000155e-01 -6.372908631217433140e+01 6.385083188198041171e+01
3.400000000000000244e-01 -5.862810075480956584e+01 5.875415929045993835e+01
3.499999999999999778e-01 -5.393545982573414221e+01 5.406566952681168914e+01
3.599999999999999867e-01 -4.961848052672576159e+01 4.975268414715537801e+01
3.699999999999999956e-01 -4.564709581085480750e+01 4.578514080302556977e+01
3.800000000000000044e-01 -4.199364520440576598e+01 4.213538380595855415e+01
3.900000000000000133e-01 -3.863268218567827716e+01 3.877797145937802270e+01
4.000000000000000222e-01 -3.554079698072746396e+01 3.568949881574371830e+01
4.099999999999999756e-01 -3.269645354145905003e+01 3.284843462368007749e+01
4.199999999999999845e-01 -3.007983957155374810e+01 3.023497132875490934e+01
4.299999999999999933e-01 -2.767272855597548187e+01 2.783088708308059722e+01
4.400000000000000022e-01 -2.545835283317137510e+01 2.561941880203085020e+01
4.500000000000000111e-01 -2.342128682683687657e+01 2.358514538337476552e+01
4.600000000000000200e-01 -2.154733962327009067e+01 2.171388027601642534e+01
4.699999999999999734e-01 -1.982345614721998572e+01 1.999257264856714755e+01
4.799999999999999822e-01 -1.823762624716619030e+01 1.840921647055074573e+01
4.899999999999999911e-01 -1.677880105812801048e+01 1.695276687148725614e+01
5.000000000000000000e-01 -1.543681605817982927e+01 1.561306319641880691e+01
5.100000000000000089e-01 -1.420232028426835313e+01 1.438075822073733434e+01
5.200000000000000178e-01 -1.306671121314866468e+01 1.324725303193554282e+01
5.300000000000000266e-01 -1.202207485510734841e+01 1.220463712414493784e+01
5.400000000000000355e-01 -1.106113064230885357e+01 1.124563328840304166e+01
5.500000000000000444e-01 -1.017718072852585465e+01 1.036354691465385258e+01
5.600000000000000533e-01 -9.364063347224146128e+00 9.552219352277461439e+00
5.699999999999999512e-01 -8.616109902795869857e+00 8.805985004233662039e+00
5.799999999999999600e-01 -7.928105496335774660e+00 8.119631855981424451e+00
5.899999999999999689e-01 -7.295252611220348626e+00 7.488365164143033326e+00
5.999999999999999778e-01 -6.713137705111876130e+00 6.907774052117019892e+00
6.099999999999999867e-01 -6.177700476429890841e+00 6.373800779518205673e+00
6.199999999999999956e-01 -5.685205590503755957e+00 5.882712472055573016e+00
6.300000000000000044e-01 -5.232216668897308409e+00 5.431075114232953638e+00
6.400000000000000133e-01 -4.815572360937949270e+00 5.015729624079540372e+00
6.500000000000000222e-01 -4.432364330219570547e+00 4.633769843261688948e+00
6.600000000000000311e-01 -4.079917003458831459e+00 4.282522289082407951e+00
6.700000000000000400e-01 -3.755768940143752843e+00 3.959527527273166925e+00
6.800000000000000488e-01 -3.457655693287961185e+00 3.662523036182392389e+00
6.899999999999999467e-01 -3.183494042372331023e+00 3.389427442511077970e+00
6.999999999999999556e-01 -2.931367488112300634e+00 3.138326019223313779e+00
7.099999999999999645e-01 -2.699512908293399960e+00 2.907457344233989716e+00
7.199999999999999734e-01 -2.486308281717356294e+00 2.695201027207076550e+00
7.299999999999999822e-01 -2.290261394751723856e+00 2.500066418841015548e+00
7.399999999999999911e-01 -2.109999451844487339e+00 2.320682223944459110e+00
7.500000000000000000e-01 -1.944259517709724605e+00 2.155786946241278201e+00
7.600000000000000089e-01 -1.791879724303726107e+00 2.004220097849611193e+00
7.700000000000000178e-01 -1.651791181997396052e+00 1.864914112549740821e+00
7.800000000000000266e-01 -1.523010537785012275e+00 1.736886906612198800e+00
7.900000000000000355e-01 -1.404633129364810884e+00 1.619235034915618598e+00
8.000000000000000444e-01 -1.295826687186490744e+00 1.511127395031508058e+00
8.100000000000000533e-01 -1.195825540518853813e+00 1.411799435445573181e+00
8.199999999999999512e-01 -1.103925287257879972e+00 1.320547827286645770e+00
8.299999999999999600e-01 -1.019477890396956354e+00 1.236725562659557909e+00
8.399999999999999689e-01 -9.418871670495718718e-01 1.159737445414066315e+00
8.499999999999999778e-01 -8.706046384177170694e-01 1.089035942975897342e+00
8.599999999999999867e-01 -8.051257119514048100e-01 1.024117369961459190e+00
8.699999999999999956e-01 -7.449861690984107554e-01 9.645183777902275324e-01
8.800000000000000044e-01 -6.897589342552237213e-01 9.098127249744720757e-01
8.900000000000000133e-01 -6.390511021018028259e-01 8.596083059674128890e-01
9.000000000000000222e-01 -5.925012031802907586e-01 8.135444181389175355e-01
9.100000000000000311e-01 -5.497766880434937775e-01 7.712892473209649324e-01
9.200000000000000400e-01 -5.105716128600761294e-01 7.325375546352006495e-01
9.300000000000000488e-01 -4.746045103529468179e-01 6.970085488283075392e-01
9.399999999999999467e-01 -4.416164310532622039e-01 6.644439285155385733e-01
9.499999999999999556e-01 -4.113691413076594472e-01 6.346060814685188234e-01
9.599999999999999645e-01 -3.836434655240736902e-01 6.072764279670082033e-01
9.699999999999999734e-01 -3.582377611310221255e-01 5.822538967477157712e-01
9.799999999999999822e-01 -3.349665155983529985e-01 5.593535230145789683e-01
9.899999999999999911e-01 -3.136922008707188070e-01 5.384051587898284197e-01
1.000000000000000000e+00 -2.951217699446715415e-01 5.192522861761972308e-01
1.010000000000000009e+00 -2.791517263976857066e-01 5.017509261961095035e-01
1.020000000000000018e+00 -2.652230571839027107e-01 4.857686344184912741e-01
1.030000000000000027e+00 -2.535019647330045700e-01 4.711835773196071386e-01
1.040000000000000036e+00 -2.429634483414702117e-01 4.578836826258338988e-01
1.050000000000000044e+00 -2.343140514567494392e-01 4.457658575265668333e-01
1.060000000000000053e+00 -2.264366116141900420e-01 4.347352694021537900e-01
1.070000000000000062e+00 -2.194182180683128536e-01 4.247046845848672092e-01
1.080000000000000071e+00 -2.138580122264102101e-01 4.155938595067709684e-01
1.090000000000000080e+00 -2.088141960557550192e-01 4.073289809166453779e-01
1.100000000000000089e+00 -2.042453701724298298e-01 3.998421509750187397e-01
1.110000000000000098e+00 -2.001134507590904832e-01 3.930709132691845298e-01
1.120000000000000107e+00 -1.964169673155993223e-01 3.869578171870671213e-01
1.129999999999999893e+00 -1.937070295680314302e-01 3.814500167500227690e-01
1.139999999999999902e+00 -1.912754749064333737e-01 3.764989018673077226e-01
1.149999999999999911e+00 -1.890999403549358249e-01 3.720597591018304229e-01
1.159999999999999920e+00 -1.871598557336255908e-01 3.680914594442583621e-01
1.169999999999999929e+00 -1.854362998856231570e-01 3.645561711746267974e-01
1.179999999999999938e+00 -1.839118686039000750e-01 3.614190956577658653e-01
1.189999999999999947e+00 -1.825705530354753137e-01 3.586482245009392500e-01
1.199999999999999956e+00 -1.813976280391216278e-01 3.562141158618032932e-01
1.209999999999999964e+00 -1.803795492742210627e-01 3.540896889753639698e-01
1.219999999999999973e+00 -1.795038584969006479e-01 3.522500348044559360e-01
1.229999999999999982e+00 -1.787590967142023146e-01 3.506722421734593809e-01
1.239999999999999991e+00 -1.781347239157184958e-01 3.493352375808171928e-01
1.250000000000000000e+00 -1.776210456155240536e-01 3.482196379918605089e-01
1.260000000000000009e+00 -1.772091450402513146e-01 3.473076153895817697e-01
1.270000000000000018e+00 -1.768908207304775715e-01 3.465827720938250422e-01
1.280000000000000027e+00 -1.766585293225944042e-01 3.460300262668170035e-01
1.290000000000000036e+00 -1.765265819267369807e-01 3.456355062662623823e-01
1.300000000000000044e+00 -1.765115364105440676e-01 3.453864537295885384e-01
1.310000000000000053e+00 -1.765471840626560152e-01 3.452711343998089433e-01
1.320000000000000062e+00 -1.766294142580591142e-01 3.452787559363059700e-01
1.330000000000000071e+00 -1.767544471658766270e-01 3.453993924777023494e-01
1.340000000000000080e+00 -1.769188072066754103e-01 3.456239151419140399e-01
1.350000000000000089e+00 -1.771192987216636539e-01 3.459439281141385436e-01
1.360000000000000098e+00 -1.773529833881184459e-01 3.463517099153250456e-01
1.370000000000000107e+00 -1.776171596138738096e-01 3.468401593272574246e-01
1.379999999999999893e+00 -1.779093434452079237e-01 3.474027455667965114e-01
1.389999999999999902e+00 -1.782272511627525091e-01 3.480334625928662717e-01
1.399999999999999911e+00 -1.785687832161784172e-01 3.487267870805226266e-01
1.409999999999999920e+00 -1.789530910318717360e-01 3.494776396546512842e-01
1.419999999999999929e+00 -1.793986211414448917e-01 3.502813492086715996e-01
1.429999999999999938e+00 -1.798683935776352882e-01 3.511336202500388026e-01
1.439999999999999947e+00 -1.803604323649778962e-01 3.520305027486756444e-01
1.449999999999999956e+00 -1.808729205513373017e-01 3.529683643719181418e-01
1.459999999999999964e+00 -1.814041872858069837e-01 3.539438649895600975e-01
1.469999999999999973e+00 -1.819526961189694703e-01 3.549539332743734121e-01
1.479999999999999982e+00 -1.825170342926867306e-01 3.559957450488582253e-01
1.489999999999999991e+00 -1.830959027283824980e-01 3.570667035528458655e-01
1.500000000000000000e+00 -1.836881069466471672e-01 3.581644211662933230e-01
1.510000000000000009e+00 -1.842925486271269619e-01 3.592867024126462638e-01
1.520000000000000018e+00 -1.849082179833203554e-01 3.604315288830548525e-01
1.530000000000000027e+00 -1.855341865448281169e-01 3.615970446844585240e-01
1.540000000000000036e+00 -1.861696006963029504e-01 3.627815435756929219e-01
1.550000000000000044e+00 -1.868136755656450987e-01 3.639834568602964282e-01
1.560000000000000053e+00 -1.874656896688975394e-01 3.652013424434699118e-01
1.570000000000000062e+00 -1.881249796133488417e-01 3.664338744711130857e-01
1.580000000000000071e+00 -1.887909356155432761e-01 3.676798341912217438e-01
1.590000000000000080e+00 -1.894629970774985850e-01 3.689381012227386236e-01
1.600000000000000089e+00 -1.901406486285850406e-01 3.702076456393115222e-01
1.610000000000000098e+00 -1.908234165748581290e-01 3.714875206933356822e-01
1.620000000000000107e+00 -1.915108654648065567e-01 3.727768562966957688e-01
1.629999999999999893e+00 -1.922025951207615435e-01 3.740748525597155094e-01
1.639999999999999902e+00 -1.928982376120984554e-01 3.753807743778452277e-01
1.649999999999999911e+00 -1.935974548105150461e-01 3.766939461347647011e-01
1.659999999999999920e+00 -1.942999360035173595e-01 3.780137468711473048e-01
1.669999999999999929e+00 -1.950053955661132932e-01 3.793396059772931039e-01
1.679999999999999938e+00 -1.957135710399597883e-01 3.806709990021772683e-01
1.689999999999999947e+00 -1.964242212707176805e-01 3.820074441609904170e-01
1.699999999999999956e+00 -1.971371246036142111e-01 3.833484985516406596e-01
1.709999999999999964e+00 -1.978520773700438440e-01 3.846937554189935327e-01
1.719999999999999973e+00 -1.985688924905844033e-01 3.860428408952429891e-01
1.729999999999999982e+00 -1.992873980198055506e-01 3.873954116133973002e-01
1.739999999999999991e+00 -2.000074359821155667e-01 3.887511520297266543e-01
1.750000000000000000e+00 -2.007288612658157945e-01 3.901097722700797021e-01
1.760000000000000009e+00 -2.014515406335704029e-01 3.914710061508230865e-01
1.770000000000000018e+00 -2.021753516164608300e-01 3.928346091415733099e-01
1.780000000000000027e+00 -2.029001816990785301e-01 3.942003565607592463e-01
1.790000000000000036e+00 -2.036259276210330427e-01 3.955680421786382794e-01
1.800000000000000044e+00 -2.043524945038370788e-01 3.969374765292741358e-01
1.810000000000000053e+00 -2.050797952106222510e-01 3.983084856299683452e-01
1.820000000000000062e+00 -2.058077497640624642e-01 3.996809097588993609e-01
1.830000000000000071e+00 -2.065362846478819847e-01 4.010546022909693420e-01
1.840000000000000080e+00 -2.072653324576094747e-01 4.024294285336509347e-01
1.850000000000000089e+00 -2.079948312602937222e-01 4.038052648538723588e-01
1.860000000000000098e+00 -2.087247241870500147e-01 4.051819978631101549e-01
1.870000000000000107e+00 -2.094549590838141739e-01 4.065595233696512878e-01
1.879999999999999893e+00 -2.101854881038889289e-01 4.079377458547241986e-01
1.889999999999999902e+00 -2.109162672422826290e-01 4.093165775411762297e-01
1.899999999999999911e+00 -2.116472561610862613e-01 4.106959379860199988e-01
1.909999999999999920e+00 -2.123784178984351456e-01 4.120757533819414675e-01
1.919999999999999929e+00 -2.132040635333396494e-01 4.134559559752233326e-01
1.929999999999999938e+00 -2.140557697275653481e-01 4.148364836000837386e-01
1.939999999999999947e+00 -2.149075600900687277e-01 4.162172792712226510e-01
1.949999999999999956e+00 -2.157594010932371020e-01 4.175982907181605697e-01
1.959999999999999964e+00 -2.166112619452178478e-01 4.189794700359925628e-01
1.969999999999999973e+00 -2.174631143570877612e-01 4.203607732779346406e-01
1.979999999999999982e+00 -2.183149323100224137e-01 4.217421601642854512e-01
