0.000000e+00 9.902825e-22 0.000000e+00
1.600000e+04 9.890278e-22 -1.116428e-12
3.200000e+04 9.865800e-22 -2.256773e-12
4.800000e+04 9.836567e-22 -3.445205e-12
6.400000e+04 9.812304e-22 -4.706390e-12
8.000000e+04 9.798534e-22 -6.065691e-12
9.600000e+04 9.792655e-22 -7.549299e-12
1.120000e+05 9.756918e-22 -9.184265e-12
1.280000e+05 9.686777e-22 -1.099832e-11
1.440000e+05 9.550994e-22 -1.301937e-11
1.600000e+05 9.348022e-22 -1.527442e-11
1.760000e+05 9.096171e-22 -1.778741e-11
1.920000e+05 8.813111e-22 -2.057532e-11
2.080000e+05 8.498346e-22 -2.364084e-11
2.240000e+05 8.001260e-22 -2.695938e-11
2.400000e+05 7.248925e-22 -3.045653e-11
2.560000e+05 6.230039e-22 -3.397267e-11
2.720000e+05 4.979369e-22 -3.722083e-11
2.880000e+05 3.374897e-22 -3.978158e-11
3.040000e+05 1.377708e-22 -4.125188e-11
3.200000e+05 -1.272224e-22 -4.162385e-11
3.360000e+05 -3.624398e-22 -4.164403e-11
3.520000e+05 -5.984625e-22 -4.165235e-11
3.680000e+05 -8.348043e-22 -4.165354e-11
3.840000e+05 -1.073618e-21 -4.165114e-11
4.000000e+05 -1.308252e-21 -4.164544e-11
4.160000e+05 -1.540782e-21 -4.163257e-11
4.320000e+05 -1.771633e-21 -4.160467e-11
4.480000e+05 -2.003552e-21 -4.155416e-11
4.640000e+05 -1.939051e-21 -3.817369e-11
4.800000e+05 -1.828514e-21 -2.877176e-11
4.960000e+05 -1.740195e-21 -1.535514e-11
5.120000e+05 -1.706287e-21 0.000000e+00
8.000000e+03 9.897087e-22 -5.562470e-13
2.400000e+04 9.875374e-22 -1.680670e-12
4.000000e+04 9.851914e-22 -2.841010e-12
5.600000e+04 9.820718e-22 -4.061629e-12
7.200000e+04 9.798693e-22 -5.367490e-12
8.800000e+04 9.787889e-22 -6.784329e-12
1.040000e+05 9.758458e-22 -8.338738e-12
1.200000e+05 9.726268e-22 -1.005811e-11
1.360000e+05 9.621645e-22 -1.197031e-11
1.520000e+05 9.455264e-22 -1.410294e-11
1.680000e+05 9.210721e-22 -1.648181e-11
1.840000e+05 8.950791e-22 -1.912803e-11
2.000000e+05 8.670654e-22 -2.205270e-11
2.160000e+05 8.271402e-22 -2.524724e-11
2.320000e+05 7.660054e-22 -2.866628e-11
2.480000e+05 6.763885e-22 -3.219910e-11
2.640000e+05 5.629380e-22 -3.562868e-11
2.800000e+05 4.182384e-22 -3.859725e-11
2.960000e+05 2.442318e-22 -4.065700e-11
3.120000e+05 1.670073e-23 -4.154517e-11
3.280000e+05 -2.447033e-22 -4.163535e-11
3.440000e+05 -4.802389e-22 -4.164905e-11
3.600000e+05 -7.164580e-22 -4.165319e-11
3.760000e+05 -9.528305e-22 -4.165228e-11
3.920000e+05 -1.190946e-21 -4.164842e-11
4.080000e+05 -1.424804e-21 -4.163991e-11
4.240000e+05 -1.656388e-21 -4.162069e-11
4.400000e+05 -1.887353e-21 -4.158207e-11
4.560000e+05 -1.980986e-21 -4.073411e-11
4.720000e+05 -1.883632e-21 -3.408966e-11
4.880000e+05 -1.775903e-21 -2.242041e-11
5.040000e+05 -1.711076e-21 -7.790396e-12
