0.000000e+00 -1.195102e-23 0.000000e+00
1.600000e+04 -1.166555e-23 -1.102034e-12
3.200000e+04 -1.456694e-23 -2.224800e-12
4.800000e+04 -1.908978e-23 -3.401014e-12
6.400000e+04 -2.794869e-23 -4.640064e-12
8.000000e+04 -3.704198e-23 -5.988556e-12
9.600000e+04 -5.241470e-23 -7.443649e-12
1.120000e+05 -6.862319e-23 -9.068481e-12
1.280000e+05 -9.233484e-23 -1.084543e-11
1.440000e+05 -1.171409e-22 -1.285581e-11
1.600000e+05 -1.528547e-22 -1.506308e-11
1.760000e+05 -1.902935e-22 -1.756159e-11
1.920000e+05 -2.433529e-22 -2.029097e-11
2.080000e+05 -2.976554e-22 -2.332686e-11
2.240000e+05 -3.739858e-22 -2.658296e-11
2.400000e+05 -4.512513e-22 -2.998809e-11
2.560000e+05 -5.606345e-22 -3.345354e-11
2.720000e+05 -6.632184e-22 -3.632783e-11
2.880000e+05 -7.771845e-22 -3.884780e-11
3.040000e+05 -8.456544e-22 -3.974683e-11
3.200000e+05 -8.533629e-22 -4.030845e-11
3.360000e+05 -6.271758e-22 -4.032894e-11
3.520000e+05 -4.013250e-22 -4.033760e-11
3.680000e+05 -1.756006e-22 -4.034000e-11
3.840000e+05 5.038305e-23 -4.033771e-11
4.000000e+05 2.761861e-22 -4.033333e-11
4.160000e+05 5.013167e-22 -4.031949e-11
4.320000e+05 7.288548e-22 -4.029035e-11
4.480000e+05 9.552225e-22 -4.023880e-11
4.640000e+05 1.199922e-21 -3.648822e-11
4.800000e+05 1.318810e-21 -2.839365e-11
4.960000e+05 1.346570e-21 -1.485906e-11
5.120000e+05 1.368460e-21 0.000000e+00
