  0 1.000000e+00 9.881476e-01 1.000000e+00 1.000000e-08
  1 4.093148e-02 3.417442e-01 1.218519e+06 1.000000e-08
  2 3.017852e-08 1.735036e-01 1.392533e-01 1.000000e-08
  3 2.342120e-08 9.815338e-02 6.139621e-02 1.000000e-08
  4 1.662871e-08 6.402780e-02 3.128526e-02 1.000000e-08
  5 1.177872e-08 6.349913e-02 2.422645e-02 1.000000e-08
  6 1.820565e-08 6.187476e-02 2.025687e-02 1.000000e-08
  7 3.379329e-08 2.946229e-02 1.914595e-02 1.000000e-08
  8 1.690759e-08 1.957306e-02 1.023495e-02 1.000000e-08
  9 6.635111e-09 2.342111e-02 6.783828e-03 1.000000e-08
 10 5.098571e-09 4.556704e-02 8.903302e-03 1.000000e-08
 11 3.424005e-08 3.899173e-02 5.970913e-02 1.000000e-08
 12 3.797109e-08 6.810863e-03 5.267323e-02 1.000000e-08
 13 1.051547e-08 6.287617e-03 1.797110e-02 1.000000e-08
 14 7.714184e-09 1.217062e-02 1.360974e-02 1.000000e-08
 15 9.507734e-09 1.349986e-02 1.361000e-02 1.000000e-08
 16 2.789471e-09 9.073959e-03 6.201464e-03 1.000000e-08
 17 1.631797e-09 2.032457e-02 5.196126e-03 1.000000e-08
 18 7.767512e-09 1.733712e-02 5.572019e-03 1.000000e-08
 19 2.192879e-09 2.778953e-03 1.373135e-03 1.000000e-08
 20 8.685202e-10 6.149960e-03 1.131139e-03 1.000000e-08
 21 2.630296e-10 6.068585e-03 6.481259e-04 1.000000e-08
 22 6.235103e-11 3.265316e-03 2.586328e-04 1.000000e-08
 23 8.450105e-12 6.105941e-04 3.994166e-05 1.000000e-08
 24 3.421330e-13 2.888928e-05 1.530372e-06 1.000000e-08
 25 2.091356e-15 1.908561e-07 8.961692e-09 1.000000e-08
 26 1.395961e-16 5.154373e-11 2.442994e-10 1.000000e-08
