0.000000e+00 2.323471e-02 7.299462e-02 1.000000e-07
1.000000e+00 4.241821e-02 3.535523e-01 1.000000e-07
2.000000e+00 3.626994e-02 3.454735e-01 1.000000e-07
3.000000e+00 2.886754e-02 2.806365e-01 1.000000e-07
4.000000e+00 2.261219e-02 2.194189e-01 1.000000e-07
5.000000e+00 1.773655e-02 1.698954e-01 1.000000e-07
6.000000e+00 1.402214e-02 1.309163e-01 1.000000e-07
7.000000e+00 1.115721e-02 1.003052e-01 1.000000e-07
8.000000e+00 8.867517e-03 7.622072e-02 1.000000e-07
9.000000e+00 6.972584e-03 5.726086e-02 1.000000e-07
1.000000e+01 5.390442e-03 4.236792e-02 1.000000e-07
1.100000e+01 4.086559e-03 3.073112e-02 1.000000e-07
1.200000e+01 3.038770e-03 2.171520e-02 1.000000e-07
1.300000e+01 2.222646e-03 1.481186e-02 1.000000e-07
1.400000e+01 1.607791e-03 9.607149e-03 1.000000e-07
1.500000e+01 1.162139e-03 5.759703e-03 1.000000e-07
1.600000e+01 8.598405e-04 2.986017e-03 1.000000e-07
1.700000e+01 6.707843e-04 1.050366e-03 1.000000e-07
1.800000e+01 5.516623e-04 2.423916e-04 1.000000e-07
1.900000e+01 4.684655e-04 1.052297e-03 1.000000e-07
2.000000e+01 4.040301e-04 1.508805e-03 1.000000e-07
2.100000e+01 3.490695e-04 1.714816e-03 1.000000e-07
2.200000e+01 3.004003e-04 1.750430e-03 1.000000e-07
2.300000e+01 2.568293e-04 1.676509e-03 1.000000e-07
2.400000e+01 2.178495e-04 1.538024e-03 1.000000e-07
2.500000e+01 1.833160e-04 1.367131e-03 1.000000e-07
2.600000e+01 1.526895e-04 1.185909e-03 1.000000e-07
2.700000e+01 1.259074e-04 1.008741e-03 1.000000e-07
2.800000e+01 1.028850e-04 8.442998e-04 1.000000e-07
2.900000e+01 8.340182e-05 6.971646e-04 1.000000e-07
3.000000e+01 6.714420e-05 5.690997e-04 1.000000e-07
3.100000e+01 5.373887e-05 4.600268e-04 1.000000e-07
3.200000e+01 4.279981e-05 3.687472e-04 1.000000e-07
3.300000e+01 3.395073e-05 2.934574e-04 1.000000e-07
3.400000e+01 2.684688e-05 2.321026e-04 1.000000e-07
3.500000e+01 2.117827e-05 1.826083e-04 1.000000e-07
3.600000e+01 1.667705e-05 1.430197e-04 1.000000e-07
3.700000e+01 1.311698e-05 1.115783e-04 1.000000e-07
3.800000e+01 1.030714e-05 8.675375e-05 1.000000e-07
3.900000e+01 8.092124e-06 6.724760e-05 1.000000e-07
4.000000e+01 6.347316e-06 5.198007e-05 1.000000e-07
4.100000e+01 4.972859e-06 4.006753e-05 1.000000e-07
4.200000e+01 3.889763e-06 3.079620e-05 1.000000e-07
4.300000e+01 3.036165e-06 2.359558e-05 1.000000e-07
4.400000e+01 2.363604e-06 1.801345e-05 1.000000e-07
4.500000e+01 1.834177e-06 1.369369e-05 1.000000e-07
4.600000e+01 1.418709e-06 1.035716e-05 1.000000e-07
4.700000e+01 1.094481e-06 7.785788e-06 1.000000e-07
4.800000e+01 8.425944e-07 5.809496e-06 1.000000e-07
4.900000e+01 6.461952e-07 4.295766e-06 1.000000e-07
5.000000e+01 4.932129e-07 3.141316e-06 1.000000e-07
5.100000e+01 3.743718e-07 2.265598e-06 1.000000e-07
5.200000e+01 2.824119e-07 1.605731e-06 1.000000e-07
5.300000e+01 2.119056e-07 1.112580e-06 1.000000e-07
5.400000e+01 1.588235e-07 7.477253e-07 1.000000e-07
5.500000e+01 1.188580e-07 4.811313e-07 1.000000e-07
5.600000e+01 8.880747e-08 2.893339e-07 1.000000e-07
5.700000e+01 6.625701e-08 1.540386e-07 1.000000e-07
5.800000e+01 4.956861e-08 6.102659e-08 1.000000e-07
