0.000000000000000000e+00 0.000000000000000000e+00 6.827069569552293160e+00
5.208333333333333044e-03 0.000000000000000000e+00 6.826701491012130418e+00
1.041666666666666609e-02 -7.105427357601001859e-15 6.825596034062016315e+00
1.562500000000000000e-02 0.000000000000000000e+00 6.823755368903732688e+00
2.083333333333333218e-02 -1.421085471520200372e-14 6.821179234347880538e+00
2.604166666666666435e-02 0.000000000000000000e+00 6.817870732867476136e+00
3.125000000000000000e-02 -7.105427357601001859e-15 6.813830569140293392e+00
3.645833333333332871e-02 0.000000000000000000e+00 6.809062756201981870e+00
4.166666666666666435e-02 7.105427357601001859e-15 6.803568964600188451e+00
4.687500000000000000e-02 0.000000000000000000e+00 6.797354091355714445e+00
5.208333333333332871e-02 -1.421085471520200372e-14 6.790420767008271241e+00
5.729166666666666435e-02 0.000000000000000000e+00 6.782774741368925220e+00
6.250000000000000000e-02 -1.421085471520200372e-14 6.774419593092957825e+00
6.770833333333332871e-02 0.000000000000000000e+00 6.765361889224550396e+00
7.291666666666665741e-02 -7.105427357601001859e-15 6.755606138586472298e+00
7.812500000000000000e-02 0.000000000000000000e+00 6.745159685802548211e+00
8.333333333333332871e-02 0.000000000000000000e+00 6.734027945818240823e+00
8.854166666666665741e-02 0.000000000000000000e+00 6.722218997356776526e+00
9.375000000000000000e-02 -1.421085471520200372e-14 6.709739131380999311e+00
9.895833333333332871e-02 0.000000000000000000e+00 6.696597113684987335e+00
1.041666666666666574e-01 7.105427357601001859e-15 6.682800075176885457e+00
1.093750000000000000e-01 0.000000000000000000e+00 6.668357418436329453e+00
1.145833333333333287e-01 0.000000000000000000e+00 6.653277072440175743e+00
1.197916666666666574e-01 0.000000000000000000e+00 6.637569023306539862e+00
1.250000000000000000e-01 1.421085471520200372e-14 6.621241950633958595e+00
1.302083333333333148e-01 0.000000000000000000e+00 6.604306368180829168e+00
1.354166666666666574e-01 0.000000000000000000e+00 6.586771653451009456e+00
1.406250000000000000e-01 0.000000000000000000e+00 6.568648789618862338e+00
1.458333333333333148e-01 0.000000000000000000e+00 6.549947794476935314e+00
1.510416666666666574e-01 0.000000000000000000e+00 6.530680060402602294e+00
1.562500000000000000e-01 1.421085471520200372e-14 6.510856183395688390e+00
1.614583333333333148e-01 0.000000000000000000e+00 6.490487903187101892e+00
1.666666666666666574e-01 0.000000000000000000e+00 6.469586327932034919e+00
1.718750000000000000e-01 0.000000000000000000e+00 6.448163481592871449e+00
1.770833333333333148e-01 0.000000000000000000e+00 6.426230915006144073e+00
1.822916666666666574e-01 0.000000000000000000e+00 6.403800872347986228e+00
1.875000000000000000e-01 1.421085471520200372e-14 6.380885274829779519e+00
1.927083333333333148e-01 0.000000000000000000e+00 6.357496522312729326e+00
1.979166666666666574e-01 0.000000000000000000e+00 6.333646831869458538e+00
2.031250000000000000e-01 0.000000000000000000e+00 6.309348694396675228e+00
2.083333333333333148e-01 0.000000000000000000e+00 6.284614546753516606e+00
2.135416666666666574e-01 0.000000000000000000e+00 6.259456906493113593e+00
2.187500000000000000e-01 1.421085471520200372e-14 6.233888353282026173e+00
2.239583333333333148e-01 0.000000000000000000e+00 6.207921367607468710e+00
2.291666666666666574e-01 0.000000000000000000e+00 6.181568594716310372e+00
2.343750000000000000e-01 0.000000000000000000e+00 6.154842415344546680e+00
2.395833333333333148e-01 0.000000000000000000e+00 6.127755463487176257e+00
2.447916666666666574e-01 0.000000000000000000e+00 6.100319958842021606e+00
2.500000000000000000e-01 0.000000000000000000e+00 6.072548448333932924e+00
2.552083333333333148e-01 0.000000000000000000e+00 6.044452931077799462e+00
2.604166666666666297e-01 0.000000000000000000e+00 6.016045792707984674e+00
2.656250000000000000e-01 0.000000000000000000e+00 5.987338754274304620e+00
2.708333333333333148e-01 0.000000000000000000e+00 5.958343968039059746e+00
2.760416666666666297e-01 0.000000000000000000e+00 5.929072821855271513e+00
2.812500000000000000e-01 0.000000000000000000e+00 5.899537165159429719e+00
2.864583333333333148e-01 0.000000000000000000e+00 5.869748000082225303e+00
2.916666666666666297e-01 0.000000000000000000e+00 5.839716806843114227e+00
2.968750000000000000e-01 0.000000000000000000e+00 5.809454152147807804e+00
3.020833333333333148e-01 0.000000000000000000e+00 5.778971084038005301e+00
3.072916666666666297e-01 0.000000000000000000e+00 5.748277687095509236e+00
3.125000000000000000e-01 0.000000000000000000e+00 5.717384517961306756e+00
3.177083333333333148e-01 0.000000000000000000e+00 5.686301135536552920e+00
3.229166666666666297e-01 0.000000000000000000e+00 5.655037549814721842e+00
3.281250000000000000e-01 0.000000000000000000e+00 5.623602753694598277e+00
3.333333333333333148e-01 0.000000000000000000e+00 5.592006159429573131e+00
3.385416666666666297e-01 0.000000000000000000e+00 5.560256156886268286e+00
3.437500000000000000e-01 0.000000000000000000e+00 5.528361513747796607e+00
3.489583333333333148e-01 0.000000000000000000e+00 5.496329983122905105e+00
3.541666666666666297e-01 0.000000000000000000e+00 5.464169645608507153e+00
3.593750000000000000e-01 0.000000000000000000e+00 5.431887587111532412e+00
3.645833333333333148e-01 0.000000000000000000e+00 5.399491162935390776e+00
3.697916666666666297e-01 0.000000000000000000e+00 5.366986764565126578e+00
3.750000000000000000e-01 0.000000000000000000e+00 5.334380988053283090e+00
3.802083333333333148e-01 0.000000000000000000e+00 5.301679506372920514e+00
3.854166666666666297e-01 0.000000000000000000e+00 5.268888126522710991e+00
3.906250000000000000e-01 0.000000000000000000e+00 5.236011781884457150e+00
3.958333333333333148e-01 0.000000000000000000e+00 5.203055464611026082e+00
4.010416666666666297e-01 0.000000000000000000e+00 5.170023350285063657e+00
4.062500000000000000e-01 0.000000000000000000e+00 5.136919594264568900e+00
4.114583333333333148e-01 0.000000000000000000e+00 5.103747598836093857e+00
4.166666666666666297e-01 0.000000000000000000e+00 5.070510664262783962e+00
4.218750000000000000e-01 0.000000000000000000e+00 5.037211406573618433e+00
4.270833333333333148e-01 0.000000000000000000e+00 5.003852256077976790e+00
4.322916666666666297e-01 0.000000000000000000e+00 4.970435031947516791e+00
4.375000000000000000e-01 0.000000000000000000e+00 4.936961282905016901e+00
4.427083333333333148e-01 0.000000000000000000e+00 4.903432022841826665e+00
4.479166666666666297e-01 0.000000000000000000e+00 4.869847910270394209e+00
4.531250000000000000e-01 0.000000000000000000e+00 4.836209147382362517e+00
4.583333333333333148e-01 0.000000000000000000e+00 4.802515496662209671e+00
4.635416666666666297e-01 0.000000000000000000e+00 4.768766344024555792e+00
4.687500000000000000e-01 0.000000000000000000e+00 4.734960552716401594e+00
4.739583333333333148e-01 0.000000000000000000e+00 4.701096689498214687e+00
4.791666666666666297e-01 0.000000000000000000e+00 4.667172717621113520e+00
4.843750000000000000e-01 0.000000000000000000e+00 4.633186383392683183e+00
4.895833333333333148e-01 0.000000000000000000e+00 4.599134751621505757e+00
4.947916666666666297e-01 0.000000000000000000e+00 4.565014748364802699e+00
5.000000000000000000e-01 0.000000000000000000e+00 4.530822543765808064e+00
5.052083333333332593e-01 0.000000000000000000e+00 4.496554245291576990e+00
5.104166666666666297e-01 0.000000000000000000e+00 4.462205134380425875e+00
5.156250000000000000e-01 0.000000000000000000e+00 4.427770503037407934e+00
5.208333333333332593e-01 0.000000000000000000e+00 4.393244752156206800e+00
5.260416666666666297e-01 0.000000000000000000e+00 4.358622362946491080e+00
5.312500000000000000e-01 0.000000000000000000e+00 4.323896866205117817e+00
5.364583333333332593e-01 0.000000000000000000e+00 4.289061938692498188e+00
5.416666666666666297e-01 0.000000000000000000e+00 4.254110254014477732e+00
5.468750000000000000e-01 0.000000000000000000e+00 4.219034692732662961e+00
5.520833333333332593e-01 0.000000000000000000e+00 4.183827086885742119e+00
5.572916666666666297e-01 0.000000000000000000e+00 4.148479531311451751e+00
5.625000000000000000e-01 0.000000000000000000e+00 4.112983035180135971e+00
5.677083333333332593e-01 0.000000000000000000e+00 4.077328920734913709e+00
5.729166666666666297e-01 0.000000000000000000e+00 4.041507396538946750e+00
5.781250000000000000e-01 0.000000000000000000e+00 4.005509028582196152e+00
5.833333333333332593e-01 0.000000000000000000e+00 3.969323251261002383e+00
5.885416666666666297e-01 0.000000000000000000e+00 3.932939894567454076e+00
5.937500000000000000e-01 0.000000000000000000e+00 3.896347650117206740e+00
5.989583333333332593e-01 0.000000000000000000e+00 3.859535636950425896e+00
6.041666666666666297e-01 0.000000000000000000e+00 3.822491841187456885e+00
6.093750000000000000e-01 0.000000000000000000e+00 3.785204701817136197e+00
6.145833333333332593e-01 0.000000000000000000e+00 3.747661543795970829e+00
6.197916666666666297e-01 0.000000000000000000e+00 3.709850164117881377e+00
6.250000000000000000e-01 0.000000000000000000e+00 3.671757279351282932e+00
6.302083333333332593e-01 0.000000000000000000e+00 3.633370091272993818e+00
6.354166666666666297e-01 0.000000000000000000e+00 3.594674770952792642e+00
6.406250000000000000e-01 0.000000000000000000e+00 3.555657982334494704e+00
6.458333333333332593e-01 0.000000000000000000e+00 3.516305426015833291e+00
6.510416666666666297e-01 0.000000000000000000e+00 3.476603298380382512e+00
6.562500000000000000e-01 0.000000000000000000e+00 3.436536919153525105e+00
6.614583333333332593e-01 0.000000000000000000e+00 3.396092103069776158e+00
6.666666666666666297e-01 0.000000000000000000e+00 3.355253896120643731e+00
6.718750000000000000e-01 0.000000000000000000e+00 3.314007836299509790e+00
6.770833333333332593e-01 0.000000000000000000e+00 3.272338824175164973e+00
6.822916666666666297e-01 0.000000000000000000e+00 3.230232249015585921e+00
6.875000000000000000e-01 0.000000000000000000e+00 3.187673019955013842e+00
6.927083333333332593e-01 0.000000000000000000e+00 3.144646533751881634e+00
6.979166666666666297e-01 0.000000000000000000e+00 3.101137893389278588e+00
7.031250000000000000e-01 0.000000000000000000e+00 3.057132693894317299e+00
7.083333333333332593e-01 0.000000000000000000e+00 3.012616455787110681e+00
7.135416666666666297e-01 0.000000000000000000e+00 2.967575205697869478e+00
7.187500000000000000e-01 0.000000000000000000e+00 2.921995152782145055e+00
7.239583333333332593e-01 0.000000000000000000e+00 2.875863041276303989e+00
7.291666666666666297e-01 0.000000000000000000e+00 2.829166098934464912e+00
7.343750000000000000e-01 0.000000000000000000e+00 2.781892139049801926e+00
7.395833333333332593e-01 0.000000000000000000e+00 2.734029811330970006e+00
7.447916666666666297e-01 0.000000000000000000e+00 2.685568431091027719e+00
7.500000000000000000e-01 0.000000000000000000e+00 2.636498564927592270e+00
7.552083333333332593e-01 0.000000000000000000e+00 2.586811564589694967e+00
7.604166666666666297e-01 0.000000000000000000e+00 2.536500522481048847e+00
7.656250000000000000e-01 0.000000000000000000e+00 2.485559486897898296e+00
7.708333333333332593e-01 0.000000000000000000e+00 2.433984825696825283e+00
7.760416666666666297e-01 0.000000000000000000e+00 2.381774098006729901e+00
7.812500000000000000e-01 0.000000000000000000e+00 2.328927868140127089e+00
7.864583333333332593e-01 0.000000000000000000e+00 2.275448206398166917e+00
7.916666666666666297e-01 0.000000000000000000e+00 2.221340998714865123e+00
7.968750000000000000e-01 0.000000000000000000e+00 2.166614046024264439e+00
8.020833333333332593e-01 0.000000000000000000e+00 2.111279916770300247e+00
8.072916666666666297e-01 0.000000000000000000e+00 2.055353611110987799e+00
8.125000000000000000e-01 0.000000000000000000e+00 1.998856001118383574e+00
8.177083333333332593e-01 0.000000000000000000e+00 1.941811024086049997e+00
8.229166666666666297e-01 0.000000000000000000e+00 1.884249745662373243e+00
8.281250000000000000e-01 0.000000000000000000e+00 1.826207047902357772e+00
8.333333333333332593e-01 0.000000000000000000e+00 1.767726329658515283e+00
8.385416666666666297e-01 0.000000000000000000e+00 1.708855662823566490e+00
8.437500000000000000e-01 0.000000000000000000e+00 1.649653107249818618e+00
8.489583333333332593e-01 0.000000000000000000e+00 1.590182327029296516e+00
8.541666666666666297e-01 0.000000000000000000e+00 1.530518439635201844e+00
8.593750000000000000e-01 0.000000000000000000e+00 1.470743117770496156e+00
8.645833333333332593e-01 0.000000000000000000e+00 1.410950811304928720e+00
8.697916666666666297e-01 0.000000000000000000e+00 1.351243413731168630e+00
8.750000000000000000e-01 0.000000000000000000e+00 1.291736591212810481e+00
8.802083333333332593e-01 0.000000000000000000e+00 1.232554169170214209e+00
8.854166666666666297e-01 0.000000000000000000e+00 1.173834180604060862e+00
8.906250000000000000e-01 0.000000000000000000e+00 1.115723227768455672e+00
8.958333333333332593e-01 0.000000000000000000e+00 1.058381733924065315e+00
9.010416666666666297e-01 0.000000000000000000e+00 1.001978652429656336e+00
9.062500000000000000e-01 0.000000000000000000e+00 9.466952910357377959e-01
9.114583333333332593e-01 0.000000000000000000e+00 8.927208645324355984e-01
9.166666666666666297e-01 0.000000000000000000e+00 8.402541832146681600e-01
9.218750000000000000e-01 0.000000000000000000e+00 7.895006569772249350e-01
9.270833333333332593e-01 0.000000000000000000e+00 7.406711264093956970e-01
9.322916666666666297e-01 0.000000000000000000e+00 6.939810016699112794e-01
9.375000000000000000e-01 0.000000000000000000e+00 6.496455892091432816e-01
9.427083333333332593e-01 0.000000000000000000e+00 6.078820612465989370e-01
9.479166666666666297e-01 0.000000000000000000e+00 5.689008068341649960e-01
9.531250000000000000e-01 0.000000000000000000e+00 5.329108539295077662e-01
9.583333333333332593e-01 0.000000000000000000e+00 5.001070474325644000e-01
9.635416666666666297e-01 0.000000000000000000e+00 4.706793721137643161e-01
9.687500000000000000e-01 0.000000000000000000e+00 4.447961098017572112e-01
9.739583333333332593e-01 0.000000000000000000e+00 4.226172403755583673e-01
9.791666666666666297e-01 0.000000000000000000e+00 4.042741135558003407e-01
9.843750000000000000e-01 0.000000000000000000e+00 3.898867591369707952e-01
9.895833333333332593e-01 0.000000000000000000e+00 3.795409709231307716e-01
9.947916666666666297e-01 0.000000000000000000e+00 3.733089778568654538e-01
1.000000000000000000e+00 0.000000000000000000e+00 3.712251207849845969e-01
