0.000000000000000000e+00 -1.791603031084025839e-31 1.283521555482183052e+00
5.208333333333333044e-03 -2.676610333287169493e-27 1.294324167052666397e+00
1.041666666666666609e-02 -5.353220570662081482e-27 1.326339558829916498e+00
1.562500000000000000e-02 -8.026964818494030789e-27 1.378285352742021574e+00
2.083333333333333218e-02 -1.070070877865385978e-26 1.448321740018762682e+00
2.604166666666666435e-02 -1.336872382871135326e-26 1.533986501353104881e+00
3.125000000000000000e-02 -1.603673839966783874e-26 1.632774335470560612e+00
3.645833333333332871e-02 -1.869616727460535066e-26 1.741916221571583323e+00
4.166666666666666435e-02 -2.135559547950483779e-26 1.859061996062583599e+00
4.687500000000000000e-02 -2.400359039629582317e-26 1.981859352684576026e+00
5.208333333333332871e-02 -2.665158445282955322e-26 2.108568618886637491e+00
5.729166666666666435e-02 -2.928530987215785294e-26 2.237548836966101184e+00
6.250000000000000000e-02 -3.191903424197247015e-26 2.367715480237440495e+00
6.770833333333332871e-02 -3.453566990470282913e-26 2.498073874666140615e+00
7.291666666666665741e-02 -3.715230432973388029e-26 2.628020230377628330e+00
7.812500000000000000e-02 -3.974904827687521885e-26 2.756998555879370372e+00
8.333333333333332871e-02 -4.234579079949262633e-26 2.884686382493859114e+00
8.854166666666665741e-02 -4.491986237256435136e-26 3.010777457540710689e+00
9.375000000000000000e-02 -4.749393233578737939e-26 3.135093437090591628e+00
9.895833333333332871e-02 -5.004257515448763434e-26 3.257459682285429814e+00
1.041666666666666574e-01 -5.259121617976260686e-26 3.377770073964910580e+00
1.093750000000000000e-01 -5.511170109351777187e-26 3.495922264421955639e+00
1.145833333333333287e-01 -5.763218403217500254e-26 3.611850665089205492e+00
1.197916666666666574e-01 -6.012181204261848466e-26 3.725498701997574713e+00
1.250000000000000000e-01 -6.261143789840065820e-26 3.836828261048382593e+00
1.302083333333333148e-01 -6.506754304949436282e-26 3.945816437107883878e+00
1.354166666666666574e-01 -6.752364586868241455e-26 4.052446614090573718e+00
1.406250000000000000e-01 -6.994359810150799949e-26 4.156722837434920770e+00
1.458333333333333148e-01 -7.236354782768555351e-26 4.258646339052059027e+00
1.510416666666666574e-01 -7.474475579677828338e-26 4.358243263143915414e+00
1.562500000000000000e-01 -7.712596108716073140e-26 4.455529758375782912e+00
1.614583333333333148e-01 -7.946587493539062568e-26 4.550549934136245867e+00
1.666666666666666574e-01 -8.180578593571472404e-26 4.643332194548030145e+00
1.718750000000000000e-01 -8.410190002471895772e-26 4.733934888734012247e+00
1.770833333333333148e-01 -8.639801109966861583e-26 4.822396199627712932e+00
1.822916666666666574e-01 -8.864786669297394582e-26 4.908785343014044678e+00
1.875000000000000000e-01 -9.089771910931183613e-26 4.993148000626664640e+00
1.927083333333333148e-01 -9.309890700519766467e-26 5.075561242036126686e+00
1.979166666666666574e-01 -9.530009156458751115e-26 5.156076193032088639e+00
2.031250000000000000e-01 -9.745025467591468491e-26 5.234775138505473713e+00
2.083333333333333148e-01 -9.960041429481655097e-26 5.311712840986909434e+00
2.135416666666666574e-01 -1.016972501730683002e-25 5.386974541375692205e+00
2.187500000000000000e-01 -1.037940824066818150e-25 5.460617089113010358e+00
2.239583333333333148e-01 -1.058353457074959310e-25 5.532726793134972176e+00
2.291666666666666574e-01 -1.078766052153721799e-25 5.603361295485512983e+00
2.343750000000000000e-01 -1.098601101028545482e-25 5.672606437338753693e+00
2.395833333333333148e-01 -1.118436110531611170e-25 5.740519602682979006e+00
2.447916666666666574e-01 -1.137672335406255778e-25 5.807184953440898134e+00
2.500000000000000000e-01 -1.156908519508739238e-25 5.872658789455179829e+00
2.552083333333333148e-01 -1.175525321751534772e-25 5.937022672636803833e+00
2.604166666666666297e-01 -1.194142081865790104e-25 6.000331193527572715e+00
2.656250000000000000e-01 -1.212119526138620877e-25 6.062662647467560895e+00
2.708333333333333148e-01 -1.230096926971360973e-25 6.124069465590479489e+00
2.760416666666666297e-01 -1.247415762576837715e-25 6.184626227142450361e+00
2.812500000000000000e-01 -1.264734553477235737e-25 6.244382902478922581e+00
2.864583333333333148e-01 -1.281376234972124118e-25 6.303410086236379328e+00
2.916666666666666297e-01 -1.298017870544937132e-25 6.361755109967812238e+00
2.968750000000000000e-01 -1.313964577600031971e-25 6.419484462547525361e+00
3.020833333333333148e-01 -1.329911237565050868e-25 6.476642758482607398e+00
3.072916666666666297e-01 -1.345145894046999800e-25 6.533292376616524066e+00
3.125000000000000000e-01 -1.360380502321464391e-25 6.589475214747169574e+00
3.177083333333333148e-01 -1.374886794578425548e-25 6.645249627393832625e+00
3.229166666666666297e-01 -1.389393037562096329e-25 6.700654855978384283e+00
3.281250000000000000e-01 -1.403155431893035393e-25 6.755745383148519245e+00
3.333333333333333148e-01 -1.416917775937510807e-25 6.810557898352016082e+00
3.385416666666666297e-01 -1.429921535225962190e-25 6.865143211914434218e+00
3.437500000000000000e-01 -1.442925243268707961e-25 6.919535596403203925e+00
3.489583333333333148e-01 -1.455156442763365856e-25 6.973782420159951201e+00
3.541666666666666297e-01 -1.467387590107909316e-25 7.027915693630004235e+00
3.593750000000000000e-01 -1.478833132334139047e-25 7.081979591006006380e+00
3.645833333333333148e-01 -1.490278621561745786e-25 7.136004026105660536e+00
3.697916666666666297e-01 -1.500926250346063437e-25 7.190030233665240189e+00
3.750000000000000000e-01 -1.511573825340053469e-25 7.244086200003149401e+00
3.802083333333333148e-01 -1.521412138935078677e-25 7.298210473589153757e+00
3.854166666666666297e-01 -1.531250398005491780e-25 7.352429280453782745e+00
3.906250000000000000e-01 -1.540268861298407060e-25 7.406778728043813764e+00
3.958333333333333148e-01 -1.549287269391061797e-25 7.461283443139001825e+00
4.010416666666666297e-01 -1.557476225185610598e-25 7.515977324597562514e+00
4.062500000000000000e-01 -1.565665125163154621e-25 7.570883551608528883e+00
4.114583333333333148e-01 -1.573015804520323695e-25 7.626034030481301684e+00
4.166666666666666297e-01 -1.580366427503588360e-25 7.681450632738361151e+00
4.218750000000000000e-01 -1.586870959131833171e-25 7.737163469212075206e+00
4.270833333333333148e-01 -1.593375433889585065e-25 7.793193230245679004e+00
4.322916666666666297e-01 -1.599026852573487947e-25 7.849568407504833978e+00
4.375000000000000000e-01 -1.604678213951290470e-25 7.906308622006510411e+00
4.427083333333333148e-01 -1.609470468010159988e-25 7.963440900594076055e+00
4.479166666666666297e-01 -1.614262664388671032e-25 8.020983891347578165e+00
4.531250000000000000e-01 -1.618190622156860502e-25 8.078963287885258637e+00
4.583333333333333148e-01 -1.622118521932144082e-25 8.137396845707714377e+00
4.635416666666666297e-01 -1.625177977254084967e-25 8.196309033570438274e+00
4.687500000000000000e-01 -1.628237374332730711e-25 8.255716778324160288e+00
4.739583333333333148e-01 -1.630425051067013938e-25 8.315643408685215121e+00
4.791666666666666297e-01 -1.632612669369934407e-25 8.376105070059335134e+00
4.843750000000000000e-01 -1.633926224897560174e-25 8.437124012209505253e+00
4.895833333333333148e-01 -1.635239721868338472e-25 8.498715629324639309e+00
4.947916666666666297e-01 -1.635677749601082059e-25 8.560901129397258558e+00
5.000000000000000000e-01 -1.636115718714250629e-25 8.623695168402381483e+00
5.052083333333332593e-01 -1.635677749601090783e-25 8.687117925669118890e+00
5.104166666666666297e-01 -1.635239721868321482e-25 8.751183314458581108e+00
5.156250000000000000e-01 -1.633926224897547317e-25 8.815910474253279006e+00
5.208333333333332593e-01 -1.632612669369935326e-25 8.881312553270662491e+00
5.260416666666666297e-01 -1.630425051067019448e-25 8.947407615397555247e+00
5.312500000000000000e-01 -1.628237374332722675e-25 9.014208003262037749e+00
5.364583333333332593e-01 -1.625177977254082212e-25 9.081730644495914717e+00
5.416666666666666297e-01 -1.622118521932133980e-25 9.149987016927029870e+00
5.468750000000000000e-01 -1.618190622156866012e-25 9.218992825958309822e+00
5.520833333333332593e-01 -1.614262664388693072e-25 9.288758606232093484e+00
5.572916666666666297e-01 -1.609470468010163661e-25 9.359298729180659748e+00
5.625000000000000000e-01 -1.604678213951256032e-25 9.430622688150249289e+00
5.677083333333332593e-01 -1.599026852573495293e-25 9.502743382615156165e+00
5.729166666666666297e-01 -1.593375433889614452e-25 9.575669146211152949e+00
5.781250000000000000e-01 -1.586870959131820314e-25 9.649411241760866176e+00
5.833333333333332593e-01 -1.580366427503563564e-25 9.723976703899008811e+00
5.885416666666666297e-01 -1.573015804520312675e-25 9.799374966994580660e+00
5.937500000000000000e-01 -1.565665125163182171e-25 9.875611605985882946e+00
5.989583333333332593e-01 -1.557476225185619781e-25 9.952694007593027692e+00
6.041666666666666297e-01 -1.549287269391048940e-25 1.003062610451866377e+01
6.093750000000000000e-01 -1.540268861298434611e-25 1.010941298915201436e+01
6.145833333333332593e-01 -1.531250398005478004e-25 1.018905674728697441e+01
6.197916666666666297e-01 -1.521412138935049289e-25 1.026955990298739252e+01
6.250000000000000000e-01 -1.511573825340075509e-25 1.035092246825931106e+01
6.302083333333332593e-01 -1.500926250346078131e-25 1.043314409807549126e+01
6.354166666666666297e-01 -1.490278621561685175e-25 1.051622248179563179e+01
6.406250000000000000e-01 -1.478833132334146394e-25 1.060015407877677873e+01
6.458333333333332593e-01 -1.467387590107986458e-25 1.068493398551300722e+01
6.510416666666666297e-01 -1.455156442763354835e-25 1.077055511506723029e+01
6.562500000000000000e-01 -1.442925243268663879e-25 1.085700968060453597e+01
6.614583333333332593e-01 -1.429921535225940149e-25 1.094428667639128427e+01
6.666666666666666297e-01 -1.416917775937573255e-25 1.103237512328852610e+01
6.718750000000000000e-01 -1.403155431893046414e-25 1.112125970563034372e+01
6.770833333333332593e-01 -1.389393037562055922e-25 1.121092592696303214e+01
6.822916666666666297e-01 -1.374886794578414528e-25 1.130135375612365856e+01
6.875000000000000000e-01 -1.360380502321455207e-25 1.139252484165329271e+01
6.927083333333332593e-01 -1.345145894047032861e-25 1.148441402225803820e+01
6.979166666666666297e-01 -1.329911237565082092e-25 1.157699874548336361e+01
7.031250000000000000e-01 -1.313964577600002584e-25 1.167024830286128712e+01
7.083333333333332593e-01 -1.298017870544959173e-25 1.176413559218976168e+01
7.135416666666666297e-01 -1.281376234972142485e-25 1.185862394646757423e+01
7.187500000000000000e-01 -1.264734553477156758e-25 1.195368136906573575e+01
7.239583333333332593e-01 -1.247415762576826694e-25 1.204926483839888007e+01
7.291666666666666297e-01 -1.230096926971467502e-25 1.214533713104485102e+01
7.343750000000000000e-01 -1.212119526138624551e-25 1.224184850131460678e+01
7.395833333333332593e-01 -1.194142081865762553e-25 1.233875618866908219e+01
7.447916666666666297e-01 -1.175525321751542119e-25 1.243600339316616221e+01
7.500000000000000000e-01 -1.156908519508691484e-25 1.253354154012852995e+01
7.552083333333332593e-01 -1.137672335406197004e-25 1.263130649896755209e+01
7.604166666666666297e-01 -1.118436110531684639e-25 1.272924364990852730e+01
7.656250000000000000e-01 -1.098601101028560175e-25 1.282728132486801620e+01
7.708333333333332593e-01 -1.078766052153692412e-25 1.292535868824043988e+01
7.760416666666666297e-01 -1.058353457075003391e-25 1.302339641407357718e+01
7.812500000000000000e-01 -1.037940824066814477e-25 1.312132735577877440e+01
7.864583333333332593e-01 -1.016972501730690349e-25 1.321906451331504329e+01
7.916666666666666297e-01 -9.960041429481471426e-26 1.331653442577095525e+01
7.968750000000000000e-01 -9.745025467591541959e-26 1.341364252485188757e+01
8.020833333333332593e-01 -9.530009156458898051e-26 1.351030914045134423e+01
8.072916666666666297e-01 -9.309890700519619530e-26 1.360643238135437016e+01
8.125000000000000000e-01 -9.089771910931293816e-26 1.370192659832828852e+01
8.177083333333332593e-01 -8.864786669297394582e-26 1.379668297822812661e+01
8.229166666666666297e-01 -8.639801109966714647e-26 1.389061026327276238e+01
8.281250000000000000e-01 -8.410190002471895772e-26 1.398359328895169007e+01
8.333333333333332593e-01 -8.180578593571545873e-26 1.407553571378600310e+01
8.385416666666666297e-01 -7.946587493538989099e-26 1.416631677265085720e+01
8.437500000000000000e-01 -7.712596108716220077e-26 1.425583573048680641e+01
8.489583333333332593e-01 -7.474475579677828338e-26 1.434396715869320715e+01
8.541666666666666297e-01 -7.236354782768518617e-26 1.443060679115805556e+01
8.593750000000000000e-01 -6.994359810150799949e-26 1.451562565999415888e+01
8.645833333333332593e-01 -6.752364586867506771e-26 1.459891700519929714e+01
8.697916666666666297e-01 -6.506754304949436282e-26 1.468034962497169182e+01
8.750000000000000000e-01 -6.261143789841204580e-26 1.475981547348793654e+01
8.802083333333332593e-01 -6.012181204261481124e-26 1.483718258832415948e+01
8.854166666666666297e-01 -5.763218403217243115e-26 1.491234300625053422e+01
8.906250000000000000e-01 -5.511170109352071061e-26 1.498516562425052356e+01
8.958333333333332593e-01 -5.259121617976150483e-26 1.505554407239441872e+01
9.010416666666666297e-01 -5.004257515448689965e-26 1.512334984454464148e+01
9.062500000000000000e-01 -4.749393233578774673e-26 1.518847979120282332e+01
9.114583333333332593e-01 -4.491986237256435136e-26 1.525080982090874748e+01
9.166666666666666297e-01 -4.234579079949115696e-26 1.531024171457389116e+01
9.218750000000000000e-01 -3.974904827687521885e-26 1.536665764941250067e+01
9.270833333333332593e-01 -3.715230432973351295e-26 1.541996608884733533e+01
9.322916666666666297e-01 -3.453566990470282913e-26 1.547005731916001814e+01
9.375000000000000000e-01 -3.191903424197210281e-26 1.551684823374796984e+01
9.427083333333332593e-01 -2.928530987215785294e-26 1.556023900115373060e+01
9.479166666666666297e-01 -2.665158445282734917e-26 1.560015663639054218e+01
9.531250000000000000e-01 -2.400359039629582317e-26 1.563651284113475626e+01
9.583333333333332593e-01 -2.135559547950263374e-26 1.566924633431828973e+01
9.635416666666666297e-01 -1.869616727460461597e-26 1.569828182531476024e+01
9.687500000000000000e-01 -1.603673839966673671e-26 1.572357115654530979e+01
9.739583333333332593e-01 -1.336872382871135326e-26 1.574505329320269453e+01
9.791666666666666297e-01 -1.070070877865532914e-26 1.576269440743396899e+01
9.843750000000000000e-01 -8.026964818494765473e-27 1.577644869839738284e+01
9.895833333333332593e-01 -5.353220570662816166e-27 1.578629761578468305e+01
9.947916666666666297e-01 -2.676610333286434809e-27 1.579221126639790818e+01
1.000000000000000000e+00 -1.791603031084025839e-31 1.579418702986941803e+01
