#istep,Nusselt,vrms
0.000000e+00 1.0088114919 0.8955601058 -1.0090024487 1.0088114919 
1.000000e+00 1.1169107966 3.3994038949 -1.1190155818 1.1169107966 
2.000000e+00 1.6773691151 11.5788268347 -1.7012062264 1.6773691151 
3.000000e+00 2.4638810665 24.3823342219 -2.5517767377 2.4638810665 
4.000000e+00 3.1466583716 33.3279429507 -3.2638497835 3.1466583716 
5.000000e+00 3.6409477663 37.8682823081 -3.7427494417 3.6409477663 
6.000000e+00 3.9556955144 39.6319023351 -4.0248850313 3.9556955144 
7.000000e+00 4.1354465173 40.0285806597 -4.1744658654 4.1354465173 
8.000000e+00 4.2278241213 39.8970978401 -4.2457198118 4.2278241213 
9.000000e+00 4.2699524096 39.6434201008 -4.2753406749 4.2699524096 
1.000000e+01 4.2861927771 39.4239266297 -4.2851154709 4.2861927771 
1.100000e+01 4.2906262673 39.2752803875 -4.2866522639 4.2906262673 
1.200000e+01 4.2905111563 39.1881922562 -4.2854789455 4.2905111563 
1.300000e+01 4.2891500603 39.1426141511 -4.2838796187 4.2891500603 
1.400000e+01 4.2878095143 39.1211564003 -4.2825986527 4.2878095143 
1.500000e+01 4.2868339666 39.1121759373 -4.2817491750 4.2868339666 
1.600000e+01 4.2862171884 39.1089745778 -4.2812418029 4.2862171884 
1.700000e+01 4.2858592240 39.1081322520 -4.2809584676 4.2858592240 
1.800000e+01 4.2856629403 39.1080929234 -4.2808069626 4.2856629403 
1.900000e+01 4.2855591259 39.1082388019 -4.2807278163 4.2855591259 
2.000000e+01 4.2855051597 39.1083707836 -4.2806866285 4.2855051597 
2.100000e+01 4.2854770736 39.1084509504 -4.2806648871 4.2854770736 
2.200000e+01 4.2854621982 39.1084900377 -4.2806530956 4.2854621982 
2.300000e+01 4.2854540983 39.1085055708 -4.2806465027 4.2854540983 
2.400000e+01 4.2854495616 39.1085101987 -4.2806427287 4.2854495616 
2.500000e+01 4.2854469713 39.1085108420 -4.2806405474 4.2854469713 
2.600000e+01 4.2854454854 39.1085105661 -4.2806392946 4.2854454854 
2.700000e+01 4.2854446426 39.1085104073 -4.2806385906 4.2854446426 
2.800000e+01 4.2854441772 39.1085105359 -4.2806382093 4.2854441772 
2.900000e+01 4.2854439312 39.1085108497 -4.2806380138 4.2854439312 
