#istep,Nusselt,vrms
0.000000e+00 1.0009838140 0.4477805293 -1.0012356736 1.0009838140 1.0009838139
1.000000e+00 1.0054566287 0.9852006734 -1.0068522469 1.0054566287 1.0054566283
2.000000e+00 1.0212716014 1.9093217086 -1.0266951957 1.0212716014 1.0212715996
3.000000e+00 1.0710769323 3.5928442733 -1.0890130708 1.0710769323 1.0710769263
4.000000e+00 1.1946235791 6.4988261957 -1.2423136199 1.1946235791 1.1946235604
5.000000e+00 1.4100573885 10.8054844536 -1.5044150485 1.4100573885 1.4100573405
6.000000e+00 1.6914015430 15.9749080935 -1.8352024587 1.6914015430 1.6914014417
7.000000e+00 2.0041715252 21.1933817788 -2.1864962616 2.0041715252 2.0041713441
8.000000e+00 2.3226858003 25.8964266841 -2.5262924143 2.3226858003 2.3226855157
9.000000e+00 2.6292353944 29.8294703664 -2.8367194650 2.6292353944 2.6292349894
1.000000e+01 2.9121682551 32.9445072939 -3.1094376882 2.9121682551 2.9121677212
1.100000e+01 3.1646886689 35.3040780527 -3.3422241739 3.1646886689 3.1646880055
1.200000e+01 3.3838188233 37.0190687240 -3.5365224616 3.3838188233 3.3838180359
1.300000e+01 3.5694047182 38.2129501089 -3.6957498879 3.5694047182 3.5694038170
1.400000e+01 3.7232198093 39.0029561204 -3.8241970015 3.7232198093 3.7232188067
1.500000e+01 3.8482171560 39.4914051138 -3.9263552689 3.8482171560 3.8482160657
1.600000e+01 3.9479478468 39.7628229506 -4.0065330362 3.9479478468 3.9479466820
1.700000e+01 4.0261377794 39.8842028043 -4.0686553436 4.0261377794 4.0261365526
1.800000e+01 4.0864008538 39.9068068225 -4.1161764529 4.0864008538 4.0863995763
1.900000e+01 4.1320615093 39.8685816230 -4.1520592723 4.1320615093 4.1320601909
2.000000e+01 4.1660598800 39.7966690376 -4.1787931181 4.1660598800 4.1660585289
2.100000e+01 4.1909160043 39.7097411038 -4.1984322722 4.1909160043 4.1909146275
2.200000e+01 4.2087337725 39.6200351260 -4.2126445656 4.2087337725 4.2087323755
2.300000e+01 4.2212296061 39.5350493484 -4.2227633434 4.2212296061 4.2212281934
2.400000e+01 4.2297747536 39.4589066441 -4.2298386981 4.2297747536 4.2297733289
2.500000e+01 4.2354433288 39.3934176813 -4.2346854769 4.2354433288 4.2354418949
2.600000e+01 4.2390608015 39.3388855079 -4.2379266371 4.2390608015 4.2390593606
2.700000e+01 4.2412496236 39.2946960394 -4.2400312677 4.2412496236 4.2412481773
2.800000e+01 4.2424701223 39.2597369753 -4.2413471033 4.2424701223 4.2424686719
2.900000e+01 4.2430558198 39.2326833147 -4.2421277152 4.2430558198 4.2430543664
3.000000e+01 4.2432430314 39.2121822157 -4.2425547872 4.2432430314 4.2432415756
3.100000e+01 4.2431950309 39.1969642705 -4.2427560171 4.2431950309 4.2431935732
3.200000e+01 4.2430213241 39.1859028485 -4.2428192410 4.2430213241 4.2430198651
3.300000e+01 4.2427926890 39.1780382972 -4.2428033799 4.2427926890 4.2427912289
3.400000e+01 4.2425526658 39.1725796126 -4.2427467753 4.2425526658 4.2425512049
3.500000e+01 4.2423261534 39.1688927461 -4.2426734263 4.2423261534 4.2423246919
3.600000e+01 4.2421257024 39.1664819696 -4.2425975704 4.2421257024 4.2421242403
3.700000e+01 4.2419560163 39.1649686011 -4.2425269866 4.2419560163 4.2419545538
3.800000e+01 4.2418170907 39.1640698137 -4.2424653269 4.2418170907 4.2418156279
3.900000e+01 4.2417063379 39.1635791122 -4.2424137256 4.2417063379 4.2417048749
4.000000e+01 4.2416199739 39.1633492707 -4.2423718808 4.2416199739 4.2416185107
4.100000e+01 4.2415538822 39.1632780038 -4.2423387583 4.2415538822 4.2415524188
4.200000e+01 4.2415041160 39.1632963155 -4.2423130318 4.2415041160 4.2415026525
4.300000e+01 4.2414671588 39.1633592878 -4.2422933424 4.2414671588 4.2414656952
4.400000e+01 4.2414400303 39.1634389816 -4.2422784389 4.2414400303 4.2414385665
4.500000e+01 4.2414202974 39.1635190960 -4.2422672422 4.2414202974 4.2414188336
4.600000e+01 4.2414060337 39.1635910477 -4.2422588625 4.2414060337 4.2414045699
4.700000e+01 4.2413957525 39.1636511626 -4.2422525918 4.2413957525 4.2413942886
4.800000e+01 4.2413883326 39.1636987205 -4.2422478819 4.2413883326 4.2413868687
4.900000e+01 4.2413829459 39.1637346335 -4.2422443181 4.2413829459 4.2413814819
5.000000e+01 4.2413789924 39.1637605868 -4.2422415932 4.2413789924 4.2413775284
5.100000e+01 4.2413760453 39.1637785071 -4.2422394831 4.2413760453 4.2413745813
5.200000e+01 4.2413738060 39.1637902555 -4.2422378267 4.2413738060 4.2413723420
5.300000e+01 4.2413720686 39.1637974702 -4.2422365093 4.2413720686 4.2413706046
5.400000e+01 4.2413706930 39.1638015040 -4.2422354493 4.2413706930 4.2413692290
5.500000e+01 4.2413695844 39.1638034191 -4.2422345891 4.2413695844 4.2413681204
5.600000e+01 4.2413686788 39.1638040131 -4.2422338872 4.2413686788 4.2413672147
5.700000e+01 4.2413679326 39.1638038586 -4.2422333133 4.2413679326 4.2413664686
5.800000e+01 4.2413673155 39.1638033475 -4.2422328447 4.2413673155 4.2413658515
5.900000e+01 4.2413668055 39.1638027328 -4.2422324638 4.2413668055 4.2413653415
6.000000e+01 4.2413663860 39.1638021652 -4.2422321564 4.2413663860 4.2413649220
