0.000000e+00 4.900167e-01
1.000000e+00 4.839847e-01
2.000000e+00 4.846003e-01
3.000000e+00 4.906836e-01
4.000000e+00 4.999885e-01
5.000000e+00 5.103710e-01
6.000000e+00 5.202793e-01
7.000000e+00 5.288132e-01
8.000000e+00 5.355887e-01
9.000000e+00 5.405586e-01
1.000000e+01 5.438626e-01
1.100000e+01 5.457257e-01
1.200000e+01 5.463993e-01
1.300000e+01 5.461309e-01
1.400000e+01 5.451497e-01
1.500000e+01 5.436606e-01
1.600000e+01 5.418407e-01
1.700000e+01 5.398365e-01
1.800000e+01 5.377625e-01
1.900000e+01 5.357011e-01
2.000000e+01 5.337053e-01
2.100000e+01 5.318039e-01
2.200000e+01 5.300084e-01
2.300000e+01 5.283203e-01
2.400000e+01 5.267373e-01
2.500000e+01 5.252580e-01
2.600000e+01 5.238842e-01
2.700000e+01 5.226214e-01
2.800000e+01 5.214778e-01
2.900000e+01 5.204625e-01
3.000000e+01 5.195835e-01
3.100000e+01 5.188455e-01
3.200000e+01 5.182492e-01
3.300000e+01 5.177906e-01
3.400000e+01 5.174620e-01
3.500000e+01 5.172530e-01
3.600000e+01 5.171516e-01
3.700000e+01 5.171458e-01
3.800000e+01 5.172236e-01
3.900000e+01 5.173733e-01
4.000000e+01 5.175836e-01
4.100000e+01 5.178428e-01
4.200000e+01 5.181395e-01
4.300000e+01 5.184620e-01
4.400000e+01 5.187991e-01
4.500000e+01 5.191402e-01
4.600000e+01 5.194756e-01
4.700000e+01 5.197970e-01
4.800000e+01 5.200975e-01
4.900000e+01 5.203718e-01
5.000000e+01 5.206161e-01
5.100000e+01 5.208281e-01
5.200000e+01 5.210069e-01
5.300000e+01 5.211526e-01
5.400000e+01 5.212661e-01
5.500000e+01 5.213493e-01
5.600000e+01 5.214043e-01
5.700000e+01 5.214337e-01
5.800000e+01 5.214404e-01
5.900000e+01 5.214271e-01
6.000000e+01 5.213967e-01
6.100000e+01 5.213519e-01
6.200000e+01 5.212955e-01
6.300000e+01 5.212298e-01
6.400000e+01 5.211572e-01
6.500000e+01 5.210797e-01
6.600000e+01 5.209993e-01
6.700000e+01 5.209176e-01
6.800000e+01 5.208361e-01
6.900000e+01 5.207561e-01
7.000000e+01 5.206787e-01
7.100000e+01 5.206048e-01
7.200000e+01 5.205352e-01
7.300000e+01 5.204704e-01
7.400000e+01 5.204109e-01
7.500000e+01 5.203570e-01
7.600000e+01 5.203088e-01
7.700000e+01 5.202664e-01
7.800000e+01 5.202298e-01
7.900000e+01 5.201988e-01
8.000000e+01 5.201732e-01
8.100000e+01 5.201528e-01
8.200000e+01 5.201372e-01
8.300000e+01 5.201261e-01
8.400000e+01 5.201190e-01
8.500000e+01 5.201157e-01
8.600000e+01 5.201155e-01
8.700000e+01 5.201182e-01
8.800000e+01 5.201233e-01
8.900000e+01 5.201304e-01
9.000000e+01 5.201391e-01
9.100000e+01 5.201490e-01
9.200000e+01 5.201598e-01
9.300000e+01 5.201712e-01
9.400000e+01 5.201829e-01
9.500000e+01 5.201947e-01
9.600000e+01 5.202063e-01
9.700000e+01 5.202175e-01
9.800000e+01 5.202282e-01
9.900000e+01 5.202383e-01
1.000000e+02 5.202477e-01
1.010000e+02 5.202562e-01
1.020000e+02 5.202639e-01
1.030000e+02 5.202707e-01
1.040000e+02 5.202766e-01
1.050000e+02 5.202816e-01
1.060000e+02 5.202858e-01
1.070000e+02 5.202892e-01
1.080000e+02 5.202918e-01
1.090000e+02 5.202937e-01
1.100000e+02 5.202949e-01
1.110000e+02 5.202956e-01
1.120000e+02 5.202957e-01
1.130000e+02 5.202953e-01
1.140000e+02 5.202946e-01
1.150000e+02 5.202936e-01
1.160000e+02 5.202922e-01
1.170000e+02 5.202907e-01
1.180000e+02 5.202890e-01
1.190000e+02 5.202872e-01
1.200000e+02 5.202854e-01
1.210000e+02 5.202835e-01
1.220000e+02 5.202817e-01
1.230000e+02 5.202799e-01
1.240000e+02 5.202782e-01
1.250000e+02 5.202766e-01
1.260000e+02 5.202751e-01
1.270000e+02 5.202737e-01
1.280000e+02 5.202724e-01
1.290000e+02 5.202713e-01
1.300000e+02 5.202703e-01
1.310000e+02 5.202695e-01
1.320000e+02 5.202688e-01
1.330000e+02 5.202682e-01
1.340000e+02 5.202677e-01
1.350000e+02 5.202674e-01
1.360000e+02 5.202672e-01
1.370000e+02 5.202670e-01
1.380000e+02 5.202670e-01
1.390000e+02 5.202670e-01
1.400000e+02 5.202671e-01
1.410000e+02 5.202672e-01
1.420000e+02 5.202674e-01
1.430000e+02 5.202676e-01
1.440000e+02 5.202679e-01
1.450000e+02 5.202682e-01
1.460000e+02 5.202684e-01
1.470000e+02 5.202687e-01
1.480000e+02 5.202690e-01
1.490000e+02 5.202693e-01
1.500000e+02 5.202696e-01
1.510000e+02 5.202698e-01
1.520000e+02 5.202701e-01
1.530000e+02 5.202703e-01
1.540000e+02 5.202705e-01
1.550000e+02 5.202707e-01
1.560000e+02 5.202709e-01
1.570000e+02 5.202710e-01
1.580000e+02 5.202711e-01
1.590000e+02 5.202712e-01
1.600000e+02 5.202713e-01
1.610000e+02 5.202713e-01
1.620000e+02 5.202714e-01
1.630000e+02 5.202714e-01
1.640000e+02 5.202714e-01
