0.000000e+00 4.999673e-01
1.000000e+00 4.998183e-01
2.000000e+00 4.993001e-01
3.000000e+00 4.977816e-01
4.000000e+00 4.946478e-01
5.000000e+00 4.905994e-01
6.000000e+00 4.869516e-01
7.000000e+00 4.843884e-01
8.000000e+00 4.830177e-01
9.000000e+00 4.826613e-01
1.000000e+01 4.830418e-01
1.100000e+01 4.838826e-01
1.200000e+01 4.849539e-01
1.300000e+01 4.860865e-01
1.400000e+01 4.871688e-01
1.500000e+01 4.881364e-01
1.600000e+01 4.889595e-01
1.700000e+01 4.896320e-01
1.800000e+01 4.901624e-01
1.900000e+01 4.905672e-01
2.000000e+01 4.908660e-01
2.100000e+01 4.910789e-01
2.200000e+01 4.912244e-01
2.300000e+01 4.913186e-01
2.400000e+01 4.913751e-01
2.500000e+01 4.914048e-01
2.600000e+01 4.914162e-01
2.700000e+01 4.914158e-01
2.800000e+01 4.914081e-01
2.900000e+01 4.913966e-01
3.000000e+01 4.913836e-01
3.100000e+01 4.913704e-01
3.200000e+01 4.913581e-01
3.300000e+01 4.913470e-01
3.400000e+01 4.913373e-01
3.500000e+01 4.913291e-01
3.600000e+01 4.913223e-01
3.700000e+01 4.913168e-01
3.800000e+01 4.913123e-01
3.900000e+01 4.913087e-01
4.000000e+01 4.913058e-01
4.100000e+01 4.913036e-01
4.200000e+01 4.913018e-01
4.300000e+01 4.913004e-01
4.400000e+01 4.912993e-01
4.500000e+01 4.912984e-01
4.600000e+01 4.912977e-01
4.700000e+01 4.912971e-01
4.800000e+01 4.912966e-01
4.900000e+01 4.912963e-01
5.000000e+01 4.912960e-01
5.100000e+01 4.912957e-01
5.200000e+01 4.912955e-01
5.300000e+01 4.912953e-01
5.400000e+01 4.912952e-01
5.500000e+01 4.912950e-01
5.600000e+01 4.912949e-01
5.700000e+01 4.912949e-01
5.800000e+01 4.912948e-01
5.900000e+01 4.912947e-01
6.000000e+01 4.912947e-01
