0.000000e+00 4.975702e-01
1.000000e+00 4.893075e-01
2.000000e+00 4.834974e-01
3.000000e+00 4.811339e-01
4.000000e+00 4.817151e-01
5.000000e+00 4.843072e-01
6.000000e+00 4.879766e-01
7.000000e+00 4.919752e-01
8.000000e+00 4.957899e-01
9.000000e+00 4.991216e-01
1.000000e+01 5.018373e-01
1.100000e+01 5.039177e-01
1.200000e+01 5.054133e-01
1.300000e+01 5.064102e-01
1.400000e+01 5.070072e-01
1.500000e+01 5.073004e-01
1.600000e+01 5.073759e-01
1.700000e+01 5.073051e-01
1.800000e+01 5.071444e-01
1.900000e+01 5.069362e-01
2.000000e+01 5.067104e-01
2.100000e+01 5.064872e-01
2.200000e+01 5.062789e-01
2.300000e+01 5.060920e-01
2.400000e+01 5.059293e-01
2.500000e+01 5.057909e-01
2.600000e+01 5.056751e-01
2.700000e+01 5.055797e-01
2.800000e+01 5.055018e-01
2.900000e+01 5.054389e-01
3.000000e+01 5.053883e-01
3.100000e+01 5.053479e-01
3.200000e+01 5.053157e-01
3.300000e+01 5.052900e-01
3.400000e+01 5.052696e-01
3.500000e+01 5.052534e-01
3.600000e+01 5.052406e-01
3.700000e+01 5.052303e-01
3.800000e+01 5.052222e-01
3.900000e+01 5.052158e-01
4.000000e+01 5.052107e-01
4.100000e+01 5.052066e-01
4.200000e+01 5.052034e-01
4.300000e+01 5.052009e-01
4.400000e+01 5.051989e-01
4.500000e+01 5.051973e-01
4.600000e+01 5.051961e-01
4.700000e+01 5.051952e-01
4.800000e+01 5.051944e-01
4.900000e+01 5.051939e-01
5.000000e+01 5.051934e-01
5.100000e+01 5.051931e-01
5.200000e+01 5.051929e-01
5.300000e+01 5.051927e-01
5.400000e+01 5.051925e-01
5.500000e+01 5.051924e-01
5.600000e+01 5.051924e-01
5.700000e+01 5.051923e-01
5.800000e+01 5.051923e-01
