# #y,T
0.000000000000000000e+00 1.000000000000001554e+00
7.812500000000000000e-03 8.821215425442281433e-01
1.562500000000000000e-02 7.808556860006108380e-01
2.343750000000000000e-02 7.038860485655168420e-01
3.125000000000000000e-02 6.485423744382426969e-01
3.906250000000000000e-02 6.084953955536870351e-01
4.687500000000000000e-02 5.796807657170953698e-01
5.468750000000000000e-02 5.588050909086730300e-01
6.250000000000000000e-02 5.441844458625791914e-01
7.031250000000000000e-02 5.343818873756689403e-01
7.812500000000000000e-02 5.283340779285882194e-01
8.593750000000000000e-02 5.251709067264006547e-01
9.375000000000000000e-02 5.241562878457102226e-01
1.015625000000000000e-01 5.247118838011360920e-01
1.093750000000000000e-01 5.263449685048297022e-01
1.171875000000000000e-01 5.286863110306759816e-01
1.250000000000000000e-01 5.314293873250752753e-01
1.328125000000000000e-01 5.343594984758058830e-01
1.406250000000000000e-01 5.373044482741524686e-01
1.484375000000000000e-01 5.401563330313811084e-01
1.562500000000000000e-01 5.428321532407847094e-01
1.640625000000000000e-01 5.452913289795734419e-01
1.718750000000000000e-01 5.475047033730985335e-01
1.796875000000000000e-01 5.494695662484723186e-01
1.875000000000000000e-01 5.511855462984641685e-01
1.953125000000000000e-01 5.526678965800576604e-01
2.031250000000000000e-01 5.539289170112655647e-01
2.109375000000000000e-01 5.549897172057733918e-01
2.187500000000000000e-01 5.558660010735126944e-01
2.265625000000000000e-01 5.565783214404773638e-01
2.343750000000000000e-01 5.571412361643977018e-01
2.421875000000000000e-01 5.575720576283357266e-01
2.500000000000000000e-01 5.578825507158634567e-01
2.578125000000000000e-01 5.580862490512963348e-01
2.656250000000000000e-01 5.581920213943096787e-01
2.734375000000000000e-01 5.582101022315409944e-01
2.812500000000000000e-01 5.581470061211997180e-01
2.890625000000000000e-01 5.580104662590803510e-01
2.968750000000000000e-01 5.578053168645845661e-01
3.046875000000000000e-01 5.575375422739236031e-01
3.125000000000000000e-01 5.572108651306001414e-01
3.203125000000000000e-01 5.568300894767097553e-01
3.281250000000000000e-01 5.563982218664588197e-01
3.359375000000000000e-01 5.559192587013281894e-01
3.437500000000000000e-01 5.553957291353769365e-01
3.515625000000000000e-01 5.548310412385082380e-01
3.593750000000000000e-01 5.542273745715653455e-01
3.671875000000000000e-01 5.535876687533112239e-01
3.750000000000000000e-01 5.529138162560013336e-01
3.828125000000000000e-01 5.522083533712223158e-01
3.906250000000000000e-01 5.514729161106745048e-01
3.984375000000000000e-01 5.507096772850597066e-01
4.062500000000000000e-01 5.499200350098982781e-01
4.140625000000000000e-01 5.491058290767185657e-01
4.218750000000000000e-01 5.482682355058153822e-01
4.296875000000000000e-01 5.474087887089592597e-01
4.375000000000000000e-01 5.465284585184853050e-01
4.453125000000000000e-01 5.456285001934081391e-01
4.531250000000000000e-01 5.447096931815695875e-01
4.609375000000000000e-01 5.437730376736067406e-01
4.687500000000000000e-01 5.428191372747642740e-01
4.765625000000000000e-01 5.418487579033197665e-01
4.843750000000000000e-01 5.408623395563350034e-01
4.921875000000000000e-01 5.398604305701784067e-01
5.000000000000000000e-01 5.388433166721655621e-01
5.078125000000000000e-01 5.378113408702615006e-01
5.156250000000000000e-01 5.367646409052627687e-01
5.234375000000000000e-01 5.357033623131701727e-01
5.312500000000000000e-01 5.346274981771325097e-01
5.390625000000000000e-01 5.335370002373298615e-01
5.468750000000000000e-01 5.324317174654323859e-01
5.546875000000000000e-01 5.313114075060305641e-01
5.625000000000000000e-01 5.301757730588342321e-01
5.703125000000000000e-01 5.290243734254017616e-01
5.781250000000000000e-01 5.278567600129853155e-01
5.859375000000000000e-01 5.266722852983879433e-01
5.937500000000000000e-01 5.254703410593488666e-01
6.015625000000000000e-01 5.242500595461925261e-01
6.093750000000000000e-01 5.230106605864367486e-01
6.171875000000000000e-01 5.217510368901719930e-01
6.250000000000000000e-01 5.204702196874128051e-01
6.328125000000000000e-01 5.191668362061081510e-01
6.406250000000000000e-01 5.178397096401886612e-01
6.484375000000000000e-01 5.164871704424326415e-01
6.562500000000000000e-01 5.151078185718024338e-01
6.640625000000000000e-01 5.136996583348560907e-01
6.718750000000000000e-01 5.122610753282467178e-01
6.796875000000000000e-01 5.107897415823716702e-01
6.875000000000000000e-01 5.092839069083525683e-01
6.953125000000000000e-01 5.077409777592508666e-01
7.031250000000000000e-01 5.061593079110660032e-01
7.109375000000000000e-01 5.045362772864980805e-01
7.187500000000000000e-01 5.028709066692703678e-01
7.265625000000000000e-01 5.011611362134098524e-01
7.343750000000000000e-01 4.994077899168577472e-01
7.421875000000000000e-01 4.976105676842766945e-01
7.500000000000000000e-01 4.957741184658352451e-01
7.578125000000000000e-01 4.939020257026283112e-01
7.656250000000000000e-01 4.920059102738271739e-01
7.734375000000000000e-01 4.900964622818556604e-01
7.812500000000000000e-01 4.881963917003622755e-01
7.890625000000000000e-01 4.863274597647190278e-01
7.968750000000000000e-01 4.845275195277122249e-01
8.046875000000000000e-01 4.828326970678798458e-01
8.125000000000000000e-01 4.812977227516369028e-01
8.203125000000000000e-01 4.799730145580844987e-01
8.281250000000000000e-01 4.789264492744159107e-01
8.359375000000000000e-01 4.782159279475888813e-01
8.437500000000000000e-01 4.779104448757963142e-01
8.515625000000000000e-01 4.780591179688856718e-01
8.593750000000000000e-01 4.787101583868952348e-01
8.671875000000000000e-01 4.798764513312764324e-01
8.750000000000000000e-01 4.815513611149934148e-01
8.828125000000000000e-01 4.836687128426990778e-01
8.906250000000000000e-01 4.861106462863692967e-01
8.984375000000000000e-01 4.886590718903219832e-01
9.062500000000000000e-01 4.909801072835315860e-01
9.140625000000000000e-01 4.925725986511977350e-01
9.218750000000000000e-01 4.927010752184347586e-01
9.296875000000000000e-01 4.903767931786830458e-01
9.375000000000000000e-01 4.841983915908973923e-01
9.453125000000000000e-01 4.724631484359607114e-01
9.531250000000000000e-01 4.527523371093145621e-01
9.609375000000000000e-01 4.223582564377580395e-01
9.687500000000000000e-01 3.772354218500625356e-01
9.765625000000000000e-01 3.134234845635805455e-01
9.843750000000000000e-01 2.275745628812325394e-01
9.921875000000000000e-01 1.204528948918767856e-01
1.000000000000000000e+00 -1.138013099218942677e-51
