# #y,vel
0.000000000000000000e+00 3.034365982754552988e+03
2.083333333333333218e-02 3.037943385649445645e+03
4.166666666666666435e-02 3.024025993545108122e+03
6.250000000000000000e-02 2.987218610679865378e+03
8.333333333333332871e-02 2.937885959900182115e+03
1.041666666666666574e-01 2.883855324143104554e+03
1.250000000000000000e-01 2.826615454861102990e+03
1.458333333333333148e-01 2.770690250288916104e+03
1.666666666666666574e-01 2.717294752033993063e+03
1.874999999999999722e-01 2.667973408022674448e+03
2.083333333333333148e-01 2.622435179434648035e+03
2.291666666666666297e-01 2.580963596599909579e+03
2.500000000000000000e-01 2.543149946001783064e+03
2.708333333333333148e-01 2.508651341537966800e+03
2.916666666666666297e-01 2.476871275999457794e+03
3.125000000000000000e-01 2.447276549167683243e+03
3.333333333333333148e-01 2.419287280241528151e+03
3.541666666666666297e-01 2.392422411672877388e+03
3.749999999999999445e-01 2.366285009258629088e+03
3.958333333333333703e-01 2.340671912519862417e+03
4.166666666666666297e-01 2.315589103611152495e+03
4.375000000000000000e-01 2.291373079270060771e+03
4.583333333333332593e-01 2.268788371425754576e+03
4.791666666666665741e-01 2.249311640786258977e+03
5.000000000000000000e-01 2.235880802327050333e+03
5.208333333333332593e-01 2.235538045068038628e+03
5.416666666666666297e-01 2.246929387305355249e+03
5.625000000000000000e-01 2.264706252609192688e+03
5.833333333333332593e-01 2.286796804588372652e+03
6.041666666666666297e-01 2.312139403392815439e+03
6.250000000000000000e-01 2.340179908834728849e+03
6.458333333333332593e-01 2.370720085142091648e+03
6.666666666666666297e-01 2.403782930127824784e+03
6.875000000000000000e-01 2.439563786698245167e+03
7.083333333333332593e-01 2.478305630035951253e+03
7.291666666666666297e-01 2.520304213811500176e+03
7.499999999999998890e-01 2.565696198607910446e+03
7.708333333333332593e-01 2.614693864939649302e+03
7.916666666666667407e-01 2.667023190074495233e+03
8.125000000000000000e-01 2.722590536194338711e+03
8.333333333333332593e-01 2.780359117616042113e+03
8.541666666666665186e-01 2.840187856627566362e+03
8.750000000000000000e-01 2.900215372989663138e+03
8.958333333333332593e-01 2.958874009294087045e+03
9.166666666666665186e-01 3.012192092947144829e+03
9.375000000000000000e-01 3.059473033015016881e+03
9.583333333333331483e-01 3.094469835606254037e+03
9.791666666666665186e-01 3.105801006619460622e+03
1.000000000000000000e+00 3.101775495167704776e+03
