# x y topography
0 499941 -58.8465
10000 499941 -58.6568
10000 499941 -58.6568
20000 499942 -58.0728
20000 499942 -58.0728
30000 499943 -57.097
30000 499943 -57.097
40000 499944 -55.6591
40000 499944 -55.6591
50000 499946 -53.8099
50000 499946 -53.8099
60000 499949 -51.2524
60000 499949 -51.2524
70000 499952 -48.3782
70000 499952 -48.3782
80000 499956 -43.8932
80000 499956 -43.8932
90000 499960 -39.5404
90000 499960 -39.5404
100000 499970 -29.8745
100000 499970 -29.8745
110000 499980 -20.1472
110000 499980 -20.1472
120000 499984 -15.5786
120000 499984 -15.5786
130000 499989 -10.7386
130000 499989 -10.7386
140000 499993 -7.35787
140000 499993 -7.35787
150000 499996 -4.14195
150000 499996 -4.14195
160000 499999 -1.47493
160000 499999 -1.47493
170000 500001 0.947493
170000 500001 0.947493
180000 500003 3.08477
180000 500003 3.08477
190000 500005 5.01915
190000 500005 5.01915
200000 500007 6.76491
200000 500007 6.76491
210000 500008 8.35383
210000 500008 8.35383
220000 500010 9.80272
220000 500010 9.80272
230000 500011 11.1289
230000 500011 11.1289
240000 500012 12.3453
240000 500012 12.3453
250000 500013 13.4631
250000 500013 13.4631
260000 500014 14.492
260000 500014 14.492
270000 500015 15.4399
270000 500015 15.4399
280000 500016 16.3139
280000 500016 16.3139
290000 500017 17.12
290000 500017 17.12
300000 500018 17.8636
300000 500018 17.8636
310000 500019 18.5493
310000 500019 18.5493
320000 500019 19.1811
320000 500019 19.1811
330000 500020 19.7626
330000 500020 19.7626
340000 500020 20.2972
340000 500020 20.2972
350000 500021 20.7876
350000 500021 20.7876
360000 500021 21.2363
360000 500021 21.2363
370000 500022 21.6457
370000 500022 21.6457
380000 500022 22.0176
380000 500022 22.0176
390000 500022 22.354
390000 500022 22.354
400000 500023 22.6562
400000 500023 22.6562
410000 500023 22.9258
410000 500023 22.9258
420000 500023 23.164
420000 500023 23.164
430000 500023 23.3718
430000 500023 23.3718
440000 500024 23.5501
440000 500024 23.5501
450000 500024 23.6996
450000 500024 23.6996
460000 500024 23.8212
460000 500024 23.8212
470000 500024 23.9152
470000 500024 23.9152
480000 500024 23.982
480000 500024 23.982
490000 500024 24.022
490000 500024 24.022
500000 500024 24.0353
