# x y topography
0 499969 -31.4517
10000 499969 -31.3666
10000 499969 -31.3666
20000 499969 -31.0692
20000 499969 -31.0692
30000 499969 -30.6033
30000 499969 -30.6033
40000 499970 -29.8459
40000 499970 -29.8459
50000 499971 -28.9509
50000 499971 -28.9509
60000 499973 -27.489
60000 499973 -27.489
70000 499974 -26.086
70000 499974 -26.086
80000 499977 -23.2218
80000 499977 -23.2218
90000 499979 -20.9326
90000 499979 -20.9326
100000 499986 -14.0616
100000 499986 -14.0616
110000 499993 -7.19317
110000 499993 -7.19317
120000 499995 -4.84212
120000 499995 -4.84212
130000 499998 -1.87956
130000 499998 -1.87956
140000 500000 -0.323994
140000 500000 -0.323994
150000 500001 1.33851
150000 500001 1.33851
160000 500002 2.49027
160000 500002 2.49027
170000 500004 3.56305
170000 500004 3.56305
180000 500004 4.41249
180000 500004 4.41249
190000 500005 5.16562
190000 500005 5.16562
200000 500006 5.79727
200000 500006 5.79727
210000 500006 6.35028
210000 500006 6.35028
220000 500007 6.82612
220000 500007 6.82612
230000 500007 7.24253
230000 500007 7.24253
240000 500008 7.6053
240000 500008 7.6053
250000 500008 7.92362
250000 500008 7.92362
260000 500008 8.2028
260000 500008 8.2028
270000 500008 8.44846
270000 500008 8.44846
280000 500009 8.66474
280000 500009 8.66474
290000 500009 8.85547
290000 500009 8.85547
300000 500009 9.02374
300000 500009 9.02374
310000 500009 9.1723
310000 500009 9.1723
320000 500009 9.30348
320000 500009 9.30348
330000 500009 9.41929
330000 500009 9.41929
340000 500010 9.5215
340000 500010 9.5215
350000 500010 9.61163
350000 500010 9.61163
360000 500010 9.69101
360000 500010 9.69101
370000 500010 9.76081
370000 500010 9.76081
380000 500010 9.82203
380000 500010 9.82203
390000 500010 9.87556
390000 500010 9.87556
400000 500010 9.92218
400000 500010 9.92218
410000 500010 9.96255
410000 500010 9.96255
420000 500010 9.99726
420000 500010 9.99726
430000 500010 10.0268
430000 500010 10.0268
440000 500010 10.0516
440000 500010 10.0516
450000 500010 10.072
450000 500010 10.072
460000 500010 10.0883
460000 500010 10.0883
470000 500010 10.1007
470000 500010 10.1007
480000 500010 10.1095
480000 500010 10.1095
490000 500010 10.1147
490000 500010 10.1147
500000 500010 10.1164
