# x y topography
0 499967 -32.5072
10000 499968 -32.4182
10000 499968 -32.4182
20000 499968 -32.1083
20000 499968 -32.1083
30000 499968 -31.622
30000 499968 -31.622
40000 499969 -30.8351
40000 499969 -30.8351
50000 499970 -29.9027
50000 499970 -29.9027
60000 499972 -28.3933
60000 499972 -28.3933
70000 499973 -26.9347
70000 499973 -26.9347
80000 499976 -24.003
80000 499976 -24.003
90000 499978 -21.6382
90000 499978 -21.6382
100000 499985 -14.6762
100000 499985 -14.6762
110000 499992 -7.71477
110000 499992 -7.71477
120000 499995 -5.28217
120000 499995 -5.28217
130000 499998 -2.24204
130000 499998 -2.24204
140000 499999 -0.616821
140000 499999 -0.616821
150000 500001 1.11144
150000 500001 1.11144
160000 500002 2.32323
160000 500002 2.32323
170000 500003 3.45232
170000 500003 3.45232
180000 500004 4.35367
180000 500004 4.35367
190000 500005 5.15533
190000 500005 5.15533
200000 500006 5.83199
200000 500006 5.83199
210000 500006 6.42703
210000 500006 6.42703
220000 500007 6.94197
220000 500007 6.94197
230000 500007 7.39486
230000 500007 7.39486
240000 500008 7.79163
240000 500008 7.79163
250000 500008 8.14164
250000 500008 8.14164
260000 500008 8.45034
260000 500008 8.45034
270000 500009 8.72351
270000 500009 8.72351
280000 500009 8.96541
280000 500009 8.96541
290000 500009 9.17997
290000 500009 9.17997
300000 500009 9.37039
300000 500009 9.37039
310000 500010 9.53952
310000 500010 9.53952
320000 500010 9.68976
320000 500010 9.68976
330000 500010 9.82322
330000 500010 9.82322
340000 500010 9.94172
340000 500010 9.94172
350000 500010 10.0469
350000 500010 10.0469
360000 500010 10.14
360000 500010 10.14
370000 500010 10.2225
370000 500010 10.2225
380000 500010 10.2952
380000 500010 10.2952
390000 500010 10.3591
390000 500010 10.3591
400000 500010 10.4152
400000 500010 10.4152
410000 500010 10.4639
410000 500010 10.4639
420000 500011 10.506
420000 500011 10.506
430000 500011 10.5421
430000 500011 10.5421
440000 500011 10.5724
440000 500011 10.5724
450000 500011 10.5975
450000 500011 10.5975
460000 500011 10.6176
460000 500011 10.6176
470000 500011 10.633
470000 500011 10.633
480000 500011 10.6439
480000 500011 10.6439
490000 500011 10.6503
490000 500011 10.6503
500000 500011 10.6525
