# x y topography
0 499964 -35.9104
10000 499964 -35.8091
10000 499964 -35.8091
20000 499965 -35.4589
20000 499965 -35.4589
30000 499965 -34.9082
30000 499965 -34.9082
40000 499966 -34.0259
40000 499966 -34.0259
50000 499967 -32.9766
50000 499967 -32.9766
60000 499969 -31.3119
60000 499969 -31.3119
70000 499970 -29.6824
70000 499970 -29.6824
80000 499973 -26.5301
80000 499973 -26.5301
90000 499976 -23.9332
90000 499976 -23.9332
100000 499983 -16.6811
100000 499983 -16.6811
110000 499991 -9.42328
110000 499991 -9.42328
120000 499993 -6.7386
120000 499993 -6.7386
130000 499997 -3.44488
130000 499997 -3.44488
140000 499998 -1.6019
140000 499998 -1.6019
150000 500000 0.342086
150000 500000 0.342086
160000 500002 1.74532
160000 500002 1.74532
170000 500003 3.05879
170000 500003 3.05879
180000 500004 4.12824
180000 500004 4.12824
190000 500005 5.08908
190000 500005 5.08908
200000 500006 5.91314
200000 500006 5.91314
210000 500007 6.64668
210000 500007 6.64668
220000 500007 7.29075
220000 500007 7.29075
230000 500008 7.86457
230000 500008 7.86457
240000 500008 8.37433
240000 500008 8.37433
250000 500009 8.83001
250000 500009 8.83001
260000 500009 9.23747
260000 500009 9.23747
270000 500010 9.6029
270000 500010 9.6029
280000 500010 9.93092
280000 500010 9.93092
290000 500010 10.2258
290000 500010 10.2258
300000 500010 10.4911
300000 500010 10.4911
310000 500011 10.7299
310000 500011 10.7299
320000 500011 10.9449
320000 500011 10.9449
330000 500011 11.1384
330000 500011 11.1384
340000 500011 11.3125
340000 500011 11.3125
350000 500011 11.4689
350000 500011 11.4689
360000 500012 11.6093
360000 500012 11.6093
370000 500012 11.735
370000 500012 11.735
380000 500012 11.8472
380000 500012 11.8472
390000 500012 11.947
390000 500012 11.947
400000 500012 12.0354
400000 500012 12.0354
410000 500012 12.1131
410000 500012 12.1131
420000 500012 12.1809
420000 500012 12.1809
430000 500012 12.2393
430000 500012 12.2393
440000 500012 12.289
440000 500012 12.289
450000 500012 12.3303
450000 500012 12.3303
460000 500012 12.3636
460000 500012 12.3636
470000 500012 12.3892
470000 500012 12.3892
480000 500012 12.4073
480000 500012 12.4073
490000 500012 12.4181
490000 500012 12.4181
500000 500012 12.4217
