1.000000000000000000e+00
2.574926875679269672e-02
2.078137009733355134e-02
5.738892441401410860e-03
6.497155472581220802e-03
5.979389552090803514e-03
5.590693441527088206e-03
5.197992670541952062e-03
4.871981943304418139e-03
4.602928742067640897e-03
4.390279802385816180e-03
4.223750717495258593e-03
4.096653827348493114e-03
3.999972502417777596e-03
3.925390173341425371e-03
3.863738900931819407e-03
3.805483782565497342e-03
3.740565064396790367e-03
3.659035732786484856e-03
3.552134640938900238e-03
3.413924698383165573e-03
3.242990032683102600e-03
3.043443487048302573e-03
2.824423196001714376e-03
2.597830464144046739e-03
2.418672416975420087e-03
2.468555955375279637e-03
2.501182310959798941e-03
2.513925213246586809e-03
2.504037379388555917e-03
2.489256172036965857e-03
2.463834557594079665e-03
2.534540184363698843e-03
2.569969202920294356e-03
2.572621933580948421e-03
2.546071808075248653e-03
2.494581791667687190e-03
2.422734931268980939e-03
2.335371697171141712e-03
2.237820386167212530e-03
2.136109477082540325e-03
2.036656058091895847e-03
1.944898306527321347e-03
1.863219197461094727e-03
1.866279387765077411e-03
2.037394861671280866e-03
2.234158427569520565e-03
2.461421966406849605e-03
2.723372601318608567e-03
3.019377354062542044e-03
3.330204796733383498e-03
3.572293689504487616e-03
3.783086347681312300e-03
3.928171234022166496e-03
3.166305898938890674e-03
1.721822073565247883e-03
1.295513578267988922e-03
1.061208408331776277e-03
1.019196916713885565e-03
9.778992142159203486e-04
9.679538777999738969e-04
9.757343052518188502e-04
9.701773271452629379e-04
9.476448821861593918e-04
9.058938683367380798e-04
8.444305856890022520e-04
7.652022193621669773e-04
6.845176577540507080e-04
6.522816456798918210e-04
6.209208784116571718e-04
5.904080934281775777e-04
5.607206989703887416e-04
5.318405478783491376e-04
5.037535085223168252e-04
4.764488880840338052e-04
4.499187972291947128e-04
4.401439799863533417e-04
4.363883210280237275e-04
4.319001779421729678e-04
4.267447298664649603e-04
4.209844810319701225e-04
4.146790976529329321e-04
4.078853523162283582e-04
4.006571387181858193e-04
3.930455250147425251e-04
3.850988259540007825e-04
3.768626815090666800e-04
3.683801311658391696e-04
3.596916846436176598e-04
3.508353863888257450e-04
3.418468745172255417e-04
3.327594385019219648e-04
3.255850569486386562e-04
3.220957671360201251e-04
3.185983728905367684e-04
3.150990888711693752e-04
3.116029332669529380e-04
3.081137610357209287e-04
3.046343102176884759e-04
3.011662642009732831e-04
