0.000000e+00 1.287978e-22 3.961011e-11 3.072331e+09 2.333162e-16 
1.250000e+03 1.219315e-22 3.931865e-11 3.032490e+09 2.331282e-16 
2.500000e+03 1.181943e-22 3.902753e-11 2.992649e+09 2.329163e-16 
3.750000e+03 1.043318e-22 3.873669e-11 2.952766e+09 2.323793e-16 
5.000000e+03 8.521899e-23 3.844678e-11 2.912883e+09 2.317558e-16 
6.250000e+03 6.458007e-23 3.815761e-11 2.872951e+09 2.308378e-16 
7.500000e+03 4.023458e-23 3.786986e-11 2.833019e+09 2.298276e-16 
8.750000e+03 1.304587e-23 3.758334e-11 2.793032e+09 2.284945e-16 
1.000000e+04 -1.586749e-23 3.729878e-11 2.753044e+09 2.270622e-16 
1.125000e+04 -4.264726e-23 3.701597e-11 2.712990e+09 2.252837e-16 
1.250000e+04 -7.129263e-23 3.673570e-11 2.672937e+09 2.233972e-16 
1.375000e+04 -1.000759e-22 3.645774e-11 2.632803e+09 2.211389e-16 
1.500000e+04 -1.183127e-22 3.618294e-11 2.592668e+09 2.187657e-16 
1.625000e+04 -1.343425e-22 3.591105e-11 2.552433e+09 2.160059e-16 
1.750000e+04 -1.583017e-22 3.564297e-11 2.512198e+09 2.131296e-16 
1.875000e+04 -1.819797e-22 3.537839e-11 2.471832e+09 2.098758e-16 
2.000000e+04 -2.047272e-22 3.511827e-11 2.431467e+09 2.065146e-16 
2.125000e+04 -2.380212e-22 3.486219e-11 2.390929e+09 2.028241e-16 
2.250000e+04 -2.666010e-22 3.461112e-11 2.350391e+09 1.990517e-16 
2.375000e+04 -2.994394e-22 3.436451e-11 2.309618e+09 1.950538e-16 
2.500000e+04 -2.972583e-22 3.412330e-11 2.268844e+09 1.910215e-16 
2.625000e+04 -3.198937e-22 3.388673e-11 2.227743e+09 1.869378e-16 
2.750000e+04 -3.326300e-22 3.365565e-11 2.186642e+09 1.828941e-16 
2.875000e+04 -3.431378e-22 3.342902e-11 2.145071e+09 1.790552e-16 
3.000000e+04 -3.551771e-22 3.320755e-11 2.103499e+09 1.753604e-16 
3.125000e+04 -3.678627e-22 3.298982e-11 2.061239e+09 1.722183e-16 
3.250000e+04 -3.812559e-22 3.277635e-11 2.018978e+09 1.693559e-16 
3.375000e+04 -3.947267e-22 3.256525e-11 1.975687e+09 1.674784e-16 
3.500000e+04 -4.083073e-22 3.235677e-11 1.932396e+09 1.660378e-16 
3.625000e+04 -4.219881e-22 3.214851e-11 1.887544e+09 1.661195e-16 
3.750000e+04 -4.356269e-22 3.194031e-11 1.842693e+09 1.668276e-16 
3.875000e+04 -4.493756e-22 3.172929e-11 1.795510e+09 1.696079e-16 
4.000000e+04 -4.622130e-22 3.151490e-11 1.748327e+09 1.731696e-16 
4.125000e+04 -4.767097e-22 3.129376e-11 1.697716e+09 1.793608e-16 
4.250000e+04 -4.909705e-22 3.106478e-11 1.647105e+09 1.864181e-16 
4.375000e+04 -5.054829e-22 3.082469e-11 1.591918e+09 1.965855e-16 
4.500000e+04 -5.201964e-22 3.057172e-11 1.536732e+09 2.079597e-16 
4.625000e+04 -5.346292e-22 3.030207e-11 1.475811e+09 2.218281e-16 
4.750000e+04 -5.483242e-22 3.001467e-11 1.414890e+09 2.350083e-16 
4.875000e+04 -5.609115e-22 2.971214e-11 1.349355e+09 2.478362e-16 
5.000000e+04 -5.758211e-22 2.939373e-11 1.283820e+09 2.628564e-16 
5.125000e+04 -5.905050e-22 2.905226e-11 1.216050e+09 2.804450e-16 
5.250000e+04 -6.040099e-22 2.869008e-11 1.148280e+09 2.846701e-16 
5.375000e+04 -6.160104e-22 2.837852e-11 1.105352e+09 2.188598e-16 
5.500000e+04 -6.289857e-22 2.816675e-11 1.062423e+09 1.531982e-16 
5.625000e+04 -6.406966e-22 2.790254e-11 8.657039e+08 2.380392e-16 
5.750000e+04 -6.526819e-22 2.738540e-11 6.689846e+08 2.152757e-16 
5.875000e+04 -6.584487e-22 2.718171e-11 7.113668e+08 2.787836e-16 
6.000000e+04 -6.655250e-22 2.674754e-11 7.537491e+08 1.584018e-15 
6.125000e+04 -6.711856e-22 2.190103e-11 7.105985e+08 4.239027e-15 
6.250000e+04 -6.949012e-22 1.509154e-11 6.674478e+08 6.642994e-15 
6.375000e+04 -7.219994e-22 7.547477e-12 6.346708e+08 5.654100e-15 
6.500000e+04 -7.762299e-22 1.920910e-12 6.018938e+08 3.310871e-15 
6.625000e+04 -8.392038e-22 -1.198547e-12 5.526578e+08 1.415928e-15 
6.750000e+04 -8.652051e-22 -2.975385e-12 5.034218e+08 3.826478e-16 
6.875000e+04 -8.409192e-22 -3.139759e-12 5.531094e+08 5.977801e-17 
7.000000e+04 -8.252015e-22 -3.184645e-12 6.027969e+08 7.161938e-17 
7.125000e+04 -7.898127e-22 -3.339838e-12 6.240458e+08 8.151518e-17 
7.250000e+04 -7.616265e-22 -3.459601e-12 6.452947e+08 8.683739e-17 
7.375000e+04 -7.444638e-22 -3.544583e-12 5.659001e+08 6.839446e-17 
7.500000e+04 -7.283059e-22 -3.618059e-12 4.865055e+08 4.705175e-17 
7.625000e+04 -7.150589e-22 -3.668972e-12 4.565558e+08 2.984113e-17 
7.750000e+04 -7.043376e-22 -3.707394e-12 4.266060e+08 2.176492e-17 
7.875000e+04 -6.955878e-22 -3.734981e-12 4.717647e+08 2.329744e-17 
8.000000e+04 -6.877596e-22 -3.749939e-12 5.169235e+08 5.215901e-17 
8.125000e+04 -6.867992e-22 -3.891826e-12 4.715849e+08 1.184769e-16 
8.250000e+04 -6.885487e-22 -4.074583e-12 4.262464e+08 1.617882e-16 
8.375000e+04 -6.933790e-22 -4.310552e-12 3.738943e+08 2.286951e-16 
8.500000e+04 -6.990581e-22 -4.641891e-12 3.215422e+08 3.012830e-16 
8.625000e+04 -7.046036e-22 -5.060503e-12 2.846175e+08 3.661840e-16 
8.750000e+04 -7.056669e-22 -5.551254e-12 2.476929e+08 4.319204e-16 
8.875000e+04 -7.074398e-22 -6.114071e-12 2.190964e+08 4.667209e-16 
9.000000e+04 -7.059429e-22 -6.698995e-12 1.905000e+08 4.801552e-16 
9.125000e+04 -6.944440e-22 -7.268893e-12 1.643730e+08 4.368419e-16 
9.250000e+04 -6.745529e-22 -7.773549e-12 1.382460e+08 3.720904e-16 
9.375000e+04 -6.477425e-22 -8.181358e-12 1.128298e+08 2.865195e-16 
9.500000e+04 -6.205923e-22 -8.491311e-12 8.741363e+07 2.052786e-16 
9.625000e+04 -6.022755e-22 -8.712223e-12 6.260561e+07 1.469052e-16 
9.750000e+04 -5.981921e-22 -8.867797e-12 3.779759e+07 1.035284e-16 
9.875000e+04 -6.014252e-22 -8.995654e-12 1.102300e+07 9.047441e-17 
1.000000e+05 -6.105173e-22 -9.105981e-12 -1.575159e+07 8.355278e-17 
