  0 4.947211e-18 1.682621e-14 
  1 1.790157e-19 1.628972e-14 
  2 7.754092e-21 1.638864e-14 
  3 3.254121e-22 1.666286e-14 
  4 1.009856e-22 1.697934e-14 
  5 7.870821e-23 1.728659e-14 
  6 6.474293e-23 1.756632e-14 
  7 6.564105e-23 1.781384e-14 
  8 7.453522e-23 1.802994e-14 
  9 8.703722e-23 1.821744e-14 
 10 9.929007e-23 1.837975e-14 
 11 1.082043e-22 1.852021e-14 
 12 1.174485e-22 1.864187e-14 
 13 1.264194e-22 1.874739e-14 
 14 1.347773e-22 1.883906e-14 
 15 1.423394e-22 1.891886e-14 
 16 1.490285e-22 1.898844e-14 
 17 1.548557e-22 1.904922e-14 
 18 1.598921e-22 1.910240e-14 
 19 1.642339e-22 1.914901e-14 
 20 1.679791e-22 1.918991e-14 
 21 1.712167e-22 1.922585e-14 
 22 1.740235e-22 1.925748e-14 
 23 1.764639e-22 1.928535e-14 
 24 1.785916e-22 1.930992e-14 
 25 1.804513e-22 1.933161e-14 
 26 1.820806e-22 1.935078e-14 
 27 1.835109e-22 1.936773e-14 
 28 1.847692e-22 1.938272e-14 
 29 1.858779e-22 1.939600e-14 
 30 1.868566e-22 1.940777e-14 
 31 1.877217e-22 1.941821e-14 
 32 1.884875e-22 1.942746e-14 
 33 1.891661e-22 1.943568e-14 
 34 1.897681e-22 1.944297e-14 
 35 1.903026e-22 1.944945e-14 
 36 1.907776e-22 1.945521e-14 
 37 1.911999e-22 1.946033e-14 
 38 1.915757e-22 1.946489e-14 
 39 1.919102e-22 1.946894e-14 
 40 1.922081e-22 1.947254e-14 
 41 1.924735e-22 1.947575e-14 
 42 1.927099e-22 1.947860e-14 
 43 1.929207e-22 1.948115e-14 
 44 1.931086e-22 1.948341e-14 
 45 1.932762e-22 1.948543e-14 
 46 1.934256e-22 1.948723e-14 
 47 1.935590e-22 1.948883e-14 
 48 1.936779e-22 1.949025e-14 
 49 1.937840e-22 1.949153e-14 
