# # t/year,min(w),max(w)
2.889188332276474203e+00 -8.481090343567438412e-12 8.481090347575970200e-12
4.265423059668290939e+00 -2.686082820288594080e-11 2.670244657541712847e-11
5.025049017440650800e+00 -4.079650586164140535e-11 4.048300353540320487e-11
5.595236391015995459e+00 -4.689434119912838849e-11 4.499828530052325820e-11
6.088417053929809697e+00 -4.926519743191635182e-11 4.597357643693132064e-11
6.547536196682277598e+00 -4.996917539637019446e-11 4.591815561059605741e-11
6.991177921129836825e+00 -4.987467677153611075e-11 4.574409851256527344e-11
7.428993790637531625e+00 -4.952409759299800741e-11 4.559434866079457363e-11
7.865585927525249765e+00 -4.915620773118682199e-11 4.547916620290972190e-11
8.302939018748384470e+00 -4.884861708709210287e-11 4.537181708888939359e-11
8.741757745789771050e+00 -4.860703168333664336e-11 4.525920058356699528e-11
9.182185281543258526e+00 -4.841416797942938126e-11 4.514299857304372612e-11
9.624162814769402274e+00 -4.825149578872814442e-11 4.503029131464685026e-11
1.006758759651440016e+01 -4.810582853900380988e-11 4.492699786091746322e-11
1.051236926227115021e+01 -4.796939313361716819e-11 4.483573648170724462e-11
1.095844201761585879e+01 -4.783809797303974143e-11 4.475627040022914329e-11
1.140576155222527532e+01 -4.770991700517572707e-11 4.468674705073286659e-11
1.185429882965778781e+01 -4.758385730185283855e-11 4.462478598971190907e-11
1.230403469126033045e+01 -4.745942659242192246e-11 4.456813905754807905e-11
1.275495592407708401e+01 -4.733639875246776271e-11 4.451497558227190358e-11
1.320705249485161303e+01 -4.721471725115042588e-11 4.446393572657996386e-11
1.366031558184204542e+01 -4.709444690989627955e-11 4.441407544110503315e-11
1.411473617316099904e+01 -4.697573661439382475e-11 4.436477884781993324e-11
1.457030411092070565e+01 -4.685878405670747299e-11 4.431567386128608189e-11
1.502700750729234080e+01 -4.674380426235970246e-11 4.426656287401115727e-11
1.548483246627188237e+01 -4.663100501344592747e-11 4.421736958048051866e-11
1.594376304232573105e+01 -4.652057023574504393e-11 4.416809926204230938e-11
1.640378136502781814e+01 -4.641265121004205345e-11 4.411880942006099379e-11
1.686486786796512760e+01 -4.630736327257325582e-11 4.406958828543447473e-11
1.732700156888998677e+01 -4.620478698892623279e-11 4.402053944205503345e-11
1.779016036571411874e+01 -4.610497100806339030e-11 4.397177099398520699e-11
1.825432132061957091e+01 -4.600793677544923026e-11 4.392338833602528253e-11
1.871946091915263466e+01 -4.591368292953102274e-11 4.387548957205261274e-11
1.918555529708262597e+01 -4.582218967643774459e-11 4.382816296148546077e-11
1.965258043264651633e+01 -4.573342278468692718e-11 4.378148562776275434e-11
2.012051230547425362e+01 -4.564733697538729210e-11 4.373552333502395775e-11
2.058932702563947359e+01 -4.556387867223316442e-11 4.369033083880569548e-11
2.105900093645370674e+01 -4.548298831011717224e-11 4.364595259917536769e-11
2.152951069457405708e+01 -4.540460224483220074e-11 4.360242369704523657e-11
2.200083333203827252e+01 -4.532865407215129281e-11 4.355977091083474408e-11
2.247294630359579415e+01 -4.525507571346601388e-11 4.351801365662679346e-11
2.294582752112792079e+01 -4.518379845764607600e-11 4.347716499237711682e-11
2.341945537900639707e+01 -4.511475341888215255e-11 4.343723254519810118e-11
2.389380877153583072e+01 -4.504787213542857052e-11 4.339821925406844060e-11
2.436886710420453639e+01 -4.498308693993082995e-11 4.336012414766721658e-11
2.484461030007128812e+01 -4.492033123699102160e-11 4.332294294217796653e-11
2.532101880251691384e+01 -4.485953967137665885e-11 4.328666860153316248e-11
2.579807357460026651e+01 -4.480064836613288881e-11 4.325129179247193447e-11
2.627575609589697336e+01 -4.474359501660728541e-11 4.321680130225980466e-11
2.675404835797307257e+01 -4.468831885206453306e-11 4.318318438354875035e-11
2.723293285729415203e+01 -4.463476093168142828e-11 4.315042702661327789e-11
2.771239258752841650e+01 -4.458286396180613884e-11 4.311851422716360058e-11
2.819241103062060816e+01 -4.453257241623543468e-11 4.308743019346617751e-11
2.867297214717318710e+01 -4.448383249962828260e-11 4.305715853551284988e-11
2.915406036604689533e+01 -4.443659217956571248e-11 4.302768240570646586e-11
2.963566057364674933e+01 -4.439080112610542115e-11 4.299898463033442765e-11
3.011775810271929288e+01 -4.434641072923052707e-11 4.297104784206465314e-11
3.060033872104511232e+01 -4.430337403136217888e-11 4.294385455653143066e-11
3.108338861996266189e+01 -4.426164570958468480e-11 4.291738723565520303e-11
3.156689440295604143e+01 -4.422118201134173262e-11 4.289162842059875833e-11
3.205084307400500165e+01 -4.418194076898649661e-11 4.286656071335694888e-11
3.253522202634366067e+01 -4.414388127023698522e-11 4.284216688009146672e-11
3.302001903114526016e+01 -4.410696427839016394e-11 4.281842987346256818e-11
3.350522222618688772e+01 -4.407115199996533800e-11 4.279533284447307237e-11
3.399082010508496410e+01 -4.403640795169082159e-11 4.277285922954362871e-11
3.447680150636346497e+01 -4.400269701742440712e-11 4.275099268562085013e-11
3.496315560312616810e+01 -4.396998529923262746e-11 4.272971722531205209e-11
3.544987189279457596e+01 -4.393824013804959171e-11 4.270901713276834481e-11
3.593694018665635781e+01 -4.390743013255076526e-11 4.268887699875603793e-11
3.642435060067484187e+01 -4.387752487450315022e-11 4.266928176739757962e-11
3.691209354574222345e+01 -4.384849514492785898e-11 4.265021670633451208e-11
3.740015971831465436e+01 -4.382031277740190056e-11 4.263166740714861638e-11
3.788854009154631086e+01 -4.379295058655999713e-11 4.261361983206169928e-11
3.837722590658015065e+01 -4.376638236977210636e-11 4.259606025375861085e-11
3.886620866395305995e+01 -4.374058288636299002e-11 4.257897530084275780e-11
3.935548011574598348e+01 -4.371552772115753393e-11 4.256235193530042718e-11
3.984503225740651544e+01 -4.369119339749837691e-11 4.254617745132792186e-11
4.033485732008770697e+01 -4.366755724376885471e-11 4.253043946685686890e-11
4.082494776303433071e+01 -4.364459742015838038e-11 4.251512594313673836e-11
4.131529626677727407e+01 -4.362229276859084618e-11 4.250022515640726769e-11
4.180589572582155000e+01 -4.360062296552976928e-11 4.248572568645675732e-11
4.229673924223394010e+01 -4.357956830760988644e-11 4.247161644052080492e-11
4.278782011889068571e+01 -4.355910984388472248e-11 4.245788662117629806e-11
4.327913185313920508e+01 -4.353922926398060446e-11 4.244452571979740093e-11
4.377066813089628994e+01 -4.351990885012804441e-11 4.243152353851791698e-11
4.426242282060728428e+01 -4.350113153365197127e-11 4.241887015265482594e-11
4.475438996765733890e+01 -4.348288079599047166e-11 4.240655591403452572e-11
4.524656378880824548e+01 -4.346514069818295149e-11 4.239457144005150119e-11
4.573893866681410003e+01 -4.344789584572984923e-11 4.238290761719140920e-11
4.623150914527919042e+01 -4.343113135624573800e-11 4.237155560256546627e-11
4.672426992389517153e+01 -4.341483280894175124e-11 4.236050678635309487e-11
4.721721585346799799e+01 -4.339898631048404870e-11 4.234975280848019159e-11
4.771034193137863610e+01 -4.338357839550053237e-11 4.233928554342019392e-11
4.820364329708516493e+01 -4.336859605341623993e-11 4.232909710569465039e-11
4.869711522742247922e+01 -4.335402676370695522e-11 4.231917980314856012e-11
4.919075313290272078e+01 -4.333985829845202327e-11 4.230952622461118715e-11
4.968455255354039224e+01 -4.332607889056882479e-11 4.230012909625761408e-11
5.017850915469919926e+01 -4.331267718485278290e-11 4.229098140553046617e-11
5.067261872366629660e+01 -4.329964210917293405e-11 4.228207632068360093e-11
5.116687716550864451e+01 -4.328696306143170363e-11 4.227340719237159388e-11
5.166128049995143812e+01 -4.327462966464065574e-11 4.226496758509618569e-11
5.215582485781332878e+01 -4.326263193177076503e-11 4.225675124185717101e-11
5.265050647762672043e+01 -4.325096019205186487e-11 4.224875203563637506e-11
5.314532170241861309e+01 -4.323960507682041425e-11 4.224096409149173505e-11
5.364026697663985743e+01 -4.322855750554572892e-11 4.223338164324379360e-11
5.413533884313103073e+01 -4.321780869041318234e-11 4.222599911026638405e-11
5.463053394063887680e+01 -4.320735004153427060e-11 4.221881110039073878e-11
5.512584900020625867e+01 -4.319717340994916699e-11 4.221181228143730264e-11
5.562128084314435483e+01 -4.318727071136020087e-11 4.220499758224612863e-11
5.611682637806234908e+01 -4.317763422726292713e-11 4.219836199202238409e-11
5.661248259830020402e+01 -4.316825645082692015e-11 4.219190068188418275e-11
5.710824657954636763e+01 -4.315913008847754991e-11 4.218560895706330032e-11
5.760411547762875273e+01 -4.315024804456806680e-11 4.217948224633801974e-11
5.810008652563367804e+01 -4.314160355220374718e-11 4.217351609171192045e-11
5.859615703235190409e+01 -4.313318988258003538e-11 4.216770619586658705e-11
5.909232437973717822e+01 -4.312500063128862372e-11 4.216204835142017331e-11
5.958858602086533551e+01 -4.311702954423791301e-11 4.215653848685805327e-11
6.008493947791806278e+01 -4.310927055595938481e-11 4.215117263710456558e-11
6.058138234011790502e+01 -4.310171779928742407e-11 4.214594692845938242e-11
6.107791226195944034e+01 -4.309436554882690091e-11 4.214085763719393073e-11
6.157452696134247105e+01 -4.308720826289619078e-11 4.213590110754919121e-11
6.207122421735795825e+01 -4.308024063448315455e-11 4.213107378696760173e-11
6.256800186925002549e+01 -4.307345735629110296e-11 4.212637225679902280e-11
6.306485781423253911e+01 -4.306685342090278860e-11 4.212179314885082822e-11
6.356179000602742235e+01 -4.306042389549942038e-11 4.211733321305248119e-11
6.405879645301081382e+01 -4.305416405185561239e-11 4.211298927283612607e-11
6.455587521723487043e+01 -4.304806918002253434e-11 4.210875827063103093e-11
6.505302441231374644e+01 -4.304213486048067286e-11 4.210463718986448831e-11
6.555024220234419374e+01 -4.303635668594989252e-11 4.210062312431499649e-11
6.604752680050133051e+01 -4.303073040682908740e-11 4.209671324822045957e-11
6.654487646752203034e+01 -4.302525192203991213e-11 4.209290478806734779e-11
6.704228951061290331e+01 -4.301991719538806855e-11 4.208919509007716482e-11
6.753976428179019820e+01 -4.301472239016254866e-11 4.208558150447008943e-11
6.803729917713091879e+01 -4.300966366200754119e-11 4.208206155039780380e-11
6.853489263498607897e+01 -4.300473741684065541e-11 4.207863271333211659e-11
6.903254313521422603e+01 -4.299994004435352566e-11 4.207529261991904717e-11
6.953024919792143521e+01 -4.299526809119944344e-11 4.207203892541528012e-11
7.002800938224581273e+01 -4.299071821035940903e-11 4.206886935548367581e-11
7.052582228565677269e+01 -4.298628707571789717e-11 4.206578170901565585e-11
7.102368654242978607e+01 -4.298197156874356266e-11 4.206277382589707323e-11
7.152160082291825915e+01 -4.297776856925090585e-11 4.205984362359558052e-11
7.201956383257453354e+01 -4.297367506740802395e-11 4.205698906044753021e-11
7.251757431092147499e+01 -4.296968815030790242e-11 4.205420815804424799e-11
7.301563103064304983e+01 -4.296580497696522664e-11 4.205149898717109970e-11
7.351373279663467031e+01 -4.296202279531618423e-11 4.204885966235542113e-11
7.401187844536597993e+01 -4.295833888463966342e-11 4.204628837593805516e-11
7.451006684360342547e+01 -4.295475069277576330e-11 4.204378333625932714e-11
7.500829688796289929e+01 -4.295125563752303746e-11 4.204134281540012943e-11
7.550656750406987783e+01 -4.294785124580005155e-11 4.203896514219976738e-11
7.600487764543902358e+01 -4.294453516795395350e-11 4.203664865698107503e-11
7.650322629306532463e+01 -4.294130503078536792e-11 4.203439178791146420e-11
7.700161245458541259e+01 -4.293815857283213093e-11 4.203219296344031184e-11
7.750003516360894196e+01 -4.293509357787389506e-11 4.203005068404763713e-11
7.799849347883538542e+01 -4.293210792643777090e-11 4.202796347458415167e-11
7.849698648356658737e+01 -4.292919950898282663e-11 4.202592990393323289e-11
7.899551328514527881e+01 -4.292636627267673810e-11 4.202394858950753591e-11
7.949407301409432591e+01 -4.292360626642295188e-11 4.202201816100636592e-11
7.999266482365261766e+01 -4.292091754668327741e-11 4.202013731059086430e-11
8.049128788904326370e+01 -4.291829825762796597e-11 4.201830473213343465e-11
8.098994140685168475e+01 -4.291574658907068151e-11 4.201651918779318697e-11
8.148862459449588869e+01 -4.291326076997058324e-11 4.201477945298104595e-11
8.198733668990452372e+01 -4.291083904054475853e-11 4.201308434661120000e-11
8.248607695069766521e+01 -4.290847975561616862e-11 4.201143272281673877e-11
8.298484465381646658e+01 -4.290618126455169142e-11 4.200982343307422262e-11
8.348363909497314239e+01 -4.290394198068160007e-11 4.200825539512530827e-11
8.398245958805503619e+01 -4.290176037369860030e-11 4.200672754580691654e-11
8.448130546476834013e+01 -4.289963492440608781e-11 4.200523883521955088e-11
8.498017607413909502e+01 -4.289756416984085070e-11 4.200378827152909250e-11
8.547907078196237762e+01 -4.289554669982538071e-11 4.200237484760848156e-11
8.597798897032490117e+01 -4.289358113985102474e-11 4.200099760569332693e-11
8.647693003754646668e+01 -4.289166608530637286e-11 4.199965563486070486e-11
8.697589339744702386e+01 -4.288980025341462036e-11 4.199834801118209886e-11
8.747487847893134472e+01 -4.288798237058314890e-11 4.199707385308003235e-11
8.797388472565177153e+01 -4.288621118624473965e-11 4.199583228871764268e-11
8.847291159566236729e+01 -4.288448548101688287e-11 4.199462249408145614e-11
8.897195856094084832e+01 -4.288280408861875545e-11 4.199344362335068113e-11
8.947102510718220003e+01 -4.288116583783540190e-11 4.199229491341326858e-11
8.997011073328526720e+01 -4.287956962852322497e-11 4.199117557454033262e-11
9.046921495118186840e+01 -4.287801434639383893e-11 4.199008485490588292e-11
9.096833728520597617e+01 -4.287649897139789089e-11 4.198902200710951991e-11
9.146747727198595612e+01 -4.287502244834160527e-11 4.198798632082980307e-11
9.196663446003817910e+01 -4.287358378307630849e-11 4.198697708870857592e-11
9.246580840971633108e+01 -4.287218195572552842e-11 4.198599365662191785e-11
9.296499869253675286e+01 -4.287081605840725758e-11 4.198503534432472708e-11
9.346420489092841422e+01 -4.286948516864223223e-11 4.198410149226097499e-11
9.396342659815614695e+01 -4.286818835608304662e-11 4.198319149532276278e-11
9.446266341801334931e+01 -4.286692473693684710e-11 4.198230473640237299e-11
9.496191496429281642e+01 -4.286569349226080942e-11 4.198144061063400579e-11
9.546118086106578460e+01 -4.286449371011260667e-11 4.198059856474488038e-11
9.596046074158738293e+01 -4.286332469076909517e-11 4.197977798756971251e-11
9.645975424870691484e+01 -4.286218557038953459e-11 4.197897835443389485e-11
9.695906103454659331e+01 -4.286107557582888590e-11 4.197819913653405146e-11
9.745838076019602170e+01 -4.285999395908261042e-11 4.197743979887052566e-11
9.795771309529901316e+01 -4.285894001712576962e-11 4.197669983491734357e-11
9.845705771813760521e+01 -4.285791299728232234e-11 4.197597874397459056e-11
9.895641431503501906e+01 -4.285691225682466079e-11 4.197527604023391006e-11
9.945578258020556461e+01 -4.285593712776556287e-11 4.197459125015326498e-11
9.995516221612797381e+01 -4.285498686536454458e-11 4.197392394107732874e-11
1.004545529327897526e+02 -4.285406088684143152e-11 4.197327364081497943e-11
1.009539544475827313e+02 -4.285315856266710978e-11 4.197263991675414942e-11
1.014533664849673613e+02 -4.285227931216223692e-11 4.197202234343133700e-11
1.019527887766384850e+02 -4.285142249754445277e-11 4.197142051885979631e-11
1.024522210612194613e+02 -4.285058754794017576e-11 4.197083403850314583e-11
1.029516630837734255e+02 -4.284977395023794988e-11 4.197026249439265043e-11
1.034511145959861409e+02 -4.284898111815898863e-11 4.196970552114006057e-11
1.039505753560067802e+02 -4.284820850858942650e-11 4.196916274313879010e-11
1.044500451281393936e+02 -4.284745561782455712e-11 4.196863379612149030e-11
1.049495236826408160e+02 -4.284672195048317903e-11 4.196811832857102609e-11
1.054490107955513452e+02 -4.284600702302859334e-11 4.196761598188028412e-11
1.059485062488614915e+02 -4.284531030889664727e-11 4.196712643707702059e-11
1.064480098300694948e+02 -4.284463137185627399e-11 4.196664935604241658e-11
1.069475213320851168e+02 -4.284396975432604788e-11 4.196618443492509636e-11
1.074470405532409103e+02 -4.284332498863376705e-11 4.196573136538730213e-11
1.079465672967377401e+02 -4.284269670329096403e-11 4.196528981233008981e-11
1.084461013710540414e+02 -4.284208440912949434e-11 4.196485951273515022e-11
1.089456425894606042e+02 -4.284148773539625408e-11 4.196444017149897559e-11
