0 -1.615036e+06 1.971303e+07 
1 -1.971300e+07 1.615032e+06 
2 -4.223733e+00 5.637194e+00 
3 -1.937672e+00 2.005933e+00 
4 -9.136488e-01 8.493704e-01 
5 -5.987917e-01 3.711352e-01 
6 -3.458562e-01 1.538263e-01 
7 -4.668364e-01 4.701178e-01 
8 -7.577111e-01 5.253021e-01 
9 -2.523877e-01 2.342950e-01 
10 -1.749850e-01 2.162919e-01 
11 -4.509531e-01 5.059503e-01 
12 -6.352681e-01 5.167974e-01 
13 -2.327682e-01 1.533666e-01 
14 -1.196722e-01 8.753997e-02 
15 -2.684528e-02 1.572664e-02 
16 -3.736983e-03 3.578469e-03 
17 -2.266925e-04 2.196669e-04 
18 -2.374187e-06 2.373688e-06 
19 -1.512562e-09 2.322556e-09 
