# # xi
1.000000000000000000e+00
7.092267991165975873e-03
5.355919154960134959e-02
5.152628024370051879e-02
4.314369298378731288e-02
3.487677658886775833e-02
2.759446834922872280e-02
2.149931037255542465e-02
1.655972336706301729e-02
1.264560295208653172e-02
9.594091373702023223e-03
7.243413193188482334e-03
5.448614725326201072e-03
4.087253164114582060e-03
3.059708946808858705e-03
2.286954010652372977e-03
1.707388817259910358e-03
1.273595237750091294e-03
9.493992088619617646e-04
7.073841696729552941e-04
5.268695471404794212e-04
3.923123353286006826e-04
2.920592224066709914e-04
2.173909017323621506e-04
1.617934534439907982e-04
1.204038257283810624e-04
8.959628796133854505e-05
6.666763120031294124e-05
4.960473640195395712e-05
3.690758904527141268e-05
2.745981491125194197e-05
2.043009799015957505e-05
1.519969318781395916e-05
1.130812297712908106e-05
8.412830208680558409e-06
6.258896433057753664e-06
4.656226679862853294e-06
3.463895682991987596e-06
2.576938760561180762e-06
1.917108522158057649e-06
1.426217266515787959e-06
1.060915274035428009e-06
7.892757280246759215e-07
5.872566195142384105e-07
4.367482983545993419e-07
3.249822835544343745e-07
2.417751158915625278e-07
1.797495731343417459e-07
1.337198856521827739e-07
