0 -7.876656e-11 7.876656e-11 
1 -3.970690e-12 3.970691e-12 
2 -1.292714e-12 1.292714e-12 
3 -1.062892e-12 1.062892e-12 
4 -8.878176e-13 8.878176e-13 
5 -7.495001e-13 7.495001e-13 
6 -6.367352e-13 6.367352e-13 
7 -5.428811e-13 5.428811e-13 
8 -4.628111e-13 4.628111e-13 
9 -3.953211e-13 3.953211e-13 
10 -3.383904e-13 3.383904e-13 
11 -2.901032e-13 2.901032e-13 
12 -2.490679e-13 2.490679e-13 
13 -2.141212e-13 2.141212e-13 
14 -1.842991e-13 1.842991e-13 
15 -1.588019e-13 1.588019e-13 
16 -1.369651e-13 1.369651e-13 
17 -1.182342e-13 1.182342e-13 
18 -1.021456e-13 1.021456e-13 
19 -8.830993e-14 8.830993e-14 
20 -7.639903e-14 7.639903e-14 
21 -6.613560e-14 6.613560e-14 
22 -5.728439e-14 5.728439e-14 
23 -4.964537e-14 4.964537e-14 
24 -4.304801e-14 4.304801e-14 
25 -3.734666e-14 3.734666e-14 
26 -3.241671e-14 3.241671e-14 
27 -2.815139e-14 2.815139e-14 
28 -2.445910e-14 2.445910e-14 
29 -2.126120e-14 2.126120e-14 
30 -1.849009e-14 1.849009e-14 
31 -1.608763e-14 1.608763e-14 
32 -1.400375e-14 1.400375e-14 
33 -1.219535e-14 1.219535e-14 
34 -1.062527e-14 1.062527e-14 
35 -9.261451e-15 9.261451e-15 
36 -8.076258e-15 8.076258e-15 
37 -7.045818e-15 7.045818e-15 
38 -6.149514e-15 6.149514e-15 
39 -5.369533e-15 5.369533e-15 
40 -4.690473e-15 4.690473e-15 
41 -4.099010e-15 4.099010e-15 
42 -3.583618e-15 3.583618e-15 
43 -3.134315e-15 3.134315e-15 
44 -2.744463e-15 2.744463e-15 
45 -2.404246e-15 2.404246e-15 
46 -2.107019e-15 2.107019e-15 
47 -1.850194e-15 1.850194e-15 
48 -1.625430e-15 1.625430e-15 
49 -1.428519e-15 1.428519e-15 
