  0 1.000000e+00 1.000000e+00 1.000000e+00 1.000000e-08
  1 1.135131e-01 9.478619e-01 5.326001e-09 1.000000e-08
  2 1.076637e-01 8.942350e-01 1.900811e-09 1.000000e-08
  3 9.902316e-02 8.169091e-01 3.215905e-10 1.000000e-08
  4 8.808753e-02 9.120944e-01 3.920584e-10 1.000000e-08
  5 6.189578e-02 7.940386e-01 3.600096e-10 1.000000e-08
  6 3.273911e-02 5.654004e-01 7.105957e-10 1.000000e-08
  7 1.053953e-02 2.348527e-01 6.992066e-10 1.000000e-08
  8 1.276094e-03 2.783452e-02 3.587714e-10 1.000000e-08
  9 1.956713e-05 3.129642e-04 3.495646e-10 1.000000e-08
 10 4.344198e-09 4.248490e-08 4.758363e-10 1.000000e-08
 11 1.307689e-09 2.422215e-10 2.024297e-10 1.000000e-08
