0.000000e+00 -1.660369e-01 
3.125000e-02 -1.367225e-01 
6.250000e-02 -1.074081e-01 
6.250000e-02 -1.074059e-01 
9.375000e-02 -8.200950e-02 
1.250000e-01 -5.661308e-02 
1.250000e-01 -5.662155e-02 
1.562500e-01 -3.513277e-02 
1.875000e-01 -1.364398e-02 
1.875000e-01 -1.365540e-02 
2.187500e-01 3.927115e-03 
2.500000e-01 2.150963e-02 
2.500000e-01 2.149487e-02 
2.812500e-01 3.517146e-02 
3.125000e-01 4.884805e-02 
3.125000e-01 4.883097e-02 
3.437500e-01 5.860181e-02 
3.750000e-01 6.837266e-02 
3.750000e-01 6.835434e-02 
4.062500e-01 7.421954e-02 
4.375000e-01 8.008473e-02 
4.375000e-01 8.006612e-02 
4.687500e-01 8.202564e-02 
5.000000e-01 8.398515e-02 
5.000000e-01 8.396702e-02 
5.312500e-01 8.202073e-02 
5.625000e-01 8.007444e-02 
5.625000e-01 8.005736e-02 
5.937500e-01 7.420505e-02 
6.250000e-01 6.835275e-02 
6.250000e-01 6.833709e-02 
6.562500e-01 5.857853e-02 
6.875000e-01 4.881997e-02 
6.875000e-01 4.880597e-02 
7.187500e-01 3.514092e-02 
7.500000e-01 2.147587e-02 
7.500000e-01 2.146359e-02 
7.812500e-01 3.891886e-03 
8.125000e-01 -1.367982e-02 
8.125000e-01 -1.369049e-02 
8.437500e-01 -3.516893e-02 
8.750000e-01 -5.664737e-02 
8.750000e-01 -5.665677e-02 
9.062500e-01 -8.204172e-02 
9.375000e-01 -1.074267e-01 
9.375000e-01 -1.074423e-01 
9.687500e-01 -1.367296e-01 
1.000000e+00 -1.660169e-01 
