0 -1.000000e+00 1.000000e+00 
1 -7.511409e-09 6.891375e-09 
2 -2.388938e-09 2.556128e-09 
3 -3.843610e-10 3.000636e-10 
4 -2.266981e-10 1.487844e-10 
5 -1.859825e-10 8.617935e-11 
6 -1.285484e-10 1.249510e-10 
7 -1.945562e-10 1.329774e-10 
8 -1.949336e-10 3.559746e-10 
9 -4.171877e-10 7.921765e-11 
10 -1.946011e-10 3.953482e-10 
11 -1.811959e-10 2.754017e-10 
12 -3.799451e-10 2.618233e-10 
13 -3.006160e-10 1.892901e-10 
14 -1.338752e-10 3.220868e-10 
15 -3.839030e-10 1.064339e-10 
16 -1.507906e-10 1.756638e-10 
17 -1.151091e-10 3.718992e-10 
18 -3.532067e-10 1.282949e-10 
