0.000000e+00 4.433797e-12 0.000000e+00
6.400000e+03 4.125796e-12 -1.609729e-12
1.280000e+04 4.116057e-12 -2.062136e-12
1.920000e+04 4.114456e-12 -2.517390e-12
2.560000e+04 4.113300e-12 -2.977119e-12
3.200000e+04 4.111905e-12 -3.443054e-12
3.840000e+04 4.110210e-12 -3.916783e-12
4.480000e+04 4.108206e-12 -4.399897e-12
5.120000e+04 4.105887e-12 -4.894002e-12
5.760000e+04 4.103248e-12 -5.400720e-12
6.400000e+04 4.100283e-12 -5.921694e-12
7.040000e+04 4.096984e-12 -6.458591e-12
7.680000e+04 4.093341e-12 -7.013099e-12
8.320000e+04 4.089344e-12 -7.586931e-12
8.960000e+04 4.084981e-12 -8.181826e-12
9.600000e+04 4.080237e-12 -8.799544e-12
1.024000e+05 4.075094e-12 -9.441874e-12
1.088000e+05 4.069532e-12 -1.011062e-11
1.152000e+05 4.063526e-12 -1.080762e-11
1.216000e+05 4.057046e-12 -1.153469e-11
1.280000e+05 4.050056e-12 -1.229371e-11
1.344000e+05 4.042512e-12 -1.308650e-11
1.408000e+05 4.034363e-12 -1.391490e-11
1.472000e+05 4.025543e-12 -1.478071e-11
1.536000e+05 4.015972e-12 -1.568568e-11
1.600000e+05 4.005553e-12 -1.663149e-11
1.664000e+05 3.994164e-12 -1.761968e-11
1.728000e+05 3.981655e-12 -1.865166e-11
1.792000e+05 3.967836e-12 -1.972862e-11
1.856000e+05 3.952474e-12 -2.085144e-11
1.920000e+05 3.935271e-12 -2.202063e-11
1.984000e+05 3.915856e-12 -2.323621e-11
2.048000e+05 3.893755e-12 -2.449751e-11
2.112000e+05 3.868373e-12 -2.580303e-11
2.176000e+05 3.838948e-12 -2.715020e-11
2.240000e+05 3.804514e-12 -2.853501e-11
2.304000e+05 3.763843e-12 -2.995174e-11
2.368000e+05 3.715372e-12 -3.139247e-11
2.432000e+05 3.657126e-12 -3.284657e-11
2.496000e+05 3.586620e-12 -3.430020e-11
2.560000e+05 3.500771e-12 -3.573575e-11
2.624000e+05 3.395818e-12 -3.713144e-11
2.688000e+05 3.267302e-12 -3.846125e-11
2.752000e+05 3.110152e-12 -3.969546e-11
2.816000e+05 2.918970e-12 -4.080211e-11
2.880000e+05 2.688598e-12 -4.174992e-11
2.944000e+05 2.415039e-12 -4.251276e-11
3.008000e+05 2.096854e-12 -4.307541e-11
3.072000e+05 1.738601e-12 -4.343898e-11
3.136000e+05 1.376998e-12 -4.362081e-11
3.200000e+05 1.563339e-12 -4.252796e-11
3.264000e+05 1.540149e-12 -4.253644e-11
3.328000e+05 1.516367e-12 -4.254383e-11
3.392000e+05 1.492557e-12 -4.254921e-11
3.456000e+05 1.468768e-12 -4.255284e-11
3.520000e+05 1.445015e-12 -4.255505e-11
3.584000e+05 1.421307e-12 -4.255614e-11
3.648000e+05 1.397649e-12 -4.255638e-11
3.712000e+05 1.374042e-12 -4.255599e-11
3.776000e+05 1.350487e-12 -4.255511e-11
3.840000e+05 1.326982e-12 -4.255378e-11
3.904000e+05 1.303527e-12 -4.255195e-11
3.968000e+05 1.280120e-12 -4.254946e-11
4.032000e+05 1.256761e-12 -4.254604e-11
4.096000e+05 1.233450e-12 -4.254130e-11
4.160000e+05 1.210184e-12 -4.253476e-11
4.224000e+05 1.186960e-12 -4.252583e-11
4.288000e+05 1.163773e-12 -4.251395e-11
4.352000e+05 1.140609e-12 -4.249860e-11
4.416000e+05 1.117423e-12 -4.247946e-11
4.480000e+05 1.093657e-12 -4.245761e-11
4.544000e+05 9.581090e-13 -4.301743e-11
4.608000e+05 1.352927e-12 -4.131400e-11
4.672000e+05 1.728595e-12 -3.858194e-11
4.736000e+05 2.050340e-12 -3.493194e-11
4.800000e+05 2.314631e-12 -3.048865e-11
4.864000e+05 2.523240e-12 -2.538822e-11
4.928000e+05 2.679885e-12 -1.977061e-11
4.992000e+05 2.789358e-12 -1.377304e-11
5.056000e+05 2.862928e-12 -7.527075e-12
5.120000e+05 3.193376e-12 0.000000e+00
3.200000e+03 -3.760395e-12 -2.869079e-12
9.600000e+03 -3.632965e-12 -3.409189e-12
1.600000e+04 -3.631075e-12 -3.859852e-12
2.240000e+04 -3.631747e-12 -4.316760e-12
2.880000e+04 -3.632926e-12 -4.779289e-12
3.520000e+04 -3.634427e-12 -5.248839e-12
4.160000e+04 -3.636236e-12 -5.726977e-12
4.800000e+04 -3.638356e-12 -6.215299e-12
5.440000e+04 -3.640793e-12 -6.715417e-12
6.080000e+04 -3.643552e-12 -7.228966e-12
6.720000e+04 -3.646640e-12 -7.757598e-12
7.360000e+04 -3.650066e-12 -8.302990e-12
8.000000e+04 -3.653839e-12 -8.866843e-12
8.640000e+04 -3.657971e-12 -9.450882e-12
9.280000e+04 -3.662475e-12 -1.005686e-11
9.920000e+04 -3.667368e-12 -1.068654e-11
1.056000e+05 -3.672668e-12 -1.134173e-11
1.120000e+05 -3.678397e-12 -1.202425e-11
1.184000e+05 -3.684584e-12 -1.273592e-11
1.248000e+05 -3.691260e-12 -1.347859e-11
1.312000e+05 -3.698466e-12 -1.425412e-11
1.376000e+05 -3.706249e-12 -1.506433e-11
1.440000e+05 -3.714667e-12 -1.591105e-11
1.504000e+05 -3.723795e-12 -1.679606e-11
1.568000e+05 -3.733718e-12 -1.772106e-11
1.632000e+05 -3.744549e-12 -1.868769e-11
1.696000e+05 -3.756422e-12 -1.969741e-11
1.760000e+05 -3.769506e-12 -2.075155e-11
1.824000e+05 -3.784015e-12 -2.185113e-11
1.888000e+05 -3.800213e-12 -2.299689e-11
1.952000e+05 -3.818436e-12 -2.418908e-11
2.016000e+05 -3.839105e-12 -2.542743e-11
2.080000e+05 -3.862757e-12 -2.671087e-11
2.144000e+05 -3.890069e-12 -2.803741e-11
2.208000e+05 -3.921906e-12 -2.940380e-11
2.272000e+05 -3.959366e-12 -3.080526e-11
2.336000e+05 -4.003844e-12 -3.223501e-11
2.400000e+05 -4.057110e-12 -3.368389e-11
2.464000e+05 -4.121394e-12 -3.513973e-11
2.528000e+05 -4.199480e-12 -3.658690e-11
2.592000e+05 -4.294788e-12 -3.800577e-11
2.656000e+05 -4.411432e-12 -3.937244e-11
2.720000e+05 -4.554181e-12 -4.065894e-11
2.784000e+05 -4.728282e-12 -4.183412e-11
2.848000e+05 -4.939041e-12 -4.286589e-11
2.912000e+05 -5.191092e-12 -4.372480e-11
2.976000e+05 -5.487393e-12 -4.438938e-11
3.040000e+05 -5.828573e-12 -4.485275e-11
3.104000e+05 -6.218756e-12 -4.513463e-11
3.168000e+05 -6.838203e-12 -4.524963e-11
3.232000e+05 1.544528e-12 -4.253343e-11
3.296000e+05 1.520511e-12 -4.254192e-11
3.360000e+05 1.496687e-12 -4.254828e-11
3.424000e+05 1.472887e-12 -4.255274e-11
3.488000e+05 1.449119e-12 -4.255562e-11
3.552000e+05 1.425393e-12 -4.255723e-11
3.616000e+05 1.401714e-12 -4.255786e-11
3.680000e+05 1.378085e-12 -4.255776e-11
3.744000e+05 1.354506e-12 -4.255711e-11
3.808000e+05 1.330976e-12 -4.255600e-11
3.872000e+05 1.307495e-12 -4.255443e-11
3.936000e+05 1.284061e-12 -4.255230e-11
4.000000e+05 1.260674e-12 -4.254939e-11
4.064000e+05 1.237332e-12 -4.254537e-11
4.128000e+05 1.214036e-12 -4.253980e-11
4.192000e+05 1.190782e-12 -4.253215e-11
4.256000e+05 1.167569e-12 -4.252182e-11
4.320000e+05 1.144391e-12 -4.250826e-11
4.384000e+05 1.121244e-12 -4.249104e-11
4.448000e+05 1.098303e-12 -4.246995e-11
4.512000e+05 -7.295846e-12 -4.505228e-11
4.576000e+05 -6.631863e-12 -4.388897e-11
4.640000e+05 -6.214998e-12 -4.164552e-11
4.704000e+05 -5.861807e-12 -3.843786e-11
4.768000e+05 -5.566822e-12 -3.437358e-11
4.832000e+05 -5.328794e-12 -2.958330e-11
4.896000e+05 -5.144806e-12 -2.420611e-11
4.960000e+05 -5.011088e-12 -1.838153e-11
5.024000e+05 -4.925799e-12 -1.224643e-11
5.088000e+05 -5.008988e-12 -5.835256e-12
