0 -1.221291e+06 0.000000e+00 
1 0.000000e+00 1.221267e+06 
2 -4.918060e-01 3.278319e-01 
3 -3.980320e-01 1.144280e-01 
4 -3.492910e-01 4.311353e-02 
5 -3.481588e-01 0.000000e+00 
6 -3.540118e-01 0.000000e+00 
7 -3.353964e-01 0.000000e+00 
8 -2.814637e-01 0.000000e+00 
9 -2.068417e-01 0.000000e+00 
10 -1.324794e-01 0.000000e+00 
11 -7.334589e-02 0.000000e+00 
12 -3.400107e-02 0.000000e+00 
13 -1.245121e-02 0.000000e+00 
14 -3.289581e-03 0.000000e+00 
15 -5.505531e-04 0.000000e+00 
16 -4.886563e-05 0.000000e+00 
17 -1.815896e-06 0.000000e+00 
18 -2.063742e-08 0.000000e+00 
