0 -1.585811e-10 1.585811e-10 
1 -1.585499e-10 1.585499e-10 
2 -1.585497e-10 1.585497e-10 
3 -1.585500e-10 1.585500e-10 
4 -1.585501e-10 1.585501e-10 
5 -1.585501e-10 1.585501e-10 
6 -1.585501e-10 1.585501e-10 
7 -1.585501e-10 1.585501e-10 
8 -1.585501e-10 1.585501e-10 
9 -1.585501e-10 1.585501e-10 
10 -1.585501e-10 1.585501e-10 
11 -1.585501e-10 1.585501e-10 
12 -1.585501e-10 1.585501e-10 
13 -1.585501e-10 1.585501e-10 
14 -1.585501e-10 1.585501e-10 
15 -1.585501e-10 1.585501e-10 
16 -1.585501e-10 1.585501e-10 
17 -1.585501e-10 1.585501e-10 
18 -1.585501e-10 1.585501e-10 
