# x y surface topography
1.999732276 0.03272346325 -5.198025291e-05
1.997590912 0.09813534865 -5.215390569e-05
1.993310479 0.1634421483 -5.237079295e-05
1.986895558 0.2285739299 -5.263976887e-05
1.97835302 0.2934609489 -5.2971716e-05
1.967692012 0.3580337226 -5.33771117e-05
1.95492395 0.4222231047 -5.38710488e-05
1.940062506 0.4859603598 -5.446834331e-05
1.923123595 0.5491772364 -5.51873722e-05
1.904125355 0.6118060402 -5.604861244e-05
1.88308813 0.6737797068 -5.707389126e-05
1.860034447 0.7350318732 -5.828937548e-05
1.834988993 0.7954969491 -5.972217842e-05
1.807978586 0.8551101869 -6.140164397e-05
1.779032151 0.9138077513 -6.336050946e-05
1.748180683 0.9715267874 -6.563155232e-05
1.71545722 1.028205488 -6.824856165e-05
1.680896802 1.083783161 -7.124542619e-05
1.644536438 1.138200292 -7.465404551e-05
1.606415063 1.191398609 -7.850101941e-05
1.566573498 1.243321147 -8.280777758e-05
1.525054408 1.293912305 -8.758470691e-05
1.481902251 1.34311791 -9.282664791e-05
1.437163236 1.39088527 -9.850841012e-05
1.39088527 1.437163236 -0.0001045754073
1.34311791 1.481902251 -0.0001109351198
1.293912305 1.525054408 -0.0001174441332
1.243321147 1.566573498 -0.0001238949348
1.191398609 1.606415063 -0.0001299939217
1.138200292 1.644536438 -0.0001353424787
1.083783161 1.680896802 -0.0001393984612
1.028205488 1.71545722 -0.0001414699642
0.9715267874 1.748180683 -0.0001405707518
0.6118060402 1.904125355 1.898380299e-05
0.5491772364 1.923123595 9.489489831e-05
0.4859603598 1.940062506 0.0001931174422
0.4222231047 1.95492395 0.0003153933761
-0.4222231047 1.95492395 0.0003153928819
-0.4859603598 1.940062506 0.0001931171334
-0.5491772364 1.923123595 9.489459353e-05
-0.6118060402 1.904125355 1.898352356e-05
-0.9715267874 1.748180683 -0.0001405706883
-1.028205488 1.71545722 -0.0001414700718
-1.083783161 1.680896802 -0.0001393986996
-1.138200292 1.644536438 -0.0001353424481
-1.191398609 1.606415063 -0.000129993778
-1.243321147 1.566573498 -0.0001238948239
-1.293912305 1.525054408 -0.0001174446381
-1.34311791 1.481902251 -0.0001109353926
-1.39088527 1.437163236 -0.0001045758242
-1.437163236 1.39088527 -9.850878794e-05
-1.481902251 1.34311791 -9.282686449e-05
-1.525054408 1.293912305 -8.758466866e-05
-1.566573498 1.243321147 -8.280804677e-05
-1.606415063 1.191398609 -7.850128239e-05
-1.644536438 1.138200292 -7.465398408e-05
-1.680896802 1.083783161 -7.124586277e-05
-1.71545722 1.028205488 -6.824876705e-05
-1.748180683 0.9715267874 -6.563149303e-05
-1.779032151 0.9138077513 -6.336061194e-05
-1.807978586 0.8551101869 -6.140195394e-05
-1.834988993 0.7954969491 -5.972215243e-05
-1.860034447 0.7350318732 -5.828926785e-05
-1.88308813 0.6737797068 -5.707385456e-05
-1.904125355 0.6118060402 -5.604810917e-05
-1.923123595 0.5491772364 -5.51870338e-05
-1.940062506 0.4859603598 -5.446768585e-05
-1.95492395 0.4222231047 -5.387018912e-05
-1.967692012 0.3580337226 -5.337707679e-05
-1.97835302 0.2934609489 -5.297128006e-05
-1.986895558 0.2285739299 -5.263994523e-05
-1.993310479 0.1634421483 -5.237116025e-05
-1.997590912 0.09813534865 -5.215384474e-05
-1.999732276 0.03272346325 -5.198003449e-05
-1.999732276 -0.03272346325 -5.184210109e-05
-1.997590912 -0.09813534865 -5.173290593e-05
-1.993310479 -0.1634421483 -5.164794069e-05
-1.986895558 -0.2285739299 -5.158261008e-05
-1.97835302 -0.2934609489 -5.153285779e-05
-1.967692012 -0.3580337226 -5.149542695e-05
-1.95492395 -0.4222231047 -5.146792104e-05
-1.940062506 -0.4859603598 -5.144842407e-05
-1.923123595 -0.5491772364 -5.143451837e-05
-1.904125355 -0.6118060402 -5.142589656e-05
-1.88308813 -0.6737797068 -5.142071683e-05
-1.860034447 -0.7350318732 -5.141786878e-05
-1.834988993 -0.7954969491 -5.141763821e-05
-1.807978586 -0.8551101869 -5.141840018e-05
-1.779032151 -0.9138077513 -5.141971261e-05
-1.748180683 -0.9715267874 -5.142218576e-05
-1.71545722 -1.028205488 -5.14250028e-05
-1.680896802 -1.083783161 -5.14277264e-05
-1.644536438 -1.138200292 -5.143070098e-05
-1.606415063 -1.191398609 -5.143387032e-05
-1.566573498 -1.243321147 -5.143659035e-05
-1.525054408 -1.293912305 -5.143902783e-05
-1.481902251 -1.34311791 -5.144131831e-05
-1.437163236 -1.39088527 -5.144351587e-05
-1.39088527 -1.437163236 -5.144528711e-05
-1.34311791 -1.481902251 -5.144733766e-05
-1.293912305 -1.525054408 -5.144894204e-05
-1.243321147 -1.566573498 -5.145023934e-05
-1.191398609 -1.606415063 -5.145173606e-05
-1.138200292 -1.644536438 -5.145269121e-05
-1.083783161 -1.680896802 -5.145353667e-05
-1.028205488 -1.71545722 -5.145419847e-05
-0.9715267874 -1.748180683 -5.145487105e-05
-0.9138077513 -1.779032151 -5.145545625e-05
-0.8551101869 -1.807978586 -5.145591137e-05
-0.7954969491 -1.834988993 -5.145662848e-05
-0.7350318732 -1.860034447 -5.145690331e-05
-0.6737797068 -1.88308813 -5.145692736e-05
-0.6118060402 -1.904125355 -5.145764601e-05
-0.5491772364 -1.923123595 -5.145734363e-05
-0.4859603598 -1.940062506 -5.145771296e-05
-0.4222231047 -1.95492395 -5.145816702e-05
-0.3580337226 -1.967692012 -5.145771233e-05
-0.2934609489 -1.97835302 -5.145818779e-05
-0.2285739299 -1.986895558 -5.145827022e-05
-0.1634421483 -1.993310479 -5.145812504e-05
-0.09813534865 -1.997590912 -5.145813343e-05
-0.03272346325 -1.999732276 -5.145845091e-05
0.03272346325 -1.999732276 -5.145831084e-05
0.09813534865 -1.997590912 -5.145814666e-05
0.1634421483 -1.993310479 -5.145818208e-05
0.2285739299 -1.986895558 -5.145823338e-05
0.2934609489 -1.97835302 -5.145779266e-05
0.3580337226 -1.967692012 -5.145808603e-05
0.4222231047 -1.95492395 -5.145805855e-05
0.4859603598 -1.940062506 -5.145793769e-05
0.5491772364 -1.923123595 -5.145808184e-05
0.6118060402 -1.904125355 -5.145742313e-05
0.6737797068 -1.88308813 -5.145745523e-05
0.7350318732 -1.860034447 -5.145713778e-05
0.7954969491 -1.834988993 -5.145641139e-05
0.8551101869 -1.807978586 -5.145651161e-05
0.9138077513 -1.779032151 -5.145573424e-05
0.9715267874 -1.748180683 -5.145539768e-05
1.028205488 -1.71545722 -5.145485171e-05
1.083783161 -1.680896802 -5.145421988e-05
1.138200292 -1.644536438 -5.145319783e-05
1.191398609 -1.606415063 -5.145235386e-05
1.243321147 -1.566573498 -5.145149518e-05
1.293912305 -1.525054408 -5.144968459e-05
1.34311791 -1.481902251 -5.144761324e-05
1.39088527 -1.437163236 -5.144543652e-05
1.437163236 -1.39088527 -5.144365451e-05
1.481902251 -1.34311791 -5.144150954e-05
1.525054408 -1.293912305 -5.143942513e-05
1.566573498 -1.243321147 -5.143708459e-05
1.606415063 -1.191398609 -5.143469629e-05
1.644536438 -1.138200292 -5.143163009e-05
1.680896802 -1.083783161 -5.142855171e-05
1.71545722 -1.028205488 -5.142589404e-05
1.748180683 -0.9715267874 -5.142274459e-05
1.779032151 -0.9138077513 -5.142030142e-05
1.807978586 -0.8551101869 -5.141845826e-05
1.834988993 -0.7954969491 -5.141823871e-05
1.860034447 -0.7350318732 -5.141887311e-05
1.88308813 -0.6737797068 -5.142117754e-05
1.904125355 -0.6118060402 -5.142621096e-05
1.923123595 -0.5491772364 -5.143489983e-05
1.940062506 -0.4859603598 -5.144853869e-05
1.95492395 -0.4222231047 -5.146808089e-05
1.967692012 -0.3580337226 -5.149532692e-05
1.97835302 -0.2934609489 -5.153248849e-05
1.986895558 -0.2285739299 -5.158230063e-05
1.993310479 -0.1634421483 -5.164817597e-05
1.997590912 -0.09813534865 -5.173313951e-05
1.999732276 -0.03272346325 -5.184223382e-05
0.9283316801 1.771496625 -0.0001375638666
0.8992226593 1.786448602 -0.0001337179989
0.8698728949 1.800922304 -0.0001284741967
0.8402902445 1.814913856 -0.0001214616542
0.810482628 1.828419511 -0.0001124380199
0.7804580258 1.841435655 -0.0001011046681
0.750224476 1.853958801 -8.713476626e-05
0.7197900731 1.865985598 -7.019658469e-05
0.6891629649 1.877512825 -4.98578371e-05
0.6583513511 1.888537397 -2.591876363e-05
0.3741197036 1.964697037 0.0004214202583
0.3419237775 1.970555285 0.000499189455
-0.3419237775 1.970555285 0.0004991898319
-0.3741197036 1.964697037 0.0004214201337
-0.6583513511 1.888537397 -2.591916402e-05
-0.6891629649 1.877512825 -4.985808293e-05
-0.7197900731 1.865985598 -7.019705923e-05
-0.750224476 1.853958801 -8.713591403e-05
-0.7804580258 1.841435655 -0.0001011043658
-0.810482628 1.828419511 -0.0001124382205
-0.8402902445 1.814913856 -0.0001214625654
-0.8698728949 1.800922304 -0.0001284735155
-0.8992226593 1.786448602 -0.0001337178762
-0.9283316801 1.771496625 -0.0001375648307
0.3177162867 1.974602836 0.0005599758846
0.3015511525 1.977136035 0.0006015531881
-0.3015511525 1.977136035 0.0006015526728
-0.3177162867 1.974602836 0.0005599753221
0.2894139972 1.978949099 0.0006330810348
0.2813164787 1.980116421 0.000654220493
0.2732142528 1.981250608 0.000675424936
0.2651074552 1.982351643 0.0006966511363
0.2569962216 1.983419507 0.0007178685391
0.2488806876 1.984454183 0.0007390415192
0.240760989 1.985455652 0.0007601326495
0.2326372618 1.986423898 0.0007811028637
0.2245096419 1.987358906 0.0008019120752
0.2163782651 1.988260659 0.0008225200056
0.2082432677 1.989129141 0.0008428840956
0.2001047858 1.98996434 0.0008629608423
0.1919629555 1.99076624 0.0008827065267
0.183817913 1.991534829 0.0009020763977
0.1756697947 1.992270093 0.0009210257382
0.1675187369 1.99297202 0.0009395091668
0.1593648759 1.993640599 0.0009574818699
0.1512083483 1.994275817 0.0009748973725
0.1430492906 1.994877666 0.0009917107287
0.1348878391 1.995446133 0.001007879859
0.1267241306 1.995981211 0.00102335758
0.1185583016 1.99648289 0.001038103353
0.1103904887 1.996951161 0.001052076675
0.1022208287 1.997386017 0.001065235985
0.09404945813 1.997787451 0.001077542923
0.08587651387 1.998155456 0.001088962478
0.07770213263 1.998490025 0.001099459729
0.06952645119 1.998791153 0.001109002067
0.06134960635 1.999058835 0.001117561795
0.05317173495 1.999293067 0.001125112282
0.04499297382 1.999493844 0.001131628645
0.03681345981 1.999661164 0.001137090805
0.0286333298 1.999795023 0.001141482324
0.02045272067 1.999895419 0.001144788171
0.0122717693 1.999962351 0.001146997398
0.004090612582 1.999995817 0.001148104714
-0.004090612582 1.999995817 0.00114810489
-0.0122717693 1.999962351 0.001146997753
-0.02045272067 1.999895419 0.001144788303
-0.0286333298 1.999795023 0.001141482272
-0.03681345981 1.999661164 0.001137090716
-0.04499297382 1.999493844 0.001131628471
-0.05317173495 1.999293067 0.001125112281
-0.06134960635 1.999058835 0.001117562208
-0.06952645119 1.998791153 0.001109002262
-0.07770213263 1.998490025 0.001099459588
-0.08587651387 1.998155456 0.001088962644
-0.09404945813 1.997787451 0.001077542815
-0.1022208287 1.997386017 0.001065235902
-0.1103904887 1.996951161 0.001052077226
-0.1185583016 1.99648289 0.001038104267
-0.1267241306 1.995981211 0.001023357962
-0.1348878391 1.995446133 0.001007879333
-0.1430492906 1.994877666 0.0009917115803
-0.1512083483 1.994275817 0.0009748973218
-0.1593648759 1.993640599 0.0009574816722
-0.1675187369 1.99297202 0.0009395095904
-0.1756697947 1.992270093 0.000921025908
-0.183817913 1.991534829 0.000902076721
-0.1919629555 1.99076624 0.0008827060087
-0.2001047858 1.98996434 0.0008629606717
-0.2082432677 1.989129141 0.0008428844838
-0.2163782651 1.988260659 0.0008225194776
-0.2245096419 1.987358906 0.0008019120327
-0.2326372618 1.986423898 0.0007811032923
-0.240760989 1.985455652 0.0007601324675
-0.2488806876 1.984454183 0.0007390414942
-0.2569962216 1.983419507 0.0007178682379
-0.2651074552 1.982351643 0.0006966500273
-0.2732142528 1.981250608 0.000675424054
-0.2813164787 1.980116421 0.0006542202327
-0.2894139972 1.978949099 0.0006330814535
