0 -4.630331e-02 2.500000e-01 
1 -3.560379e-02 2.500000e-01 
2 -3.086887e-02 2.500000e-01 
3 -2.851046e-02 2.500000e-01 
4 -2.514652e-02 2.500000e-01 
5 -2.533512e-02 2.500000e-01 
6 -2.529802e-02 2.500000e-01 
7 -2.533936e-02 2.500000e-01 
8 -2.529784e-02 2.500000e-01 
9 -2.534797e-02 2.500000e-01 
10 -2.528726e-02 2.500000e-01 
11 -2.536279e-02 2.500000e-01 
12 -2.526538e-02 2.500000e-01 
13 -2.537829e-02 2.500000e-01 
14 -2.522613e-02 2.500000e-01 
15 -2.537984e-02 2.500000e-01 
16 -2.519322e-02 2.500000e-01 
17 -2.537407e-02 2.500000e-01 
18 -3.333753e-02 2.500000e-01 
19 -6.551564e-02 2.500000e-01 
20 -9.387831e-02 2.500000e-01 
21 -2.219871e-01 2.500000e-01 
22 -3.368781e-01 4.039240e-01 
23 -8.435900e-01 6.294899e-01 
24 -1.308737e+00 1.640797e+00 
25 -3.325387e+00 2.567887e+00 
26 -5.190414e+00 6.597409e+00 
27 -1.324929e+01 1.032428e+01 
28 -2.070671e+01 2.643986e+01 
29 -5.294750e+01 4.134862e+01 
30 -8.276280e+01 1.058249e+02 
31 -2.117300e+02 1.654525e+02 
32 -3.309818e+02 4.233738e+02 
33 -8.468457e+02 6.618785e+02 
34 -1.323847e+03 1.693586e+03 
35 -3.387290e+03 2.647596e+03 
36 -5.295296e+03 6.774454e+03 
37 -1.354905e+04 1.059048e+04 
38 -2.118108e+04 2.709794e+04 
39 -5.419604e+04 4.236204e+04 
40 -8.472422e+04 1.083919e+05 
41 -2.167840e+05 1.694483e+05 
42 -3.388967e+05 4.335677e+05 
43 -8.671357e+05 6.777933e+05 
44 -1.355587e+06 1.734271e+06 
45 -3.468542e+06 2.711174e+06 
46 -5.422347e+06 6.937084e+06 
47 -1.387417e+07 1.084469e+07 
48 -2.168939e+07 2.774834e+07 
49 -5.549668e+07 4.337878e+07 
50 -8.675755e+07 1.109934e+08 
51 -2.219867e+08 1.735151e+08 
52 -3.470302e+08 4.439734e+08 
53 -8.879468e+08 6.940604e+08 
54 -1.388121e+09 1.775894e+09 
55 -3.551787e+09 2.776242e+09 
56 -5.552484e+09 7.103575e+09 
57 -1.420715e+10 1.110497e+10 
58 -2.220993e+10 2.841430e+10 
59 -5.682860e+10 4.441987e+10 
60 -8.883974e+10 1.136572e+11 
61 -2.273144e+11 1.776795e+11 
62 -3.553589e+11 4.546288e+11 
63 -9.092575e+11 7.107179e+11 
64 -1.421436e+12 1.818515e+12 
65 -3.637030e+12 2.842872e+12 
66 -5.685743e+12 7.274060e+12 
67 -1.454812e+13 1.137149e+13 
68 -2.274297e+13 2.909624e+13 
69 -5.819248e+13 4.548594e+13 
