0.000000000000000000e+00 0.000000000000000000e+00 0.000000000000000000e+00 0.000000000000000000e+00
2.500000000000000052e-03 -4.067964929161826149e+01 4.169688655319623649e+01 -4.067964927782304585e+01
5.000000000000000104e-03 -6.922513577801873907e+01 7.087727521435590461e+01 -6.922513545444235206e+01
7.499999999999999722e-03 -8.928609425062313676e+01 9.131312143674585968e+01 -8.928609425062313676e+01
1.000000000000000021e-02 -1.034140698236878961e+02 1.056396247103111818e+02 -1.034140698236878961e+02
1.250000000000000069e-02 -1.133928852516692132e+02 1.156980846247752197e+02 -1.133928852516692132e+02
1.499999999999999944e-02 -1.204696416413644329e+02 1.227751966936630197e+02 -1.204696413380443119e+02
1.750000000000000167e-02 -1.255162295624613762e+02 1.277701479429379106e+02 -1.255162295624613762e+02
2.000000000000000042e-02 -1.291422383551253006e+02 1.313113305575679988e+02 -1.291422381985466927e+02
2.249999999999999917e-02 -1.317738913490902632e+02 1.338378862757817842e+02 -1.317738913387875073e+02
2.500000000000000139e-02 -1.337092264505918138e+02 1.356566880415775813e+02 -1.337092264505918138e+02
2.750000000000000014e-02 -1.351566693477798253e+02 1.369821611919905990e+02 -1.351566691506886855e+02
2.999999999999999889e-02 -1.362619984366465360e+02 1.379641152304247953e+02 -1.362619984366465360e+02
3.250000000000000111e-02 -1.371271949472720735e+02 1.387071970184915699e+02 -1.371271934630931355e+02
3.500000000000000333e-02 -1.378236183859407902e+02 1.392844885181402788e+02 -1.378236183859407902e+02
3.749999999999999861e-02 -1.384012207241030410e+02 1.397470100604114123e+02 -1.384012204962200485e+02
4.000000000000000083e-02 -1.388949829777702689e+02 1.401303648580214940e+02 -1.388949829777702689e+02
4.250000000000000305e-02 -1.393294172371388413e+02 1.404593819438014179e+02 -1.393294172371388413e+02
4.499999999999999833e-02 -1.397217140243737958e+02 1.407513632370973937e+02 -1.397217137312400155e+02
4.750000000000000056e-02 -1.400839425022713840e+02 1.410183516418328509e+02 -1.400839419426047243e+02
5.000000000000000278e-02 -1.404245876472559758e+02 1.412687172490404919e+02 -1.404245875921915285e+02
5.249999999999999806e-02 -1.407496276999008842e+02 1.415082658593892120e+02 -1.407496274717850611e+02
5.500000000000000028e-02 -1.410632830006070435e+02 1.417410127379116602e+02 -1.410632830006070435e+02
5.750000000000000250e-02 -1.413685442678397521e+02 1.419697253634221852e+02 -1.413685441992711276e+02
5.999999999999999778e-02 -1.416675400563981384e+02 1.421963007887825370e+02 -1.416675399692612700e+02
6.250000000000000000e-02 -1.419617934260168113e+02 1.424220303004258312e+02 -1.419617934260168113e+02
6.500000000000000222e-02 -1.422524007753818296e+02 1.426477836181293242e+02 -1.422524003113503568e+02
6.750000000000000444e-02 -1.425401607443345711e+02 1.428741379949497059e+02 -1.425401607443345711e+02
7.000000000000000666e-02 -1.428256590566597879e+02 1.431014682737295516e+02 -1.428256585687631741e+02
7.249999999999999500e-02 -1.431093333876924589e+02 1.433300098143517971e+02 -1.431093333876924589e+02
7.499999999999999722e-02 -1.433915141992038116e+02 1.435599018299253657e+02 -1.433915140579338185e+02
7.749999999999999944e-02 -1.436724567231140099e+02 1.437912182583822869e+02 -1.436724567231140099e+02
8.000000000000000167e-02 -1.439523611301556230e+02 1.440239886934868991e+02 -1.439523611301556230e+02
8.250000000000000389e-02 -1.442313880260335281e+02 1.442582133621326648e+02 -1.442313880260335281e+02
8.500000000000000611e-02 -1.445096695871325210e+02 1.444938729931018315e+02 -1.445096693502855487e+02
8.749999999999999445e-02 -1.447873161531751975e+02 1.447309364120592363e+02 -1.447873160542803816e+02
8.999999999999999667e-02 -1.450644220027024858e+02 1.449693645623046905e+02 -1.450644217035151087e+02
9.249999999999999889e-02 -1.453410687536816113e+02 1.452091147240716964e+02 -1.453410686978022568e+02
9.500000000000000111e-02 -1.456173293268657289e+02 1.454501425109920092e+02 -1.456173291294253431e+02
9.750000000000000333e-02 -1.458932677074917592e+02 1.456924025408225134e+02 -1.458932673357776366e+02
1.000000000000000056e-01 -1.461689422568888403e+02 1.459358506493153982e+02 -1.461689422568888403e+02
1.024999999999999939e-01 -1.464444059608504176e+02 1.461804437780519947e+02 -1.464444058980443515e+02
1.049999999999999961e-01 -1.467197080217883922e+02 1.464261406976729631e+02 -1.467197077036253177e+02
1.074999999999999983e-01 -1.469948927622172050e+02 1.466729018604382873e+02 -1.469948924957425334e+02
1.100000000000000006e-01 -1.472700020960182883e+02 1.469206900837598369e+02 -1.472700017133611254e+02
1.125000000000000028e-01 -1.475450744310510345e+02 1.471694700934458524e+02 -1.475450744310510345e+02
1.150000000000000050e-01 -1.478201459597330540e+02 1.474192086574621499e+02 -1.478201459597330540e+02
1.174999999999999933e-01 -1.480952498386031948e+02 1.476698743155575357e+02 -1.480952498386031948e+02
1.199999999999999956e-01 -1.483704174510785379e+02 1.479214377033058554e+02 -1.483704170734272338e+02
1.224999999999999978e-01 -1.486456782671739347e+02 1.481738715301617049e+02 -1.486456782671739347e+02
1.250000000000000000e-01 -1.489210590823786333e+02 1.484271498431917280e+02 -1.489210588912246749e+02
1.275000000000000022e-01 -1.491965862849028781e+02 1.486812486984417774e+02 -1.491965860120253637e+02
1.300000000000000044e-01 -1.494722834092681296e+02 1.489361453956225887e+02 -1.494722834092681296e+02
1.325000000000000067e-01 -1.497481733908643946e+02 1.491918190190917812e+02 -1.497481729916180484e+02
1.350000000000000089e-01 -1.500242767990566790e+02 1.494482496701530181e+02 -1.500242767990566790e+02
1.375000000000000111e-01 -1.503006141234072857e+02 1.497054190993076190e+02 -1.503006137642078102e+02
1.400000000000000133e-01 -1.505772035100380890e+02 1.499633101820945740e+02 -1.505772035100380890e+02
1.424999999999999878e-01 -1.508540627461043186e+02 1.502219065363169648e+02 -1.508540619849809445e+02
1.449999999999999900e-01 -1.511312078916816972e+02 1.504811936732730828e+02 -1.511312078916816972e+02
1.474999999999999922e-01 -1.514086546319886111e+02 1.507411574607249349e+02 -1.514086544562596828e+02
1.499999999999999944e-01 -1.516864175815135241e+02 1.510017847276176326e+02 -1.516864171956549399e+02
1.524999999999999967e-01 -1.519645101145724766e+02 1.512630634814850055e+02 -1.519645098508335650e+02
1.549999999999999989e-01 -1.522429452452925034e+02 1.515249824727070518e+02 -1.522429451408679597e+02
1.575000000000000011e-01 -1.525217352038598619e+02 1.517875311059178784e+02 -1.525217352038598619e+02
1.600000000000000033e-01 -1.528008907581097446e+02 1.520506994101451710e+02 -1.528008907581097446e+02
1.625000000000000056e-01 -1.530804231945076026e+02 1.523144782409071922e+02 -1.530804225719184615e+02
1.650000000000000078e-01 -1.533603419427527115e+02 1.525788592551834881e+02 -1.533603419427527115e+02
1.675000000000000100e-01 -1.536406569892424159e+02 1.528438344620517455e+02 -1.536406568070524372e+02
1.700000000000000122e-01 -1.539213770817732438e+02 1.531093964594765566e+02 -1.539213769753114320e+02
1.724999999999999867e-01 -1.542025112212286331e+02 1.533755387638229877e+02 -1.542025112212286331e+02
1.749999999999999889e-01 -1.544840665205265395e+02 1.536422544771339744e+02 -1.544840658210450783e+02
1.774999999999999911e-01 -1.547660504219238646e+02 1.539095379795762710e+02 -1.547660504219238646e+02
1.799999999999999933e-01 -1.550484707016148604e+02 1.541773838032968342e+02 -1.550484706629649736e+02
1.824999999999999956e-01 -1.553313338954467326e+02 1.544457869128091261e+02 -1.553313338047009893e+02
1.849999999999999978e-01 -1.556146460534655489e+02 1.547147424140712246e+02 -1.556146459022420458e+02
1.875000000000000000e-01 -1.558984133622725494e+02 1.549842460894724354e+02 -1.558984130682656541e+02
1.900000000000000022e-01 -1.561826414084644057e+02 1.552542939793784171e+02 -1.561826414084644057e+02
1.925000000000000044e-01 -1.564673355270642787e+02 1.555248822254361585e+02 -1.564673351824749261e+02
1.950000000000000067e-01 -1.567525007245130837e+02 1.557960075008450076e+02 -1.567525007245130837e+02
1.975000000000000089e-01 -1.570381422254722565e+02 1.560676665177452378e+02 -1.570381417192402296e+02
2.000000000000000111e-01 -1.573242640599492006e+02 1.563398564960807562e+02 -1.573242640599492006e+02
2.025000000000000133e-01 -1.576108711886336096e+02 1.566125747910700738e+02 -1.576108704382204451e+02
2.049999999999999878e-01 -1.578979669553809799e+02 1.568858188822050579e+02 -1.578979667439125478e+02
2.074999999999999900e-01 -1.581855559010291472e+02 1.571595864697010256e+02 -1.581855559010291472e+02
2.099999999999999922e-01 -1.584736418979009613e+02 1.574338756173965521e+02 -1.584736418979009613e+02
2.124999999999999944e-01 -1.587622282817028463e+02 1.577086843932629563e+02 -1.587622282817028463e+02
2.149999999999999967e-01 -1.590513183175935410e+02 1.579840112625970505e+02 -1.590513183175935410e+02
2.174999999999999989e-01 -1.593409150830702856e+02 1.582598543470376171e+02 -1.593409149040235206e+02
2.200000000000000011e-01 -1.596310221808380447e+02 1.585362123626982793e+02 -1.596310221808380447e+02
2.225000000000000033e-01 -1.599216425213962793e+02 1.588130842503742315e+02 -1.599216425213962793e+02
2.250000000000000056e-01 -1.602127785336342640e+02 1.590904687072616071e+02 -1.602127785336342640e+02
2.275000000000000078e-01 -1.605044335559359752e+02 1.593683647285797633e+02 -1.605044330059317872e+02
2.300000000000000100e-01 -1.607966092964052223e+02 1.596467713303864002e+02 -1.607966092964052223e+02
2.325000000000000122e-01 -1.610893093306804076e+02 1.599256880113971420e+02 -1.610893093306804076e+02
2.349999999999999867e-01 -1.613825355588342063e+02 1.602051138914539479e+02 -1.613825355588342063e+02
2.374999999999999889e-01 -1.616762903273920529e+02 1.604850484688067809e+02 -1.616762903273920529e+02
2.399999999999999911e-01 -1.619705758324125782e+02 1.607654909571283497e+02 -1.619705755577888340e+02
2.424999999999999933e-01 -1.622653945288038813e+02 1.610464414345915429e+02 -1.622653945288038813e+02
2.449999999999999956e-01 -1.625607480301987380e+02 1.613278991868719459e+02 -1.625607480051112361e+02
2.474999999999999978e-01 -1.628566394685185514e+02 1.616098642033757642e+02 -1.628566394685185514e+02
2.500000000000000000e-01 -1.631530690292129293e+02 1.618923360482440330e+02 -1.631530688010388985e+02
2.525000000000000022e-01 -1.634500397712690756e+02 1.621753145738621242e+02 -1.634500397712690756e+02
2.550000000000000044e-01 -1.637475535568664782e+02 1.624587997315102257e+02 -1.637475532311364077e+02
2.575000000000000067e-01 -1.640456119606387801e+02 1.627427915694424883e+02 -1.640456119606387801e+02
2.600000000000000089e-01 -1.643442165986052714e+02 1.630272901867865585e+02 -1.643442164907464758e+02
2.625000000000000111e-01 -1.646433694753213786e+02 1.633122953421552666e+02 -1.646433689686236903e+02
2.650000000000000133e-01 -1.649430720155942254e+02 1.635978074682061560e+02 -1.649430720155942254e+02
2.675000000000000155e-01 -1.652433257545344532e+02 1.638838266241364181e+02 -1.652433255475480109e+02
2.700000000000000178e-01 -1.655441326869186014e+02 1.641703531935927458e+02 -1.655441326869186014e+02
2.725000000000000200e-01 -1.658454941812087782e+02 1.644573869055020623e+02 -1.658454935971531086e+02
2.750000000000000222e-01 -1.661474112399737351e+02 1.647449284971808083e+02 -1.661474112399737351e+02
2.775000000000000244e-01 -1.664498866613721475e+02 1.650329784260247834e+02 -1.664498866613721475e+02
2.800000000000000266e-01 -1.667529202890582383e+02 1.653215365363284945e+02 -1.667529200720600784e+02
2.824999999999999734e-01 -1.670565145136788487e+02 1.656106032250099815e+02 -1.670565139628597535e+02
2.849999999999999756e-01 -1.673606702332617715e+02 1.659001791262417100e+02 -1.673606700592208654e+02
2.874999999999999778e-01 -1.676653893062029965e+02 1.661902643952635117e+02 -1.676653887926950119e+02
2.899999999999999800e-01 -1.679706728237215430e+02 1.664808600347605534e+02 -1.679706727824523114e+02
2.924999999999999822e-01 -1.682765223166788928e+02 1.667719659880967811e+02 -1.682765223166788928e+02
2.949999999999999845e-01 -1.685829391439910978e+02 1.670635829825187102e+02 -1.685829388910206035e+02
2.974999999999999867e-01 -1.688899244227213785e+02 1.673557115725125186e+02 -1.688899243719642982e+02
2.999999999999999889e-01 -1.691974797930452041e+02 1.676483520645415410e+02 -1.691974797930452041e+02
3.024999999999999911e-01 -1.695056056819157675e+02 1.679415049396920949e+02 -1.695056053278385662e+02
3.049999999999999933e-01 -1.698143039834103547e+02 1.682351709647336975e+02 -1.698143039834103547e+02
3.074999999999999956e-01 -1.701235760253621265e+02 1.685293503884458914e+02 -1.701235752817010507e+02
3.099999999999999978e-01 -1.704334225499769673e+02 1.688240443578688428e+02 -1.704334225499769673e+02
3.125000000000000000e-01 -1.707438460302655585e+02 1.691192533849389292e+02 -1.707438460302655585e+02
3.150000000000000022e-01 -1.710548457776894793e+02 1.694149776125559583e+02 -1.710548454090021551e+02
3.175000000000000044e-01 -1.713664243642706424e+02 1.697112180779804476e+02 -1.713664243642706424e+02
3.200000000000000067e-01 -1.716785828839056194e+02 1.700079751674202271e+02 -1.716785828839056194e+02
3.225000000000000089e-01 -1.719913219542941079e+02 1.703052495412994176e+02 -1.719913212033570744e+02
3.250000000000000111e-01 -1.723046427718945779e+02 1.706030419656308368e+02 -1.723046427718945779e+02
3.275000000000000133e-01 -1.726185470841592178e+02 1.709013531817472540e+02 -1.726185470841592178e+02
3.300000000000000155e-01 -1.729330362961627543e+02 1.712001838402939029e+02 -1.729330362961627543e+02
3.325000000000000178e-01 -1.732481104880571365e+02 1.714995345361530781e+02 -1.732481100843870081e+02
3.350000000000000200e-01 -1.735637712728348561e+02 1.717994057679316029e+02 -1.735637710235896520e+02
3.375000000000000222e-01 -1.738800206822343171e+02 1.720997988443705253e+02 -1.738800206822343171e+02
3.400000000000000244e-01 -1.741968583642155863e+02 1.724007139736786485e+02 -1.741968582731205970e+02
3.425000000000000266e-01 -1.745142864338122308e+02 1.727021518063847907e+02 -1.745142862587235868e+02
3.449999999999999734e-01 -1.748323057988891378e+02 1.730041131033212878e+02 -1.748323053916101344e+02
3.474999999999999756e-01 -1.751509177127154544e+02 1.733065987626905553e+02 -1.751509169349446893e+02
3.499999999999999778e-01 -1.754701231527142227e+02 1.736096097031841055e+02 -1.754701231527142227e+02
3.524999999999999800e-01 -1.757899234701180831e+02 1.739131463597877882e+02 -1.757899227049783804e+02
3.549999999999999822e-01 -1.761103191910660826e+02 1.742172094120760448e+02 -1.761103188290726393e+02
3.574999999999999845e-01 -1.764313124589389190e+02 1.745217999694868922e+02 -1.764313124589389190e+02
3.599999999999999867e-01 -1.767529036741470918e+02 1.748269185606623068e+02 -1.767529036741470918e+02
3.624999999999999889e-01 -1.770750941228470765e+02 1.751325658045243472e+02 -1.770750935897813179e+02
3.649999999999999911e-01 -1.773978845984092914e+02 1.754387423940934241e+02 -1.773978842813521624e+02
3.674999999999999933e-01 -1.777212769342004322e+02 1.757454493650002405e+02 -1.777212762366980314e+02
3.699999999999999956e-01 -1.780452714937855490e+02 1.760526874687056988e+02 -1.780452714937855490e+02
3.724999999999999978e-01 -1.783698701123939827e+02 1.763604573159245774e+02 -1.783698697634972632e+02
3.750000000000000000e-01 -1.786950734583660960e+02 1.766687599080614746e+02 -1.786950734583660960e+02
3.775000000000000022e-01 -1.790208830828196369e+02 1.769775959622347727e+02 -1.790208830828196369e+02
3.800000000000000044e-01 -1.793472995096817613e+02 1.772869659912539646e+02 -1.793472993053146638e+02
3.825000000000000067e-01 -1.796743240236537531e+02 1.775968708923319355e+02 -1.796743240009527653e+02
3.850000000000000089e-01 -1.800019580973894335e+02 1.779073114354396239e+02 -1.800019576644990593e+02
3.875000000000000111e-01 -1.803302027498721145e+02 1.782182887679082341e+02 -1.803302027498721145e+02
3.900000000000000133e-01 -1.806590590162086301e+02 1.785298032803111710e+02 -1.806590581354103051e+02
3.925000000000000155e-01 -1.809885275004780851e+02 1.788418558643897995e+02 -1.809885275004780851e+02
3.950000000000000178e-01 -1.813186102616018616e+02 1.791544472389505245e+02 -1.813186093518161215e+02
3.975000000000000200e-01 -1.816493074483005330e+02 1.794675783687853254e+02 -1.816493074483005330e+02
4.000000000000000222e-01 -1.819806212571565993e+02 1.797812501213047653e+02 -1.819806212571565993e+02
4.025000000000000244e-01 -1.823125520567991771e+02 1.800954631174681708e+02 -1.823125520567991771e+02
4.050000000000000266e-01 -1.826451015679631382e+02 1.804102182654896751e+02 -1.826451015679631382e+02
4.074999999999999734e-01 -1.829782698379131034e+02 1.807255160884815268e+02 -1.829782696278416552e+02
4.099999999999999756e-01 -1.833120592039194889e+02 1.810413576710852794e+02 -1.833120592039194889e+02
4.124999999999999778e-01 -1.836464698946219869e+02 1.813577438580687158e+02 -1.836464698946219869e+02
4.149999999999999800e-01 -1.839815035482170060e+02 1.816746753564802930e+02 -1.839815035482170060e+02
4.174999999999999822e-01 -1.843171614924794994e+02 1.819921530357678421e+02 -1.843171614924794994e+02
4.199999999999999845e-01 -1.846534441669937223e+02 1.823101774959359318e+02 -1.846534441669937223e+02
4.224999999999999867e-01 -1.849903529725270346e+02 1.826287497492157854e+02 -1.849903529515722767e+02
4.249999999999999889e-01 -1.853278893819078803e+02 1.829478705039946362e+02 -1.853278889968059957e+02
4.274999999999999911e-01 -1.856660540881566703e+02 1.832675406135385856e+02 -1.856660537024145015e+02
4.299999999999999933e-01 -1.860048486862797290e+02 1.835877612602198496e+02 -1.860048486862797290e+02
4.324999999999999956e-01 -1.863442741084145382e+02 1.839085329436929896e+02 -1.863442741084145382e+02
4.349999999999999978e-01 -1.866843313291319646e+02 1.842298562537762336e+02 -1.866843307018280029e+02
4.375000000000000000e-01 -1.870250214745756239e+02 1.845517323298263364e+02 -1.870250214745756239e+02
4.400000000000000022e-01 -1.873663461246178485e+02 1.848741617891937494e+02 -1.873663449418381788e+02
4.425000000000000044e-01 -1.877083055584225804e+02 1.851971458042971790e+02 -1.877083055584225804e+02
4.450000000000000067e-01 -1.880509016508003697e+02 1.855206849165260792e+02 -1.880509016508003697e+02
4.475000000000000089e-01 -1.883941355340066366e+02 1.858447800334542990e+02 -1.883941353723639622e+02
4.500000000000000111e-01 -1.887380083251046017e+02 1.861694318951922469e+02 -1.887380077036214061e+02
4.525000000000000133e-01 -1.890825210653129034e+02 1.864946416437160224e+02 -1.890825210653129034e+02
4.550000000000000155e-01 -1.894276747208787128e+02 1.868204099388676696e+02 -1.894276743601076305e+02
4.575000000000000178e-01 -1.897734706081682816e+02 1.871467375173815526e+02 -1.897734706081682816e+02
4.600000000000000200e-01 -1.901199101639213040e+02 1.874736251905560493e+02 -1.901199096638010815e+02
4.625000000000000222e-01 -1.904669939504237846e+02 1.878010739346500486e+02 -1.904669937586877495e+02
4.650000000000000244e-01 -1.908147235070355237e+02 1.881290845189942047e+02 -1.908147234474890865e+02
4.675000000000000266e-01 -1.911631000081542879e+02 1.884576578091946431e+02 -1.911631000081542879e+02
4.699999999999999734e-01 -1.915121248343493789e+02 1.887867948947823606e+02 -1.915121248343493789e+02
4.724999999999999756e-01 -1.918617988476180471e+02 1.891164962347247638e+02 -1.918617988476180471e+02
4.749999999999999778e-01 -1.922121231199707836e+02 1.894467626979458146e+02 -1.922121225913870148e+02
4.774999999999999800e-01 -1.925630989781348035e+02 1.897775954968528822e+02 -1.925630989781348035e+02
4.799999999999999822e-01 -1.929147278511663899e+02 1.901089954219060019e+02 -1.929147278511663899e+02
4.824999999999999845e-01 -1.932670106849982403e+02 1.904409630235750228e+02 -1.932670106849982403e+02
4.849999999999999867e-01 -1.936199481968069449e+02 1.907734993019257672e+02 -1.936199481968069449e+02
4.874999999999999889e-01 -1.939735422714729793e+02 1.911066049199434929e+02 -1.939735418772324920e+02
4.899999999999999911e-01 -1.943277936438098550e+02 1.914402810285100713e+02 -1.943277936438098550e+02
4.924999999999999933e-01 -1.946827039120253175e+02 1.917745283099357039e+02 -1.946827034590533003e+02
4.949999999999999956e-01 -1.950382737290346995e+02 1.921093476329115219e+02 -1.950382734636077657e+02
4.974999999999999978e-01 -1.953945047964225523e+02 1.924447399827186018e+02 -1.953945044205756858e+02
5.000000000000000000e-01 -1.957513979164068587e+02 1.927807062102947384e+02 -1.957513978653587401e+02
5.024999999999999467e-01 -1.961089546443545260e+02 1.931172470793826506e+02 -1.961089545892318711e+02
5.050000000000000044e-01 -1.964671763326623477e+02 1.934543634037836455e+02 -1.964671753841685131e+02
5.074999999999999512e-01 -1.968260631111334078e+02 1.937920561389764771e+02 -1.968260631111334078e+02
5.100000000000000089e-01 -1.971856173599953763e+02 1.941303263018489815e+02 -1.971856173599953763e+02
5.124999999999999556e-01 -1.975458399245981127e+02 1.944691746291355230e+02 -1.975458399245981127e+02
5.150000000000000133e-01 -1.979067316898144782e+02 1.948086019337642938e+02 -1.979067313673440367e+02
5.174999999999999600e-01 -1.982682943141553551e+02 1.951486092156847008e+02 -1.982682943141553551e+02
5.200000000000000178e-01 -1.986305287028080784e+02 1.954891971607576124e+02 -1.986305287028080784e+02
5.224999999999999645e-01 -1.989934363394277170e+02 1.958303668505395763e+02 -1.989934363394277170e+02
5.250000000000000222e-01 -1.993570179250091314e+02 1.961721188651281409e+02 -1.993570177395013161e+02
5.274999999999999689e-01 -1.997212751738843508e+02 1.965144541228073649e+02 -1.997212746461154893e+02
5.300000000000000266e-01 -2.000862091252347454e+02 1.968573738022241741e+02 -2.000862091252347454e+02
5.324999999999999734e-01 -2.004518208459485322e+02 1.972008787427330390e+02 -2.004518208459485322e+02
5.350000000000000311e-01 -2.008181123621179722e+02 1.975449697559815831e+02 -2.008181123621179722e+02
5.374999999999999778e-01 -2.011850837114034221e+02 1.978896474069333635e+02 -2.011850831093033776e+02
5.400000000000000355e-01 -2.015527368239127100e+02 1.982349130203947425e+02 -2.015527368239127100e+02
5.424999999999999822e-01 -2.019210730865015648e+02 1.985807670192443766e+02 -2.019210716337547638e+02
5.450000000000000400e-01 -2.022900925523135811e+02 1.989272108335862868e+02 -2.022900925523135811e+02
5.474999999999999867e-01 -2.026597982204984874e+02 1.992742452691309154e+02 -2.026597982204984874e+02
5.500000000000000444e-01 -2.030301903900690377e+02 1.996218710174434818e+02 -2.030301903900690377e+02
5.524999999999999911e-01 -2.034012702339678071e+02 1.999700887752114795e+02 -2.034012698376900516e+02
5.550000000000000488e-01 -2.037730389562202618e+02 2.003188997454126365e+02 -2.037730389539501630e+02
5.574999999999999956e-01 -2.041454982229624875e+02 2.006683046812540852e+02 -2.041454981286078691e+02
5.600000000000000533e-01 -2.045186491514905356e+02 2.010183045976446010e+02 -2.045186491514905356e+02
5.625000000000000000e-01 -2.048924928807537071e+02 2.013689004259067588e+02 -2.048924928807537071e+02
5.649999999999999467e-01 -2.052670305526116863e+02 2.017200928050442599e+02 -2.052670305526116863e+02
5.675000000000000044e-01 -2.056422637214418501e+02 2.020718827993259765e+02 -2.056422637214418501e+02
5.699999999999999512e-01 -2.060181935664732009e+02 2.024242713404819369e+02 -2.060181931600091048e+02
5.725000000000000089e-01 -2.063948211039532907e+02 2.027772593596018851e+02 -2.063948211039532907e+02
5.749999999999999556e-01 -2.067721476753358729e+02 2.031308475804398768e+02 -2.067721476692240685e+02
5.775000000000000133e-01 -2.071501748503651470e+02 2.034850370832718909e+02 -2.071501747608417645e+02
5.799999999999999600e-01 -2.075289038514019921e+02 2.038398286488372833e+02 -2.075289032831205986e+02
5.825000000000000178e-01 -2.079083353399764746e+02 2.041952232467010617e+02 -2.079083351045846939e+02
5.849999999999999645e-01 -2.082884717747801915e+02 2.045512220445089042e+02 -2.082884717747801915e+02
5.875000000000000222e-01 -2.086693130081403069e+02 2.049078255833592266e+02 -2.086693130081403069e+02
5.899999999999999689e-01 -2.090508614898426458e+02 2.052650349437026307e+02 -2.090508614898426458e+02
5.925000000000000266e-01 -2.094331178293796256e+02 2.056228507345076650e+02 -2.094331174791441299e+02
5.949999999999999734e-01 -2.098160837573814206e+02 2.059812744981027208e+02 -2.098160837573814206e+02
5.975000000000000311e-01 -2.101997601543553174e+02 2.063403064630110748e+02 -2.101997597682639025e+02
5.999999999999999778e-01 -2.105841485554119572e+02 2.066999480235972442e+02 -2.105841485554119572e+02
6.025000000000000355e-01 -2.109692501990357414e+02 2.070601997856283560e+02 -2.109692496584029868e+02
6.049999999999999822e-01 -2.113550663139903918e+02 2.074210629615699872e+02 -2.113550659609609284e+02
6.075000000000000400e-01 -2.117415985601837747e+02 2.077825384305324405e+02 -2.117415985601837747e+02
6.099999999999999867e-01 -2.121288477844209410e+02 2.081446269852458499e+02 -2.121288472452433780e+02
6.125000000000000444e-01 -2.125168152687838301e+02 2.085073295375914313e+02 -2.125168151485268027e+02
6.149999999999999911e-01 -2.129055029932642356e+02 2.088706471667974256e+02 -2.129055029932642356e+02
6.175000000000000488e-01 -2.132949115851079114e+02 2.092345805548247881e+02 -2.132949108285247348e+02
6.199999999999999956e-01 -2.136850422379793599e+02 2.095991309327655472e+02 -2.136850422105053440e+02
6.225000000000000533e-01 -2.140758978013764136e+02 2.099642994417808950e+02 -2.140758978013764136e+02
6.250000000000000000e-01 -2.144674772556172684e+02 2.103300863737822510e+02 -2.144674772556172684e+02
6.274999999999999467e-01 -2.148597835870459676e+02 2.106964929375099018e+02 -2.148597832024679519e+02
6.300000000000000044e-01 -2.152528173355967738e+02 2.110635199040989392e+02 -2.152528169544530101e+02
6.324999999999999512e-01 -2.156465803853352554e+02 2.114311686622095294e+02 -2.156465803853352554e+02
6.350000000000000089e-01 -2.160410735062905587e+02 2.117994396657450125e+02 -2.160410731555311941e+02
6.374999999999999556e-01 -2.164362988116918132e+02 2.121683343298500404e+02 -2.164362988116918132e+02
6.400000000000000133e-01 -2.168322570229647681e+02 2.125378531984169967e+02 -2.168322559130028822e+02
6.424999999999999600e-01 -2.172289495628792793e+02 2.129079976932262070e+02 -2.172289495628792793e+02
6.450000000000000178e-01 -2.176263776838313788e+02 2.132787681511254050e+02 -2.176263770422665402e+02
6.474999999999999645e-01 -2.180245429779752158e+02 2.136501660495996475e+02 -2.180245429779752158e+02
6.500000000000000222e-01 -2.184234465676127002e+02 2.140221918591996655e+02 -2.184234464829787612e+02
6.524999999999999689e-01 -2.188230901808710769e+02 2.143948466894216835e+02 -2.188230896451277658e+02
6.550000000000000266e-01 -2.192234746500616893e+02 2.147681317232782021e+02 -2.192234746500616893e+02
6.574999999999999734e-01 -2.196246019621030428e+02 2.151420477206120268e+02 -2.196246015501674265e+02
6.600000000000000311e-01 -2.200264728479669429e+02 2.155165956978453323e+02 -2.200264728479669429e+02
6.624999999999999778e-01 -2.204290896241436712e+02 2.158917768541141413e+02 -2.204290896241436712e+02
6.650000000000000355e-01 -2.208324522378970869e+02 2.162675916954176500e+02 -2.208324522378970869e+02
6.674999999999999822e-01 -2.212365630598505959e+02 2.166440413621021435e+02 -2.212365629850537516e+02
6.700000000000000400e-01 -2.216414236553246155e+02 2.170211269233841449e+02 -2.216414236553246155e+02
6.724999999999999867e-01 -2.220470343773486093e+02 2.173988492150674574e+02 -2.220470342054031789e+02
6.750000000000000444e-01 -2.224533976158127189e+02 2.177772092277300544e+02 -2.224533971555065364e+02
6.774999999999999911e-01 -2.228605139469145797e+02 2.181562079109717160e+02 -2.228605139469145797e+02
6.800000000000000488e-01 -2.232683854585047811e+02 2.185358463838929310e+02 -2.232683854585047811e+02
6.824999999999999956e-01 -2.236770132249803282e+02 2.189161254883510992e+02 -2.236770132249803282e+02
6.850000000000000533e-01 -2.240863986195763573e+02 2.192970460322103463e+02 -2.240863983145682141e+02
6.875000000000000000e-01 -2.244965429959120229e+02 2.196786093824775890e+02 -2.244965429959120229e+02
6.899999999999999467e-01 -2.249074481533607468e+02 2.200608161456766538e+02 -2.249074475182569586e+02
6.925000000000000044e-01 -2.253191147942561656e+02 2.204436675587785430e+02 -2.253191147942561656e+02
6.949999999999999512e-01 -2.257315447096480057e+02 2.208271644106716849e+02 -2.257315444838022813e+02
6.975000000000000089e-01 -2.261447397762676701e+02 2.212113079416449182e+02 -2.261447397762676701e+02
6.999999999999999556e-01 -2.265587006054702215e+02 2.215960989783052355e+02 -2.265586999988299794e+02
7.025000000000000133e-01 -2.269734286128659733e+02 2.219815383680397645e+02 -2.269734285735175945e+02
7.049999999999999600e-01 -2.273889259353745729e+02 2.223676271693548188e+02 -2.273889255541143939e+02
7.075000000000000178e-01 -2.278051935514668003e+02 2.227543665373232216e+02 -2.278051935514668003e+02
7.099999999999999645e-01 -2.282222328366478905e+02 2.231417571832425892e+02 -2.282222323544556275e+02
7.125000000000000222e-01 -2.286400451184599660e+02 2.235298001032788306e+02 -2.286400445688050240e+02
7.149999999999999689e-01 -2.290586321991286241e+02 2.239184967039036565e+02 -2.290586321991286241e+02
7.175000000000000266e-01 -2.294779952694079839e+02 2.243078477662638761e+02 -2.294779952500830404e+02
7.199999999999999734e-01 -2.298981361769256182e+02 2.246978541716234758e+02 -2.298981356832082383e+02
7.225000000000000311e-01 -2.303190554977045394e+02 2.250885168559034355e+02 -2.303190553165622987e+02
7.249999999999999778e-01 -2.307407553039956838e+02 2.254798369574709795e+02 -2.307407552691875026e+02
7.275000000000000355e-01 -2.311632374641485512e+02 2.258718155466485769e+02 -2.311632374641485512e+02
7.299999999999999822e-01 -2.315865021634963341e+02 2.262644535121507943e+02 -2.315865019594784826e+02
7.325000000000000400e-01 -2.320105519500793889e+02 2.266577518818667158e+02 -2.320105519500793889e+02
7.349999999999999867e-01 -2.324353877223329619e+02 2.270517116424744017e+02 -2.324353876087698154e+02
7.375000000000000444e-01 -2.328610110978479497e+02 2.274463337232009508e+02 -2.328610110978479497e+02
7.399999999999999911e-01 -2.332874239095835947e+02 2.278416190482676029e+02 -2.332874229918816127e+02
7.425000000000000488e-01 -2.337146265881601721e+02 2.282375689678010531e+02 -2.337146265881601721e+02
7.449999999999999956e-01 -2.341426217921543866e+02 2.286341842371039093e+02 -2.341426211260841228e+02
7.475000000000000533e-01 -2.345714103102218360e+02 2.290314660628209822e+02 -2.345714103102218360e+02
7.500000000000000000e-01 -2.350009936962160282e+02 2.294294153452501632e+02 -2.350009936962160282e+02
7.524999999999999467e-01 -2.354313733992166817e+02 2.298280329171684571e+02 -2.354313732561422512e+02
7.550000000000000044e-01 -2.358625511861755513e+02 2.302273200537892990e+02 -2.358625510669662617e+02
7.574999999999999512e-01 -2.362945283572771586e+02 2.306272776928963140e+02 -2.362945282547152601e+02
7.600000000000000089e-01 -2.367273068305221386e+02 2.310279070567921735e+02 -2.367273068305221386e+02
7.624999999999999556e-01 -2.371608869521878660e+02 2.314292086341301911e+02 -2.371608867344330065e+02
7.650000000000000133e-01 -2.375952710795099847e+02 2.318311837333603762e+02 -2.375952708059339784e+02
7.674999999999999600e-01 -2.380304605427081697e+02 2.322338334763771854e+02 -2.380304605427081697e+02
7.700000000000000178e-01 -2.384664569653687067e+02 2.326371589301852509e+02 -2.384664569653687067e+02
7.724999999999999645e-01 -2.389032619654317386e+02 2.330411610646988265e+02 -2.389032619654317386e+02
7.750000000000000222e-01 -2.393408762745675631e+02 2.334458406142657623e+02 -2.393408761439495720e+02
7.774999999999999689e-01 -2.397793021228862926e+02 2.338511988650425337e+02 -2.397793019447708502e+02
7.800000000000000266e-01 -2.402185411189566366e+02 2.342572367229149677e+02 -2.402185401497990824e+02
7.824999999999999734e-01 -2.406585939080687240e+02 2.346639554888824932e+02 -2.406585935621405952e+02
7.850000000000000311e-01 -2.410994629124179482e+02 2.350713560004951432e+02 -2.410994625113089569e+02
7.874999999999999778e-01 -2.415411494630388916e+02 2.354794394725468010e+02 -2.415411494630388916e+02
7.900000000000000355e-01 -2.419836548723396845e+02 2.358882067387457937e+02 -2.419836543576675467e+02
7.924999999999999822e-01 -2.424269805740914308e+02 2.362976588084129617e+02 -2.424269802577327937e+02
7.950000000000000400e-01 -2.428711285124300048e+02 2.367077969070523977e+02 -2.428711285124300048e+02
7.974999999999999867e-01 -2.433160998377134092e+02 2.371186219449737109e+02 -2.433160998377134092e+02
8.000000000000000444e-01 -2.437618961806292646e+02 2.375301349065848626e+02 -2.437618961806292646e+02
8.024999999999999911e-01 -2.442085190191282891e+02 2.379423369374126196e+02 -2.442085188403143547e+02
8.050000000000000488e-01 -2.446559700184734538e+02 2.383552289791987278e+02 -2.446559698271448724e+02
8.074999999999999956e-01 -2.451042506981175393e+02 2.387688122294493951e+02 -2.451042506088851951e+02
8.100000000000000533e-01 -2.455533628915436566e+02 2.391830877559259534e+02 -2.455533628915436566e+02
8.125000000000000000e-01 -2.460033074319362640e+02 2.395980563847697340e+02 -2.460033073946251534e+02
8.149999999999999467e-01 -2.464540866754832678e+02 2.400137194980052300e+02 -2.464540866267634556e+02
8.175000000000000044e-01 -2.469057018485036679e+02 2.404300776679883711e+02 -2.469057010963442735e+02
8.199999999999999512e-01 -2.473581543260370381e+02 2.408471324774436653e+02 -2.473581543260370381e+02
8.225000000000000089e-01 -2.478114455973263830e+02 2.412648845805088058e+02 -2.478114451673463918e+02
8.249999999999999556e-01 -2.482655774054001085e+02 2.416833352293469943e+02 -2.482655774054001085e+02
8.275000000000000133e-01 -2.487205518304253928e+02 2.421024854486458935e+02 -2.487205512904911302e+02
8.299999999999999600e-01 -2.491763695853878744e+02 2.425223362750257365e+02 -2.491763695853878744e+02
8.325000000000000178e-01 -2.496330327312462032e+02 2.429428887856192887e+02 -2.496330327312462032e+02
8.349999999999999645e-01 -2.500905430196435191e+02 2.433641441460349597e+02 -2.500905430196435191e+02
8.375000000000000222e-01 -2.505489016213105060e+02 2.437861031246138737e+02 -2.505489010004675947e+02
8.399999999999999689e-01 -2.510081101410323754e+02 2.442087670522159897e+02 -2.510081101410323754e+02
8.425000000000000266e-01 -2.514681705053080805e+02 2.446321366857155226e+02 -2.514681693050079048e+02
8.449999999999999734e-01 -2.519290836748550646e+02 2.450562135985237546e+02 -2.519290836748550646e+02
8.475000000000000311e-01 -2.523908522714627907e+02 2.454809987287735566e+02 -2.523908522714627907e+02
8.499999999999999778e-01 -2.528534768805257045e+02 2.459064929211162962e+02 -2.528534765081712976e+02
8.525000000000000355e-01 -2.533169594659120776e+02 2.463326971016358584e+02 -2.533169592171907425e+02
8.549999999999999822e-01 -2.537813018803717569e+02 2.467596127815195359e+02 -2.537813018803717569e+02
8.575000000000000400e-01 -2.542465055742068216e+02 2.471872406458714977e+02 -2.542465051911422051e+02
8.599999999999999867e-01 -2.547125720778713003e+02 2.476155820548301563e+02 -2.547125720778713003e+02
8.625000000000000444e-01 -2.551795031419023871e+02 2.480446379641653039e+02 -2.551795031419023871e+02
8.649999999999999911e-01 -2.556472997917444445e+02 2.484744092609034851e+02 -2.556472997917444445e+02
8.675000000000000488e-01 -2.561159645608277060e+02 2.489048973956378177e+02 -2.561159645608277060e+02
8.699999999999999956e-01 -2.565854987640632316e+02 2.493361031719250605e+02 -2.565854983175522648e+02
8.725000000000000533e-01 -2.570559037036728114e+02 2.497680278187617660e+02 -2.570559033748577349e+02
8.750000000000000000e-01 -2.575271811822894961e+02 2.502006723005906679e+02 -2.575271808974212036e+02
8.774999999999999467e-01 -2.579993328943382949e+02 2.506340378941386007e+02 -2.579993328943382949e+02
8.800000000000000044e-01 -2.584723609684151597e+02 2.510681256441748701e+02 -2.584723609684151597e+02
8.824999999999999512e-01 -2.589462658491102047e+02 2.515029363625217229e+02 -2.589462657809490338e+02
8.850000000000000089e-01 -2.594210502027999610e+02 2.519384713048348203e+02 -2.594210502027999610e+02
8.874999999999999556e-01 -2.598967154690762982e+02 2.523747314335196279e+02 -2.598967144770431332e+02
8.900000000000000133e-01 -2.603732626419514418e+02 2.528117182920686901e+02 -2.603732625052216463e+02
8.924999999999999600e-01 -2.608506945704575628e+02 2.532494327083695680e+02 -2.608506945704575628e+02
8.950000000000000178e-01 -2.613290120732854120e+02 2.536878758391248994e+02 -2.613290120732854120e+02
8.974999999999999645e-01 -2.618082167534739710e+02 2.541270484132692218e+02 -2.618082166303647682e+02
9.000000000000000222e-01 -2.622883107571979053e+02 2.545669519086368382e+02 -2.622883105061482638e+02
9.024999999999999689e-01 -2.627692954732337967e+02 2.550075870805885643e+02 -2.627692947494797409e+02
9.050000000000000266e-01 -2.632511722634080797e+02 2.554489552454324439e+02 -2.632511717352317646e+02
9.074999999999999734e-01 -2.637339438024209812e+02 2.558910579232615419e+02 -2.637339438024209812e+02
9.100000000000000311e-01 -2.642176103831734508e+02 2.563338955273502506e+02 -2.642176101270015351e+02
9.124999999999999778e-01 -2.647021748881088570e+02 2.567774695467669517e+02 -2.647021748881088570e+02
9.150000000000000355e-01 -2.651876382497721352e+02 2.572217808259301819e+02 -2.651876379279419780e+02
9.174999999999999822e-01 -2.656740026786574163e+02 2.576668305803905241e+02 -2.656740019127028063e+02
9.200000000000000400e-01 -2.661612697638920508e+02 2.581126201403676532e+02 -2.661612697638920508e+02
9.224999999999999867e-01 -2.666494401584495790e+02 2.585591502754250541e+02 -2.666494401014060713e+02
9.250000000000000444e-01 -2.671385171353467740e+02 2.590064222945948131e+02 -2.671385171353467740e+02
9.274999999999999911e-01 -2.676285014087916352e+02 2.594544371572555974e+02 -2.676285013760789298e+02
9.300000000000000488e-01 -2.681193951225141063e+02 2.599031960353604518e+02 -2.681193949466687627e+02
9.324999999999999956e-01 -2.686111998501583003e+02 2.603527000247268006e+02 -2.686111994073726237e+02
9.350000000000000533e-01 -2.691039170167641714e+02 2.608029502751305699e+02 -2.691039168334100395e+02
9.375000000000000000e-01 -2.695975487107643858e+02 2.612539479379192926e+02 -2.695975487107643858e+02
9.399999999999999467e-01 -2.700920967537094839e+02 2.617056939673493616e+02 -2.700920960237272084e+02
9.425000000000000044e-01 -2.705875622711610049e+02 2.621581897664000280e+02 -2.705875622711610049e+02
9.449999999999999512e-01 -2.710839473094674759e+02 2.626114361739601009e+02 -2.710839473094674759e+02
9.475000000000000089e-01 -2.715812539682374336e+02 2.630654344875365496e+02 -2.715812539682374336e+02
9.499999999999999556e-01 -2.720794834099360742e+02 2.635201857365318574e+02 -2.720794833581312560e+02
