  0 5.403113e-02
  1 4.097534e-02
  2 3.535922e-02
  3 3.239722e-02
  4 3.064640e-02
  5 2.953876e-02
  6 2.880769e-02
  7 2.831167e-02
  8 2.796880e-02
  9 2.772870e-02
 10 2.755904e-02
 11 2.743836e-02
 12 2.735212e-02
 13 2.729028e-02
 14 2.724582e-02
 15 2.721379e-02
 16 2.719069e-02
 17 2.717402e-02
 18 2.716196e-02
 19 2.715325e-02
 20 2.714695e-02
 21 2.714238e-02
 22 2.713908e-02
 23 2.713669e-02
 24 2.713495e-02
 25 2.713370e-02
 26 2.713279e-02
 27 2.713213e-02
 28 2.713165e-02
 29 2.713130e-02
 30 2.713105e-02
 31 2.713087e-02
 32 2.713074e-02
 33 2.713064e-02
 34 2.713057e-02
 35 2.713052e-02
 36 2.713049e-02
 37 2.713046e-02
 38 2.713044e-02
 39 2.713043e-02
 40 2.713042e-02
 41 2.713041e-02
 42 2.713041e-02
 43 2.713040e-02
 44 2.713040e-02
 45 2.713040e-02
 46 2.713039e-02
 47 2.713039e-02
 48 2.713039e-02
 49 2.713039e-02
 50 2.713039e-02
 51 2.713039e-02
 52 2.713039e-02
