-1.000000e+00 -1.000000e+00 -0.000000e+00 
-9.583333e-01 -1.000000e+00 1.599073e-01 
-9.166667e-01 -1.000000e+00 3.129874e-01 
-8.750000e-01 -1.000000e+00 4.592533e-01 
-8.333333e-01 -1.000000e+00 5.987096e-01 
-7.916667e-01 -1.000000e+00 7.313585e-01 
-7.500000e-01 -1.000000e+00 8.572015e-01 
-7.083333e-01 -1.000000e+00 9.762398e-01 
-6.666667e-01 -1.000000e+00 1.088474e+00 
-6.250000e-01 -1.000000e+00 1.193904e+00 
-5.833333e-01 -1.000000e+00 1.292532e+00 
-5.416667e-01 -1.000000e+00 1.384356e+00 
-5.000000e-01 -1.000000e+00 1.469378e+00 
-4.583333e-01 -1.000000e+00 1.547597e+00 
-4.166667e-01 -1.000000e+00 1.619015e+00 
-3.750000e-01 -1.000000e+00 1.683630e+00 
-3.333333e-01 -1.000000e+00 1.741443e+00 
-2.916667e-01 -1.000000e+00 1.792455e+00 
-2.500000e-01 -1.000000e+00 1.836665e+00 
-2.083333e-01 -1.000000e+00 1.874073e+00 
-1.666667e-01 -1.000000e+00 1.904680e+00 
-1.250000e-01 -1.000000e+00 1.928485e+00 
-8.333333e-02 -1.000000e+00 1.945488e+00 
-4.166667e-02 -1.000000e+00 1.955691e+00 
0.000000e+00 -1.000000e+00 1.959091e+00 
4.166667e-02 -1.000000e+00 1.955691e+00 
8.333333e-02 -1.000000e+00 1.945488e+00 
1.250000e-01 -1.000000e+00 1.928485e+00 
1.666667e-01 -1.000000e+00 1.904680e+00 
2.083333e-01 -1.000000e+00 1.874073e+00 
2.500000e-01 -1.000000e+00 1.836665e+00 
2.916667e-01 -1.000000e+00 1.792455e+00 
3.333333e-01 -1.000000e+00 1.741443e+00 
3.750000e-01 -1.000000e+00 1.683630e+00 
4.166667e-01 -1.000000e+00 1.619015e+00 
4.583333e-01 -1.000000e+00 1.547597e+00 
5.000000e-01 -1.000000e+00 1.469378e+00 
5.416667e-01 -1.000000e+00 1.384356e+00 
5.833333e-01 -1.000000e+00 1.292532e+00 
6.250000e-01 -1.000000e+00 1.193904e+00 
6.666667e-01 -1.000000e+00 1.088474e+00 
7.083333e-01 -1.000000e+00 9.762398e-01 
7.500000e-01 -1.000000e+00 8.572015e-01 
7.916667e-01 -1.000000e+00 7.313585e-01 
8.333333e-01 -1.000000e+00 5.987096e-01 
8.750000e-01 -1.000000e+00 4.592533e-01 
9.166667e-01 -1.000000e+00 3.129874e-01 
9.583333e-01 -1.000000e+00 1.599073e-01 
1.000000e+00 -1.000000e+00 0.000000e+00 
