5.125000e+04 4.166667e+02 4.153742e-15 
5.208333e+04 1.250000e+03 4.059097e-15 
5.208333e+04 2.083333e+03 3.955448e-15 
5.375000e+04 2.916667e+03 4.014228e-15 
5.458333e+04 3.750000e+03 4.400179e-15 
5.541667e+04 4.583333e+03 5.145081e-15 
5.625000e+04 5.416667e+03 6.261942e-15 
5.625000e+04 6.250000e+03 7.715911e-15 
5.708333e+04 7.083333e+03 1.121397e-14 
6.041667e+04 7.916667e+03 1.458630e-14 
6.041667e+04 8.750000e+03 1.510943e-14 
5.791667e+04 9.583333e+03 1.688796e-14 
5.708333e+04 1.041667e+04 1.095903e-14 
5.541667e+04 1.125000e+04 1.034760e-14 
5.458333e+04 1.208333e+04 1.112793e-14 
5.375000e+04 1.291667e+04 1.135735e-14 
5.291667e+04 1.375000e+04 1.124250e-14 
5.208333e+04 1.458333e+04 1.089957e-14 
5.125000e+04 1.541667e+04 1.041126e-14 
5.041667e+04 1.625000e+04 9.841289e-15 
4.958333e+04 1.708333e+04 9.238944e-15 
4.791667e+04 1.791667e+04 8.763502e-15 
4.708333e+04 1.875000e+04 8.867917e-15 
4.625000e+04 1.958333e+04 8.861483e-15 
4.541667e+04 2.041667e+04 8.763410e-15 
4.458333e+04 2.125000e+04 8.595565e-15 
4.375000e+04 2.208333e+04 8.380218e-15 
4.291667e+04 2.291667e+04 8.138248e-15 
4.208333e+04 2.375000e+04 7.887891e-15 
4.125000e+04 2.458333e+04 7.644020e-15 
4.041667e+04 2.541667e+04 7.417750e-15 
3.958333e+04 2.625000e+04 7.216106e-15 
3.875000e+04 2.708333e+04 7.043874e-15 
3.791667e+04 2.791667e+04 6.911439e-15 
3.708333e+04 2.875000e+04 6.846672e-15 
3.625000e+04 2.958333e+04 6.783738e-15 
