0.000000e+00 3.089888e+21 5.632091e-17 -3.588918e-22 0.000000e+00 1.875687e+07
5.000000e+03 3.090689e+21 5.629903e-17 -3.588630e-22 -2.813205e-13 1.875772e+07
1.000000e+04 3.092035e+21 5.626225e-17 -3.587647e-22 -5.624959e-13 1.875856e+07
1.500000e+04 3.094890e+21 5.618441e-17 -3.586104e-22 -8.433811e-13 1.876111e+07
2.000000e+04 3.098235e+21 5.609347e-17 -3.584007e-22 -1.123849e-12 1.876366e+07
2.500000e+04 3.102790e+21 5.596998e-17 -3.581509e-22 -1.403773e-12 1.876793e+07
3.000000e+04 3.107706e+21 5.583723e-17 -3.578675e-22 -1.683064e-12 1.877220e+07
3.500000e+04 3.113277e+21 5.568742e-17 -3.575682e-22 -1.961638e-12 1.877823e+07
4.000000e+04 3.118977e+21 5.553483e-17 -3.572626e-22 -2.239467e-12 1.878425e+07
4.500000e+04 3.124419e+21 5.538981e-17 -3.569710e-22 -2.516536e-12 1.879207e+07
5.000000e+04 3.129613e+21 5.525199e-17 -3.567016e-22 -2.792913e-12 1.879989e+07
5.500000e+04 3.133138e+21 5.515877e-17 -3.564746e-22 -3.068693e-12 1.880954e+07
6.000000e+04 3.135836e+21 5.508760e-17 -3.563002e-22 -3.344082e-12 1.881920e+07
6.500000e+04 3.134806e+21 5.511473e-17 -3.562008e-22 -3.619337e-12 1.883070e+07
7.000000e+04 3.132134e+21 5.518527e-17 -3.561836e-22 -3.894861e-12 1.884221e+07
7.500000e+04 3.122943e+21 5.542908e-17 -3.562763e-22 -4.171145e-12 1.885555e+07
8.000000e+04 3.111108e+21 5.574566e-17 -3.564957e-22 -4.448859e-12 1.886889e+07
8.500000e+04 3.089401e+21 5.633422e-17 -3.568724e-22 -4.728811e-12 1.888397e+07
9.000000e+04 3.064116e+21 5.703298e-17 -3.574284e-22 -5.012009e-12 1.889904e+07
9.500000e+04 3.025701e+21 5.812255e-17 -3.582015e-22 -5.299660e-12 1.891564e+07
1.000000e+05 2.983347e+21 5.936469e-17 -3.592117e-22 -5.593159e-12 1.893224e+07
1.050000e+05 2.925824e+21 6.112395e-17 -3.604918e-22 -5.894150e-12 1.895007e+07
1.100000e+05 2.865115e+21 6.307694e-17 -3.620548e-22 -6.204427e-12 1.896789e+07
1.150000e+05 2.789363e+21 6.566383e-17 -3.639144e-22 -6.526040e-12 1.898663e+07
1.200000e+05 2.712371e+21 6.847945e-17 -3.660637e-22 -6.861151e-12 1.900536e+07
1.250000e+05 2.622542e+21 7.202778e-17 -3.684997e-22 -7.212142e-12 1.902479e+07
1.300000e+05 2.534034e+21 7.583419e-17 -3.711958e-22 -7.581503e-12 1.904422e+07
1.350000e+05 2.435922e+21 8.046163e-17 -3.741355e-22 -7.971891e-12 1.906433e+07
1.400000e+05 2.341523e+21 8.537607e-17 -3.772732e-22 -8.386115e-12 1.908443e+07
1.450000e+05 2.240644e+21 9.120621e-17 -3.805788e-22 -8.827106e-12 1.910534e+07
1.500000e+05 2.145239e+21 9.735771e-17 -3.840018e-22 -9.298033e-12 1.912626e+07
1.550000e+05 2.045789e+21 1.045424e-16 -3.875022e-22 -9.802165e-12 1.914826e+07
1.600000e+05 1.952859e+21 1.120928e-16 -3.910233e-22 -1.034312e-11 1.917027e+07
1.650000e+05 1.857557e+21 1.208288e-16 -3.945089e-22 -1.092460e-11 1.919373e+07
1.700000e+05 1.769239e+21 1.299882e-16 -3.978889e-22 -1.155080e-11 1.921719e+07
1.750000e+05 1.679616e+21 1.405299e-16 -4.011025e-22 -1.222602e-11 1.924253e+07
1.800000e+05 1.597043e+21 1.515685e-16 -4.040588e-22 -1.295516e-11 1.926787e+07
1.850000e+05 1.513821e+21 1.642373e-16 -4.066821e-22 -1.374326e-11 1.929560e+07
1.900000e+05 1.437471e+21 1.774947e-16 -4.088545e-22 -1.459613e-11 1.932333e+07
1.950000e+05 1.360889e+21 1.926858e-16 -4.104760e-22 -1.551972e-11 1.935403e+07
2.000000e+05 1.290861e+21 2.085762e-16 -4.113811e-22 -1.652094e-11 1.938472e+07
2.050000e+05 1.220906e+21 2.267570e-16 -4.114290e-22 -1.760683e-11 1.941906e+07
2.100000e+05 1.157114e+21 2.457648e-16 -4.104268e-22 -1.878557e-11 1.945340e+07
2.150000e+05 1.093680e+21 2.674535e-16 -4.081851e-22 -2.006540e-11 1.949220e+07
2.200000e+05 1.035984e+21 2.901044e-16 -4.044317e-22 -2.145586e-11 1.953099e+07
2.250000e+05 9.789881e+20 3.158040e-16 -3.988945e-22 -2.296641e-11 1.957521e+07
2.300000e+05 9.272839e+20 3.425821e-16 -3.911835e-22 -2.460778e-11 1.961944e+07
2.350000e+05 8.767621e+20 3.726157e-16 -3.809173e-22 -2.639027e-11 1.967023e+07
2.400000e+05 8.310692e+20 4.037643e-16 -3.675535e-22 -2.832508e-11 1.972102e+07
2.450000e+05 7.872907e+20 4.379062e-16 -3.505129e-22 -3.042223e-11 1.977969e+07
2.500000e+05 7.478657e+20 4.729861e-16 -3.289929e-22 -3.269132e-11 1.983835e+07
2.550000e+05 7.115208e+20 5.096856e-16 -3.020989e-22 -3.513944e-11 1.990624e+07
2.600000e+05 6.790699e+20 5.466534e-16 -2.685859e-22 -3.776982e-11 1.997413e+07
2.650000e+05 6.516842e+20 5.814710e-16 -2.270133e-22 -4.058073e-11 2.005234e+07
2.700000e+05 6.278770e+20 6.148538e-16 -1.754010e-22 -4.355885e-11 2.013055e+07
2.750000e+05 6.127913e+20 6.376978e-16 -1.114836e-22 -4.668243e-11 2.021913e+07
2.800000e+05 6.017559e+20 6.553197e-16 -3.239763e-23 -4.990227e-11 2.030770e+07
2.850000e+05 6.070278e+20 6.468013e-16 6.499695e-23 -5.315648e-11 2.040400e+07
2.900000e+05 6.201351e+20 6.264038e-16 1.838382e-22 -5.633298e-11 2.050030e+07
2.950000e+05 6.691227e+20 5.588885e-16 3.264491e-22 -5.930945e-11 2.059655e+07
3.000000e+05 7.509486e+20 4.700764e-16 4.907298e-22 -6.189913e-11 2.069280e+07
3.050000e+05 9.316749e+20 3.401631e-16 6.678261e-22 -6.394436e-11 2.076256e+07
3.100000e+05 1.304081e+21 2.054124e-16 8.352565e-22 -6.535081e-11 2.083231e+07
3.150000e+05 2.072736e+21 1.025104e-16 9.664589e-22 -6.613306e-11 2.086417e+07
3.200000e+05 5.922706e+21 2.122284e-17 1.039820e-21 -6.646983e-11 2.089604e+07
3.250000e+05 1.435982e+22 5.621597e-18 1.046198e-21 -6.653407e-11 2.089112e+07
3.300000e+05 6.002989e+22 6.576309e-19 1.021929e-21 -6.654933e-11 2.088621e+07
3.350000e+05 1.264297e+26 5.754380e-20 9.858076e-22 -6.654941e-11 7.112056e+06
3.400000e+05 2.381568e+26 2.302827e-20 9.496884e-22 -6.654953e-11 -6.662099e+06
3.450000e+05 1.577643e+26 4.230999e-20 9.135600e-22 -6.654955e-11 7.024936e+06
3.500000e+05 8.058807e+25 1.060001e-19 8.773978e-22 -6.654927e-11 2.071197e+07
3.550000e+05 6.328211e+25 1.466254e-19 8.412045e-22 -6.654851e-11 1.557325e+07
3.600000e+05 5.576592e+25 1.736657e-19 8.050293e-22 -6.654766e-11 1.043452e+07
3.650000e+05 4.319840e+25 2.443081e-19 7.688746e-22 -6.654660e-11 7.459986e+06
3.700000e+05 3.505094e+25 3.229366e-19 7.327358e-22 -6.654510e-11 4.485451e+06
3.750000e+05 2.563348e+25 4.902576e-19 6.966254e-22 -6.654296e-11 -4.405137e+05
3.800000e+05 1.953636e+25 7.042973e-19 6.605571e-22 -6.653978e-11 -5.366478e+06
3.850000e+05 1.303077e+25 1.208602e-18 6.245964e-22 -6.653476e-11 -1.030664e+07
3.900000e+05 9.521417e+24 1.836466e-18 5.887659e-22 -6.652679e-11 -1.524679e+07
3.950000e+05 6.629075e+24 2.976129e-18 5.531003e-22 -6.651431e-11 -1.988229e+07
4.000000e+05 5.023038e+24 4.308258e-18 5.176401e-22 -6.649550e-11 -2.451778e+07
4.050000e+05 3.746213e+24 6.369925e-18 4.824414e-22 -6.646807e-11 -2.900132e+07
4.100000e+05 2.965551e+24 8.698627e-18 4.475324e-22 -6.642948e-11 -3.348486e+07
4.150000e+05 2.332923e+24 1.197818e-17 4.129722e-22 -6.637665e-11 -3.787641e+07
4.200000e+05 1.913901e+24 1.559668e-17 3.788261e-22 -6.630637e-11 -4.226797e+07
4.250000e+05 1.566317e+24 2.037442e-17 3.451612e-22 -6.621478e-11 -4.654156e+07
4.300000e+05 1.321542e+24 2.555546e-17 3.120439e-22 -6.609802e-11 -5.081516e+07
4.350000e+05 1.114013e+24 3.209256e-17 2.795822e-22 -6.595154e-11 -5.489858e+07
4.400000e+05 9.607562e+23 3.909374e-17 2.478363e-22 -6.577082e-11 -5.898201e+07
4.450000e+05 8.277737e+23 4.768436e-17 2.169040e-22 -6.555057e-11 -6.276510e+07
4.500000e+05 7.258058e+23 5.681952e-17 1.868711e-22 -6.528538e-11 -6.654820e+07
4.550000e+05 6.346645e+23 6.795152e-17 1.578118e-22 -6.496888e-11 -6.989649e+07
4.600000e+05 5.626539e+23 7.978778e-17 1.298616e-22 -6.459395e-11 -7.324479e+07
4.650000e+05 4.956122e+23 9.449355e-17 1.031402e-22 -6.415201e-11 -7.605202e+07
4.700000e+05 4.414289e+23 1.102666e-16 7.776299e-23 -6.363225e-11 -7.885925e+07
4.750000e+05 3.885803e+23 1.307025e-16 5.386934e-23 -6.302160e-11 -8.119947e+07
4.800000e+05 3.453439e+23 1.529640e-16 3.159702e-23 -6.230183e-11 -8.353969e+07
4.850000e+05 3.020331e+23 1.828881e-16 1.114515e-23 -6.145181e-11 -8.589252e+07
4.900000e+05 2.667243e+23 2.158612e-16 -7.360242e-24 -6.044192e-11 -8.824536e+07
4.950000e+05 2.319636e+23 2.600349e-16 -2.376917e-23 -5.923975e-11 -9.145422e+07
5.000000e+05 2.040486e+23 3.085176e-16 -3.792664e-23 -5.780433e-11 -9.466308e+07
5.050000e+05 1.778489e+23 3.705584e-16 -4.970854e-23 -5.609278e-11 -9.946192e+07
5.100000e+05 1.570375e+23 4.374417e-16 -5.905584e-23 -5.405955e-11 -1.042608e+08
5.150000e+05 1.384764e+23 5.173175e-16 -6.594413e-23 -5.165897e-11 -1.110538e+08
5.200000e+05 1.236998e+23 6.013112e-16 -7.040950e-23 -4.885249e-11 -1.178469e+08
5.250000e+05 1.112933e+23 6.923083e-16 -7.253293e-23 -4.560766e-11 -1.270954e+08
5.300000e+05 1.013177e+23 7.846536e-16 -7.244907e-23 -4.191448e-11 -1.363440e+08
5.350000e+05 9.435934e+22 8.627367e-16 -7.030530e-23 -3.778816e-11 -1.489945e+08
5.400000e+05 8.908630e+22 9.314873e-16 -6.625725e-23 -3.331671e-11 -1.616451e+08
5.450000e+05 8.888669e+22 9.342773e-16 -6.041791e-23 -2.863756e-11 -1.772794e+08
5.500000e+05 9.122216e+22 9.025217e-16 -5.306803e-23 -2.404852e-11 -1.929137e+08
5.550000e+05 1.027068e+23 7.705355e-16 -4.454956e-23 -1.983839e-11 -2.056537e+08
5.600000e+05 1.229896e+23 6.059458e-16 -3.571957e-23 -1.634319e-11 -2.183938e+08
5.650000e+05 1.591113e+23 4.298564e-16 -2.776123e-23 -1.373067e-11 -2.222612e+08
5.700000e+05 2.235411e+23 2.731797e-16 -2.156672e-23 -1.191907e-11 -2.261286e+08
5.750000e+05 2.987955e+23 1.855351e-16 -1.755260e-23 -1.075106e-11 -2.214976e+08
5.800000e+05 4.011515e+23 1.252699e-16 -1.515498e-23 -9.947571e-12 -2.168665e+08
5.850000e+05 4.494067e+23 1.076644e-16 -1.362991e-23 -9.341039e-12 -2.224514e+08
5.900000e+05 4.978816e+23 9.391970e-17 -1.250646e-23 -8.840966e-12 -2.280363e+08
5.950000e+05 5.294471e+23 8.652894e-17 -1.159539e-23 -8.392830e-12 -2.252821e+08
6.000000e+05 5.667590e+23 7.901816e-17 -1.081240e-23 -7.976072e-12 -2.225279e+08
6.050000e+05 5.627957e+23 7.976098e-17 -1.007335e-23 -7.574681e-12 -2.243851e+08
6.100000e+05 5.365502e+23 8.500497e-17 -9.380331e-24 -7.160475e-12 -2.262423e+08
6.150000e+05 4.856245e+23 9.709363e-17 -8.771151e-24 -6.699651e-12 -2.228692e+08
6.200000e+05 4.448488e+23 1.091377e-16 -8.271673e-24 -6.180192e-12 -2.194961e+08
6.250000e+05 4.095787e+23 1.218452e-16 -7.881737e-24 -5.602034e-12 -2.144150e+08
6.300000e+05 3.799271e+23 1.346866e-16 -7.582427e-24 -4.959790e-12 -2.093340e+08
6.350000e+05 3.552578e+23 1.472991e-16 -7.349369e-24 -4.256837e-12 -2.062724e+08
6.400000e+05 3.343876e+23 1.596827e-16 -7.173268e-24 -3.492336e-12 -2.032109e+08
6.450000e+05 3.196213e+23 1.695940e-16 -7.040715e-24 -2.673482e-12 -2.039675e+08
6.500000e+05 3.078318e+23 1.783091e-16 -6.948971e-24 -1.809259e-12 -2.047241e+08
6.550000e+05 3.023845e+23 1.826047e-16 -6.895331e-24 -9.129484e-13 -2.099376e+08
6.600000e+05 2.992434e+23 1.851649e-16 -6.877693e-24 0.000000e+00 -2.151511e+08
