0.000000000000000000e+00 -1.000000000000000000e+03 1.000000000000000000e+03
1.000000000000000021e-02 -9.199681891246582381e+02 9.199591339887701906e+02
2.000000000000000042e-02 -8.463416105642099865e+02 8.463268078781547956e+02
2.999999999999999889e-02 -7.786077447406714782e+02 7.785899027261184528e+02
4.000000000000000083e-02 -7.162950656283064745e+02 7.162763897816184908e+02
5.000000000000000278e-02 -6.589697647835128009e+02 6.589520394051796757e+02
5.999999999999999778e-02 -6.062327366496319883e+02 6.062173936055041850e+02
7.000000000000000666e-02 -5.577168043966521509e+02 5.577049810897442512e+02
8.000000000000000167e-02 -5.130841671825037338e+02 5.130767554087797180e+02
8.999999999999999667e-02 -4.720240512271993794e+02 4.720217383295530453e+02
1.000000000000000056e-01 -4.342505484784487635e+02 4.342538519949885085e+02
1.100000000000000006e-01 -3.995006279291119426e+02 3.995099247465259396e+02
1.199999999999999956e-01 -3.675323058286448941e+02 3.675478566958336160e+02
1.300000000000000044e-01 -3.381229621209204197e+02 3.381449322449625470e+02
1.400000000000000133e-01 -3.110677914450643584e+02 3.110962677808129229e+02
1.499999999999999944e-01 -2.861783779626130126e+02 2.862133837123401463e+02
1.600000000000000033e-01 -2.632813841273891740e+02 2.633228908864548430e+02
1.700000000000000122e-01 -2.422173443009960465e+02 2.422652822188101709e+02
1.799999999999999933e-01 -2.228395548400585540e+02 2.228938211077474989e+02
1.900000000000000022e-01 -2.050130529494490474e+02 2.050735188778489828e+02
2.000000000000000111e-01 -1.886136772092431784e+02 1.886801941194571555e+02
2.099999999999999922e-01 -1.735272032479988411e+02 1.735996073626447469e+02
2.200000000000000011e-01 -1.596485485571320169e+02 1.597266650508390740e+02
2.300000000000000100e-01 -1.468810409187572077e+02 1.469646872619632632e+02
2.399999999999999911e-01 -1.351357453613309190e+02 1.352247340705944225e+02
2.500000000000000000e-01 -1.243308449635514989e+02 1.244249858537223190e+02
2.600000000000000089e-01 -1.143910712002543733e+02 1.144901732191792689e+02
2.700000000000000178e-01 -1.052471798685728572e+02 1.053510525819147006e+02
2.800000000000000266e-01 -9.683546894835308194e+01 9.694392373226583004e+01
2.899999999999999800e-01 -8.909733504318865016e+01 8.921018603292759508e+01
2.999999999999999889e-01 -8.197886531573021784e+01 8.209593015041900799e+01
3.099999999999999978e-01 -7.543046207755105570e+01 7.555156247614650056e+01
3.200000000000000067e-01 -6.940649742173263803e+01 6.953145961824338883e+01
3.300000000000000155e-01 -6.386499549407744780e+01 6.399365055677480996e+01
3.400000000000000244e-01 -5.876734019193099812e+01 5.889952424651710317e+01
3.499999999999999778e-01 -5.407800625613890588e+01 5.421356063010171056e+01
3.599999999999999867e-01 -4.976431188383139670e+01 4.990308318636380136e+01
3.699999999999999956e-01 -4.579619114071829244e+01 4.593803129007574171e+01
3.800000000000000044e-01 -4.214598458784166723e+01 4.229075079649919644e+01
3.900000000000000133e-01 -3.878824666584841907e+01 3.893580139125697315e+01
4.000000000000000222e-01 -3.569956849521258846e+01 3.584977936366340145e+01
4.099999999999999756e-01 -3.285841485887067392e+01 3.301115456834668294e+01
4.199999999999999845e-01 -3.024497423280263320e+01 3.040012043906608596e+01
4.299999999999999933e-01 -2.784102081944001839e+01 2.799845601001288742e+01
4.400000000000000022e-01 -2.562978762394050136e+01 2.578939898306271061e+01
4.500000000000000111e-01 -2.359584968938725069e+01 2.375752895657205954e+01
4.600000000000000200e-01 -2.172501667775213718e+01 2.188866000238340348e+01
4.699999999999999734e-01 -2.000423404882894829e+01 2.016974184237187728e+01
4.799999999999999822e-01 -1.842149214877281338e+01 1.858876893651904538e+01
4.899999999999999911e-01 -1.696574257517931983e+01 1.713469684828305617e+01
5.000000000000000000e-01 -1.562682123680133373e+01 1.579736530577065423e+01
5.100000000000000089e-01 -1.439537757128709927e+01 1.456742742174537852e+01
5.200000000000000178e-01 -1.326280942873563617e+01 1.343628457991871983e+01
5.300000000000000266e-01 -1.222120316710788757e+01 1.239602653373731300e+01
5.400000000000000355e-01 -1.126327854278497398e+01 1.143937630043365061e+01
5.500000000000000444e-01 -1.038233801198657602e+01 1.055963946628617123e+01
5.600000000000000533e-01 -9.572220090427435935e+00 9.750657550466712564e+00
5.699999999999999512e-01 -8.827256446180399507e+00 9.006765101745259017e+00
5.799999999999999600e-01 -8.142232426733244210e+00 8.322750229970552027e+00
5.899999999999999689e-01 -7.512350745906587690e+00 7.693818297178950161e+00
5.999999999999999778e-01 -6.933198077138513327e+00 7.115558515011798590e+00
6.099999999999999867e-01 -6.400714320887345821e+00 6.583913216134533286e+00
6.199999999999999956e-01 -5.911164331831969321e+00 6.095149585744366050e+00
6.300000000000000044e-01 -5.461111909302417189e+00 5.645833655842579901e+00
6.400000000000000133e-01 -5.047395869391039014e+00 5.232806381303817034e+00
6.500000000000000222e-01 -4.667108032561372966e+00 4.853161631152033806e+00
6.600000000000000311e-01 -4.317572972970083356e+00 4.504225941665936261e+00
6.700000000000000400e-01 -3.996329388755839318e+00 4.183539890276733786e+00
6.800000000000000488e-01 -3.701112963841296732e+00 3.888840960571542382e+00
6.899999999999999467e-01 -3.429840600874740630e+00 3.618047778843902051e+00
6.999999999999999556e-01 -3.180595916928723454e+00 3.369245612702798098e+00
7.099999999999999645e-01 -2.951615899626631290e+00 3.140673030575271696e+00
7.199999999999999734e-01 -2.741278631612658501e+00 2.930709628853946924e+00
7.299999999999999822e-01 -2.548091997508890927e+00 2.737864741822704673e+00
7.399999999999999911e-01 -2.370683294837363064e+00 2.560767055256292224e+00
7.500000000000000000e-01 -2.207789676438551396e+00 2.398155051574576646e+00
7.600000000000000089e-01 -2.058249357971362770e+00 2.248868219670839608e+00
7.700000000000000178e-01 -1.920993529143743217e+00 2.111838968645315617e+00
7.800000000000000266e-01 -1.795038912387099117e+00 1.986085188807919621e+00
7.900000000000000355e-01 -1.679480917111504823e+00 1.870703408087138087e+00
8.000000000000000444e-01 -1.573487342044245452e+00 1.764862496405839920e+00
8.100000000000000533e-01 -1.476292581472080201e+00 1.667797874019015580e+00
8.199999999999999512e-01 -1.387192295223940164e+00 1.578806183533743024e+00
8.299999999999999600e-01 -1.305538505490403622e+00 1.497240388416685164e+00
8.399999999999999689e-01 -1.230735085788182914e+00 1.422505263763014227e+00
8.499999999999999778e-01 -1.162233611219562590e+00 1.354053248360287398e+00
8.599999999999999867e-01 -1.099529540806543082e+00 1.291380628419574350e+00
8.699999999999999956e-01 -1.042158705356996506e+00 1.234024027246050537e+00
8.800000000000000044e-01 -9.896940764738246799e-01 1.181557175528723747e+00
8.900000000000000133e-01 -9.417427942389622331e-01 1.133587940537836403e+00
9.000000000000000222e-01 -8.979434325010515749e-01 1.089755592809524387e+00
9.100000000000000311e-01 -8.579634834895841777e-01 1.049728292040526867e+00
9.200000000000000400e-01 -8.214970434200949967e-01 1.013200773741118610e+00
9.300000000000000488e-01 -7.882626834907568991e-01 9.798922217451035976e-01
9.399999999999999467e-01 -7.580014911945909262e-01 9.495443103951402009e-01
9.499999999999999556e-01 -7.304752685013227165e-01 9.219194038887508214e-01
9.599999999999999645e-01 -7.054648740449920297e-01 8.967988996300846338e-01
9.699999999999999734e-01 -6.827686983160674572e-01 8.739817042951472104e-01
9.799999999999999822e-01 -6.622012606239877641e-01 8.532828316674567759e-01
9.899999999999999911e-01 -6.435919184004887938e-01 8.345321131055243313e-01
1.000000000000000000e+00 -6.267836799961514771e-01 8.175730108632706106e-01
1.010000000000000009e+00 -6.116321121226064861e-01 8.022615268127992749e-01
1.020000000000000018e+00 -5.980043351300992072e-01 7.884651980712078512e-01
1.030000000000000027e+00 -5.857780984952114522e-01 7.760621734778396785e-01
1.040000000000000036e+00 -5.748409301741048694e-01 7.649403637624345720e-01
1.050000000000000044e+00 -5.650893544079735875e-01 7.549966598744504154e-01
1.060000000000000053e+00 -5.564281717524863780e-01 7.461362137109972537e-01
1.070000000000000062e+00 -5.487697968492284417e-01 7.382717767031863332e-01
1.080000000000000071e+00 -5.420336493989452720e-01 7.313230911386199296e-01
1.090000000000000080e+00 -5.361455935053527355e-01 7.252163303201086819e-01
1.100000000000000089e+00 -5.310374221880920231e-01 7.198835835442878306e-01
1.110000000000000098e+00 -5.266463829902932048e-01 7.152623822330497205e-01
1.120000000000000107e+00 -5.229147416539490223e-01 7.112952641327865422e-01
1.129999999999999893e+00 -5.197893806034699082e-01 7.079293723218142986e-01
1.139999999999999902e+00 -5.172214296180754900e-01 7.051160864066332579e-01
1.149999999999999911e+00 -5.151659261318854988e-01 7.028106831130571663e-01
1.159999999999999920e+00 -5.135815024841576815e-01 7.009720241767354310e-01
1.169999999999999929e+00 -5.124300984898582101e-01 6.995622691465541720e-01
1.179999999999999938e+00 -5.116766968276351690e-01 6.985466113546863198e-01
1.189999999999999947e+00 -5.112890796153806150e-01 6.978930346667766571e-01
1.199999999999999956e+00 -5.112376045435667038e-01 6.975720901391468942e-01
1.209999999999999964e+00 -5.114949988783337176e-01 6.975566903129220009e-01
1.219999999999999973e+00 -5.120361698209308088e-01 6.978219199809245765e-01
1.229999999999999982e+00 -5.128380304086022079e-01 6.983448621467687190e-01
1.239999999999999991e+00 -5.138793388032354414e-01 6.991044380702078342e-01
1.250000000000000000e+00 -5.151405509677715600e-01 7.000812598853372037e-01
1.260000000000000009e+00 -5.166036847513169050e-01 7.012574950349517167e-01
1.270000000000000018e+00 -5.182521950337104499e-01 7.026167417643591762e-01
1.280000000000000027e+00 -5.200708588818088174e-01 7.041439145104959607e-01
1.290000000000000036e+00 -5.220456697861663997e-01 7.058251383714377880e-01
1.300000000000000044e+00 -5.241637403378263116e-01 7.076476520160213113e-01
1.310000000000000053e+00 -5.264132128213532269e-01 7.095997185097075999e-01
1.320000000000000062e+00 -5.287831769092008471e-01 7.116705432999879122e-01
1.330000000000000071e+00 -5.312635938753373921e-01 7.138501984882168472e-01
1.340000000000000080e+00 -5.338452269788831472e-01 7.161295535624958575e-01
1.350000000000000089e+00 -5.365195773192681372e-01 7.185002113692462444e-01
1.360000000000000098e+00 -5.392788248718716204e-01 7.209544493234716356e-01
1.370000000000000107e+00 -5.421157741802744567e-01 7.234851653338409960e-01
1.379999999999999893e+00 -5.450238045887090266e-01 7.260858281515538692e-01
1.389999999999999902e+00 -5.479968241415917873e-01 7.287504314444959164e-01
1.399999999999999911e+00 -5.510292273829691112e-01 7.314734518877230585e-01
1.409999999999999920e+00 -5.541158565902151167e-01 7.342498102807439864e-01
1.419999999999999929e+00 -5.572519658599048853e-01 7.370748359826393425e-01
1.429999999999999938e+00 -5.604331883369013667e-01 7.399442341411486268e-01
1.439999999999999947e+00 -5.636555057717487216e-01 7.428540555411018431e-01
1.449999999999999956e+00 -5.669152208138257265e-01 7.458006690139882267e-01
1.459999999999999964e+00 -5.702089313417673111e-01 7.487807356519624591e-01
1.469999999999999973e+00 -5.735335068893618882e-01 7.517911855829879642e-01
1.479999999999999982e+00 -5.768860669923014939e-01 7.548291963175870478e-01
1.489999999999999991e+00 -5.802639611065387726e-01 7.578921729000285268e-01
1.500000000000000000e+00 -5.836647503310814500e-01 7.609777295729145408e-01
1.510000000000000009e+00 -5.870861905859783292e-01 7.640836731879971921e-01
1.520000000000000018e+00 -5.905262169544585049e-01 7.672079874901100993e-01
1.530000000000000027e+00 -5.939829293638467789e-01 7.703488190891221166e-01
1.540000000000000036e+00 -5.974545795470476151e-01 7.735044643632136285e-01
1.550000000000000044e+00 -6.009395588771440089e-01 7.766733573516830802e-01
1.560000000000000053e+00 -6.044363871915265918e-01 7.798540587536990643e-01
1.570000000000000062e+00 -6.079437025473453104e-01 7.830452458001673222e-01
1.580000000000000071e+00 -6.114602519082836807e-01 7.862457027658820152e-01
1.590000000000000080e+00 -6.149848822969943285e-01 7.894543125294148922e-01
1.600000000000000089e+00 -6.185165328788571060e-01 7.926700485404580832e-01
1.610000000000000098e+00 -6.220542276860214770e-01 7.958919674856588244e-01
1.620000000000000107e+00 -6.255970687489025295e-01 7.991192028275690973e-01
1.629999999999999893e+00 -6.291442299843765795e-01 8.023509583435952663e-01
1.639999999999999902e+00 -6.326949513750150800e-01 8.055865026544779539e-01
1.649999999999999911e+00 -6.362485337303951383e-01 8.088251639856025577e-01
1.659999999999999920e+00 -6.398043338558636606e-01 8.120663253357633948e-01
1.669999999999999929e+00 -6.433617601869627833e-01 8.153094201115891337e-01
1.679999999999999938e+00 -6.469202684238553047e-01 8.185539279947988689e-01
1.689999999999999947e+00 -6.504793580970726907e-01 8.217993712751194835e-01
1.699999999999999956e+00 -6.540385687840171158e-01 8.250453114160336554e-01
1.709999999999999964e+00 -6.575974771403707564e-01 8.282913459115661681e-01
1.719999999999999973e+00 -6.611556938732974231e-01 8.315371053176932037e-01
1.729999999999999982e+00 -6.647128609474748373e-01 8.347822506912052631e-01
1.739999999999999991e+00 -6.682686491985805333e-01 8.380264710285700858e-01
1.750000000000000000e+00 -6.718227561214007437e-01 8.412694811122491956e-01
1.760000000000000009e+00 -6.753749034833163023e-01 8.445110192988067865e-01
1.770000000000000018e+00 -6.789248356944881380e-01 8.477508457144722342e-01
1.780000000000000027e+00 -6.824723178870044649e-01 8.509887405089102685e-01
1.790000000000000036e+00 -6.860171341686509550e-01 8.542245022254064679e-01
1.800000000000000044e+00 -6.895590862259268761e-01 8.574579462292604148e-01
1.810000000000000053e+00 -6.930979919852688909e-01 8.606889034854248166e-01
1.820000000000000062e+00 -6.966336842160671949e-01 8.639172191615216434e-01
1.830000000000000071e+00 -7.001660093665122986e-01 8.671427516383118927e-01
1.840000000000000080e+00 -7.036948265740647912e-01 8.703653712291270494e-01
1.850000000000000089e+00 -7.072200065013021231e-01 8.735849594231694937e-01
1.860000000000000098e+00 -7.107414306374266744e-01 8.768014078377746046e-01
1.870000000000000107e+00 -7.142589901923201978e-01 8.800146175199188292e-01
1.879999999999999893e+00 -7.177725855726748705e-01 8.832244980148971081e-01
1.889999999999999902e+00 -7.212821254506707191e-01 8.864309668424539268e-01
1.899999999999999911e+00 -7.247875261818990111e-01 8.896339487400837243e-01
1.909999999999999920e+00 -7.282887113397009671e-01 8.928333751391619444e-01
1.919999999999999929e+00 -7.317856108420528471e-01 8.960291835828684270e-01
1.929999999999999938e+00 -7.352781608351506293e-01 8.992213172605261207e-01
1.939999999999999947e+00 -7.387663028202950954e-01 9.024097244837321341e-01
1.949999999999999956e+00 -7.422499834792688489e-01 9.055943583953194320e-01
1.959999999999999964e+00 -7.457291542086750269e-01 9.087751765036955476e-01
1.969999999999999973e+00 -7.492037707124836743e-01 9.119521402171812952e-01
1.979999999999999982e+00 -7.526737927109934390e-01 9.151252146693877876e-01
