5.000000e-01 0.000000e+00 3.541635e-17 0.000000e+00 9.285330e-05
5.000000e-01 6.250000e-02 3.437253e-17 -1.443129e-06 9.415799e-05
5.000000e-01 3.125000e-02 3.513387e-17 -7.135513e-07 9.350564e-05
5.000000e-01 0.000000e+00 3.541635e-17 0.000000e+00 9.285330e-05
5.000000e-01 6.250000e-02 3.437253e-17 -1.443129e-06 9.415799e-05
5.000000e-01 3.125000e-02 3.513387e-17 -7.135513e-07 9.350564e-05
5.000000e-01 6.250000e-02 3.437253e-17 -1.443129e-06 9.422708e-05
5.000000e-01 1.250000e-01 3.081146e-17 -3.011013e-06 9.848070e-05
5.000000e-01 9.375000e-02 3.309878e-17 -2.202032e-06 9.635389e-05
5.000000e-01 6.250000e-02 3.437253e-17 -1.443129e-06 9.422708e-05
5.000000e-01 1.250000e-01 3.081146e-17 -3.011013e-06 9.848070e-05
5.000000e-01 9.375000e-02 3.309878e-17 -2.202032e-06 9.635389e-05
5.000000e-01 1.250000e-01 3.081146e-17 -3.011013e-06 9.865398e-05
5.000000e-01 1.875000e-01 2.403117e-17 -4.841958e-06 1.070576e-04
5.000000e-01 1.562500e-01 2.786633e-17 -3.881064e-06 1.028558e-04
5.000000e-01 1.250000e-01 3.081146e-17 -3.011013e-06 9.865398e-05
5.000000e-01 1.875000e-01 2.403117e-17 -4.841958e-06 1.070576e-04
5.000000e-01 1.562500e-01 2.786633e-17 -3.881064e-06 1.028558e-04
5.000000e-01 1.875000e-01 2.403117e-17 -4.841958e-06 1.074391e-04
5.000000e-01 2.500000e-01 1.317644e-17 -7.102523e-06 1.228072e-04
5.000000e-01 2.187500e-01 1.924078e-17 -5.899927e-06 1.151231e-04
5.000000e-01 1.875000e-01 2.403117e-17 -4.841958e-06 1.074391e-04
5.000000e-01 2.500000e-01 1.317644e-17 -7.102523e-06 1.228072e-04
5.000000e-01 2.187500e-01 1.924078e-17 -5.899927e-06 1.151231e-04
5.000000e-01 2.500000e-01 1.317644e-17 -7.102523e-06 1.236493e-04
5.000000e-01 3.125000e-01 -4.235165e-18 -9.981500e-06 1.527678e-04
5.000000e-01 2.812500e-01 5.525196e-18 -8.437630e-06 1.382085e-04
5.000000e-01 2.500000e-01 1.317644e-17 -7.102523e-06 1.236493e-04
5.000000e-01 3.125000e-01 -4.235165e-18 -9.981500e-06 1.527678e-04
5.000000e-01 2.812500e-01 5.525196e-18 -8.437630e-06 1.382085e-04
5.000000e-01 3.125000e-01 -4.235165e-18 -9.981500e-06 1.536504e-04
5.000000e-01 3.750000e-01 -3.336971e-17 -1.339963e-05 2.160065e-04
5.000000e-01 3.437500e-01 -1.692880e-17 -1.163362e-05 1.848285e-04
5.000000e-01 3.125000e-01 -4.235165e-18 -9.981500e-06 1.536504e-04
5.000000e-01 3.750000e-01 -3.336971e-17 -1.339963e-05 2.160065e-04
5.000000e-01 3.437500e-01 -1.692880e-17 -1.163362e-05 1.848285e-04
5.000000e-01 3.750000e-01 -3.336971e-17 -1.339963e-05 1.754866e-04
5.000000e-01 4.375000e-01 -8.120505e-17 -1.513473e-05 3.539529e-04
5.000000e-01 4.062500e-01 -5.662754e-17 -1.487404e-05 2.647198e-04
5.000000e-01 3.750000e-01 -3.336971e-17 -1.339963e-05 1.754866e-04
5.000000e-01 4.375000e-01 -8.120505e-17 -1.513473e-05 3.539529e-04
5.000000e-01 4.062500e-01 -5.662754e-17 -1.487404e-05 2.647198e-04
5.000000e-01 4.375000e-01 -8.120505e-17 -1.513473e-05 -4.587149e-04
5.000000e-01 5.000000e-01 -7.295834e-17 -1.514493e-05 -1.321814e-04
5.000000e-01 4.687500e-01 -7.712743e-17 -1.514283e-05 -2.954482e-04
5.000000e-01 4.375000e-01 -8.120505e-17 -1.513473e-05 -4.587149e-04
5.000000e-01 5.000000e-01 -7.295834e-17 -1.514493e-05 -1.321814e-04
5.000000e-01 4.687500e-01 -7.712743e-17 -1.514283e-05 -2.954482e-04
5.000000e-01 5.000000e-01 -7.295834e-17 -1.514493e-05 1.321814e-04
5.000000e-01 5.625000e-01 -6.458457e-17 -1.513473e-05 4.587149e-04
5.000000e-01 5.312500e-01 -6.875621e-17 -1.514283e-05 2.954482e-04
5.000000e-01 5.000000e-01 -7.295834e-17 -1.514493e-05 1.321814e-04
5.000000e-01 5.625000e-01 -6.458457e-17 -1.513473e-05 4.587149e-04
5.000000e-01 5.312500e-01 -6.875621e-17 -1.514283e-05 2.954482e-04
5.000000e-01 5.625000e-01 -6.458457e-17 -1.513473e-05 -3.539529e-04
5.000000e-01 6.250000e-01 -2.028813e-17 -1.339963e-05 -1.754866e-04
5.000000e-01 5.937500e-01 -4.048690e-17 -1.487404e-05 -2.647198e-04
5.000000e-01 5.625000e-01 -6.458457e-17 -1.513473e-05 -3.539529e-04
5.000000e-01 6.250000e-01 -2.028813e-17 -1.339963e-05 -1.754866e-04
5.000000e-01 5.937500e-01 -4.048690e-17 -1.487404e-05 -2.647198e-04
5.000000e-01 6.250000e-01 -2.028813e-17 -1.339963e-05 -2.160065e-04
5.000000e-01 6.875000e-01 4.843334e-18 -9.981500e-06 -1.536504e-04
5.000000e-01 6.562500e-01 -5.915678e-18 -1.163362e-05 -1.848285e-04
5.000000e-01 6.250000e-01 -2.028813e-17 -1.339963e-05 -2.160065e-04
5.000000e-01 6.875000e-01 4.843334e-18 -9.981500e-06 -1.536504e-04
5.000000e-01 6.562500e-01 -5.915678e-18 -1.163362e-05 -1.848285e-04
5.000000e-01 6.875000e-01 4.843334e-18 -9.981500e-06 -1.527678e-04
5.000000e-01 7.500000e-01 1.999675e-17 -7.102523e-06 -1.236493e-04
5.000000e-01 7.187500e-01 1.337634e-17 -8.437630e-06 -1.382085e-04
5.000000e-01 6.875000e-01 4.843334e-18 -9.981500e-06 -1.527678e-04
5.000000e-01 7.500000e-01 1.999675e-17 -7.102523e-06 -1.236493e-04
5.000000e-01 7.187500e-01 1.337634e-17 -8.437630e-06 -1.382085e-04
5.000000e-01 7.500000e-01 1.999675e-17 -7.102523e-06 -1.228072e-04
5.000000e-01 8.125000e-01 2.954451e-17 -4.841958e-06 -1.074391e-04
5.000000e-01 7.812500e-01 2.534661e-17 -5.899927e-06 -1.151231e-04
5.000000e-01 7.500000e-01 1.999675e-17 -7.102523e-06 -1.228072e-04
5.000000e-01 8.125000e-01 2.954451e-17 -4.841958e-06 -1.074391e-04
5.000000e-01 7.812500e-01 2.534661e-17 -5.899927e-06 -1.151231e-04
5.000000e-01 8.125000e-01 2.954451e-17 -4.841958e-06 -1.070576e-04
5.000000e-01 8.750000e-01 3.539920e-17 -3.011013e-06 -9.865398e-05
5.000000e-01 8.437500e-01 3.292925e-17 -3.881064e-06 -1.028558e-04
5.000000e-01 8.125000e-01 2.954451e-17 -4.841958e-06 -1.070576e-04
5.000000e-01 8.750000e-01 3.539920e-17 -3.011013e-06 -9.865398e-05
5.000000e-01 8.437500e-01 3.292925e-17 -3.881064e-06 -1.028558e-04
5.000000e-01 8.750000e-01 3.539920e-17 -3.011013e-06 -9.848070e-05
5.000000e-01 9.375000e-01 3.891608e-17 -1.443129e-06 -9.422708e-05
5.000000e-01 9.062500e-01 3.753034e-17 -2.202032e-06 -9.635389e-05
5.000000e-01 8.750000e-01 3.539920e-17 -3.011013e-06 -9.848070e-05
5.000000e-01 9.375000e-01 3.891608e-17 -1.443129e-06 -9.422708e-05
5.000000e-01 9.062500e-01 3.753034e-17 -2.202032e-06 -9.635389e-05
5.000000e-01 9.375000e-01 3.891608e-17 -1.443129e-06 -9.415799e-05
5.000000e-01 1.000000e+00 3.994607e-17 0.000000e+00 -9.285330e-05
5.000000e-01 9.687500e-01 3.969366e-17 -7.135513e-07 -9.350564e-05
5.000000e-01 9.375000e-01 3.891608e-17 -1.443129e-06 -9.415799e-05
5.000000e-01 1.000000e+00 3.994607e-17 0.000000e+00 -9.285330e-05
5.000000e-01 9.687500e-01 3.969366e-17 -7.135513e-07 -9.350564e-05
