0 -1.063646e-13 1.063627e-13 
1 -1.605521e-13 1.605518e-13 
2 -2.035528e-13 2.035527e-13 
3 -2.348788e-13 2.348787e-13 
4 -2.563686e-13 2.563686e-13 
5 -2.707582e-13 2.707581e-13 
6 -2.803240e-13 2.803240e-13 
7 -2.865499e-13 2.865499e-13 
8 -2.905768e-13 2.905768e-13 
9 -2.931724e-13 2.931723e-13 
10 -2.948422e-13 2.948422e-13 
11 -2.959157e-13 2.959157e-13 
12 -2.966056e-13 2.966056e-13 
13 -2.970491e-13 2.970491e-13 
14 -2.973342e-13 2.973342e-13 
15 -2.975176e-13 2.975176e-13 
16 -2.976356e-13 2.976356e-13 
17 -2.977116e-13 2.977116e-13 
18 -2.977605e-13 2.977605e-13 
19 -2.977921e-13 2.977921e-13 
20 -2.978124e-13 2.978124e-13 
21 -2.978255e-13 2.978255e-13 
22 -2.978339e-13 2.978339e-13 
23 -2.978394e-13 2.978394e-13 
24 -2.978429e-13 2.978429e-13 
