0.000000e+00 1.000000e+00 6.390081e-13 0.000000e+00 4.923850e-01
4.424779e-03 1.000000e+00 6.389651e-13 -2.770251e-05 4.879631e-01
8.849558e-03 1.000000e+00 6.388430e-13 -5.541622e-05 4.835412e-01
8.849558e-03 1.000000e+00 6.388430e-13 -5.541622e-05 4.835412e-01
1.327434e-02 1.000000e+00 6.386439e-13 -8.315232e-05 4.791250e-01
1.769912e-02 1.000000e+00 6.383656e-13 -1.109220e-04 4.747089e-01
1.769912e-02 1.000000e+00 6.383656e-13 -1.109220e-04 4.747089e-01
2.212389e-02 1.000000e+00 6.380048e-13 -1.387366e-04 4.702985e-01
2.654867e-02 1.000000e+00 6.375631e-13 -1.666071e-04 4.658881e-01
2.654867e-02 1.000000e+00 6.375631e-13 -1.666071e-04 4.658881e-01
3.097345e-02 1.000000e+00 6.370394e-13 -1.945449e-04 4.614836e-01
3.539823e-02 1.000000e+00 6.364346e-13 -2.225613e-04 4.570791e-01
3.539823e-02 1.000000e+00 6.364346e-13 -2.225613e-04 4.570791e-01
3.982301e-02 1.000000e+00 6.357467e-13 -2.506674e-04 4.526805e-01
4.424779e-02 1.000000e+00 6.349759e-13 -2.788745e-04 4.482819e-01
4.424779e-02 1.000000e+00 6.349759e-13 -2.788745e-04 4.482819e-01
4.867257e-02 1.000000e+00 6.341218e-13 -3.071940e-04 4.438893e-01
5.309735e-02 1.000000e+00 6.331835e-13 -3.356372e-04 4.394967e-01
5.309735e-02 1.000000e+00 6.331835e-13 -3.356372e-04 4.394967e-01
5.752212e-02 1.000000e+00 6.321614e-13 -3.642153e-04 4.351103e-01
6.194690e-02 1.000000e+00 6.310537e-13 -3.929399e-04 4.307239e-01
6.194690e-02 1.000000e+00 6.310537e-13 -3.929399e-04 4.307239e-01
6.637168e-02 1.000000e+00 6.298566e-13 -4.218221e-04 4.263438e-01
7.079646e-02 1.000000e+00 6.285729e-13 -4.508736e-04 4.219636e-01
7.079646e-02 1.000000e+00 6.285729e-13 -4.508736e-04 4.219636e-01
7.522124e-02 1.000000e+00 6.272020e-13 -4.801057e-04 4.175900e-01
7.964602e-02 1.000000e+00 6.257400e-13 -5.095299e-04 4.132164e-01
7.964602e-02 1.000000e+00 6.257400e-13 -5.095299e-04 4.132164e-01
8.407080e-02 1.000000e+00 6.241846e-13 -5.391577e-04 4.088494e-01
8.849558e-02 1.000000e+00 6.225375e-13 -5.690008e-04 4.044825e-01
8.849558e-02 1.000000e+00 6.225375e-13 -5.690008e-04 4.044825e-01
9.292035e-02 1.000000e+00 6.207982e-13 -5.990706e-04 4.001225e-01
9.734513e-02 1.000000e+00 6.189639e-13 -6.293789e-04 3.957624e-01
9.734513e-02 1.000000e+00 6.189639e-13 -6.293789e-04 3.957624e-01
1.017699e-01 1.000000e+00 6.170334e-13 -6.599372e-04 3.914096e-01
1.061947e-01 1.000000e+00 6.150042e-13 -6.907573e-04 3.870568e-01
1.061947e-01 1.000000e+00 6.150042e-13 -6.907573e-04 3.870568e-01
1.106195e-01 1.000000e+00 6.128756e-13 -7.218510e-04 3.827114e-01
1.150442e-01 1.000000e+00 6.106444e-13 -7.532301e-04 3.783661e-01
1.150442e-01 1.000000e+00 6.106444e-13 -7.532301e-04 3.783661e-01
1.194690e-01 1.000000e+00 6.083126e-13 -7.849063e-04 3.740286e-01
1.238938e-01 1.000000e+00 6.058780e-13 -8.168916e-04 3.696910e-01
1.238938e-01 1.000000e+00 6.058780e-13 -8.168916e-04 3.696910e-01
1.283186e-01 1.000000e+00 6.033352e-13 -8.491978e-04 3.653617e-01
1.327434e-01 1.000000e+00 6.006831e-13 -8.818371e-04 3.610323e-01
1.327434e-01 1.000000e+00 6.006831e-13 -8.818371e-04 3.610323e-01
1.371681e-01 1.000000e+00 5.979247e-13 -9.148214e-04 3.567116e-01
1.415929e-01 1.000000e+00 5.950575e-13 -9.481627e-04 3.523908e-01
1.415929e-01 1.000000e+00 5.950575e-13 -9.481627e-04 3.523908e-01
1.460177e-01 1.000000e+00 5.920782e-13 -9.818731e-04 3.480791e-01
1.504425e-01 1.000000e+00 5.889844e-13 -1.015965e-03 3.437673e-01
1.504425e-01 1.000000e+00 5.889844e-13 -1.015965e-03 3.437673e-01
1.548673e-01 1.000000e+00 5.857767e-13 -1.050450e-03 3.394651e-01
1.592920e-01 1.000000e+00 5.824507e-13 -1.085341e-03 3.351629e-01
1.592920e-01 1.000000e+00 5.824507e-13 -1.085341e-03 3.351629e-01
1.637168e-01 1.000000e+00 5.790007e-13 -1.120650e-03 3.308708e-01
1.681416e-01 1.000000e+00 5.754288e-13 -1.156389e-03 3.265786e-01
1.681416e-01 1.000000e+00 5.754288e-13 -1.156389e-03 3.265786e-01
1.725664e-01 1.000000e+00 5.717359e-13 -1.192571e-03 3.222972e-01
1.769912e-01 1.000000e+00 5.679186e-13 -1.229207e-03 3.180157e-01
1.769912e-01 1.000000e+00 5.679186e-13 -1.229207e-03 3.180157e-01
1.814159e-01 1.000000e+00 5.639717e-13 -1.266311e-03 3.137455e-01
1.858407e-01 1.000000e+00 5.598947e-13 -1.303895e-03 3.094754e-01
1.858407e-01 1.000000e+00 5.598947e-13 -1.303895e-03 3.094754e-01
1.902655e-01 1.000000e+00 5.556829e-13 -1.341971e-03 3.052172e-01
1.946903e-01 1.000000e+00 5.513362e-13 -1.380551e-03 3.009591e-01
1.946903e-01 1.000000e+00 5.513362e-13 -1.380551e-03 3.009591e-01
1.991150e-01 1.000000e+00 5.468530e-13 -1.419648e-03 2.967138e-01
2.035398e-01 1.000000e+00 5.422286e-13 -1.459275e-03 2.924685e-01
2.035398e-01 1.000000e+00 5.422286e-13 -1.459275e-03 2.924685e-01
2.079646e-01 1.000000e+00 5.374588e-13 -1.499443e-03 2.882369e-01
2.123894e-01 1.000000e+00 5.325442e-13 -1.540165e-03 2.840053e-01
2.123894e-01 1.000000e+00 5.325442e-13 -1.540165e-03 2.840053e-01
2.168142e-01 1.000000e+00 5.274780e-13 -1.581454e-03 2.797884e-01
2.212389e-01 1.000000e+00 5.222586e-13 -1.623321e-03 2.755714e-01
2.212389e-01 1.000000e+00 5.222586e-13 -1.623321e-03 2.755714e-01
2.256637e-01 1.000000e+00 5.168822e-13 -1.665778e-03 2.713702e-01
2.300885e-01 1.000000e+00 5.113448e-13 -1.708839e-03 2.671689e-01
2.300885e-01 1.000000e+00 5.113448e-13 -1.708839e-03 2.671689e-01
2.345133e-01 1.000000e+00 5.056449e-13 -1.752514e-03 2.629846e-01
2.389381e-01 1.000000e+00 4.997762e-13 -1.796816e-03 2.588002e-01
2.389381e-01 1.000000e+00 4.997762e-13 -1.796816e-03 2.588002e-01
2.433628e-01 1.000000e+00 4.937377e-13 -1.841756e-03 2.546339e-01
2.477876e-01 1.000000e+00 4.875229e-13 -1.887345e-03 2.504677e-01
2.477876e-01 1.000000e+00 4.875229e-13 -1.887345e-03 2.504677e-01
2.522124e-01 1.000000e+00 4.811248e-13 -1.933596e-03 2.463209e-01
2.566372e-01 1.000000e+00 4.745402e-13 -1.980518e-03 2.421742e-01
2.566372e-01 1.000000e+00 4.745402e-13 -1.980518e-03 2.421742e-01
2.610619e-01 1.000000e+00 4.677721e-13 -2.028123e-03 2.380486e-01
2.654867e-01 1.000000e+00 4.608089e-13 -2.076421e-03 2.339230e-01
2.654867e-01 1.000000e+00 4.608089e-13 -2.076421e-03 2.339230e-01
2.699115e-01 1.000000e+00 4.536415e-13 -2.125421e-03 2.298203e-01
2.743363e-01 1.000000e+00 4.462692e-13 -2.175134e-03 2.257175e-01
2.743363e-01 1.000000e+00 4.462692e-13 -2.175134e-03 2.257175e-01
2.787611e-01 1.000000e+00 4.386895e-13 -2.225568e-03 2.216396e-01
2.831858e-01 1.000000e+00 4.308910e-13 -2.276732e-03 2.175616e-01
2.831858e-01 1.000000e+00 4.308910e-13 -2.276732e-03 2.175616e-01
2.876106e-01 1.000000e+00 4.228629e-13 -2.328634e-03 2.135105e-01
2.920354e-01 1.000000e+00 4.146036e-13 -2.381280e-03 2.094595e-01
2.920354e-01 1.000000e+00 4.146036e-13 -2.381280e-03 2.094595e-01
2.964602e-01 1.000000e+00 4.061106e-13 -2.434676e-03 2.054378e-01
3.008850e-01 1.000000e+00 3.973745e-13 -2.488829e-03 2.014161e-01
3.008850e-01 1.000000e+00 3.973745e-13 -2.488829e-03 2.014161e-01
3.053097e-01 1.000000e+00 3.883859e-13 -2.543741e-03 1.974264e-01
3.097345e-01 1.000000e+00 3.791386e-13 -2.599417e-03 1.934367e-01
3.097345e-01 1.000000e+00 3.791386e-13 -2.599417e-03 1.934367e-01
3.141593e-01 1.000000e+00 3.696199e-13 -2.655856e-03 1.894820e-01
3.185841e-01 1.000000e+00 3.598182e-13 -2.713060e-03 1.855273e-01
3.185841e-01 1.000000e+00 3.598182e-13 -2.713060e-03 1.855273e-01
3.230088e-01 1.000000e+00 3.497268e-13 -2.771027e-03 1.816111e-01
3.274336e-01 1.000000e+00 3.393370e-13 -2.829752e-03 1.776949e-01
3.274336e-01 1.000000e+00 3.393370e-13 -2.829752e-03 1.776949e-01
3.318584e-01 1.000000e+00 3.286409e-13 -2.889230e-03 1.738210e-01
3.362832e-01 1.000000e+00 3.176241e-13 -2.949451e-03 1.699472e-01
3.362832e-01 1.000000e+00 3.176241e-13 -2.949451e-03 1.699472e-01
3.407080e-01 1.000000e+00 3.062682e-13 -3.010405e-03 1.661200e-01
3.451327e-01 1.000000e+00 2.945646e-13 -3.072077e-03 1.622928e-01
3.451327e-01 1.000000e+00 2.945646e-13 -3.072077e-03 1.622928e-01
3.495575e-01 1.000000e+00 2.825019e-13 -3.134447e-03 1.585173e-01
3.539823e-01 1.000000e+00 2.700626e-13 -3.197494e-03 1.547418e-01
3.539823e-01 1.000000e+00 2.700626e-13 -3.197494e-03 1.547418e-01
3.584071e-01 1.000000e+00 2.572245e-13 -3.261189e-03 1.510237e-01
3.628319e-01 1.000000e+00 2.439741e-13 -3.325501e-03 1.473056e-01
3.628319e-01 1.000000e+00 2.439741e-13 -3.325501e-03 1.473056e-01
3.672566e-01 1.000000e+00 2.302891e-13 -3.390389e-03 1.436515e-01
3.716814e-01 1.000000e+00 2.161475e-13 -3.455809e-03 1.399973e-01
3.716814e-01 1.000000e+00 2.161475e-13 -3.455809e-03 1.399973e-01
3.761062e-01 1.000000e+00 2.015231e-13 -3.521705e-03 1.364148e-01
3.805310e-01 1.000000e+00 1.863939e-13 -3.588016e-03 1.328323e-01
3.805310e-01 1.000000e+00 1.863939e-13 -3.588016e-03 1.328323e-01
3.849558e-01 1.000000e+00 1.707327e-13 -3.654667e-03 1.293302e-01
3.893805e-01 1.000000e+00 1.545031e-13 -3.721573e-03 1.258281e-01
3.893805e-01 1.000000e+00 1.545031e-13 -3.721573e-03 1.258281e-01
3.938053e-01 1.000000e+00 1.376709e-13 -3.788635e-03 1.224167e-01
3.982301e-01 1.000000e+00 1.202008e-13 -3.855740e-03 1.190053e-01
3.982301e-01 1.000000e+00 1.202008e-13 -3.855740e-03 1.190053e-01
4.026549e-01 1.000000e+00 1.020531e-13 -3.922753e-03 1.156968e-01
4.070796e-01 1.000000e+00 8.317847e-14 -3.989523e-03 1.123884e-01
4.070796e-01 1.000000e+00 8.317847e-14 -3.989523e-03 1.123884e-01
4.115044e-01 1.000000e+00 6.352011e-14 -4.055871e-03 1.091971e-01
4.159292e-01 1.000000e+00 4.302321e-14 -4.121595e-03 1.060058e-01
4.159292e-01 1.000000e+00 4.302321e-14 -4.121595e-03 1.060058e-01
4.203540e-01 1.000000e+00 2.162476e-14 -4.186456e-03 1.029494e-01
4.247788e-01 1.000000e+00 -7.501240e-16 -4.250181e-03 9.989304e-02
4.247788e-01 1.000000e+00 -7.501240e-16 -4.250181e-03 9.989304e-02
4.292035e-01 1.000000e+00 -2.418696e-14 -4.312452e-03 9.699068e-02
4.336283e-01 1.000000e+00 -4.877442e-14 -4.372904e-03 9.408832e-02
4.336283e-01 1.000000e+00 -4.877442e-14 -4.372904e-03 9.408832e-02
4.380531e-01 1.000000e+00 -7.461500e-14 -4.431101e-03 9.137249e-02
4.424779e-01 1.000000e+00 -1.018312e-13 -4.486540e-03 8.865665e-02
4.424779e-01 1.000000e+00 -1.018312e-13 -4.486540e-03 8.865665e-02
4.469027e-01 1.000000e+00 -1.305630e-13 -4.538659e-03 8.613511e-02
4.513274e-01 1.000000e+00 -1.609690e-13 -4.586792e-03 8.361358e-02
4.513274e-01 1.000000e+00 -1.609690e-13 -4.586792e-03 8.361358e-02
4.557522e-01 1.000000e+00 -1.932252e-13 -4.630046e-03 8.142445e-02
4.601770e-01 1.000000e+00 -2.275317e-13 -4.667354e-03 7.923533e-02
4.601770e-01 1.000000e+00 -2.275317e-13 -4.667354e-03 7.923533e-02
4.646018e-01 1.000000e+00 -2.641178e-13 -4.697836e-03 7.708855e-02
4.690265e-01 1.000000e+00 -3.033987e-13 -4.720198e-03 7.494177e-02
4.690265e-01 1.249688e+00 -3.033987e-13 -4.720198e-03 7.494177e-02
4.734513e-01 1.249688e+00 -3.423520e-13 -4.731647e-03 7.078844e-02
4.778761e-01 1.249688e+00 -3.830494e-13 -4.736163e-03 6.663511e-02
4.778761e-01 1.000000e+03 -3.830494e-13 -4.736163e-03 6.663511e-02
4.823009e-01 1.000000e+03 -4.076370e-13 -4.736209e-03 1.739766e-02
4.867257e-01 1.000000e+03 -4.322345e-13 -4.736350e-03 -3.183980e-02
4.867257e-01 1.000000e+03 -4.322345e-13 -4.736350e-03 -3.183980e-02
4.911504e-01 1.000000e+03 -4.568367e-13 -4.736532e-03 -2.743384e-02
4.955752e-01 1.000000e+03 -4.814381e-13 -4.736697e-03 -2.302787e-02
4.955752e-01 1.000000e+03 -4.814381e-13 -4.736697e-03 -2.302787e-02
5.000000e-01 1.000000e+03 -5.060373e-13 -4.736860e-03 -3.247102e-02
5.044248e-01 1.000000e+03 -5.306338e-13 -4.737032e-03 -4.191416e-02
5.044248e-01 1.000000e+03 -5.306338e-13 -4.737032e-03 -4.191416e-02
5.088496e-01 1.000000e+03 -5.552260e-13 -4.737204e-03 -4.616157e-02
5.132743e-01 1.000000e+03 -5.798173e-13 -4.737371e-03 -5.040898e-02
5.132743e-01 1.000000e+03 -5.798173e-13 -4.737371e-03 -5.040898e-02
5.176991e-01 1.000000e+03 -6.044103e-13 -4.737531e-03 -5.491108e-02
5.221239e-01 1.000000e+03 -6.290035e-13 -4.737687e-03 -5.941319e-02
5.221239e-01 1.000000e+03 -6.290035e-13 -4.737687e-03 -5.941319e-02
5.265487e-01 1.000000e+03 -6.535935e-13 -4.737838e-03 -6.329596e-02
5.309735e-01 1.000000e+03 -6.781822e-13 -4.737984e-03 -6.717874e-02
5.309735e-01 1.000000e+03 -6.781822e-13 -4.737984e-03 -6.717874e-02
5.353982e-01 1.000000e+03 -7.027713e-13 -4.738125e-03 -7.093289e-02
5.398230e-01 1.000000e+03 -7.273625e-13 -4.738261e-03 -7.468705e-02
5.398230e-01 1.000000e+03 -7.273625e-13 -4.738261e-03 -7.468705e-02
5.442478e-01 1.000000e+03 -7.519550e-13 -4.738392e-03 -7.827085e-02
5.486726e-01 1.000000e+03 -7.765492e-13 -4.738519e-03 -8.185465e-02
5.486726e-01 1.000000e+03 -7.765492e-13 -4.738519e-03 -8.185465e-02
5.530973e-01 1.000000e+03 -8.011452e-13 -4.738641e-03 -8.530881e-02
5.575221e-01 1.000000e+03 -8.257426e-13 -4.738757e-03 -8.876296e-02
5.575221e-01 1.000000e+03 -8.257426e-13 -4.738757e-03 -8.876296e-02
5.619469e-01 1.000000e+03 -8.503433e-13 -4.738868e-03 -9.208984e-02
5.663717e-01 1.000000e+03 -8.749444e-13 -4.738973e-03 -9.541672e-02
5.663717e-01 1.000000e+03 -8.749444e-13 -4.738973e-03 -9.541672e-02
5.707965e-01 1.000000e+03 -8.995439e-13 -4.739072e-03 -9.862921e-02
5.752212e-01 1.000000e+03 -9.241457e-13 -4.739165e-03 -1.018417e-01
5.752212e-01 1.000000e+03 -9.241457e-13 -4.739165e-03 -1.018417e-01
5.796460e-01 1.000000e+03 -9.487542e-13 -4.739251e-03 -1.049555e-01
5.840708e-01 1.000000e+03 -9.733648e-13 -4.739331e-03 -1.080693e-01
5.840708e-01 1.000000e+03 -9.733648e-13 -4.739331e-03 -1.080693e-01
5.884956e-01 1.000000e+03 -9.979739e-13 -4.739403e-03 -1.111054e-01
5.929204e-01 1.000000e+03 -1.022586e-12 -4.739469e-03 -1.141415e-01
5.929204e-01 1.000000e+03 -1.022586e-12 -4.739469e-03 -1.141415e-01
5.973451e-01 1.000000e+03 -1.047206e-12 -4.739527e-03 -1.171236e-01
6.017699e-01 1.000000e+03 -1.071831e-12 -4.739578e-03 -1.201057e-01
6.017699e-01 1.000000e+03 -1.071831e-12 -4.739578e-03 -1.201057e-01
6.061947e-01 1.000000e+03 -1.096462e-12 -4.739622e-03 -1.230573e-01
6.106195e-01 1.000000e+03 -1.121095e-12 -4.739658e-03 -1.260088e-01
6.106195e-01 1.000000e+03 -1.121095e-12 -4.739658e-03 -1.260088e-01
6.150442e-01 1.000000e+03 -1.145731e-12 -4.739687e-03 -1.289505e-01
6.194690e-01 1.000000e+03 -1.170371e-12 -4.739709e-03 -1.318922e-01
6.194690e-01 1.000000e+03 -1.170371e-12 -4.739709e-03 -1.318922e-01
6.238938e-01 1.000000e+03 -1.195018e-12 -4.739724e-03 -1.348389e-01
6.283186e-01 1.000000e+03 -1.219674e-12 -4.739732e-03 -1.377857e-01
6.283186e-01 1.000000e+03 -1.219674e-12 -4.739732e-03 -1.377857e-01
6.327434e-01 1.000000e+03 -1.244340e-12 -4.739733e-03 -1.407434e-01
6.371681e-01 1.000000e+03 -1.269016e-12 -4.739728e-03 -1.437012e-01
6.371681e-01 1.000000e+03 -1.269016e-12 -4.739728e-03 -1.437012e-01
6.415929e-01 1.000000e+03 -1.293702e-12 -4.739716e-03 -1.466686e-01
6.460177e-01 1.000000e+03 -1.318402e-12 -4.739697e-03 -1.496359e-01
6.460177e-01 1.000000e+03 -1.318402e-12 -4.739697e-03 -1.496359e-01
6.504425e-01 1.000000e+03 -1.343117e-12 -4.739672e-03 -1.525892e-01
6.548673e-01 1.000000e+03 -1.367857e-12 -4.739641e-03 -1.555424e-01
6.548673e-01 1.000000e+03 -1.367857e-12 -4.739641e-03 -1.555424e-01
6.592920e-01 1.000000e+03 -1.392615e-12 -4.739604e-03 -1.584806e-01
6.637168e-01 1.000000e+03 -1.417389e-12 -4.739561e-03 -1.614187e-01
6.637168e-01 1.000000e+03 -1.417389e-12 -4.739561e-03 -1.614187e-01
6.681416e-01 1.000000e+03 -1.442062e-12 -4.739511e-03 -1.641802e-01
6.725664e-01 1.000000e+03 -1.466620e-12 -4.739455e-03 -1.669417e-01
6.725664e-01 1.000000e+03 -1.466620e-12 -4.739455e-03 -1.669417e-01
6.769912e-01 1.000000e+03 -1.490724e-12 -4.739393e-03 -1.698447e-01
6.814159e-01 1.000000e+03 -1.514965e-12 -4.739325e-03 -1.727478e-01
6.814159e-01 1.000000e+03 -1.514965e-12 -4.739325e-03 -1.727478e-01
6.858407e-01 1.000000e+03 -1.539377e-12 -4.739249e-03 -1.741076e-01
6.902655e-01 1.000000e+03 -1.563765e-12 -4.739164e-03 -1.754674e-01
6.902655e-01 1.000000e+03 -1.563765e-12 -4.739164e-03 -1.754674e-01
6.946903e-01 1.000000e+03 -1.588167e-12 -4.739073e-03 -1.806667e-01
6.991150e-01 1.000000e+03 -1.612585e-12 -4.738981e-03 -1.858660e-01
6.991150e-01 1.000000e+03 -1.612585e-12 -4.738981e-03 -1.858660e-01
7.035398e-01 1.000000e+03 -1.637003e-12 -4.738867e-03 -1.732165e-01
7.079646e-01 1.000000e+03 -1.661428e-12 -4.738709e-03 -1.605670e-01
7.079646e-01 1.000000e+03 -1.661428e-12 -4.738709e-03 -1.605670e-01
7.123894e-01 1.000000e+03 -1.685861e-12 -4.738572e-03 -2.085198e-01
7.168142e-01 1.000000e+03 -1.710292e-12 -4.738520e-03 -2.564727e-01
7.168142e-01 4.980080e+00 -1.710292e-12 -4.738520e-03 -2.564727e-01
7.212389e-01 4.980080e+00 -1.726577e-12 -4.736560e-03 -2.671758e-01
7.256637e-01 4.980080e+00 -1.743830e-12 -4.735190e-03 -2.778788e-01
7.256637e-01 1.000000e+00 -1.743830e-12 -4.735190e-03 -2.778788e-01
7.300885e-01 1.000000e+00 -1.744944e-12 -4.723740e-03 -2.789059e-01
7.345133e-01 1.000000e+00 -1.751186e-12 -4.700232e-03 -2.799331e-01
7.345133e-01 1.000000e+00 -1.751186e-12 -4.700232e-03 -2.799331e-01
7.389381e-01 1.000000e+00 -1.762517e-12 -4.678722e-03 -2.913323e-01
7.433628e-01 1.000000e+00 -1.778493e-12 -4.671944e-03 -3.027314e-01
7.433628e-01 4.980080e-03 -1.778493e-12 -4.671944e-03 -3.027314e-01
7.477876e-01 4.980080e-03 -1.750787e-12 -4.624293e-03 -3.055590e-01
7.522124e-01 4.980080e-03 -1.729639e-12 -4.553654e-03 -3.083867e-01
7.522124e-01 1.000000e-03 -1.729639e-12 -4.553654e-03 -3.083867e-01
7.566372e-01 1.000000e-03 -1.588288e-12 -4.576667e-03 -3.089830e-01
7.610619e-01 1.000000e-03 -1.444719e-12 -4.351307e-03 -3.095793e-01
7.610619e-01 1.000000e-03 -1.444719e-12 -4.351307e-03 -3.095793e-01
7.654867e-01 1.000000e-03 -1.315306e-12 -4.448919e-03 -3.095115e-01
7.699115e-01 1.000000e-03 -1.188887e-12 -4.396442e-03 -3.094437e-01
7.699115e-01 1.000000e-03 -1.188887e-12 -4.396442e-03 -3.094437e-01
7.743363e-01 1.000000e-03 -1.068827e-12 -4.286705e-03 -3.094594e-01
7.787611e-01 1.000000e-03 -9.477299e-13 -4.212415e-03 -3.094751e-01
7.787611e-01 1.000000e-03 -9.477299e-13 -4.212415e-03 -3.094751e-01
7.831858e-01 1.000000e-03 -8.330975e-13 -4.149452e-03 -3.094687e-01
7.876106e-01 1.000000e-03 -7.228693e-13 -4.073623e-03 -3.094624e-01
7.876106e-01 1.000000e-03 -7.228693e-13 -4.073623e-03 -3.094624e-01
7.920354e-01 1.000000e-03 -6.191833e-13 -3.991919e-03 -3.094622e-01
7.964602e-01 1.000000e-03 -5.224786e-13 -3.911286e-03 -3.094620e-01
7.964602e-01 1.000000e-03 -5.224786e-13 -3.911286e-03 -3.094620e-01
8.008850e-01 1.000000e-03 -4.216487e-13 -3.830230e-03 -3.094604e-01
8.053097e-01 1.000000e-03 -3.284780e-13 -3.747228e-03 -3.094588e-01
8.053097e-01 1.000000e-03 -3.284780e-13 -3.747228e-03 -3.094588e-01
8.097345e-01 1.000000e-03 -2.408105e-13 -3.662957e-03 -3.094578e-01
8.141593e-01 1.000000e-03 -1.476927e-13 -3.578072e-03 -3.094567e-01
8.141593e-01 1.000000e-03 -1.476927e-13 -3.578072e-03 -3.094567e-01
8.185841e-01 1.000000e-03 -5.944581e-14 -3.492597e-03 -3.094557e-01
8.230088e-01 1.000000e-03 1.900983e-14 -3.406538e-03 -3.094546e-01
8.230088e-01 1.000000e-03 1.900983e-14 -3.406538e-03 -3.094546e-01
8.274336e-01 1.000000e-03 9.480849e-14 -3.320043e-03 -3.094537e-01
8.318584e-01 1.000000e-03 1.708636e-13 -3.233244e-03 -3.094528e-01
8.318584e-01 1.000000e-03 1.708636e-13 -3.233244e-03 -3.094528e-01
8.362832e-01 1.000000e-03 2.438118e-13 -3.146216e-03 -3.094520e-01
8.407080e-01 1.000000e-03 3.026860e-13 -3.059025e-03 -3.094512e-01
8.407080e-01 1.000000e-03 3.026860e-13 -3.059025e-03 -3.094512e-01
8.451327e-01 1.000000e-03 3.663735e-13 -2.971734e-03 -3.094504e-01
8.495575e-01 1.000000e-03 4.268696e-13 -2.884401e-03 -3.094497e-01
8.495575e-01 1.000000e-03 4.268696e-13 -2.884401e-03 -3.094497e-01
8.539823e-01 1.000000e-03 4.866942e-13 -2.797070e-03 -3.094490e-01
8.584071e-01 1.000000e-03 5.458046e-13 -2.709783e-03 -3.094483e-01
8.584071e-01 1.000000e-03 5.458046e-13 -2.709783e-03 -3.094483e-01
8.628319e-01 1.000000e-03 6.045023e-13 -2.622570e-03 -3.094477e-01
8.672566e-01 1.000000e-03 6.562616e-13 -2.535464e-03 -3.094471e-01
8.672566e-01 1.000000e-03 6.562616e-13 -2.535464e-03 -3.094471e-01
8.716814e-01 1.000000e-03 7.163760e-13 -2.448484e-03 -3.094465e-01
8.761062e-01 1.000000e-03 7.720824e-13 -2.361654e-03 -3.094460e-01
8.761062e-01 1.000000e-03 7.720824e-13 -2.361654e-03 -3.094460e-01
8.805310e-01 1.000000e-03 8.212105e-13 -2.274987e-03 -3.094455e-01
8.849558e-01 1.000000e-03 8.674216e-13 -2.188497e-03 -3.094450e-01
8.849558e-01 1.000000e-03 8.674216e-13 -2.188497e-03 -3.094450e-01
8.893805e-01 1.000000e-03 9.173533e-13 -2.102194e-03 -3.094445e-01
8.938053e-01 1.000000e-03 9.684656e-13 -2.016086e-03 -3.094441e-01
8.938053e-01 1.000000e-03 9.684656e-13 -2.016086e-03 -3.094441e-01
8.982301e-01 1.000000e-03 1.012315e-12 -1.930176e-03 -3.094437e-01
9.026549e-01 1.000000e-03 1.055477e-12 -1.844469e-03 -3.094433e-01
9.026549e-01 1.000000e-03 1.055477e-12 -1.844469e-03 -3.094433e-01
9.070796e-01 1.000000e-03 1.092800e-12 -1.758965e-03 -3.094429e-01
9.115044e-01 1.000000e-03 1.129014e-12 -1.673664e-03 -3.094426e-01
9.115044e-01 1.000000e-03 1.129014e-12 -1.673664e-03 -3.094426e-01
9.159292e-01 1.000000e-03 1.159853e-12 -1.588563e-03 -3.094422e-01
9.203540e-01 1.000000e-03 1.196276e-12 -1.503660e-03 -3.094419e-01
9.203540e-01 1.000000e-03 1.196276e-12 -1.503660e-03 -3.094419e-01
9.247788e-01 1.000000e-03 1.225615e-12 -1.418950e-03 -3.094416e-01
9.292035e-01 1.000000e-03 1.251320e-12 -1.334427e-03 -3.094414e-01
9.292035e-01 1.000000e-03 1.251320e-12 -1.334427e-03 -3.094414e-01
9.336283e-01 1.000000e-03 1.278227e-12 -1.250085e-03 -3.094411e-01
9.380531e-01 1.000000e-03 1.301371e-12 -1.165915e-03 -3.094409e-01
9.380531e-01 1.000000e-03 1.301371e-12 -1.165915e-03 -3.094409e-01
9.424779e-01 1.000000e-03 1.324728e-12 -1.081910e-03 -3.094407e-01
9.469027e-01 1.000000e-03 1.347963e-12 -9.980608e-04 -3.094405e-01
9.469027e-01 1.000000e-03 1.347963e-12 -9.980608e-04 -3.094405e-01
9.513274e-01 1.000000e-03 1.369980e-12 -9.143570e-04 -3.094403e-01
9.557522e-01 1.000000e-03 1.406532e-12 -8.307889e-04 -3.094401e-01
9.557522e-01 1.000000e-03 1.406532e-12 -8.307889e-04 -3.094401e-01
9.601770e-01 1.000000e-03 1.424396e-12 -7.473454e-04 -3.094400e-01
9.646018e-01 1.000000e-03 1.443649e-12 -6.640154e-04 -3.094398e-01
9.646018e-01 1.000000e-03 1.443649e-12 -6.640154e-04 -3.094398e-01
9.690265e-01 1.000000e-03 1.444923e-12 -5.807871e-04 -3.094397e-01
9.734513e-01 1.000000e-03 1.454739e-12 -4.976486e-04 -3.094396e-01
9.734513e-01 1.000000e-03 1.454739e-12 -4.976486e-04 -3.094396e-01
9.778761e-01 1.000000e-03 1.460187e-12 -4.145876e-04 -3.094395e-01
9.823009e-01 1.000000e-03 1.468214e-12 -3.315917e-04 -3.094394e-01
9.823009e-01 1.000000e-03 1.468214e-12 -3.315917e-04 -3.094394e-01
9.867257e-01 1.000000e-03 1.478591e-12 -2.486478e-04 -3.094394e-01
9.911504e-01 1.000000e-03 1.468451e-12 -1.657433e-04 -3.094394e-01
9.911504e-01 1.000000e-03 1.468451e-12 -1.657433e-04 -3.094394e-01
9.955752e-01 1.000000e-03 1.472776e-12 -8.286509e-05 -3.094393e-01
1.000000e+00 1.000000e-03 1.474737e-12 0.000000e+00 -3.094393e-01
