# # t/year,M,M/M0
6.531187455413760245e+07 2.587500000000004400e+16 1.000000000000000000e+00
1.306237491082752049e+08 2.587500000000001600e+16 9.999999999999988898e-01
1.959356236624128222e+08 2.587499999999992400e+16 9.999999999999953371e-01
2.491779430839354396e+08 2.587500000000019200e+16 1.000000000000005773e+00
2.879741534795763493e+08 2.587500000000003600e+16 9.999999999999996669e-01
3.185040078650500774e+08 2.587500000000014400e+16 1.000000000000003775e+00
3.436848507754196525e+08 2.587499999999982800e+16 9.999999999999916733e-01
3.651238053024736047e+08 2.587499999999995200e+16 9.999999999999964473e-01
3.838000308689250946e+08 2.587500000000018000e+16 1.000000000000005329e+00
4.003541235805830956e+08 2.587499999999987600e+16 9.999999999999935607e-01
4.152280505750889182e+08 2.587500000000008800e+16 1.000000000000001776e+00
4.287395687832569480e+08 2.587499999999980400e+16 9.999999999999906741e-01
4.411247811484745741e+08 2.587499999999996400e+16 9.999999999999968914e-01
4.525639079470354319e+08 2.587499999999990400e+16 9.999999999999945599e-01
4.631976359692688584e+08 2.587500000000005600e+16 1.000000000000000444e+00
4.731378973092546463e+08 2.587499999999977600e+16 9.999999999999896749e-01
4.824752097986843586e+08 2.587500000000009600e+16 1.000000000000001998e+00
4.912838162382609844e+08 2.587500000000022400e+16 1.000000000000006883e+00
4.996253696668417454e+08 2.587499999999983200e+16 9.999999999999917843e-01
5.075516318286485672e+08 2.587499999999986400e+16 9.999999999999930056e-01
5.151064857945121527e+08 2.587499999999979600e+16 9.999999999999904521e-01
5.223274617960804701e+08 2.587499999999985200e+16 9.999999999999925615e-01
5.292469110409468412e+08 2.587499999999986800e+16 9.999999999999932276e-01
5.358929206712399125e+08 2.587499999999976400e+16 9.999999999999892308e-01
5.422900354790910482e+08 2.587500000000024800e+16 1.000000000000007994e+00
5.484598333779025078e+08 2.587499999999982800e+16 9.999999999999916733e-01
5.544213888122739792e+08 2.587499999999986000e+16 9.999999999999928946e-01
5.601916493191622496e+08 2.587500000000014000e+16 1.000000000000003775e+00
5.657857440733196735e+08 2.587499999999997600e+16 9.999999999999973355e-01
5.712172386540844440e+08 2.587499999999985600e+16 9.999999999999927836e-01
5.764983218085798025e+08 2.587499999999976000e+16 9.999999999999890088e-01
5.816399151209738255e+08 2.587499999999990400e+16 9.999999999999945599e-01
5.866520364199482203e+08 2.587499999999996800e+16 9.999999999999971134e-01
5.915438042933918238e+08 2.587499999999986400e+16 9.999999999999930056e-01
5.963235459992796183e+08 2.587500000000001200e+16 9.999999999999987788e-01
6.009988898460906744e+08 2.587500000000014400e+16 1.000000000000003775e+00
6.055768446571089029e+08 2.587499999999975200e+16 9.999999999999886757e-01
6.100638684342172146e+08 2.587499999999997600e+16 9.999999999999973355e-01
6.144659279435578585e+08 2.587499999999997200e+16 9.999999999999972244e-01
6.187885506337010860e+08 2.587499999999983600e+16 9.999999999999920064e-01
6.230368700479738712e+08 2.587500000000008000e+16 1.000000000000001332e+00
6.272156656928807497e+08 2.587500000000004800e+16 1.000000000000000222e+00
6.313293981630858183e+08 2.587499999999980000e+16 9.999999999999905631e-01
6.353822401918516159e+08 2.587499999999985200e+16 9.999999999999925615e-01
6.393781041893087626e+08 2.587499999999991600e+16 9.999999999999950040e-01
6.433206667423560619e+08 2.587499999999998800e+16 9.999999999999978906e-01
6.472132627532902956e+08 2.587499999999966000e+16 9.999999999999851230e-01
6.510590951240615845e+08 2.587499999999991600e+16 9.999999999999950040e-01
6.548612569879977703e+08 2.587500000000000800e+16 9.999999999999985567e-01
6.586226799631222486e+08 2.587500000000011200e+16 1.000000000000002665e+00
6.623461484636900425e+08 2.587499999999980400e+16 9.999999999999906741e-01
6.660343126523290873e+08 2.587499999999989200e+16 9.999999999999941158e-01
6.696897001940280199e+08 2.587499999999988800e+16 9.999999999999940048e-01
6.733147269518470764e+08 2.587499999999994400e+16 9.999999999999961142e-01
6.769117067463097572e+08 2.587500000000006800e+16 1.000000000000000888e+00
6.804828602849537134e+08 2.587500000000004400e+16 1.000000000000000000e+00
6.840302809299576283e+08 2.587500000000032000e+16 1.000000000000010658e+00
6.875558502484890223e+08 2.587500000000004400e+16 1.000000000000000000e+00
6.910615572987320423e+08 2.587500000000026800e+16 1.000000000000008660e+00
6.945493267345793247e+08 2.587499999999982000e+16 9.999999999999913403e-01
6.980210248072654009e+08 2.587499999999984000e+16 9.999999999999921174e-01
7.014784649541351795e+08 2.587499999999988800e+16 9.999999999999940048e-01
7.049197073005747795e+08 2.587500000000008800e+16 1.000000000000001776e+00
7.083449865084304810e+08 2.587499999999985200e+16 9.999999999999925615e-01
7.117557213991824389e+08 2.587500000000011200e+16 1.000000000000002665e+00
7.151531092623580694e+08 2.587500000000004400e+16 1.000000000000000000e+00
7.185385004716874361e+08 2.587499999999989200e+16 9.999999999999941158e-01
7.219132056643998623e+08 2.587500000000016400e+16 1.000000000000004663e+00
7.252784989581991434e+08 2.587500000000000800e+16 9.999999999999985567e-01
7.286356209636251926e+08 2.587499999999981200e+16 9.999999999999910072e-01
7.319857816110877991e+08 2.587500000000015600e+16 1.000000000000004219e+00
7.353301628100091219e+08 2.587499999999994400e+16 9.999999999999961142e-01
7.386699209558433294e+08 2.587499999999994000e+16 9.999999999999960032e-01
7.420061750491881371e+08 2.587499999999986400e+16 9.999999999999930056e-01
7.453398371373015642e+08 2.587499999999970800e+16 9.999999999999870104e-01
7.486720013608092070e+08 2.587499999999979600e+16 9.999999999999904521e-01
7.520037448382072449e+08 2.587499999999984400e+16 9.999999999999922284e-01
7.553361296134306192e+08 2.587499999999996000e+16 9.999999999999967804e-01
7.586702045195491314e+08 2.587499999999982400e+16 9.999999999999914513e-01
7.620070069672843218e+08 2.587499999999998400e+16 9.999999999999976685e-01
7.653475646661514044e+08 2.587500000000004800e+16 1.000000000000000222e+00
7.686928972858763933e+08 2.587499999999974800e+16 9.999999999999885647e-01
7.720440121689643860e+08 2.587499999999976000e+16 9.999999999999890088e-01
7.754017134340895414e+08 2.587499999999989600e+16 9.999999999999942268e-01
7.787670060781059265e+08 2.587499999999999600e+16 9.999999999999981126e-01
7.821408929927328825e+08 2.587499999999978400e+16 9.999999999999898970e-01
7.855243764259001017e+08 2.587499999999988800e+16 9.999999999999940048e-01
7.889184594180970192e+08 2.587500000000033200e+16 1.000000000000011102e+00
7.923241472185277939e+08 2.587499999999998000e+16 9.999999999999975575e-01
7.957424486858762503e+08 2.587500000000008800e+16 1.000000000000001776e+00
7.991743776783250570e+08 2.587499999999994800e+16 9.999999999999963363e-01
8.026209544372562170e+08 2.587499999999994400e+16 9.999999999999961142e-01
8.060831015277899504e+08 2.587500000000001600e+16 9.999999999999988898e-01
8.095617607645037174e+08 2.587499999999970400e+16 9.999999999999868994e-01
8.130579792328277826e+08 2.587499999999991600e+16 9.999999999999950040e-01
8.165728157342727184e+08 2.587499999999991600e+16 9.999999999999950040e-01
8.201073421997710466e+08 2.587499999999969600e+16 9.999999999999865663e-01
8.236626451206775904e+08 2.587499999999980800e+16 9.999999999999908962e-01
8.272398270014675856e+08 2.587499999999974000e+16 9.999999999999882316e-01
8.308400078383443356e+08 2.587499999999990800e+16 9.999999999999947820e-01
8.344643266277014017e+08 2.587499999999974800e+16 9.999999999999885647e-01
8.381139429087572098e+08 2.587499999999988800e+16 9.999999999999940048e-01
8.417900383446165323e+08 2.587499999999984000e+16 9.999999999999921174e-01
8.454936433917884827e+08 2.587500000000011200e+16 1.000000000000002665e+00
8.492259778013467789e+08 2.587499999999984000e+16 9.999999999999921174e-01
8.529882983166821003e+08 2.587499999999962400e+16 9.999999999999837907e-01
8.567818903564771414e+08 2.587500000000001600e+16 9.999999999999988898e-01
8.606080698451811075e+08 2.587499999999981600e+16 9.999999999999912292e-01
8.644681851087424755e+08 2.587499999999962400e+16 9.999999999999837907e-01
8.683636188405935764e+08 2.587499999999968800e+16 9.999999999999862332e-01
8.722957901434030533e+08 2.587500000000011600e+16 1.000000000000002887e+00
8.762661566521478891e+08 2.587499999999997600e+16 9.999999999999973355e-01
8.802762167444822788e+08 2.587499999999973200e+16 9.999999999999878986e-01
8.843275118443716764e+08 2.587499999999994800e+16 9.999999999999963363e-01
8.884216288255207539e+08 2.587500000000005600e+16 1.000000000000000444e+00
8.925601455676823854e+08 2.587499999999969200e+16 9.999999999999863443e-01
8.967446371702159643e+08 2.587499999999985600e+16 9.999999999999927836e-01
9.009768399186569452e+08 2.587499999999955200e+16 9.999999999999810152e-01
9.052585459122315645e+08 2.587499999999979200e+16 9.999999999999902300e-01
9.095916060431776047e+08 2.587499999999967200e+16 9.999999999999856781e-01
9.139779331177515984e+08 2.587499999999980000e+16 9.999999999999905631e-01
9.184195051278085709e+08 2.587499999999969200e+16 9.999999999999863443e-01
9.229183686816464663e+08 2.587499999999979600e+16 9.999999999999904521e-01
9.274766426034011841e+08 2.587499999999965600e+16 9.999999999999850120e-01
9.320965217109295130e+08 2.587499999999980800e+16 9.999999999999908962e-01
9.367802807822471857e+08 2.587500000000000800e+16 9.999999999999985567e-01
9.415302787208566666e+08 2.587499999999972400e+16 9.999999999999876765e-01
9.463489629310135841e+08 2.587499999999981200e+16 9.999999999999910072e-01
9.512388739142476320e+08 2.587499999999982800e+16 9.999999999999916733e-01
9.562026500987123251e+08 2.587499999999984400e+16 9.999999999999922284e-01
9.612430183996399641e+08 2.587499999999962800e+16 9.999999999999839018e-01
9.663626647846250534e+08 2.587499999999994800e+16 9.999999999999963363e-01
9.715645438107278347e+08 2.587499999999984800e+16 9.999999999999924505e-01
9.768517286780798435e+08 2.587499999999978800e+16 9.999999999999901190e-01
9.822274172876032591e+08 2.587499999999950800e+16 9.999999999999792388e-01
9.876949385928543806e+08 2.587499999999967600e+16 9.999999999999857891e-01
9.932577592571555376e+08 2.587499999999986800e+16 9.999999999999932276e-01
9.989194906265877485e+08 2.587499999999959200e+16 9.999999999999825695e-01
1.004683896028039098e+09 2.587499999999968800e+16 9.999999999999862332e-01
1.010554898401322603e+09 2.587499999999958800e+16 9.999999999999823475e-01
1.016536588272582293e+09 2.587499999999975200e+16 9.999999999999886757e-01
1.022633232074443698e+09 2.587499999999975600e+16 9.999999999999888978e-01
1.028849280816212416e+09 2.587499999999968800e+16 9.999999999999862332e-01
1.035189379105161667e+09 2.587499999999990800e+16 9.999999999999947820e-01
1.041658121845851421e+09 2.587499999999969200e+16 9.999999999999863443e-01
1.048260475710258365e+09 2.587499999999979600e+16 9.999999999999904521e-01
1.055001687503444314e+09 2.587499999999946000e+16 9.999999999999774625e-01
1.061887232813615441e+09 2.587499999999972800e+16 9.999999999999877875e-01
1.068922826202177048e+09 2.587499999999974800e+16 9.999999999999885647e-01
1.076114431607998133e+09 2.587499999999981200e+16 9.999999999999910072e-01
1.083468272921270132e+09 2.587499999999974400e+16 9.999999999999884537e-01
1.090990844673549175e+09 2.587499999999981600e+16 9.999999999999912292e-01
1.098688548610090017e+09 2.587499999999985600e+16 9.999999999999927836e-01
1.106568188652068853e+09 2.587499999999996800e+16 9.999999999999971134e-01
