# # t,Tmax
1.047197551196597659e-01 9.695684705700859940e-01
2.094395102393195318e-01 9.980662375527651342e-01
3.141592653589793116e-01 9.906470067644377320e-01
4.188790204786390636e-01 9.760636029505090905e-01
5.235987755982988157e-01 9.985651447510083267e-01
6.283185307179586232e-01 9.991007603278099225e-01
7.330382858376184307e-01 9.854106150108760120e-01
8.377580409572782383e-01 9.951457213099085264e-01
9.424777960769380458e-01 9.997412131435324811e-01
1.047197551196597853e+00 9.920295848882176859e-01
1.151917306316257550e+00 9.813593766217945102e-01
1.256637061435917246e+00 9.886390779933766915e-01
1.361356816555576943e+00 9.921362291066895267e-01
1.466076571675236639e+00 9.837118348494234832e-01
1.570796326794896336e+00 9.938751287579884464e-01
1.675516081914556032e+00 9.787518734247014907e-01
1.780235837034215729e+00 9.907071831518290406e-01
1.884955592153875426e+00 9.834542536249449851e-01
1.989675347273535122e+00 9.721909126768992770e-01
2.094395102393194819e+00 9.874281446586727906e-01
2.199114857512854737e+00 9.877967002185821244e-01
2.303834612632514656e+00 9.827599735298002681e-01
2.408554367752174574e+00 9.931499953219077304e-01
2.513274122871834493e+00 9.935352772898098372e-01
2.617993877991494411e+00 9.815627800798771840e-01
2.722713633111154330e+00 9.808035196693387636e-01
2.827433388230814248e+00 9.877517695489855809e-01
2.932153143350474167e+00 9.845006335998756075e-01
3.036872898470134086e+00 9.838103889101837973e-01
3.141592653589794004e+00 9.915678951178730216e-01
3.246312408709453923e+00 9.831820829661294114e-01
3.351032163829113841e+00 9.900417338183630234e-01
3.455751918948773760e+00 9.836011318876635157e-01
3.560471674068433678e+00 9.825632651127226280e-01
3.665191429188093597e+00 9.905204488395228379e-01
3.769911184307753516e+00 9.833982475323520545e-01
3.874630939427413434e+00 9.936345994933820647e-01
3.979350694547073353e+00 9.993145094936656259e-01
4.084070449666732827e+00 9.923684882154552023e-01
4.188790204786392302e+00 9.852141183859425277e-01
4.293509959906051776e+00 9.912403927506997503e-01
4.398229715025711251e+00 9.838623695024043547e-01
4.502949470145370725e+00 9.839555745876784609e-01
4.607669225265030200e+00 9.958772189932260099e-01
4.712388980384689674e+00 9.849542933911440423e-01
4.817108735504349148e+00 9.973409318311686755e-01
4.921828490624008623e+00 9.837126670704262610e-01
5.026548245743668097e+00 9.913134766971152256e-01
5.131268000863327572e+00 9.910119002462968174e-01
5.235987755982987046e+00 9.775662940850226024e-01
5.340707511102646521e+00 9.875823315198295482e-01
5.445427266222305995e+00 9.954970246683840784e-01
5.550147021341965470e+00 9.945337794642027385e-01
5.654866776461624944e+00 9.797835427577835654e-01
5.759586531581284419e+00 9.935065184460850629e-01
5.864306286700943893e+00 9.925483296246019327e-01
5.969026041820603368e+00 9.667581928989605888e-01
6.073745796940262842e+00 9.891569528775161491e-01
6.178465552059922317e+00 9.906832225980685136e-01
