# # y,eta
1.562500000000000000e-02 7.285645183836198966e-04
4.687500000000000000e-02 3.117159464051437023e-03
7.812500000000000000e-02 5.941384823593796535e-03
1.093750000000000000e-01 8.372458518853273871e-03
1.406250000000000000e-01 1.007905376395744346e-02
1.718750000000000000e-01 1.082963688200794770e-02
2.031250000000000000e-01 1.081640055510776390e-02
2.343750000000000000e-01 1.041830002064502575e-02
2.656250000000000000e-01 9.950687992098024987e-03
2.968750000000000000e-01 9.611279263389256936e-03
3.281250000000000000e-01 9.546753608546220196e-03
3.593750000000000000e-01 9.974938438584868977e-03
3.906250000000000000e-01 1.136333551960194699e-02
4.218750000000000000e-01 1.447925214362080770e-02
4.531250000000000000e-01 1.964362436031920692e-02
4.843750000000000000e-01 2.487778918795982563e-02
5.156250000000000000e-01 2.337015140424517773e-02
5.468750000000000000e-01 2.074260131267743543e-02
5.781250000000000000e-01 1.838838165698213067e-02
6.093750000000000000e-01 1.601490224040860028e-02
6.406250000000000000e-01 1.339512544952976489e-02
6.718750000000000000e-01 1.042804506320040361e-02
7.031250000000000000e-01 7.393712528264465358e-03
7.343750000000000000e-01 5.064486416390851474e-03
7.656250000000000000e-01 3.732769302594270318e-03
7.968750000000000000e-01 3.081463794991098123e-03
8.281250000000000000e-01 2.888114525305436522e-03
8.593750000000000000e-01 3.210352107313357937e-03
8.906250000000000000e-01 4.673023642192492867e-03
9.218750000000000000e-01 1.045971458931270991e-02
9.531250000000000000e-01 3.866828850123512490e-02
9.843750000000000000e-01 1.892924111801744524e-01
