# x y topography
200000 500007 6.52928
250000 500013 13.0236
250000 500013 13.0236
300000 500017 17.1574
300000 500017 17.1574
350000 500020 19.9836
350000 500020 19.9836
400000 500022 21.7589
400000 500022 21.7589
450000 500023 22.7728
450000 500023 22.7728
500000 500023 23.0914
0 499944 -56.1482
25000 499945 -54.9243
150000 499996 -4.09179
175000 500002 1.92603
175000 500002 1.92603
200000 500007 6.52928
25000 499945 -54.9243
37500 499946 -53.5514
37500 499946 -53.5514
50000 499949 -51.0734
50000 499949 -51.0734
62500 499951 -48.6373
62500 499951 -48.6373
75000 499956 -43.6133
75000 499956 -43.6133
87500 499960 -39.5617
87500 499960 -39.5617
100000 499971 -28.5629
100000 499971 -28.5629
112500 499982 -17.5038
112500 499982 -17.5038
125000 499987 -13.2173
125000 499987 -13.2173
137500 499992 -8.03307
137500 499992 -8.03307
150000 499996 -4.09179
