  0 1.000000e+00 9.147721e-01 1.000000e+00 1.000000e-08
  1 5.508676e-02 4.099660e-01 5.145214e+04 1.000000e-08
  2 1.150590e-06 2.099395e-01 9.898269e-03 1.000000e-08
  3 8.364317e-07 1.236199e-01 1.228844e-02 1.000000e-08
  4 5.469874e-07 7.968298e-02 1.270700e-02 1.000000e-08
  5 3.986316e-07 5.433601e-02 1.192726e-02 1.000000e-08
  6 2.888701e-07 3.843485e-02 1.073744e-02 1.000000e-08
  7 2.137836e-07 2.787515e-02 9.335734e-03 1.000000e-08
  8 1.602536e-07 2.057754e-02 7.861513e-03 1.000000e-08
  9 1.218436e-07 1.538667e-02 6.447795e-03 1.000000e-08
 10 9.362295e-08 1.290092e-02 5.754806e-03 1.000000e-08
 11 7.000131e-08 1.044370e-02 4.881780e-03 1.000000e-08
 12 5.086194e-08 8.258712e-03 3.975865e-03 1.000000e-08
 13 3.558368e-08 6.323740e-03 3.091066e-03 1.000000e-08
 14 2.373986e-08 4.649527e-03 2.281142e-03 1.000000e-08
 15 1.491640e-08 3.240595e-03 1.581167e-03 1.000000e-08
 16 8.677489e-09 2.102199e-03 1.012483e-03 1.000000e-08
 17 4.564425e-09 1.236622e-03 5.842162e-04 1.000000e-08
 18 2.099720e-09 6.352613e-04 2.927419e-04 1.000000e-08
 19 8.052944e-10 2.697981e-04 1.206463e-04 1.000000e-08
 20 2.401996e-10 8.753302e-05 3.779692e-05 1.000000e-08
 21 5.035000e-11 1.939875e-05 8.051833e-06 1.000000e-08
 22 6.409672e-12 2.518129e-06 1.000729e-06 1.000000e-08
 23 4.036495e-13 1.559005e-07 5.912669e-08 1.000000e-08
 24 9.503203e-15 3.507893e-09 1.266183e-09 1.000000e-08
