1.000000e+00 1.790044e-01 
2.000000e+00 2.258996e-01 
3.000000e+00 2.850251e-01 
4.000000e+00 3.594912e-01 
5.000000e+00 4.531417e-01 
6.000000e+00 5.706490e-01 
7.000000e+00 7.175557e-01 
8.000000e+00 9.001708e-01 
9.000000e+00 1.125156e+00 
1.000000e+01 1.398549e+00 
1.100000e+01 1.723888e+00 
1.200000e+01 2.099266e+00 
1.300000e+01 2.513782e+00 
1.400000e+01 2.945266e+00 
1.500000e+01 3.362417e+00 
1.600000e+01 3.733025e+00 
1.700000e+01 4.034801e+00 
1.800000e+01 4.261505e+00 
1.900000e+01 4.420761e+00 
2.000000e+01 4.527080e+00 
2.100000e+01 4.595549e+00 
2.200000e+01 4.638594e+00 
2.300000e+01 4.665240e+00 
2.400000e+01 4.681574e+00 
2.500000e+01 4.691527e+00 
2.600000e+01 4.697569e+00 
2.700000e+01 4.701228e+00 
2.800000e+01 4.703442e+00 
2.900000e+01 4.704780e+00 
3.000000e+01 4.705588e+00 
3.100000e+01 4.706076e+00 
3.200000e+01 4.706370e+00 
3.300000e+01 4.706548e+00 
3.400000e+01 4.706656e+00 
3.500000e+01 4.706720e+00 
3.600000e+01 4.706759e+00 
3.700000e+01 4.706783e+00 
3.800000e+01 4.706797e+00 
3.900000e+01 4.706806e+00 
4.000000e+01 4.706811e+00 
4.100000e+01 4.706814e+00 
4.200000e+01 4.706816e+00 
4.300000e+01 4.706817e+00 
4.400000e+01 4.706818e+00 
4.500000e+01 4.706818e+00 
