0.000000e+00 1.000000e+00 -2.088607e-15 1.000000e+00 1.000000e+00
2.000000e-02 1.000000e+00 1.928390e-15 1.000000e+00 9.800000e-01
4.000000e-02 1.000000e+00 8.727603e-16 1.000000e+00 9.600000e-01
6.000000e-02 1.000000e+00 5.374790e-16 1.000000e+00 9.400000e-01
8.000000e-02 1.000000e+00 2.552691e-16 1.000000e+00 9.200000e-01
1.000000e-01 1.000000e+00 -1.962122e-15 1.000000e+00 9.000000e-01
1.200000e-01 1.000000e+00 -1.744762e-14 1.000000e+00 8.800000e-01
1.400000e-01 9.999999e-01 -1.326530e-14 1.000000e+00 8.600000e-01
1.600000e-01 9.999995e-01 4.229785e-15 1.000000e+00 8.400000e-01
1.800000e-01 1.000001e+00 -1.129970e-14 1.000000e+00 8.200000e-01
2.000000e-01 1.000052e+00 -1.860687e-15 1.000000e+00 8.000000e-01
2.200000e-01 9.999724e-01 -8.937016e-15 1.000000e+00 7.800000e-01
2.400000e-01 9.987607e-01 -3.458687e-15 1.000000e+00 7.600000e-01
2.600000e-01 9.988469e-01 4.457750e-15 1.000000e+00 7.400000e-01
2.800000e-01 1.013427e+00 -5.507064e-15 1.000000e+00 7.200000e-01
3.000000e-01 1.038900e+00 -1.446695e-14 1.000000e+00 7.000000e-01
3.200000e-01 9.886621e-01 5.093997e-16 1.000000e+00 6.800000e-01
3.400000e-01 7.336799e-01 -1.425701e-14 1.000000e+00 6.600000e-01
3.600000e-01 3.122469e-01 4.381589e-15 1.000000e+00 6.400000e-01
3.800000e-01 -1.596631e-02 2.904110e-15 1.000000e+00 6.200000e-01
4.000000e-01 -7.951812e-02 2.988934e-15 1.000000e+00 6.000000e-01
4.200000e-01 -5.701597e-03 2.163340e-14 1.000000e+00 5.800000e-01
4.400000e-01 2.103141e-02 1.650487e-14 1.000000e+00 5.600000e-01
4.600000e-01 -8.330891e-04 -5.927463e-15 1.000000e+00 5.400000e-01
4.800000e-01 -5.672223e-03 9.271879e-16 1.000000e+00 5.200000e-01
5.000000e-01 1.816037e-03 1.736542e-15 1.000000e+00 5.000000e-01
5.200000e-01 1.002448e-03 8.907651e-16 1.000000e+00 4.800000e-01
5.400000e-01 -9.278938e-04 -4.424272e-15 1.000000e+00 4.600000e-01
5.600000e-01 1.227419e-04 -4.962797e-15 1.000000e+00 4.400000e-01
5.800000e-01 2.140193e-04 -8.708818e-15 1.000000e+00 4.200000e-01
6.000000e-01 -1.501705e-04 4.385365e-15 1.000000e+00 4.000000e-01
6.200000e-01 2.063582e-05 -1.323449e-15 1.000000e+00 3.800000e-01
6.400000e-01 3.303421e-05 -4.975551e-15 1.000000e+00 3.600000e-01
6.600000e-01 -2.686921e-05 3.211128e-16 1.000000e+00 3.400000e-01
6.800000e-01 7.367249e-06 1.522384e-15 1.000000e+00 3.200000e-01
7.000000e-01 3.277341e-06 3.174254e-15 1.000000e+00 3.000000e-01
7.200000e-01 -4.537809e-06 2.421777e-15 1.000000e+00 2.800000e-01
7.400000e-01 2.223082e-06 6.216565e-16 1.000000e+00 2.600000e-01
7.600000e-01 -2.193450e-07 3.007904e-15 1.000000e+00 2.400000e-01
7.800000e-01 -5.265674e-07 3.749038e-15 1.000000e+00 2.200000e-01
8.000000e-01 4.699483e-07 5.890488e-16 1.000000e+00 2.000000e-01
8.200000e-01 -2.007284e-07 -1.800972e-15 1.000000e+00 1.800000e-01
8.400000e-01 1.153603e-08 4.285291e-16 1.000000e+00 1.600000e-01
8.600000e-01 5.372194e-08 3.266070e-15 1.000000e+00 1.400000e-01
8.800000e-01 -4.739154e-08 7.081350e-16 1.000000e+00 1.200000e-01
9.000000e-01 2.220186e-08 1.184249e-15 1.000000e+00 1.000000e-01
9.200000e-01 -3.600514e-09 -1.576750e-15 1.000000e+00 8.000000e-02
9.400000e-01 -3.975482e-09 -5.749171e-16 1.000000e+00 6.000000e-02
9.600000e-01 4.536340e-09 -2.953543e-16 1.000000e+00 4.000000e-02
9.800000e-01 -2.723200e-09 4.820164e-17 1.000000e+00 2.000000e-02
1.000000e+00 0.000000e+00 3.657943e-18 1.000000e+00 0.000000e+00
